11810945 129665412 11079302 88816902 97997462 109432602 101370402 3626661 55112102 83596202 105627182 8738351 30235312 90438962 90851382 9914300 57051082 105485912 128191452 132466782 110214502 37610732 68795252 130456822 39164792 91170942
39164792 55112102 5
39164792 90438962 1
39164792 109432602 5
55112102 90438962 1
55112102 109432602 7
90438962 109432602 1
11810945 39164792 2
11810945 55112102 3
11810945 91170942 1
11810945 109432602 4
11810945 110214502 3
39164792 91170942 1
39164792 110214502 4
55112102 91170942 1
55112102 110214502 7
91170942 109432602 1
91170942 110214502 1
109432602 110214502 6
11810945 105627182 1
55112102 105627182 3
105627182 109432602 3
105627182 110214502 4
39164792 57051082 1
39164792 68795252 1
39164792 97997462 1
39164792 101370402 1
55112102 57051082 1
55112102 68795252 1
55112102 97997462 3
55112102 101370402 1
57051082 68795252 1
57051082 97997462 1
57051082 101370402 1
57051082 110214502 1
68795252 97997462 1
68795252 101370402 1
68795252 110214502 1
97997462 101370402 1
97997462 110214502 3
101370402 110214502 1
9914300 11810945 1
9914300 55112102 1
9914300 90851382 1
9914300 97997462 1
9914300 109432602 1
9914300 110214502 1
11810945 90851382 1
11810945 97997462 1
55112102 90851382 1
90851382 97997462 1
90851382 109432602 1
90851382 110214502 1
97997462 109432602 2
3626661 11079302 1
3626661 30235312 1
3626661 55112102 1
3626661 83596202 1
3626661 97997462 1
3626661 105485912 1
3626661 105627182 1
3626661 109432602 1
3626661 110214502 1
3626661 128191452 1
11079302 30235312 1
11079302 55112102 1
11079302 83596202 1
11079302 97997462 1
11079302 105485912 1
11079302 105627182 1
11079302 109432602 1
11079302 110214502 1
11079302 128191452 1
30235312 55112102 1
30235312 83596202 1
30235312 97997462 1
30235312 105485912 1
30235312 105627182 1
30235312 109432602 1
30235312 110214502 1
30235312 128191452 1
55112102 83596202 1
55112102 105485912 2
55112102 128191452 3
83596202 97997462 1
83596202 105485912 1
83596202 105627182 1
83596202 109432602 1
83596202 110214502 1
83596202 128191452 1
97997462 105485912 1
97997462 105627182 1
97997462 128191452 1
105485912 105627182 3
105485912 109432602 2
105485912 110214502 3
105485912 128191452 3
105627182 128191452 3
109432602 128191452 3
110214502 128191452 4
39164792 105485912 1
39164792 105627182 1
39164792 128191452 2
39164792 129665412 1
39164792 130456822 1
55112102 129665412 1
55112102 130456822 1
105485912 129665412 2
105485912 130456822 1
105627182 129665412 2
105627182 130456822 1
109432602 129665412 1
109432602 130456822 1
110214502 129665412 2
110214502 130456822 1
128191452 129665412 2
128191452 130456822 1
129665412 130456822 1
8738351 105485912 1
8738351 105627182 1
8738351 110214502 1
8738351 128191452 1
8738351 129665412 1
8738351 132466782 1
105485912 132466782 1
105627182 132466782 1
110214502 132466782 1
128191452 132466782 1
129665412 132466782 1
11810945 37610732 1
11810945 88816902 1
37610732 39164792 1
37610732 88816902 1
37610732 109432602 1
39164792 88816902 1
88816902 109432602 1
