110384352 182799912 187465195 154204492 181316652 184637711 136447442 189462482 186934452 185938708 178486422 189712504
110384352 185938708 6
110384352 186934452 9
110384352 187465195 6
185938708 186934452 6
185938708 187465195 5
186934452 187465195 5
110384352 136447442 4
110384352 154204492 1
136447442 154204492 1
136447442 186934452 4
154204492 186934452 1
110384352 181316652 1
110384352 182799912 2
136447442 181316652 1
136447442 182799912 1
136447442 185938708 2
181316652 182799912 1
181316652 185938708 1
181316652 186934452 1
182799912 185938708 2
182799912 186934452 2
182799912 187465195 1
110384352 189462482 2
110384352 189712504 1
185938708 189462482 2
185938708 189712504 1
186934452 189462482 2
186934452 189712504 1
187465195 189462482 2
187465195 189712504 1
189462482 189712504 1
110384352 184637711 1
136447442 184637711 1
136447442 187465195 1
136447442 189462482 1
184637711 185938708 1
184637711 186934452 1
184637711 187465195 1
184637711 189462482 1
110384352 178486422 1
136447442 178486422 1
178486422 186934452 1
