1936023 7241370 14586138 6997882 5345833 21736751 13621681 130839092 106137912 12030779 129946172 77408832 129163072 5991618 12043840 106050762 99032792 137127772 114675552 9157607 116025192 101078122 138473082
5345833 5991618 1
5345833 13621681 1
5345833 114675552 1
5345833 129946172 1
5345833 137127772 1
5991618 13621681 2
5991618 114675552 7
5991618 129946172 5
5991618 137127772 5
13621681 114675552 3
13621681 129946172 2
13621681 137127772 2
114675552 129946172 5
114675552 137127772 5
129946172 137127772 4
5991618 14586138 2
5991618 99032792 1
5991618 101078122 5
5991618 106137912 2
13621681 14586138 1
13621681 99032792 1
13621681 101078122 1
13621681 106137912 2
14586138 99032792 1
14586138 101078122 1
14586138 106137912 2
14586138 114675552 2
14586138 129946172 2
14586138 137127772 2
99032792 101078122 1
99032792 106137912 1
99032792 114675552 1
99032792 129946172 1
99032792 137127772 1
101078122 106137912 1
101078122 114675552 5
101078122 129946172 3
101078122 137127772 3
106137912 114675552 3
106137912 129946172 2
106137912 137127772 2
5991618 138473082 1
101078122 138473082 1
114675552 138473082 1
129946172 138473082 1
5991618 9157607 2
9157607 101078122 1
9157607 114675552 2
1936023 5991618 1
1936023 7241370 1
1936023 9157607 1
1936023 12030779 2
1936023 14586138 1
1936023 21736751 1
1936023 77408832 1
1936023 106050762 1
1936023 106137912 2
1936023 114675552 2
1936023 116025192 1
1936023 129163072 1
1936023 129946172 1
1936023 130839092 1
1936023 137127772 1
5991618 7241370 1
5991618 12030779 1
5991618 21736751 1
5991618 77408832 1
5991618 106050762 1
5991618 116025192 1
5991618 129163072 1
5991618 130839092 1
7241370 9157607 1
7241370 12030779 1
7241370 14586138 1
7241370 21736751 1
7241370 77408832 1
7241370 106050762 1
7241370 106137912 1
7241370 114675552 1
7241370 116025192 1
7241370 129163072 1
7241370 129946172 1
7241370 130839092 1
7241370 137127772 1
9157607 12030779 1
9157607 14586138 1
9157607 21736751 1
9157607 77408832 1
9157607 106050762 1
9157607 106137912 1
9157607 116025192 1
9157607 129163072 1
9157607 129946172 1
9157607 130839092 1
9157607 137127772 1
12030779 14586138 1
12030779 21736751 1
12030779 77408832 1
12030779 106050762 1
12030779 106137912 2
12030779 114675552 2
12030779 116025192 1
12030779 129163072 1
12030779 129946172 1
12030779 130839092 1
12030779 137127772 1
14586138 21736751 1
14586138 77408832 1
14586138 106050762 1
14586138 116025192 1
14586138 129163072 1
14586138 130839092 1
21736751 77408832 1
21736751 106050762 1
21736751 106137912 1
21736751 114675552 1
21736751 116025192 1
21736751 129163072 1
21736751 129946172 1
21736751 130839092 1
21736751 137127772 1
77408832 106050762 1
77408832 106137912 1
77408832 114675552 1
77408832 116025192 1
77408832 129163072 1
77408832 129946172 1
77408832 130839092 1
77408832 137127772 1
106050762 106137912 1
106050762 114675552 1
106050762 116025192 1
106050762 129163072 1
106050762 129946172 1
106050762 130839092 1
106050762 137127772 1
106137912 116025192 1
106137912 129163072 1
106137912 130839092 1
114675552 116025192 1
114675552 129163072 1
114675552 130839092 1
116025192 129163072 1
116025192 129946172 1
116025192 130839092 1
116025192 137127772 1
129163072 129946172 1
129163072 130839092 1
129163072 137127772 1
129946172 130839092 1
130839092 137127772 1
1936023 6997882 1
1936023 12043840 1
1936023 13621681 1
6997882 12030779 1
6997882 12043840 1
6997882 13621681 1
6997882 106137912 1
6997882 114675552 1
12030779 12043840 1
12030779 13621681 1
12043840 13621681 1
12043840 106137912 1
12043840 114675552 1
