157429632 8981889 44339712 136241802 3329422 13202703 13760782 16420881 58339602 158934802 168804752 8040719 74405272 109769882 90343452 140105122 120526242 83083172 31573542 125761062 92605482 8312620 955822 10968495 102424882 24992182 68766902 171211192 15318201 138438202 23767611 112617662 147073982 56712512 44808642 8510146 54271812 70289352 2224715 178151032 44135502 95511502 13141967 8571220 36065492 91353942 7115098 5671516 16927071 143894752 9387367 174763882 62938862 2607982 95177202 103892722 130988532 59597172 10214004 25880952 30842362
955822 16420881 1
955822 16927071 3
955822 24992182 2
955822 25880952 1
955822 31573542 1
955822 62938862 1
955822 70289352 4
955822 92605482 3
955822 109769882 1
955822 130988532 1
955822 140105122 1
955822 143894752 1
16420881 16927071 1
16420881 24992182 1
16420881 25880952 1
16420881 31573542 1
16420881 62938862 1
16420881 70289352 1
16420881 92605482 1
16420881 109769882 1
16420881 130988532 1
16420881 140105122 1
16420881 143894752 1
16927071 24992182 1
16927071 25880952 1
16927071 31573542 1
16927071 62938862 1
16927071 70289352 1
16927071 92605482 1
16927071 109769882 1
16927071 130988532 1
16927071 140105122 1
16927071 143894752 1
24992182 25880952 1
24992182 31573542 1
24992182 62938862 1
24992182 70289352 1
24992182 92605482 1
24992182 109769882 1
24992182 130988532 1
24992182 140105122 1
24992182 143894752 1
25880952 31573542 1
25880952 62938862 1
25880952 70289352 1
25880952 92605482 1
25880952 109769882 1
25880952 130988532 1
25880952 140105122 1
25880952 143894752 1
31573542 62938862 1
31573542 70289352 1
31573542 92605482 1
31573542 109769882 1
31573542 130988532 1
31573542 140105122 1
31573542 143894752 1
62938862 70289352 1
62938862 92605482 1
62938862 109769882 1
62938862 130988532 1
62938862 140105122 1
62938862 143894752 1
70289352 92605482 3
70289352 109769882 1
70289352 130988532 1
70289352 140105122 1
70289352 143894752 1
92605482 109769882 1
92605482 130988532 1
92605482 140105122 1
92605482 143894752 1
109769882 130988532 1
109769882 140105122 1
109769882 143894752 1
130988532 140105122 1
130988532 143894752 1
140105122 143894752 1
955822 3329422 1
955822 9387367 3
955822 23767611 3
955822 44135502 2
955822 90343452 1
955822 91353942 1
955822 95177202 3
955822 95511502 1
955822 103892722 1
955822 112617662 2
955822 157429632 1
3329422 9387367 1
3329422 16927071 1
3329422 23767611 1
3329422 44135502 1
3329422 90343452 1
3329422 91353942 1
3329422 95177202 1
3329422 95511502 1
3329422 103892722 1
3329422 112617662 1
3329422 157429632 1
9387367 16927071 2
9387367 23767611 2
9387367 44135502 2
9387367 90343452 1
9387367 91353942 1
9387367 95177202 2
9387367 95511502 1
9387367 103892722 1
9387367 112617662 1
9387367 157429632 1
16927071 23767611 2
16927071 44135502 1
16927071 90343452 1
16927071 91353942 1
16927071 95177202 2
16927071 95511502 1
16927071 103892722 1
16927071 112617662 1
16927071 157429632 1
23767611 44135502 1
23767611 90343452 1
23767611 91353942 1
23767611 95177202 2
23767611 95511502 1
23767611 103892722 1
23767611 112617662 2
23767611 157429632 1
44135502 90343452 1
44135502 91353942 1
44135502 95177202 1
44135502 95511502 1
44135502 103892722 1
44135502 112617662 1
44135502 157429632 1
90343452 91353942 1
90343452 95177202 1
90343452 95511502 1
90343452 103892722 1
90343452 112617662 1
90343452 157429632 1
91353942 95177202 1
91353942 95511502 1
91353942 103892722 1
91353942 112617662 1
91353942 157429632 1
95177202 95511502 1
95177202 103892722 1
95177202 112617662 1
95177202 157429632 1
95511502 103892722 1
95511502 112617662 1
95511502 157429632 1
103892722 112617662 1
103892722 157429632 1
112617662 157429632 1
955822 8312620 2
955822 13202703 1
955822 13760782 1
955822 58339602 2
955822 120526242 1
955822 147073982 1
955822 158934802 1
955822 168804752 2
955822 171211192 1
8312620 9387367 1
8312620 13202703 1
8312620 13760782 1
8312620 16927071 1
8312620 23767611 2
8312620 58339602 1
8312620 95177202 1
8312620 120526242 1
8312620 147073982 1
8312620 158934802 1
8312620 168804752 1
8312620 171211192 1
9387367 13202703 1
9387367 13760782 1
9387367 58339602 1
9387367 120526242 1
9387367 147073982 1
9387367 158934802 1
9387367 168804752 2
9387367 171211192 1
13202703 13760782 1
13202703 16927071 1
13202703 23767611 1
13202703 58339602 1
13202703 95177202 1
13202703 120526242 1
13202703 147073982 1
13202703 158934802 1
13202703 168804752 1
13202703 171211192 1
13760782 16927071 1
13760782 23767611 1
13760782 58339602 1
13760782 95177202 1
13760782 120526242 1
13760782 147073982 1
13760782 158934802 1
13760782 168804752 1
13760782 171211192 1
16927071 58339602 1
16927071 120526242 1
16927071 147073982 1
16927071 158934802 1
16927071 168804752 1
16927071 171211192 1
23767611 58339602 1
23767611 120526242 1
23767611 147073982 1
23767611 158934802 1
23767611 168804752 1
23767611 171211192 1
58339602 95177202 2
58339602 120526242 1
58339602 147073982 1
58339602 158934802 1
58339602 168804752 1
58339602 171211192 1
95177202 120526242 1
95177202 147073982 1
95177202 158934802 1
95177202 168804752 1
95177202 171211192 1
120526242 147073982 1
120526242 158934802 1
120526242 168804752 1
120526242 171211192 1
147073982 158934802 1
147073982 168804752 1
147073982 171211192 1
158934802 168804752 1
158934802 171211192 1
168804752 171211192 1
955822 8040719 1
955822 174763882 1
8040719 8312620 1
8040719 23767611 1
8040719 24992182 1
8040719 112617662 1
8040719 174763882 1
8312620 24992182 1
8312620 112617662 1
8312620 174763882 1
23767611 24992182 1
23767611 174763882 1
24992182 112617662 1
24992182 174763882 1
112617662 174763882 1
5671516 8571220 1
5671516 9387367 1
5671516 10968495 1
5671516 36065492 1
5671516 68766902 1
5671516 174763882 1
8571220 9387367 2
8571220 10968495 1
8571220 36065492 2
8571220 68766902 1
8571220 174763882 1
9387367 10968495 1
9387367 36065492 1
9387367 68766902 1
9387367 174763882 1
10968495 36065492 1
10968495 68766902 1
10968495 174763882 1
36065492 68766902 1
36065492 174763882 1
68766902 174763882 1
955822 8571220 3
955822 125761062 1
955822 136241802 2
955822 138438202 1
8571220 44135502 1
8571220 125761062 1
8571220 136241802 2
8571220 138438202 2
8571220 168804752 1
9387367 125761062 1
9387367 136241802 1
9387367 138438202 1
44135502 125761062 1
44135502 136241802 1
44135502 138438202 1
44135502 168804752 1
125761062 136241802 1
125761062 138438202 1
125761062 168804752 1
136241802 138438202 1
136241802 168804752 1
138438202 168804752 1
955822 7115098 2
955822 30842362 2
955822 36065492 2
955822 44808642 1
955822 54271812 1
955822 56712512 1
955822 59597172 1
955822 83083172 1
955822 102424882 2
7115098 8571220 2
7115098 30842362 2
7115098 36065492 1
7115098 44808642 1
7115098 54271812 1
7115098 56712512 1
7115098 58339602 1
7115098 59597172 1
7115098 70289352 2
7115098 83083172 1
7115098 92605482 1
7115098 95177202 1
7115098 102424882 1
7115098 136241802 1
8571220 30842362 2
8571220 44808642 1
8571220 54271812 1
8571220 56712512 1
8571220 58339602 1
8571220 59597172 1
8571220 70289352 2
8571220 83083172 1
8571220 92605482 1
8571220 95177202 1
8571220 102424882 2
30842362 36065492 1
30842362 44808642 1
30842362 54271812 1
30842362 56712512 1
30842362 58339602 1
30842362 59597172 1
30842362 70289352 2
30842362 83083172 1
30842362 92605482 1
30842362 95177202 1
30842362 102424882 1
30842362 136241802 1
36065492 44808642 1
36065492 54271812 1
36065492 56712512 1
36065492 58339602 1
36065492 59597172 1
36065492 70289352 2
36065492 83083172 1
36065492 92605482 2
36065492 95177202 1
36065492 102424882 2
36065492 136241802 1
44808642 54271812 1
44808642 56712512 1
44808642 58339602 1
44808642 59597172 1
44808642 70289352 1
44808642 83083172 1
44808642 92605482 1
44808642 95177202 1
44808642 102424882 1
44808642 136241802 1
54271812 56712512 1
54271812 58339602 1
54271812 59597172 1
54271812 70289352 1
54271812 83083172 1
54271812 92605482 1
54271812 95177202 1
54271812 102424882 1
54271812 136241802 1
56712512 58339602 1
56712512 59597172 1
56712512 70289352 1
56712512 83083172 1
56712512 92605482 1
56712512 95177202 1
56712512 102424882 1
56712512 136241802 1
58339602 59597172 1
58339602 70289352 1
58339602 83083172 1
58339602 92605482 1
58339602 102424882 1
58339602 136241802 1
59597172 70289352 1
59597172 83083172 1
59597172 92605482 1
59597172 95177202 1
59597172 102424882 1
59597172 136241802 1
70289352 83083172 1
70289352 95177202 1
70289352 102424882 2
70289352 136241802 1
83083172 92605482 1
83083172 95177202 1
83083172 102424882 1
83083172 136241802 1
92605482 95177202 1
92605482 102424882 2
92605482 136241802 1
95177202 102424882 1
95177202 136241802 1
102424882 136241802 1
8571220 8981889 1
8571220 15318201 1
8571220 23767611 1
8571220 44339712 2
8571220 178151032 2
8981889 15318201 1
8981889 23767611 1
8981889 44339712 1
8981889 102424882 1
8981889 138438202 1
8981889 178151032 1
15318201 23767611 1
15318201 44339712 1
15318201 102424882 1
15318201 138438202 1
15318201 178151032 1
23767611 44339712 1
23767611 102424882 1
23767611 138438202 1
23767611 178151032 1
44339712 102424882 1
44339712 138438202 1
44339712 178151032 2
102424882 138438202 1
102424882 178151032 1
138438202 178151032 1
955822 2607982 2
955822 8510146 1
955822 10214004 2
955822 13141967 2
955822 74405272 1
2607982 8510146 1
2607982 10214004 2
2607982 13141967 2
2607982 36065492 1
2607982 70289352 2
2607982 74405272 1
2607982 92605482 1
2607982 102424882 1
8510146 10214004 1
8510146 13141967 1
8510146 36065492 1
8510146 70289352 1
8510146 74405272 1
8510146 92605482 1
8510146 102424882 1
10214004 13141967 2
10214004 36065492 1
10214004 70289352 2
10214004 74405272 1
10214004 92605482 1
10214004 102424882 1
13141967 36065492 1
13141967 70289352 2
13141967 74405272 1
13141967 92605482 1
13141967 102424882 1
36065492 74405272 1
70289352 74405272 1
74405272 92605482 1
74405272 102424882 1
955822 2224715 1
955822 44339712 1
955822 178151032 1
2224715 2607982 1
2224715 7115098 1
2224715 8571220 1
2224715 10214004 1
2224715 13141967 1
2224715 30842362 1
2224715 44339712 1
2224715 70289352 1
2224715 178151032 1
2607982 7115098 1
2607982 8571220 1
2607982 30842362 1
2607982 44339712 1
2607982 178151032 1
7115098 10214004 1
7115098 13141967 1
7115098 44339712 1
7115098 178151032 1
8571220 10214004 1
8571220 13141967 1
10214004 30842362 1
10214004 44339712 1
10214004 178151032 1
13141967 30842362 1
13141967 44339712 1
13141967 178151032 1
30842362 44339712 1
30842362 178151032 1
44339712 70289352 1
70289352 178151032 1
