9380068 109191782 19638601 114659882 100685102 6983670 95039032 17038841 52283962
6983670 19638601 4
6983670 52283962 4
6983670 100685102 4
6983670 114659882 3
19638601 52283962 5
19638601 100685102 6
19638601 114659882 4
52283962 100685102 5
52283962 114659882 5
100685102 114659882 4
17038841 52283962 2
17038841 114659882 1
6983670 17038841 1
17038841 19638601 1
17038841 100685102 1
9380068 52283962 1
9380068 95039032 1
9380068 109191782 1
52283962 95039032 2
52283962 109191782 1
95039032 109191782 1
6983670 95039032 1
19638601 95039032 1
95039032 100685102 1
95039032 114659882 1
