116298912 42451362 117511682 146270532 40176102 17253511 116251142 70355242 5368242 154921362 35215612 45694812 7469150
17253511 35215612 8
17253511 45694812 1
17253511 70355242 1
35215612 45694812 1
35215612 70355242 1
45694812 70355242 1
17253511 42451362 2
17253511 146270532 2
35215612 42451362 1
35215612 146270532 2
42451362 146270532 1
7469150 17253511 1
7469150 35215612 1
7469150 116298912 1
7469150 117511682 1
7469150 146270532 1
17253511 116298912 2
17253511 117511682 1
35215612 116298912 2
35215612 117511682 1
116298912 117511682 1
116298912 146270532 1
117511682 146270532 1
5368242 17253511 6
5368242 35215612 4
5368242 116298912 1
5368242 40176102 1
17253511 40176102 1
35215612 40176102 1
5368242 116251142 1
17253511 116251142 1
35215612 116251142 1
5368242 154921362 1
17253511 154921362 1
5368242 42451362 1
