83169792 12928503 7885321 9673743 12283423 183426592 13691423 3627558 54912552 1602608 13983281 28845112 39760952 144943672 182848571 7438398 10413121 30830162 147241562 12744802 160203362 6997094 17736811 61919882 73745042 72790162 2676380 71537832 10051754 183297708 14495922 123609782 8789174 13530818 2604239 152464592 31592662 131277532 19768541 60653792 4294886 719099 70742272 73605392 140096272 2005777 8494865 71523092 112625432 183438105 4205340 1624860 116839732 3278666 33944912 37519192 177395032 11235674 427867 118038362 5090661 11966830 3517298 130093942 160580982 12772222 14144392 54725002 14073744 153149842 2910613 11112856 70057372 6009761 21100961 3408806 6551974 145882022 182889897 54878122 901038 144223662 189926323 182859218 115472852 182692309 1413079 27386842 14453220 7191525 8759276 184656878 11076591 182960119 95060472 106922492
427867 1413079 1
427867 1602608 3
427867 2910613 1
427867 3278666 3
427867 3408806 1
427867 3517298 1
427867 4205340 1
427867 4294886 1
427867 5090661 1
427867 6009761 2
427867 6551974 1
427867 6997094 1
427867 7885321 3
427867 8759276 3
427867 10051754 2
427867 11112856 2
427867 11235674 3
427867 12283423 2
427867 12744802 3
427867 14144392 1
427867 19768541 3
427867 27386842 1
427867 28845112 3
427867 30830162 1
427867 31592662 3
427867 37519192 2
427867 39760952 1
427867 54878122 1
427867 60653792 1
427867 70057372 1
427867 73605392 1
427867 73745042 2
427867 116839732 1
427867 144943672 3
427867 145882022 3
427867 182889897 1
427867 182960119 1
427867 183426592 1
1413079 1602608 2
1413079 2910613 1
1413079 3278666 2
1413079 3408806 1
1413079 3517298 1
1413079 4205340 1
1413079 4294886 1
1413079 5090661 1
1413079 6009761 2
1413079 6551974 2
1413079 6997094 2
1413079 7885321 2
1413079 8759276 2
1413079 10051754 1
1413079 11112856 2
1413079 11235674 2
1413079 12283423 2
1413079 12744802 2
1413079 14144392 2
1413079 19768541 2
1413079 27386842 1
1413079 28845112 2
1413079 30830162 1
1413079 31592662 2
1413079 37519192 1
1413079 39760952 2
1413079 54878122 2
1413079 60653792 1
1413079 70057372 1
1413079 73605392 1
1413079 73745042 2
1413079 116839732 1
1413079 144943672 2
1413079 145882022 2
1413079 182889897 1
1413079 182960119 1
1413079 183426592 1
1602608 2910613 1
1602608 3278666 9
1602608 3408806 1
1602608 3517298 1
1602608 4205340 1
1602608 4294886 3
1602608 5090661 2
1602608 6009761 9
1602608 6551974 4
1602608 6997094 5
1602608 7885321 10
1602608 8759276 10
1602608 10051754 5
1602608 11112856 9
1602608 11235674 10
1602608 12283423 5
1602608 12744802 10
1602608 14144392 3
1602608 19768541 6
1602608 27386842 1
1602608 28845112 10
1602608 30830162 1
1602608 31592662 10
1602608 37519192 2
1602608 39760952 5
1602608 54878122 4
1602608 60653792 1
1602608 70057372 1
1602608 73605392 1
1602608 73745042 3
1602608 116839732 1
1602608 144943672 10
1602608 145882022 9
1602608 182889897 1
1602608 182960119 1
1602608 183426592 1
2910613 3278666 1
2910613 3408806 1
2910613 3517298 1
2910613 4205340 1
2910613 4294886 1
2910613 5090661 1
2910613 6009761 1
2910613 6551974 1
2910613 6997094 1
2910613 7885321 1
2910613 8759276 1
2910613 10051754 1
2910613 11112856 1
2910613 11235674 1
2910613 12283423 1
2910613 12744802 1
2910613 14144392 1
2910613 19768541 1
2910613 27386842 1
2910613 28845112 1
2910613 30830162 1
2910613 31592662 1
2910613 37519192 1
2910613 39760952 1
2910613 54878122 1
2910613 60653792 1
2910613 70057372 1
2910613 73605392 1
2910613 73745042 1
2910613 116839732 1
2910613 144943672 1
2910613 145882022 1
2910613 182889897 1
2910613 182960119 1
2910613 183426592 1
3278666 3408806 1
3278666 3517298 1
3278666 4205340 1
3278666 4294886 2
3278666 5090661 2
3278666 6009761 8
3278666 6551974 4
3278666 6997094 4
3278666 7885321 9
3278666 8759276 9
3278666 10051754 4
3278666 11112856 8
3278666 11235674 9
3278666 12283423 5
3278666 12744802 9
3278666 14144392 3
3278666 19768541 5
3278666 27386842 1
3278666 28845112 9
3278666 30830162 1
3278666 31592662 9
3278666 37519192 2
3278666 39760952 4
3278666 54878122 4
3278666 60653792 1
3278666 70057372 1
3278666 73605392 1
3278666 73745042 3
3278666 116839732 1
3278666 144943672 9
3278666 145882022 8
3278666 182889897 1
3278666 182960119 1
3278666 183426592 1
3408806 3517298 1
3408806 4205340 1
3408806 4294886 1
3408806 5090661 1
3408806 6009761 1
3408806 6551974 1
3408806 6997094 1
3408806 7885321 1
3408806 8759276 1
3408806 10051754 1
3408806 11112856 1
3408806 11235674 1
3408806 12283423 1
3408806 12744802 1
3408806 14144392 1
3408806 19768541 1
3408806 27386842 1
3408806 28845112 1
3408806 30830162 1
3408806 31592662 1
3408806 37519192 1
3408806 39760952 1
3408806 54878122 1
3408806 60653792 1
3408806 70057372 1
3408806 73605392 1
3408806 73745042 1
3408806 116839732 1
3408806 144943672 1
3408806 145882022 1
3408806 182889897 1
3408806 182960119 1
3408806 183426592 1
3517298 4205340 1
3517298 4294886 1
3517298 5090661 1
3517298 6009761 1
3517298 6551974 1
3517298 6997094 1
3517298 7885321 1
3517298 8759276 1
3517298 10051754 1
3517298 11112856 1
3517298 11235674 1
3517298 12283423 1
3517298 12744802 1
3517298 14144392 1
3517298 19768541 1
3517298 27386842 1
3517298 28845112 1
3517298 30830162 1
3517298 31592662 1
3517298 37519192 1
3517298 39760952 1
3517298 54878122 1
3517298 60653792 1
3517298 70057372 1
3517298 73605392 1
3517298 73745042 1
3517298 116839732 1
3517298 144943672 1
3517298 145882022 1
3517298 182889897 1
3517298 182960119 1
3517298 183426592 1
4205340 4294886 1
4205340 5090661 1
4205340 6009761 1
4205340 6551974 1
4205340 6997094 1
4205340 7885321 1
4205340 8759276 1
4205340 10051754 1
4205340 11112856 1
4205340 11235674 1
4205340 12283423 1
4205340 12744802 1
4205340 14144392 1
4205340 19768541 1
4205340 27386842 1
4205340 28845112 1
4205340 30830162 1
4205340 31592662 1
4205340 37519192 1
4205340 39760952 1
4205340 54878122 1
4205340 60653792 1
4205340 70057372 1
4205340 73605392 1
4205340 73745042 1
4205340 116839732 1
4205340 144943672 1
4205340 145882022 1
4205340 182889897 1
4205340 182960119 1
4205340 183426592 1
4294886 5090661 1
4294886 6009761 3
4294886 6551974 1
4294886 6997094 2
4294886 7885321 3
4294886 8759276 3
4294886 10051754 3
4294886 11112856 3
4294886 11235674 3
4294886 12283423 1
4294886 12744802 3
4294886 14144392 1
4294886 19768541 2
4294886 27386842 1
4294886 28845112 3
4294886 30830162 1
4294886 31592662 3
4294886 37519192 1
4294886 39760952 3
4294886 54878122 1
4294886 60653792 1
4294886 70057372 1
4294886 73605392 1
4294886 73745042 1
4294886 116839732 1
4294886 144943672 3
4294886 145882022 2
4294886 182889897 1
4294886 182960119 1
4294886 183426592 1
5090661 6009761 2
5090661 6551974 1
5090661 6997094 1
5090661 7885321 2
5090661 8759276 2
5090661 10051754 1
5090661 11112856 2
5090661 11235674 2
5090661 12283423 1
5090661 12744802 2
5090661 14144392 1
5090661 19768541 1
5090661 27386842 1
5090661 28845112 2
5090661 30830162 1
5090661 31592662 2
5090661 37519192 1
5090661 39760952 1
5090661 54878122 1
5090661 60653792 1
5090661 70057372 1
5090661 73605392 1
5090661 73745042 1
5090661 116839732 1
5090661 144943672 2
5090661 145882022 2
5090661 182889897 1
5090661 182960119 1
5090661 183426592 1
6009761 6551974 4
6009761 6997094 5
6009761 7885321 9
6009761 8759276 9
6009761 10051754 4
6009761 11112856 9
6009761 11235674 9
6009761 12283423 5
6009761 12744802 9
6009761 14144392 3
6009761 19768541 5
6009761 27386842 1
6009761 28845112 9
6009761 30830162 1
6009761 31592662 9
6009761 37519192 2
6009761 39760952 5
6009761 54878122 4
6009761 60653792 1
6009761 70057372 1
6009761 73605392 1
6009761 73745042 3
6009761 116839732 1
6009761 144943672 9
6009761 145882022 8
6009761 182889897 1
6009761 182960119 1
6009761 183426592 1
6551974 6997094 3
6551974 7885321 4
6551974 8759276 4
6551974 10051754 1
6551974 11112856 4
6551974 11235674 4
6551974 12283423 3
6551974 12744802 4
6551974 14144392 3
6551974 19768541 2
6551974 27386842 1
6551974 28845112 4
6551974 30830162 1
6551974 31592662 4
6551974 37519192 1
6551974 39760952 2
6551974 54878122 4
6551974 60653792 1
6551974 70057372 1
6551974 73605392 1
6551974 73745042 2
6551974 116839732 1
6551974 144943672 4
6551974 145882022 4
6551974 182889897 1
6551974 182960119 1
6551974 183426592 1
6997094 7885321 5
6997094 8759276 5
6997094 10051754 3
6997094 11112856 5
6997094 11235674 5
6997094 12283423 3
6997094 12744802 5
6997094 14144392 2
6997094 19768541 4
6997094 27386842 1
6997094 28845112 5
6997094 30830162 1
6997094 31592662 5
6997094 37519192 1
6997094 39760952 4
6997094 54878122 3
6997094 60653792 1
6997094 70057372 1
6997094 73605392 1
6997094 73745042 2
6997094 116839732 1
6997094 144943672 5
6997094 145882022 5
6997094 182889897 1
6997094 182960119 1
6997094 183426592 1
7885321 8759276 10
7885321 10051754 5
7885321 11112856 9
7885321 11235674 10
7885321 12283423 5
7885321 12744802 10
7885321 14144392 3
7885321 19768541 6
7885321 27386842 1
7885321 28845112 10
7885321 30830162 1
7885321 31592662 10
7885321 37519192 2
7885321 39760952 5
7885321 54878122 4
7885321 60653792 1
7885321 70057372 1
7885321 73605392 1
7885321 73745042 3
7885321 116839732 1
7885321 144943672 10
7885321 145882022 9
7885321 182889897 1
7885321 182960119 1
7885321 183426592 1
8759276 10051754 5
8759276 11112856 9
8759276 11235674 10
8759276 12283423 5
8759276 12744802 10
8759276 14144392 3
8759276 19768541 6
8759276 27386842 1
8759276 28845112 10
8759276 30830162 1
8759276 31592662 10
8759276 37519192 2
8759276 39760952 5
8759276 54878122 4
8759276 60653792 1
8759276 70057372 1
8759276 73605392 1
8759276 73745042 3
8759276 116839732 1
8759276 144943672 10
8759276 145882022 9
8759276 182889897 1
8759276 182960119 1
8759276 183426592 1
10051754 11112856 4
10051754 11235674 5
10051754 12283423 2
10051754 12744802 5
10051754 14144392 1
10051754 19768541 4
10051754 27386842 1
10051754 28845112 5
10051754 30830162 1
10051754 31592662 5
10051754 37519192 1
10051754 39760952 4
10051754 54878122 1
10051754 60653792 1
10051754 70057372 1
10051754 73605392 1
10051754 73745042 1
10051754 116839732 1
10051754 144943672 5
10051754 145882022 4
10051754 182889897 1
10051754 182960119 1
10051754 183426592 1
11112856 11235674 9
11112856 12283423 5
11112856 12744802 9
11112856 14144392 3
11112856 19768541 5
11112856 27386842 1
11112856 28845112 9
11112856 30830162 1
11112856 31592662 9
11112856 37519192 2
11112856 39760952 5
11112856 54878122 4
11112856 60653792 1
11112856 70057372 1
11112856 73605392 1
11112856 73745042 3
11112856 116839732 1
11112856 144943672 9
11112856 145882022 8
11112856 182889897 1
11112856 182960119 1
11112856 183426592 1
11235674 12283423 5
11235674 12744802 10
11235674 14144392 3
11235674 19768541 6
11235674 27386842 1
11235674 28845112 10
11235674 30830162 1
11235674 31592662 10
11235674 37519192 2
11235674 39760952 5
11235674 54878122 4
11235674 60653792 1
11235674 70057372 1
11235674 73605392 1
11235674 73745042 3
11235674 116839732 1
11235674 144943672 10
11235674 145882022 9
11235674 182889897 1
11235674 182960119 1
11235674 183426592 1
12283423 12744802 5
12283423 14144392 3
12283423 19768541 4
12283423 27386842 1
12283423 28845112 5
12283423 30830162 1
12283423 31592662 5
12283423 37519192 2
12283423 39760952 3
12283423 54878122 3
12283423 60653792 1
12283423 70057372 1
12283423 73605392 1
12283423 73745042 3
12283423 116839732 1
12283423 144943672 5
12283423 145882022 5
12283423 182889897 1
12283423 182960119 1
12283423 183426592 1
12744802 14144392 3
12744802 19768541 6
12744802 27386842 1
12744802 28845112 10
12744802 30830162 1
12744802 31592662 10
12744802 37519192 2
12744802 39760952 5
12744802 54878122 4
12744802 60653792 1
12744802 70057372 1
12744802 73605392 1
12744802 73745042 3
12744802 116839732 1
12744802 144943672 10
12744802 145882022 9
12744802 182889897 1
12744802 182960119 1
12744802 183426592 1
14144392 19768541 2
14144392 27386842 1
14144392 28845112 3
14144392 30830162 1
14144392 31592662 3
14144392 37519192 1
14144392 39760952 2
14144392 54878122 3
14144392 60653792 1
14144392 70057372 1
14144392 73605392 1
14144392 73745042 2
14144392 116839732 1
14144392 144943672 3
14144392 145882022 3
14144392 182889897 1
14144392 182960119 1
14144392 183426592 1
19768541 27386842 1
19768541 28845112 6
19768541 30830162 1
19768541 31592662 6
19768541 37519192 2
19768541 39760952 4
19768541 54878122 2
19768541 60653792 1
19768541 70057372 1
19768541 73605392 1
19768541 73745042 3
19768541 116839732 1
19768541 144943672 6
19768541 145882022 6
19768541 182889897 1
19768541 182960119 1
19768541 183426592 1
27386842 28845112 1
27386842 30830162 1
27386842 31592662 1
27386842 37519192 1
27386842 39760952 1
27386842 54878122 1
27386842 60653792 1
27386842 70057372 1
27386842 73605392 1
27386842 73745042 1
27386842 116839732 1
27386842 144943672 1
27386842 145882022 1
27386842 182889897 1
27386842 182960119 1
27386842 183426592 1
28845112 30830162 1
28845112 31592662 10
28845112 37519192 2
28845112 39760952 5
28845112 54878122 4
28845112 60653792 1
28845112 70057372 1
28845112 73605392 1
28845112 73745042 3
28845112 116839732 1
28845112 144943672 10
28845112 145882022 9
28845112 182889897 1
28845112 182960119 1
28845112 183426592 1
30830162 31592662 1
30830162 37519192 1
30830162 39760952 1
30830162 54878122 1
30830162 60653792 1
30830162 70057372 1
30830162 73605392 1
30830162 73745042 1
30830162 116839732 1
30830162 144943672 1
30830162 145882022 1
30830162 182889897 1
30830162 182960119 1
30830162 183426592 1
31592662 37519192 2
31592662 39760952 5
31592662 54878122 4
31592662 60653792 1
31592662 70057372 1
31592662 73605392 1
31592662 73745042 3
31592662 116839732 1
31592662 144943672 10
31592662 145882022 9
31592662 182889897 1
31592662 182960119 1
31592662 183426592 1
37519192 39760952 1
37519192 54878122 1
37519192 60653792 1
37519192 70057372 1
37519192 73605392 1
37519192 73745042 2
37519192 116839732 1
37519192 144943672 2
37519192 145882022 2
37519192 182889897 1
37519192 182960119 1
37519192 183426592 1
39760952 54878122 2
39760952 60653792 1
39760952 70057372 1
39760952 73605392 1
39760952 73745042 2
39760952 116839732 1
39760952 144943672 5
39760952 145882022 4
39760952 182889897 1
39760952 182960119 1
39760952 183426592 1
54878122 60653792 1
54878122 70057372 1
54878122 73605392 1
54878122 73745042 2
54878122 116839732 1
54878122 144943672 4
54878122 145882022 4
54878122 182889897 1
54878122 182960119 1
54878122 183426592 1
60653792 70057372 1
60653792 73605392 1
60653792 73745042 1
60653792 116839732 1
60653792 144943672 1
60653792 145882022 1
60653792 182889897 1
60653792 182960119 1
60653792 183426592 1
70057372 73605392 1
70057372 73745042 1
70057372 116839732 1
70057372 144943672 1
70057372 145882022 1
70057372 182889897 1
70057372 182960119 1
70057372 183426592 1
73605392 73745042 1
73605392 116839732 1
73605392 144943672 1
73605392 145882022 1
73605392 182889897 1
73605392 182960119 1
73605392 183426592 1
73745042 116839732 1
73745042 144943672 3
73745042 145882022 3
73745042 182889897 1
73745042 182960119 1
73745042 183426592 1
116839732 144943672 1
116839732 145882022 1
116839732 182889897 1
116839732 182960119 1
116839732 183426592 1
144943672 145882022 9
144943672 182889897 1
144943672 182960119 1
144943672 183426592 1
145882022 182889897 1
145882022 182960119 1
145882022 183426592 1
182889897 182960119 1
182889897 183426592 1
182960119 183426592 1
719099 901038 1
719099 1602608 1
719099 3278666 1
719099 6009761 1
719099 6551974 1
719099 7885321 1
719099 8759276 1
719099 11112856 1
719099 11235674 1
719099 12283423 1
719099 12744802 1
719099 14144392 1
719099 28845112 1
719099 31592662 1
719099 54878122 1
719099 54912552 1
719099 123609782 1
719099 130093942 1
719099 140096272 1
719099 144943672 1
719099 145882022 1
901038 1602608 4
901038 3278666 3
901038 6009761 4
901038 6551974 2
901038 7885321 4
901038 8759276 4
901038 11112856 4
901038 11235674 4
901038 12283423 2
901038 12744802 4
901038 14144392 1
901038 28845112 4
901038 31592662 4
901038 54878122 2
901038 54912552 1
901038 123609782 1
901038 130093942 1
901038 140096272 4
901038 144943672 4
901038 145882022 4
1602608 54912552 1
1602608 123609782 1
1602608 130093942 1
1602608 140096272 6
3278666 54912552 1
3278666 123609782 1
3278666 130093942 1
3278666 140096272 5
6009761 54912552 1
6009761 123609782 1
6009761 130093942 1
6009761 140096272 6
6551974 54912552 1
6551974 123609782 1
6551974 130093942 1
6551974 140096272 3
7885321 54912552 1
7885321 123609782 1
7885321 130093942 1
7885321 140096272 6
8759276 54912552 1
8759276 123609782 1
8759276 130093942 1
8759276 140096272 6
11112856 54912552 1
11112856 123609782 1
11112856 130093942 1
11112856 140096272 6
11235674 54912552 1
11235674 123609782 1
11235674 130093942 1
11235674 140096272 6
12283423 54912552 1
12283423 123609782 1
12283423 130093942 1
12283423 140096272 4
12744802 54912552 1
12744802 123609782 1
12744802 130093942 1
12744802 140096272 6
14144392 54912552 1
14144392 123609782 1
14144392 130093942 1
14144392 140096272 2
28845112 54912552 1
28845112 123609782 1
28845112 130093942 1
28845112 140096272 6
31592662 54912552 1
31592662 123609782 1
31592662 130093942 1
31592662 140096272 6
54878122 54912552 1
54878122 123609782 1
54878122 130093942 1
54878122 140096272 3
54912552 123609782 1
54912552 130093942 1
54912552 140096272 1
54912552 144943672 1
54912552 145882022 1
123609782 130093942 1
123609782 140096272 1
123609782 144943672 1
123609782 145882022 1
130093942 140096272 1
130093942 144943672 1
130093942 145882022 1
140096272 144943672 6
140096272 145882022 6
1413079 7438398 1
1413079 8789174 1
1413079 11076591 1
1413079 14495922 1
1413079 61919882 1
1413079 106922492 1
1413079 118038362 1
1413079 140096272 1
1413079 147241562 1
1413079 160203362 1
1602608 7438398 1
1602608 8789174 1
1602608 11076591 2
1602608 14495922 1
1602608 61919882 3
1602608 106922492 1
1602608 118038362 1
1602608 147241562 1
1602608 160203362 2
3278666 7438398 1
3278666 8789174 1
3278666 11076591 1
3278666 14495922 1
3278666 61919882 2
3278666 106922492 1
3278666 118038362 1
3278666 147241562 1
3278666 160203362 2
6009761 7438398 1
6009761 8789174 1
6009761 11076591 2
6009761 14495922 1
6009761 61919882 3
6009761 106922492 1
6009761 118038362 1
6009761 147241562 1
6009761 160203362 2
6551974 7438398 1
6551974 8789174 1
6551974 11076591 1
6551974 14495922 1
6551974 61919882 1
6551974 106922492 1
6551974 118038362 1
6551974 147241562 1
6551974 160203362 1
6997094 7438398 1
6997094 8789174 1
6997094 11076591 2
6997094 14495922 1
6997094 61919882 2
6997094 106922492 1
6997094 118038362 1
6997094 140096272 4
6997094 147241562 1
6997094 160203362 2
7438398 7885321 1
7438398 8759276 1
7438398 8789174 1
7438398 11076591 1
7438398 11112856 1
7438398 11235674 1
7438398 12283423 1
7438398 12744802 1
7438398 14144392 1
7438398 14495922 1
7438398 19768541 1
7438398 28845112 1
7438398 31592662 1
7438398 39760952 1
7438398 54878122 1
7438398 61919882 1
7438398 73745042 1
7438398 106922492 1
7438398 118038362 1
7438398 140096272 1
7438398 144943672 1
7438398 145882022 1
7438398 147241562 1
7438398 160203362 1
7885321 8789174 1
7885321 11076591 2
7885321 14495922 1
7885321 61919882 3
7885321 106922492 1
7885321 118038362 1
7885321 147241562 1
7885321 160203362 2
8759276 8789174 1
8759276 11076591 2
8759276 14495922 1
8759276 61919882 3
8759276 106922492 1
8759276 118038362 1
8759276 147241562 1
8759276 160203362 2
8789174 11076591 1
8789174 11112856 1
8789174 11235674 1
8789174 12283423 1
8789174 12744802 1
8789174 14144392 1
8789174 14495922 1
8789174 19768541 1
8789174 28845112 1
8789174 31592662 1
8789174 39760952 1
8789174 54878122 1
8789174 61919882 1
8789174 73745042 1
8789174 106922492 1
8789174 118038362 1
8789174 140096272 1
8789174 144943672 1
8789174 145882022 1
8789174 147241562 1
8789174 160203362 1
11076591 11112856 2
11076591 11235674 2
11076591 12283423 1
11076591 12744802 2
11076591 14144392 1
11076591 14495922 1
11076591 19768541 2
11076591 28845112 2
11076591 31592662 2
11076591 39760952 2
11076591 54878122 1
11076591 61919882 2
11076591 73745042 1
11076591 106922492 1
11076591 118038362 1
11076591 140096272 2
11076591 144943672 2
11076591 145882022 2
11076591 147241562 1
11076591 160203362 1
11112856 14495922 1
11112856 61919882 3
11112856 106922492 1
11112856 118038362 1
11112856 147241562 1
11112856 160203362 2
11235674 14495922 1
11235674 61919882 3
11235674 106922492 1
11235674 118038362 1
11235674 147241562 1
11235674 160203362 2
12283423 14495922 1
12283423 61919882 2
12283423 106922492 1
12283423 118038362 1
12283423 147241562 1
12283423 160203362 2
12744802 14495922 1
12744802 61919882 3
12744802 106922492 1
12744802 118038362 1
12744802 147241562 1
12744802 160203362 2
14144392 14495922 1
14144392 61919882 1
14144392 106922492 1
14144392 118038362 1
14144392 147241562 1
14144392 160203362 1
14495922 19768541 1
14495922 28845112 1
14495922 31592662 1
14495922 39760952 1
14495922 54878122 1
14495922 61919882 1
14495922 73745042 1
14495922 106922492 1
14495922 118038362 1
14495922 140096272 1
14495922 144943672 1
14495922 145882022 1
14495922 147241562 1
14495922 160203362 1
19768541 61919882 3
19768541 106922492 1
19768541 118038362 1
19768541 140096272 4
19768541 147241562 1
19768541 160203362 2
28845112 61919882 3
28845112 106922492 1
28845112 118038362 1
28845112 147241562 1
28845112 160203362 2
31592662 61919882 3
31592662 106922492 1
31592662 118038362 1
31592662 147241562 1
31592662 160203362 2
39760952 61919882 2
39760952 106922492 1
39760952 118038362 1
39760952 140096272 3
39760952 147241562 1
39760952 160203362 2
54878122 61919882 1
54878122 106922492 1
54878122 118038362 1
54878122 147241562 1
54878122 160203362 1
61919882 73745042 2
61919882 106922492 1
61919882 118038362 1
61919882 140096272 3
61919882 144943672 3
61919882 145882022 3
61919882 147241562 1
61919882 160203362 1
73745042 106922492 1
73745042 118038362 1
73745042 140096272 2
73745042 147241562 1
73745042 160203362 1
106922492 118038362 1
106922492 140096272 1
106922492 144943672 1
106922492 145882022 1
106922492 147241562 1
106922492 160203362 1
118038362 140096272 1
118038362 144943672 1
118038362 145882022 1
118038362 147241562 1
118038362 160203362 1
140096272 147241562 1
140096272 160203362 2
144943672 147241562 1
144943672 160203362 2
145882022 147241562 1
145882022 160203362 2
147241562 160203362 1
1602608 14453220 1
1602608 33944912 6
1602608 144223662 1
1602608 152464592 1
1602608 182859218 1
1602608 183297708 2
1602608 184656878 1
3278666 14453220 1
3278666 33944912 5
3278666 144223662 1
3278666 152464592 1
3278666 182859218 1
3278666 183297708 2
3278666 184656878 1
6009761 14453220 1
6009761 33944912 5
6009761 144223662 1
6009761 152464592 1
6009761 182859218 1
6009761 183297708 2
6009761 184656878 1
6997094 14453220 1
6997094 33944912 2
6997094 144223662 1
6997094 152464592 1
6997094 182859218 1
6997094 183297708 1
6997094 184656878 1
7885321 14453220 1
7885321 33944912 6
7885321 144223662 1
7885321 152464592 1
7885321 182859218 1
7885321 183297708 2
7885321 184656878 1
8759276 14453220 1
8759276 33944912 6
8759276 144223662 1
8759276 152464592 1
8759276 182859218 1
8759276 183297708 2
8759276 184656878 1
10051754 14453220 1
10051754 33944912 4
10051754 140096272 2
10051754 144223662 1
10051754 152464592 1
10051754 160203362 1
10051754 182859218 1
10051754 183297708 1
10051754 184656878 1
11112856 14453220 1
11112856 33944912 5
11112856 144223662 1
11112856 152464592 1
11112856 182859218 1
11112856 183297708 2
11112856 184656878 1
11235674 14453220 1
11235674 33944912 6
11235674 144223662 1
11235674 152464592 1
11235674 182859218 1
11235674 183297708 2
11235674 184656878 1
12283423 14453220 1
12283423 33944912 2
12283423 144223662 1
12283423 152464592 1
12283423 182859218 1
12283423 183297708 1
12283423 184656878 1
12744802 14453220 1
12744802 33944912 6
12744802 144223662 1
12744802 152464592 1
12744802 182859218 1
12744802 183297708 2
12744802 184656878 1
14453220 19768541 1
14453220 28845112 1
14453220 31592662 1
14453220 33944912 1
14453220 39760952 1
14453220 140096272 1
14453220 144223662 1
14453220 144943672 1
14453220 145882022 1
14453220 152464592 1
14453220 160203362 1
14453220 182859218 1
14453220 183297708 1
14453220 184656878 1
19768541 33944912 4
19768541 144223662 1
19768541 152464592 1
19768541 182859218 1
19768541 183297708 1
19768541 184656878 1
28845112 33944912 6
28845112 144223662 1
28845112 152464592 1
28845112 182859218 1
28845112 183297708 2
28845112 184656878 1
31592662 33944912 6
31592662 144223662 1
31592662 152464592 1
31592662 182859218 1
31592662 183297708 2
31592662 184656878 1
33944912 39760952 3
33944912 140096272 3
33944912 144223662 1
33944912 144943672 6
33944912 145882022 5
33944912 152464592 1
33944912 160203362 1
33944912 182859218 1
33944912 183297708 2
33944912 184656878 1
39760952 144223662 1
39760952 152464592 1
39760952 182859218 1
39760952 183297708 1
39760952 184656878 1
140096272 144223662 1
140096272 152464592 1
140096272 182859218 1
140096272 183297708 1
140096272 184656878 1
144223662 144943672 1
144223662 145882022 1
144223662 152464592 1
144223662 160203362 1
144223662 182859218 1
144223662 183297708 1
144223662 184656878 1
144943672 152464592 1
144943672 182859218 1
144943672 183297708 2
144943672 184656878 1
145882022 152464592 1
145882022 182859218 1
145882022 183297708 2
145882022 184656878 1
152464592 160203362 1
152464592 182859218 1
152464592 183297708 1
152464592 184656878 1
160203362 182859218 1
160203362 183297708 1
160203362 184656878 1
182859218 183297708 1
182859218 184656878 1
183297708 184656878 1
427867 901038 1
427867 1624860 2
427867 2005777 1
427867 2604239 1
427867 2676380 1
427867 3627558 1
427867 8494865 2
427867 9673743 2
427867 13691423 2
427867 14073744 1
427867 33944912 2
427867 61919882 1
427867 71523092 2
427867 72790162 1
427867 140096272 1
427867 153149842 1
427867 182848571 1
427867 183438105 1
901038 1624860 1
901038 2005777 2
901038 2604239 2
901038 2676380 1
901038 3627558 1
901038 8494865 2
901038 9673743 2
901038 13691423 1
901038 14073744 3
901038 19768541 2
901038 33944912 2
901038 37519192 1
901038 61919882 2
901038 71523092 1
901038 72790162 1
901038 73745042 1
901038 153149842 1
901038 182848571 1
901038 183438105 3
1602608 1624860 2
1602608 2005777 2
1602608 2604239 2
1602608 2676380 1
1602608 3627558 2
1602608 8494865 3
1602608 9673743 3
1602608 13691423 2
1602608 14073744 4
1602608 71523092 2
1602608 72790162 1
1602608 153149842 1
1602608 182848571 1
1602608 183438105 3
1624860 2005777 1
1624860 2604239 1
1624860 2676380 1
1624860 3278666 2
1624860 3627558 1
1624860 6009761 1
1624860 7885321 2
1624860 8494865 2
1624860 8759276 2
1624860 9673743 2
1624860 11112856 1
1624860 11235674 2
1624860 12283423 1
1624860 12744802 2
1624860 13691423 2
1624860 14073744 1
1624860 19768541 2
1624860 28845112 2
1624860 31592662 2
1624860 33944912 2
1624860 37519192 1
1624860 61919882 1
1624860 71523092 2
1624860 72790162 1
1624860 73745042 1
1624860 140096272 1
1624860 144943672 2
1624860 145882022 2
1624860 153149842 1
1624860 182848571 1
1624860 183438105 1
2005777 2604239 2
2005777 2676380 1
2005777 3278666 2
2005777 3627558 1
2005777 6009761 2
2005777 7885321 2
2005777 8494865 2
2005777 8759276 2
2005777 9673743 1
2005777 11112856 2
2005777 11235674 2
2005777 12283423 1
2005777 12744802 2
2005777 13691423 1
2005777 14073744 2
2005777 19768541 1
2005777 28845112 2
2005777 31592662 2
2005777 33944912 1
2005777 37519192 1
2005777 61919882 1
2005777 71523092 1
2005777 72790162 1
2005777 73745042 1
2005777 140096272 2
2005777 144943672 2
2005777 145882022 2
2005777 153149842 1
2005777 182848571 1
2005777 183438105 2
2604239 2676380 1
2604239 3278666 2
2604239 3627558 1
2604239 6009761 2
2604239 7885321 2
2604239 8494865 2
2604239 8759276 2
2604239 9673743 1
2604239 11112856 2
2604239 11235674 2
2604239 12283423 1
2604239 12744802 2
2604239 13691423 1
2604239 14073744 2
2604239 19768541 1
2604239 28845112 2
2604239 31592662 2
2604239 33944912 1
2604239 37519192 1
2604239 61919882 1
2604239 71523092 1
2604239 72790162 1
2604239 73745042 1
2604239 140096272 2
2604239 144943672 2
2604239 145882022 2
2604239 153149842 1
2604239 182848571 1
2604239 183438105 2
2676380 3278666 1
2676380 3627558 1
2676380 6009761 1
2676380 7885321 1
2676380 8494865 1
2676380 8759276 1
2676380 9673743 1
2676380 11112856 1
2676380 11235674 1
2676380 12283423 1
2676380 12744802 1
2676380 13691423 1
2676380 14073744 1
2676380 19768541 1
2676380 28845112 1
2676380 31592662 1
2676380 33944912 1
2676380 37519192 1
2676380 61919882 1
2676380 71523092 1
2676380 72790162 1
2676380 73745042 1
2676380 140096272 1
2676380 144943672 1
2676380 145882022 1
2676380 153149842 1
2676380 182848571 1
2676380 183438105 1
3278666 3627558 2
3278666 8494865 3
3278666 9673743 2
3278666 13691423 2
3278666 14073744 3
3278666 71523092 2
3278666 72790162 1
3278666 153149842 1
3278666 182848571 1
3278666 183438105 2
3627558 6009761 2
3627558 7885321 2
3627558 8494865 1
3627558 8759276 2
3627558 9673743 1
3627558 11112856 2
3627558 11235674 2
3627558 12283423 1
3627558 12744802 2
3627558 13691423 1
3627558 14073744 2
3627558 19768541 1
3627558 28845112 2
3627558 31592662 2
3627558 33944912 2
3627558 37519192 1
3627558 61919882 1
3627558 71523092 1
3627558 72790162 1
3627558 73745042 1
3627558 140096272 1
3627558 144943672 2
3627558 145882022 1
3627558 153149842 1
3627558 182848571 1
3627558 183438105 1
6009761 8494865 2
6009761 9673743 2
6009761 13691423 1
6009761 14073744 4
6009761 71523092 1
6009761 72790162 1
6009761 153149842 1
6009761 182848571 1
6009761 183438105 3
7885321 8494865 3
7885321 9673743 3
7885321 13691423 2
7885321 14073744 4
7885321 71523092 2
7885321 72790162 1
7885321 153149842 1
7885321 182848571 1
7885321 183438105 3
8494865 8759276 3
8494865 9673743 2
8494865 11112856 2
8494865 11235674 3
8494865 12283423 1
8494865 12744802 3
8494865 13691423 2
8494865 14073744 2
8494865 19768541 2
8494865 28845112 3
8494865 31592662 3
8494865 33944912 2
8494865 37519192 1
8494865 61919882 1
8494865 71523092 2
8494865 72790162 1
8494865 73745042 1
8494865 140096272 2
8494865 144943672 3
8494865 145882022 3
8494865 153149842 1
8494865 182848571 1
8494865 183438105 2
8759276 9673743 3
8759276 13691423 2
8759276 14073744 4
8759276 71523092 2
8759276 72790162 1
8759276 153149842 1
8759276 182848571 1
8759276 183438105 3
9673743 11112856 2
9673743 11235674 3
9673743 12283423 1
9673743 12744802 3
9673743 13691423 2
9673743 14073744 2
9673743 19768541 3
9673743 28845112 3
9673743 31592662 3
9673743 33944912 3
9673743 37519192 1
9673743 61919882 2
9673743 71523092 2
9673743 72790162 1
9673743 73745042 1
9673743 140096272 2
9673743 144943672 3
9673743 145882022 3
9673743 153149842 1
9673743 182848571 1
9673743 183438105 2
11112856 13691423 1
11112856 14073744 4
11112856 71523092 1
11112856 72790162 1
11112856 153149842 1
11112856 182848571 1
11112856 183438105 3
11235674 13691423 2
11235674 14073744 4
11235674 71523092 2
11235674 72790162 1
11235674 153149842 1
11235674 182848571 1
11235674 183438105 3
12283423 13691423 1
12283423 14073744 1
12283423 71523092 1
12283423 72790162 1
12283423 153149842 1
12283423 182848571 1
12283423 183438105 1
12744802 13691423 2
12744802 14073744 4
12744802 71523092 2
12744802 72790162 1
12744802 153149842 1
12744802 182848571 1
12744802 183438105 3
13691423 14073744 1
13691423 19768541 2
13691423 28845112 2
13691423 31592662 2
13691423 33944912 2
13691423 37519192 1
13691423 61919882 1
13691423 71523092 2
13691423 72790162 1
13691423 73745042 1
13691423 140096272 1
13691423 144943672 2
13691423 145882022 2
13691423 153149842 1
13691423 182848571 1
13691423 183438105 1
14073744 19768541 2
14073744 28845112 4
14073744 31592662 4
14073744 33944912 3
14073744 37519192 1
14073744 61919882 2
14073744 71523092 1
14073744 72790162 1
14073744 73745042 1
14073744 140096272 3
14073744 144943672 4
14073744 145882022 3
14073744 153149842 1
14073744 182848571 1
14073744 183438105 3
19768541 71523092 2
19768541 72790162 1
19768541 153149842 1
19768541 182848571 1
19768541 183438105 2
28845112 71523092 2
28845112 72790162 1
28845112 153149842 1
28845112 182848571 1
28845112 183438105 3
31592662 71523092 2
31592662 72790162 1
31592662 153149842 1
31592662 182848571 1
31592662 183438105 3
33944912 37519192 1
33944912 61919882 2
33944912 71523092 2
33944912 72790162 1
33944912 73745042 1
33944912 153149842 1
33944912 182848571 1
33944912 183438105 2
37519192 61919882 1
37519192 71523092 1
37519192 72790162 1
37519192 140096272 1
37519192 153149842 1
37519192 182848571 1
37519192 183438105 1
61919882 71523092 1
61919882 72790162 1
61919882 153149842 1
61919882 182848571 1
61919882 183438105 2
71523092 72790162 1
71523092 73745042 1
71523092 140096272 1
71523092 144943672 2
71523092 145882022 2
71523092 153149842 1
71523092 182848571 1
71523092 183438105 1
72790162 73745042 1
72790162 140096272 1
72790162 144943672 1
72790162 145882022 1
72790162 153149842 1
72790162 182848571 1
72790162 183438105 1
73745042 153149842 1
73745042 182848571 1
73745042 183438105 1
140096272 153149842 1
140096272 182848571 1
140096272 183438105 3
144943672 153149842 1
144943672 182848571 1
144943672 183438105 3
145882022 153149842 1
145882022 182848571 1
145882022 183438105 3
153149842 182848571 1
153149842 183438105 1
182848571 183438105 1
427867 11966830 1
427867 12772222 1
427867 13530818 1
427867 70742272 1
427867 160580982 1
427867 177395032 1
427867 182692309 1
1602608 11966830 1
1602608 12772222 2
1602608 13530818 1
1602608 70742272 5
1602608 160580982 1
1602608 177395032 4
1602608 182692309 1
1624860 10051754 1
1624860 11966830 1
1624860 12772222 1
1624860 13530818 1
1624860 70742272 1
1624860 160580982 1
1624860 177395032 1
1624860 182692309 1
3278666 11966830 1
3278666 12772222 2
3278666 13530818 1
3278666 70742272 4
3278666 160580982 1
3278666 177395032 3
3278666 182692309 1
7885321 11966830 1
7885321 12772222 2
7885321 13530818 1
7885321 70742272 5
7885321 160580982 1
7885321 177395032 4
7885321 182692309 1
8494865 10051754 1
8494865 11966830 1
8494865 12772222 2
8494865 13530818 1
8494865 70742272 2
8494865 160580982 1
8494865 177395032 1
8494865 182692309 1
8759276 11966830 1
8759276 12772222 2
8759276 13530818 1
8759276 70742272 5
8759276 160580982 1
8759276 177395032 4
8759276 182692309 1
9673743 10051754 2
9673743 11966830 1
9673743 12772222 1
9673743 13530818 1
9673743 70742272 2
9673743 160580982 1
9673743 177395032 2
9673743 182692309 1
10051754 11966830 1
10051754 12772222 1
10051754 13530818 1
10051754 13691423 1
10051754 70742272 3
10051754 71523092 1
10051754 160580982 1
10051754 177395032 3
10051754 182692309 1
11235674 11966830 1
11235674 12772222 2
11235674 13530818 1
11235674 70742272 5
11235674 160580982 1
11235674 177395032 4
11235674 182692309 1
11966830 12744802 1
11966830 12772222 1
11966830 13530818 1
11966830 13691423 1
11966830 19768541 1
11966830 28845112 1
11966830 31592662 1
11966830 33944912 1
11966830 70742272 1
11966830 71523092 1
11966830 144943672 1
11966830 145882022 1
11966830 160580982 1
11966830 177395032 1
11966830 182692309 1
12744802 12772222 2
12744802 13530818 1
12744802 70742272 5
12744802 160580982 1
12744802 177395032 4
12744802 182692309 1
12772222 13530818 1
12772222 13691423 1
12772222 19768541 1
12772222 28845112 2
12772222 31592662 2
12772222 33944912 1
12772222 70742272 2
12772222 71523092 1
12772222 144943672 2
12772222 145882022 2
12772222 160580982 1
12772222 177395032 1
12772222 182692309 1
13530818 13691423 1
13530818 19768541 1
13530818 28845112 1
13530818 31592662 1
13530818 33944912 1
13530818 70742272 1
13530818 71523092 1
13530818 144943672 1
13530818 145882022 1
13530818 160580982 1
13530818 177395032 1
13530818 182692309 1
13691423 70742272 1
13691423 160580982 1
13691423 177395032 1
13691423 182692309 1
19768541 70742272 2
19768541 160580982 1
19768541 177395032 2
19768541 182692309 1
28845112 70742272 5
28845112 160580982 1
28845112 177395032 4
28845112 182692309 1
31592662 70742272 5
31592662 160580982 1
31592662 177395032 4
31592662 182692309 1
33944912 70742272 4
33944912 160580982 1
33944912 177395032 4
33944912 182692309 1
70742272 71523092 1
70742272 144943672 5
70742272 145882022 4
70742272 160580982 1
70742272 177395032 4
70742272 182692309 1
71523092 160580982 1
71523092 177395032 1
71523092 182692309 1
144943672 160580982 1
144943672 177395032 4
144943672 182692309 1
145882022 160580982 1
145882022 177395032 3
145882022 182692309 1
160580982 177395032 1
160580982 182692309 1
177395032 182692309 1
1602608 17736811 2
1602608 71537832 4
1602608 95060472 1
1602608 115472852 2
3278666 17736811 1
3278666 71537832 3
3278666 95060472 1
3278666 115472852 1
3627558 4294886 1
3627558 10051754 1
3627558 17736811 1
3627558 39760952 1
3627558 70742272 1
3627558 71537832 1
3627558 95060472 1
3627558 115472852 1
3627558 177395032 1
4294886 14073744 2
4294886 17736811 2
4294886 33944912 2
4294886 70742272 2
4294886 71537832 2
4294886 95060472 1
4294886 115472852 2
4294886 177395032 2
6009761 17736811 2
6009761 70742272 4
6009761 71537832 4
6009761 95060472 1
6009761 115472852 2
6009761 177395032 3
7885321 17736811 2
7885321 71537832 4
7885321 95060472 1
7885321 115472852 2
8759276 17736811 2
8759276 71537832 4
8759276 95060472 1
8759276 115472852 2
10051754 14073744 2
10051754 17736811 2
10051754 71537832 2
10051754 95060472 1
10051754 115472852 2
11112856 17736811 2
11112856 70742272 4
11112856 71537832 4
11112856 95060472 1
11112856 115472852 2
11112856 177395032 3
11235674 17736811 2
11235674 71537832 4
11235674 95060472 1
11235674 115472852 2
12744802 17736811 2
12744802 71537832 4
12744802 95060472 1
12744802 115472852 2
14073744 17736811 2
14073744 39760952 2
14073744 70742272 3
14073744 71537832 3
14073744 95060472 1
14073744 115472852 2
14073744 177395032 2
17736811 28845112 2
17736811 31592662 2
17736811 33944912 2
17736811 39760952 2
17736811 70742272 2
17736811 71537832 2
17736811 95060472 1
17736811 115472852 2
17736811 144943672 2
17736811 177395032 2
28845112 71537832 4
28845112 95060472 1
28845112 115472852 2
31592662 71537832 4
31592662 95060472 1
31592662 115472852 2
33944912 71537832 3
33944912 95060472 1
33944912 115472852 2
39760952 70742272 2
39760952 71537832 2
39760952 95060472 1
39760952 115472852 2
39760952 177395032 2
70742272 71537832 4
70742272 95060472 1
70742272 115472852 2
71537832 95060472 1
71537832 115472852 2
71537832 144943672 4
71537832 177395032 3
95060472 115472852 1
95060472 144943672 1
95060472 177395032 1
115472852 144943672 2
115472852 177395032 2
901038 4294886 1
901038 6997094 2
901038 7191525 1
901038 10051754 1
901038 11076591 1
901038 17736811 1
901038 21100961 1
901038 39760952 1
901038 70742272 2
901038 71537832 2
901038 112625432 1
901038 115472852 1
901038 177395032 1
901038 189926323 1
1602608 7191525 1
1602608 21100961 2
1602608 112625432 1
1602608 189926323 1
4294886 7191525 1
4294886 9673743 1
4294886 11076591 1
4294886 21100961 1
4294886 61919882 1
4294886 112625432 1
4294886 140096272 1
4294886 183438105 1
4294886 189926323 1
6009761 7191525 1
6009761 21100961 2
6009761 112625432 1
6009761 189926323 1
6997094 7191525 1
6997094 9673743 1
6997094 14073744 2
6997094 17736811 1
6997094 21100961 1
6997094 70742272 2
6997094 71537832 2
6997094 112625432 1
6997094 115472852 1
6997094 177395032 1
6997094 183438105 2
6997094 189926323 1
7191525 7885321 1
7191525 8759276 1
7191525 9673743 1
7191525 10051754 1
7191525 11076591 1
7191525 11112856 1
7191525 11235674 1
7191525 12744802 1
7191525 14073744 1
7191525 17736811 1
7191525 19768541 1
7191525 21100961 1
7191525 28845112 1
7191525 31592662 1
7191525 33944912 1
7191525 39760952 1
7191525 61919882 1
7191525 70742272 1
7191525 71537832 1
7191525 112625432 1
7191525 115472852 1
7191525 140096272 1
7191525 144943672 1
7191525 145882022 1
7191525 177395032 1
7191525 183438105 1
7191525 189926323 1
7885321 21100961 2
7885321 112625432 1
7885321 189926323 1
8759276 21100961 2
8759276 112625432 1
8759276 189926323 1
9673743 11076591 1
9673743 17736811 1
9673743 21100961 1
9673743 39760952 1
9673743 71537832 1
9673743 112625432 1
9673743 115472852 1
9673743 189926323 1
10051754 11076591 1
10051754 21100961 1
10051754 61919882 1
10051754 112625432 1
10051754 183438105 1
10051754 189926323 1
11076591 14073744 1
11076591 17736811 1
11076591 21100961 1
11076591 33944912 1
11076591 70742272 1
11076591 71537832 1
11076591 112625432 1
11076591 115472852 1
11076591 177395032 1
11076591 183438105 1
11076591 189926323 1
11112856 21100961 2
11112856 112625432 1
11112856 189926323 1
11235674 21100961 2
11235674 112625432 1
11235674 189926323 1
12744802 21100961 2
12744802 112625432 1
12744802 189926323 1
14073744 21100961 1
14073744 112625432 1
14073744 189926323 1
17736811 19768541 1
17736811 21100961 1
17736811 61919882 1
17736811 112625432 1
17736811 140096272 1
17736811 145882022 1
17736811 183438105 1
17736811 189926323 1
19768541 21100961 1
19768541 71537832 1
19768541 112625432 1
19768541 115472852 1
19768541 189926323 1
21100961 28845112 2
21100961 31592662 2
21100961 33944912 2
21100961 39760952 1
21100961 61919882 1
21100961 70742272 2
21100961 71537832 2
21100961 112625432 1
21100961 115472852 1
21100961 140096272 1
21100961 144943672 2
21100961 145882022 2
21100961 177395032 2
21100961 183438105 1
21100961 189926323 1
28845112 112625432 1
28845112 189926323 1
31592662 112625432 1
31592662 189926323 1
33944912 112625432 1
33944912 189926323 1
39760952 112625432 1
39760952 183438105 1
39760952 189926323 1
61919882 70742272 1
61919882 71537832 1
61919882 112625432 1
61919882 115472852 1
61919882 177395032 1
61919882 189926323 1
70742272 112625432 1
70742272 140096272 2
70742272 183438105 2
70742272 189926323 1
71537832 112625432 1
71537832 140096272 2
71537832 145882022 3
71537832 183438105 2
71537832 189926323 1
112625432 115472852 1
112625432 140096272 1
112625432 144943672 1
112625432 145882022 1
112625432 177395032 1
112625432 183438105 1
112625432 189926323 1
115472852 140096272 1
115472852 145882022 1
115472852 183438105 1
115472852 189926323 1
140096272 177395032 1
140096272 189926323 1
144943672 189926323 1
145882022 189926323 1
177395032 183438105 1
177395032 189926323 1
183438105 189926323 1
1602608 13983281 2
1602608 83169792 1
1602608 131277532 1
3278666 13983281 2
3278666 21100961 1
3278666 83169792 1
3278666 131277532 1
5090661 13983281 1
5090661 21100961 1
5090661 33944912 1
5090661 70742272 1
5090661 71537832 1
5090661 83169792 1
5090661 131277532 1
5090661 177395032 1
5090661 183297708 1
6009761 13983281 2
6009761 83169792 1
6009761 131277532 1
7885321 13983281 2
7885321 83169792 1
7885321 131277532 1
8759276 13983281 2
8759276 83169792 1
8759276 131277532 1
11112856 13983281 2
11112856 83169792 1
11112856 131277532 1
11235674 13983281 2
11235674 83169792 1
11235674 131277532 1
12744802 13983281 2
12744802 83169792 1
12744802 131277532 1
13983281 21100961 1
13983281 28845112 2
13983281 31592662 2
13983281 33944912 1
13983281 70742272 2
13983281 71537832 2
13983281 83169792 1
13983281 131277532 1
13983281 144943672 2
13983281 145882022 2
13983281 177395032 1
13983281 183297708 1
21100961 83169792 1
21100961 131277532 1
21100961 183297708 1
28845112 83169792 1
28845112 131277532 1
31592662 83169792 1
31592662 131277532 1
33944912 83169792 1
33944912 131277532 1
70742272 83169792 1
70742272 131277532 1
70742272 183297708 1
71537832 83169792 1
71537832 131277532 1
71537832 183297708 1
83169792 131277532 1
83169792 144943672 1
83169792 145882022 1
83169792 177395032 1
83169792 183297708 1
131277532 144943672 1
131277532 145882022 1
131277532 177395032 1
131277532 183297708 1
177395032 183297708 1
901038 10413121 1
901038 12772222 1
901038 12928503 1
901038 13983281 1
901038 54725002 1
1602608 10413121 1
1602608 12928503 1
1602608 54725002 1
2005777 6551974 1
2005777 6997094 1
2005777 10413121 1
2005777 12772222 1
2005777 12928503 1
2005777 13983281 1
2005777 54725002 1
2005777 54878122 1
2005777 70742272 1
2005777 71537832 1
2604239 6551974 1
2604239 6997094 1
2604239 10413121 1
2604239 12772222 1
2604239 12928503 1
2604239 13983281 1
2604239 54725002 1
2604239 54878122 1
2604239 70742272 1
2604239 71537832 1
3278666 10413121 1
3278666 12928503 1
3278666 54725002 1
6009761 10413121 1
6009761 12772222 1
6009761 12928503 1
6009761 54725002 1
6551974 8494865 1
6551974 10413121 1
6551974 12772222 1
6551974 12928503 1
6551974 13983281 1
6551974 14073744 1
6551974 54725002 1
6551974 70742272 1
6551974 71537832 1
6551974 183438105 1
6997094 8494865 1
6997094 10413121 1
6997094 12772222 1
6997094 12928503 1
6997094 13983281 1
6997094 54725002 1
7885321 10413121 1
7885321 12928503 1
7885321 54725002 1
8494865 10413121 1
8494865 12928503 1
8494865 13983281 1
8494865 54725002 1
8494865 54878122 1
8494865 71537832 1
8759276 10413121 1
8759276 12928503 1
8759276 54725002 1
10413121 11112856 1
10413121 11235674 1
10413121 12744802 1
10413121 12772222 1
10413121 12928503 1
10413121 13983281 1
10413121 14073744 1
10413121 28845112 1
10413121 31592662 1
10413121 54725002 1
10413121 54878122 1
10413121 70742272 1
10413121 71537832 1
10413121 140096272 1
10413121 144943672 1
10413121 145882022 1
10413121 183438105 1
11112856 12772222 1
11112856 12928503 1
11112856 54725002 1
11235674 12928503 1
11235674 54725002 1
12744802 12928503 1
12744802 54725002 1
12772222 12928503 1
12772222 13983281 1
12772222 14073744 1
12772222 54725002 1
12772222 54878122 1
12772222 71537832 1
12772222 140096272 1
12772222 183438105 1
12928503 13983281 1
12928503 14073744 1
12928503 28845112 1
12928503 31592662 1
12928503 54725002 1
12928503 54878122 1
12928503 70742272 1
12928503 71537832 1
12928503 140096272 1
12928503 144943672 1
12928503 145882022 1
12928503 183438105 1
13983281 14073744 1
13983281 54725002 1
13983281 54878122 1
13983281 140096272 1
13983281 183438105 1
14073744 54725002 1
14073744 54878122 1
28845112 54725002 1
31592662 54725002 1
54725002 54878122 1
54725002 70742272 1
54725002 71537832 1
54725002 140096272 1
54725002 144943672 1
54725002 145882022 1
54725002 183438105 1
54878122 70742272 1
54878122 71537832 1
54878122 183438105 1
