12322688 12455654 8191559 6559016 257766 11509805 5799632 3922416 11166516 12440312 11955293 1385630
5799632 12322688 7
5799632 11509805 6
5799632 11955293 1
11509805 11955293 1
11509805 12322688 4
11955293 12322688 1
5799632 6559016 2
5799632 12440312 1
6559016 11509805 2
6559016 12322688 1
6559016 12440312 1
11509805 12440312 1
12322688 12440312 1
5799632 8191559 1
8191559 11509805 1
8191559 12322688 1
5799632 12455654 2
12322688 12455654 2
3922416 5799632 1
3922416 11166516 1
3922416 11509805 1
3922416 12322688 1
3922416 12455654 1
5799632 11166516 1
11166516 11509805 1
11166516 12322688 1
11166516 12455654 1
11509805 12455654 1
1385630 5799632 1
1385630 11509805 1
257766 5799632 1
257766 6559016 1
257766 11509805 1
