14326278 11719178 50280982 13070875 40133662 12165152 5054510 10032689 13893685 10551866 29679172 56292422 3325515 38785612 2224715 12619343 914513 3943001 53974622 15855711 51383392 11117155 52742762 58180212 8497272 38786682 16444031 13183109 34662022 24139402 5874319 11627177 7869101 32523952 11880635 8784064 13780680 3380938 12806882 745699 9066215 9439465 4692719 11811569 1774324 9516791 12216571 56962312 5462795 59014932 44452632 13528349 48180002 6925090 9478948 12607786 8101695 26806592 54934852 6392136 3556171 5694808 3632987 8074077 44650852 1981292 59445102 31621492 1890694 6218632 59717002 54811532 50283922 6009761 16215971 44779942 10633140 3334583 13311935 20590021 13300166 51716042 45315532 2042834 8109024 10708964 12129254 59043832
914513 1890694 2
914513 3556171 2
914513 3632987 2
914513 3943001 1
914513 4692719 1
914513 5054510 1
914513 6392136 1
914513 7869101 1
914513 8074077 2
914513 8101695 1
914513 8497272 1
914513 9439465 1
914513 9478948 1
914513 9516791 1
914513 10633140 1
914513 10708964 1
914513 11627177 1
914513 11811569 2
914513 12607786 2
914513 12619343 1
914513 13183109 1
914513 13300166 1
914513 13311935 1
914513 15855711 1
914513 16444031 1
914513 20590021 1
914513 29679172 2
914513 38785612 2
914513 48180002 2
914513 50283922 1
914513 52742762 2
1890694 3556171 3
1890694 3632987 2
1890694 3943001 2
1890694 4692719 1
1890694 5054510 1
1890694 6392136 1
1890694 7869101 1
1890694 8074077 3
1890694 8101695 1
1890694 8497272 1
1890694 9439465 1
1890694 9478948 1
1890694 9516791 1
1890694 10633140 1
1890694 10708964 1
1890694 11627177 1
1890694 11811569 3
1890694 12607786 3
1890694 12619343 1
1890694 13183109 1
1890694 13300166 1
1890694 13311935 1
1890694 15855711 1
1890694 16444031 1
1890694 20590021 1
1890694 29679172 2
1890694 38785612 2
1890694 48180002 3
1890694 50283922 1
1890694 52742762 3
3556171 3632987 2
3556171 3943001 2
3556171 4692719 1
3556171 5054510 1
3556171 6392136 1
3556171 7869101 1
3556171 8074077 4
3556171 8101695 1
3556171 8497272 1
3556171 9439465 2
3556171 9478948 1
3556171 9516791 1
3556171 10633140 1
3556171 10708964 2
3556171 11627177 1
3556171 11811569 4
3556171 12607786 7
3556171 12619343 1
3556171 13183109 1
3556171 13300166 1
3556171 13311935 1
3556171 15855711 1
3556171 16444031 1
3556171 20590021 1
3556171 29679172 2
3556171 38785612 2
3556171 48180002 3
3556171 50283922 1
3556171 52742762 3
3632987 3943001 1
3632987 4692719 1
3632987 5054510 1
3632987 6392136 1
3632987 7869101 1
3632987 8074077 2
3632987 8101695 1
3632987 8497272 1
3632987 9439465 1
3632987 9478948 1
3632987 9516791 1
3632987 10633140 1
3632987 10708964 1
3632987 11627177 1
3632987 11811569 2
3632987 12607786 2
3632987 12619343 1
3632987 13183109 1
3632987 13300166 1
3632987 13311935 1
3632987 15855711 1
3632987 16444031 1
3632987 20590021 1
3632987 29679172 2
3632987 38785612 2
3632987 48180002 2
3632987 50283922 1
3632987 52742762 2
3943001 4692719 1
3943001 5054510 1
3943001 6392136 1
3943001 7869101 1
3943001 8074077 2
3943001 8101695 1
3943001 8497272 1
3943001 9439465 1
3943001 9478948 1
3943001 9516791 1
3943001 10633140 1
3943001 10708964 1
3943001 11627177 1
3943001 11811569 2
3943001 12607786 2
3943001 12619343 1
3943001 13183109 1
3943001 13300166 1
3943001 13311935 1
3943001 15855711 1
3943001 16444031 1
3943001 20590021 1
3943001 29679172 1
3943001 38785612 1
3943001 48180002 2
3943001 50283922 1
3943001 52742762 2
4692719 5054510 1
4692719 6392136 1
4692719 7869101 1
4692719 8074077 1
4692719 8101695 1
4692719 8497272 1
4692719 9439465 1
4692719 9478948 1
4692719 9516791 1
4692719 10633140 1
4692719 10708964 1
4692719 11627177 1
4692719 11811569 1
4692719 12607786 1
4692719 12619343 1
4692719 13183109 1
4692719 13300166 1
4692719 13311935 1
4692719 15855711 1
4692719 16444031 1
4692719 20590021 1
4692719 29679172 1
4692719 38785612 1
4692719 48180002 1
4692719 50283922 1
4692719 52742762 1
5054510 6392136 1
5054510 7869101 1
5054510 8074077 1
5054510 8101695 1
5054510 8497272 1
5054510 9439465 1
5054510 9478948 1
5054510 9516791 1
5054510 10633140 1
5054510 10708964 1
5054510 11627177 1
5054510 11811569 1
5054510 12607786 1
5054510 12619343 1
5054510 13183109 1
5054510 13300166 1
5054510 13311935 1
5054510 15855711 1
5054510 16444031 1
5054510 20590021 1
5054510 29679172 1
5054510 38785612 1
5054510 48180002 1
5054510 50283922 1
5054510 52742762 1
6392136 7869101 1
6392136 8074077 1
6392136 8101695 1
6392136 8497272 1
6392136 9439465 1
6392136 9478948 1
6392136 9516791 1
6392136 10633140 1
6392136 10708964 1
6392136 11627177 1
6392136 11811569 1
6392136 12607786 1
6392136 12619343 1
6392136 13183109 1
6392136 13300166 1
6392136 13311935 1
6392136 15855711 1
6392136 16444031 1
6392136 20590021 1
6392136 29679172 1
6392136 38785612 1
6392136 48180002 1
6392136 50283922 1
6392136 52742762 1
7869101 8074077 1
7869101 8101695 1
7869101 8497272 1
7869101 9439465 1
7869101 9478948 1
7869101 9516791 1
7869101 10633140 1
7869101 10708964 1
7869101 11627177 1
7869101 11811569 1
7869101 12607786 1
7869101 12619343 1
7869101 13183109 1
7869101 13300166 1
7869101 13311935 1
7869101 15855711 1
7869101 16444031 1
7869101 20590021 1
7869101 29679172 1
7869101 38785612 1
7869101 48180002 1
7869101 50283922 1
7869101 52742762 1
8074077 8101695 1
8074077 8497272 1
8074077 9439465 2
8074077 9478948 1
8074077 9516791 1
8074077 10633140 1
8074077 10708964 2
8074077 11627177 1
8074077 11811569 4
8074077 12607786 5
8074077 12619343 1
8074077 13183109 1
8074077 13300166 1
8074077 13311935 1
8074077 15855711 1
8074077 16444031 1
8074077 20590021 1
8074077 29679172 2
8074077 38785612 2
8074077 48180002 3
8074077 50283922 1
8074077 52742762 3
8101695 8497272 1
8101695 9439465 1
8101695 9478948 1
8101695 9516791 1
8101695 10633140 1
8101695 10708964 1
8101695 11627177 1
8101695 11811569 1
8101695 12607786 1
8101695 12619343 1
8101695 13183109 1
8101695 13300166 1
8101695 13311935 1
8101695 15855711 1
8101695 16444031 1
8101695 20590021 1
8101695 29679172 1
8101695 38785612 1
8101695 48180002 1
8101695 50283922 1
8101695 52742762 1
8497272 9439465 1
8497272 9478948 1
8497272 9516791 1
8497272 10633140 1
8497272 10708964 1
8497272 11627177 1
8497272 11811569 1
8497272 12607786 1
8497272 12619343 1
8497272 13183109 1
8497272 13300166 1
8497272 13311935 1
8497272 15855711 1
8497272 16444031 1
8497272 20590021 1
8497272 29679172 1
8497272 38785612 1
8497272 48180002 1
8497272 50283922 1
8497272 52742762 1
9439465 9478948 1
9439465 9516791 1
9439465 10633140 1
9439465 10708964 1
9439465 11627177 1
9439465 11811569 1
9439465 12607786 2
9439465 12619343 1
9439465 13183109 1
9439465 13300166 1
9439465 13311935 1
9439465 15855711 1
9439465 16444031 1
9439465 20590021 1
9439465 29679172 1
9439465 38785612 1
9439465 48180002 1
9439465 50283922 1
9439465 52742762 1
9478948 9516791 1
9478948 10633140 1
9478948 10708964 1
9478948 11627177 1
9478948 11811569 1
9478948 12607786 1
9478948 12619343 1
9478948 13183109 1
9478948 13300166 1
9478948 13311935 1
9478948 15855711 1
9478948 16444031 1
9478948 20590021 1
9478948 29679172 1
9478948 38785612 1
9478948 48180002 1
9478948 50283922 1
9478948 52742762 1
9516791 10633140 1
9516791 10708964 1
9516791 11627177 1
9516791 11811569 1
9516791 12607786 1
9516791 12619343 1
9516791 13183109 1
9516791 13300166 1
9516791 13311935 1
9516791 15855711 1
9516791 16444031 1
9516791 20590021 1
9516791 29679172 1
9516791 38785612 1
9516791 48180002 1
9516791 50283922 1
9516791 52742762 1
10633140 10708964 1
10633140 11627177 1
10633140 11811569 1
10633140 12607786 1
10633140 12619343 1
10633140 13183109 1
10633140 13300166 1
10633140 13311935 1
10633140 15855711 1
10633140 16444031 1
10633140 20590021 1
10633140 29679172 1
10633140 38785612 1
10633140 48180002 1
10633140 50283922 1
10633140 52742762 1
10708964 11627177 1
10708964 11811569 2
10708964 12607786 3
10708964 12619343 1
10708964 13183109 1
10708964 13300166 1
10708964 13311935 1
10708964 15855711 1
10708964 16444031 1
10708964 20590021 1
10708964 29679172 1
10708964 38785612 1
10708964 48180002 1
10708964 50283922 1
10708964 52742762 1
11627177 11811569 1
11627177 12607786 1
11627177 12619343 1
11627177 13183109 1
11627177 13300166 1
11627177 13311935 1
11627177 15855711 1
11627177 16444031 1
11627177 20590021 1
11627177 29679172 1
11627177 38785612 1
11627177 48180002 1
11627177 50283922 1
11627177 52742762 1
11811569 12607786 6
11811569 12619343 1
11811569 13183109 1
11811569 13300166 1
11811569 13311935 1
11811569 15855711 1
11811569 16444031 1
11811569 20590021 1
11811569 29679172 2
11811569 38785612 2
11811569 48180002 3
11811569 50283922 1
11811569 52742762 3
12607786 12619343 1
12607786 13183109 1
12607786 13300166 1
12607786 13311935 1
12607786 15855711 1
12607786 16444031 1
12607786 20590021 1
12607786 29679172 2
12607786 38785612 2
12607786 48180002 3
12607786 50283922 1
12607786 52742762 3
12619343 13183109 1
12619343 13300166 1
12619343 13311935 1
12619343 15855711 1
12619343 16444031 1
12619343 20590021 1
12619343 29679172 1
12619343 38785612 1
12619343 48180002 1
12619343 50283922 1
12619343 52742762 1
13183109 13300166 1
13183109 13311935 1
13183109 15855711 1
13183109 16444031 1
13183109 20590021 1
13183109 29679172 1
13183109 38785612 1
13183109 48180002 1
13183109 50283922 1
13183109 52742762 1
13300166 13311935 1
13300166 15855711 1
13300166 16444031 1
13300166 20590021 1
13300166 29679172 1
13300166 38785612 1
13300166 48180002 1
13300166 50283922 1
13300166 52742762 1
13311935 15855711 1
13311935 16444031 1
13311935 20590021 1
13311935 29679172 1
13311935 38785612 1
13311935 48180002 1
13311935 50283922 1
13311935 52742762 1
15855711 16444031 1
15855711 20590021 1
15855711 29679172 1
15855711 38785612 1
15855711 48180002 1
15855711 50283922 1
15855711 52742762 1
16444031 20590021 1
16444031 29679172 1
16444031 38785612 1
16444031 48180002 1
16444031 50283922 1
16444031 52742762 1
20590021 29679172 1
20590021 38785612 1
20590021 48180002 1
20590021 50283922 1
20590021 52742762 1
29679172 38785612 2
29679172 48180002 2
29679172 50283922 1
29679172 52742762 2
38785612 48180002 2
38785612 50283922 1
38785612 52742762 2
48180002 50283922 1
48180002 52742762 3
50283922 52742762 1
745699 1774324 1
745699 1890694 1
745699 3325515 1
745699 3334583 1
745699 3556171 2
745699 3943001 1
745699 5874319 1
745699 8074077 2
745699 8109024 1
745699 8784064 1
745699 9066215 1
745699 11811569 1
745699 11880635 1
745699 12607786 2
745699 13070875 1
745699 13893685 1
745699 14326278 1
745699 24139402 1
745699 31621492 1
745699 32523952 1
745699 48180002 1
745699 51383392 1
745699 51716042 2
745699 52742762 1
745699 53974622 1
745699 54934852 2
745699 56292422 1
1774324 1890694 2
1774324 3325515 1
1774324 3334583 1
1774324 3556171 2
1774324 3943001 1
1774324 5874319 1
1774324 8074077 2
1774324 8109024 1
1774324 8784064 1
1774324 9066215 1
1774324 11811569 2
1774324 11880635 1
1774324 12607786 2
1774324 13070875 1
1774324 13893685 2
1774324 14326278 1
1774324 24139402 1
1774324 31621492 2
1774324 32523952 1
1774324 48180002 2
1774324 51383392 1
1774324 51716042 1
1774324 52742762 2
1774324 53974622 1
1774324 54934852 1
1774324 56292422 1
1890694 3325515 1
1890694 3334583 1
1890694 5874319 1
1890694 8109024 1
1890694 8784064 1
1890694 9066215 1
1890694 11880635 1
1890694 13070875 1
1890694 13893685 2
1890694 14326278 1
1890694 24139402 1
1890694 31621492 2
1890694 32523952 1
1890694 51383392 1
1890694 51716042 1
1890694 53974622 1
1890694 54934852 1
1890694 56292422 1
3325515 3334583 1
3325515 3556171 1
3325515 3943001 1
3325515 5874319 1
3325515 8074077 1
3325515 8109024 1
3325515 8784064 1
3325515 9066215 1
3325515 11811569 1
3325515 11880635 1
3325515 12607786 1
3325515 13070875 1
3325515 13893685 1
3325515 14326278 1
3325515 24139402 1
3325515 31621492 1
3325515 32523952 1
3325515 48180002 1
3325515 51383392 1
3325515 51716042 1
3325515 52742762 1
3325515 53974622 1
3325515 54934852 1
3325515 56292422 1
3334583 3556171 1
3334583 3943001 1
3334583 5874319 1
3334583 8074077 1
3334583 8109024 1
3334583 8784064 1
3334583 9066215 1
3334583 11811569 1
3334583 11880635 1
3334583 12607786 1
3334583 13070875 1
3334583 13893685 1
3334583 14326278 1
3334583 24139402 1
3334583 31621492 1
3334583 32523952 1
3334583 48180002 1
3334583 51383392 1
3334583 51716042 1
3334583 52742762 1
3334583 53974622 1
3334583 54934852 1
3334583 56292422 1
3556171 5874319 1
3556171 8109024 1
3556171 8784064 1
3556171 9066215 1
3556171 11880635 1
3556171 13070875 1
3556171 13893685 2
3556171 14326278 1
3556171 24139402 1
3556171 31621492 2
3556171 32523952 1
3556171 51383392 1
3556171 51716042 2
3556171 53974622 1
3556171 54934852 2
3556171 56292422 1
3943001 5874319 1
3943001 8109024 1
3943001 8784064 1
3943001 9066215 1
3943001 11880635 1
3943001 13070875 1
3943001 13893685 1
3943001 14326278 1
3943001 24139402 1
3943001 31621492 1
3943001 32523952 1
3943001 51383392 1
3943001 51716042 1
3943001 53974622 1
3943001 54934852 1
3943001 56292422 1
5874319 8074077 1
5874319 8109024 1
5874319 8784064 1
5874319 9066215 1
5874319 11811569 1
5874319 11880635 1
5874319 12607786 1
5874319 13070875 1
5874319 13893685 1
5874319 14326278 1
5874319 24139402 1
5874319 31621492 1
5874319 32523952 1
5874319 48180002 1
5874319 51383392 1
5874319 51716042 1
5874319 52742762 1
5874319 53974622 1
5874319 54934852 1
5874319 56292422 1
8074077 8109024 1
8074077 8784064 1
8074077 9066215 1
8074077 11880635 1
8074077 13070875 1
8074077 13893685 2
8074077 14326278 1
8074077 24139402 1
8074077 31621492 2
8074077 32523952 1
8074077 51383392 1
8074077 51716042 2
8074077 53974622 1
8074077 54934852 2
8074077 56292422 1
8109024 8784064 1
8109024 9066215 1
8109024 11811569 1
8109024 11880635 1
8109024 12607786 1
8109024 13070875 1
8109024 13893685 1
8109024 14326278 1
8109024 24139402 1
8109024 31621492 1
8109024 32523952 1
8109024 48180002 1
8109024 51383392 1
8109024 51716042 1
8109024 52742762 1
8109024 53974622 1
8109024 54934852 1
8109024 56292422 1
8784064 9066215 1
8784064 11811569 1
8784064 11880635 1
8784064 12607786 1
8784064 13070875 1
8784064 13893685 1
8784064 14326278 1
8784064 24139402 1
8784064 31621492 1
8784064 32523952 1
8784064 48180002 1
8784064 51383392 1
8784064 51716042 1
8784064 52742762 1
8784064 53974622 1
8784064 54934852 1
8784064 56292422 1
9066215 11811569 1
9066215 11880635 1
9066215 12607786 1
9066215 13070875 1
9066215 13893685 1
9066215 14326278 1
9066215 24139402 1
9066215 31621492 1
9066215 32523952 1
9066215 48180002 1
9066215 51383392 1
9066215 51716042 1
9066215 52742762 1
9066215 53974622 1
9066215 54934852 1
9066215 56292422 1
11811569 11880635 1
11811569 13070875 1
11811569 13893685 2
11811569 14326278 1
11811569 24139402 1
11811569 31621492 2
11811569 32523952 1
11811569 51383392 1
11811569 51716042 1
11811569 53974622 1
11811569 54934852 1
11811569 56292422 1
11880635 12607786 1
11880635 13070875 1
11880635 13893685 1
11880635 14326278 1
11880635 24139402 1
11880635 31621492 1
11880635 32523952 1
11880635 48180002 1
11880635 51383392 1
11880635 51716042 1
11880635 52742762 1
11880635 53974622 1
11880635 54934852 1
11880635 56292422 1
12607786 13070875 1
12607786 13893685 2
12607786 14326278 1
12607786 24139402 1
12607786 31621492 2
12607786 32523952 1
12607786 51383392 1
12607786 51716042 2
12607786 53974622 1
12607786 54934852 2
12607786 56292422 1
13070875 13893685 1
13070875 14326278 1
13070875 24139402 1
13070875 31621492 1
13070875 32523952 1
13070875 48180002 1
13070875 51383392 1
13070875 51716042 1
13070875 52742762 1
13070875 53974622 1
13070875 54934852 1
13070875 56292422 1
13893685 14326278 1
13893685 24139402 1
13893685 31621492 2
13893685 32523952 1
13893685 48180002 2
13893685 51383392 1
13893685 51716042 1
13893685 52742762 2
13893685 53974622 1
13893685 54934852 1
13893685 56292422 1
14326278 24139402 1
14326278 31621492 1
14326278 32523952 1
14326278 48180002 1
14326278 51383392 1
14326278 51716042 1
14326278 52742762 1
14326278 53974622 1
14326278 54934852 1
14326278 56292422 1
24139402 31621492 1
24139402 32523952 1
24139402 48180002 1
24139402 51383392 1
24139402 51716042 1
24139402 52742762 1
24139402 53974622 1
24139402 54934852 1
24139402 56292422 1
31621492 32523952 1
31621492 48180002 2
31621492 51383392 1
31621492 51716042 1
31621492 52742762 2
31621492 53974622 1
31621492 54934852 1
31621492 56292422 1
32523952 48180002 1
32523952 51383392 1
32523952 51716042 1
32523952 52742762 1
32523952 53974622 1
32523952 54934852 1
32523952 56292422 1
48180002 51383392 1
48180002 51716042 1
48180002 53974622 1
48180002 54934852 1
48180002 56292422 1
51383392 51716042 1
51383392 52742762 1
51383392 53974622 1
51383392 54934852 1
51383392 56292422 1
51716042 52742762 1
51716042 53974622 1
51716042 54934852 2
51716042 56292422 1
52742762 53974622 1
52742762 54934852 1
52742762 56292422 1
53974622 54934852 1
53974622 56292422 1
54934852 56292422 1
914513 1774324 1
914513 1981292 1
914513 6009761 1
914513 6925090 1
914513 10551866 1
914513 12129254 1
914513 13780680 1
914513 13893685 1
914513 31621492 1
914513 45315532 1
914513 56962312 1
1774324 1981292 1
1774324 3632987 1
1774324 6009761 1
1774324 6925090 1
1774324 10551866 1
1774324 12129254 1
1774324 13780680 1
1774324 29679172 1
1774324 38785612 1
1774324 45315532 1
1774324 56962312 1
1890694 1981292 1
1890694 6009761 1
1890694 6925090 1
1890694 10551866 1
1890694 12129254 1
1890694 13780680 1
1890694 45315532 1
1890694 56962312 1
1981292 3556171 1
1981292 3632987 1
1981292 6009761 1
1981292 6925090 1
1981292 8074077 1
1981292 10551866 1
1981292 11811569 1
1981292 12129254 1
1981292 12607786 1
1981292 13780680 1
1981292 13893685 1
1981292 29679172 1
1981292 31621492 1
1981292 38785612 1
1981292 45315532 1
1981292 48180002 1
1981292 52742762 1
1981292 56962312 1
3556171 6009761 2
3556171 6925090 1
3556171 10551866 1
3556171 12129254 1
3556171 13780680 1
3556171 45315532 1
3556171 56962312 1
3632987 6009761 1
3632987 6925090 1
3632987 10551866 1
3632987 12129254 1
3632987 13780680 1
3632987 13893685 1
3632987 31621492 1
3632987 45315532 1
3632987 56962312 1
6009761 6925090 1
6009761 8074077 1
6009761 10551866 1
6009761 11811569 1
6009761 12129254 1
6009761 12607786 2
6009761 13780680 1
6009761 13893685 1
6009761 29679172 1
6009761 31621492 1
6009761 38785612 1
6009761 45315532 1
6009761 48180002 1
6009761 52742762 1
6009761 56962312 1
6925090 8074077 1
6925090 10551866 1
6925090 11811569 1
6925090 12129254 1
6925090 12607786 1
6925090 13780680 1
6925090 13893685 1
6925090 29679172 1
6925090 31621492 1
6925090 38785612 1
6925090 45315532 1
6925090 48180002 1
6925090 52742762 1
6925090 56962312 1
8074077 10551866 1
8074077 12129254 1
8074077 13780680 1
8074077 45315532 2
8074077 56962312 1
10551866 11811569 1
10551866 12129254 1
10551866 12607786 1
10551866 13780680 1
10551866 13893685 1
10551866 29679172 1
10551866 31621492 1
10551866 38785612 1
10551866 45315532 1
10551866 48180002 1
10551866 52742762 1
10551866 56962312 1
11811569 12129254 1
11811569 13780680 1
11811569 45315532 2
11811569 56962312 1
12129254 12607786 1
12129254 13780680 1
12129254 13893685 1
12129254 29679172 1
12129254 31621492 1
12129254 38785612 1
12129254 45315532 1
12129254 48180002 1
12129254 52742762 1
12129254 56962312 1
12607786 13780680 1
12607786 45315532 3
12607786 56962312 1
13780680 13893685 1
13780680 29679172 1
13780680 31621492 1
13780680 38785612 1
13780680 45315532 1
13780680 48180002 1
13780680 52742762 1
13780680 56962312 1
13893685 29679172 1
13893685 38785612 1
13893685 45315532 1
13893685 56962312 1
29679172 31621492 1
29679172 45315532 1
29679172 56962312 1
31621492 38785612 1
31621492 45315532 1
31621492 56962312 1
38785612 45315532 1
38785612 56962312 1
45315532 48180002 1
45315532 52742762 1
45315532 56962312 1
48180002 56962312 1
52742762 56962312 1
745699 2042834 1
745699 2224715 1
745699 3380938 1
745699 9439465 1
745699 11117155 1
745699 12165152 1
745699 12806882 1
745699 16215971 1
745699 26806592 1
745699 34662022 1
745699 38786682 1
745699 40133662 1
745699 44650852 1
745699 54811532 1
2042834 2224715 1
2042834 3380938 1
2042834 3556171 2
2042834 8074077 1
2042834 9439465 1
2042834 11117155 1
2042834 12165152 1
2042834 12607786 2
2042834 12806882 1
2042834 16215971 1
2042834 26806592 1
2042834 34662022 1
2042834 38786682 1
2042834 40133662 1
2042834 44650852 1
2042834 51716042 1
2042834 54811532 1
2042834 54934852 1
2224715 3380938 1
2224715 3556171 1
2224715 8074077 1
2224715 9439465 1
2224715 11117155 1
2224715 12165152 1
2224715 12607786 1
2224715 12806882 1
2224715 16215971 1
2224715 26806592 1
2224715 34662022 1
2224715 38786682 1
2224715 40133662 1
2224715 44650852 1
2224715 51716042 1
2224715 54811532 1
2224715 54934852 1
3380938 3556171 1
3380938 8074077 1
3380938 9439465 1
3380938 11117155 1
3380938 12165152 1
3380938 12607786 1
3380938 12806882 1
3380938 16215971 1
3380938 26806592 1
3380938 34662022 1
3380938 38786682 1
3380938 40133662 1
3380938 44650852 1
3380938 51716042 1
3380938 54811532 1
3380938 54934852 1
3556171 11117155 1
3556171 12165152 1
3556171 12806882 1
3556171 16215971 3
3556171 26806592 1
3556171 34662022 2
3556171 38786682 1
3556171 40133662 1
3556171 44650852 1
3556171 54811532 1
8074077 11117155 1
8074077 12165152 1
8074077 12806882 1
8074077 16215971 2
8074077 26806592 1
8074077 34662022 1
8074077 38786682 1
8074077 40133662 1
8074077 44650852 1
8074077 54811532 1
9439465 11117155 1
9439465 12165152 1
9439465 12806882 1
9439465 16215971 1
9439465 26806592 1
9439465 34662022 1
9439465 38786682 1
9439465 40133662 1
9439465 44650852 1
9439465 51716042 1
9439465 54811532 1
9439465 54934852 1
11117155 12165152 1
11117155 12607786 1
11117155 12806882 1
11117155 16215971 1
11117155 26806592 1
11117155 34662022 1
11117155 38786682 1
11117155 40133662 1
11117155 44650852 1
11117155 51716042 1
11117155 54811532 1
11117155 54934852 1
12165152 12607786 1
12165152 12806882 1
12165152 16215971 1
12165152 26806592 1
12165152 34662022 1
12165152 38786682 1
12165152 40133662 1
12165152 44650852 1
12165152 51716042 1
12165152 54811532 1
12165152 54934852 1
12607786 12806882 1
12607786 16215971 6
12607786 26806592 1
12607786 34662022 3
12607786 38786682 1
12607786 40133662 1
12607786 44650852 1
12607786 54811532 2
12806882 16215971 1
12806882 26806592 1
12806882 34662022 1
12806882 38786682 1
12806882 40133662 1
12806882 44650852 1
12806882 51716042 1
12806882 54811532 1
12806882 54934852 1
16215971 26806592 1
16215971 34662022 3
16215971 38786682 1
16215971 40133662 1
16215971 44650852 1
16215971 51716042 1
16215971 54811532 2
16215971 54934852 1
26806592 34662022 1
26806592 38786682 1
26806592 40133662 1
26806592 44650852 1
26806592 51716042 1
26806592 54811532 1
26806592 54934852 1
34662022 38786682 1
34662022 40133662 1
34662022 44650852 1
34662022 51716042 1
34662022 54811532 2
34662022 54934852 1
38786682 40133662 1
38786682 44650852 1
38786682 51716042 1
38786682 54811532 1
38786682 54934852 1
40133662 44650852 1
40133662 51716042 1
40133662 54811532 1
40133662 54934852 1
44650852 51716042 1
44650852 54811532 1
44650852 54934852 1
51716042 54811532 1
54811532 54934852 1
2042834 5694808 1
2042834 10032689 1
2042834 44779942 1
3556171 5694808 1
3556171 10032689 1
3556171 44779942 1
5694808 10032689 1
5694808 12607786 1
5694808 44779942 1
10032689 12607786 1
10032689 44779942 1
12607786 44779942 1
5462795 6218632 1
5462795 11811569 1
5462795 12607786 1
5462795 16215971 1
5462795 34662022 1
5462795 44452632 1
5462795 50280982 1
5462795 54811532 1
5462795 59014932 1
5462795 59445102 1
6218632 11811569 1
6218632 12607786 1
6218632 16215971 1
6218632 34662022 1
6218632 44452632 1
6218632 50280982 1
6218632 54811532 1
6218632 59014932 1
6218632 59445102 1
11811569 16215971 3
11811569 34662022 2
11811569 44452632 1
11811569 50280982 2
11811569 54811532 1
11811569 59014932 1
11811569 59445102 1
12607786 44452632 2
12607786 50280982 2
12607786 59014932 2
12607786 59445102 1
16215971 44452632 2
16215971 50280982 2
16215971 59014932 2
16215971 59445102 1
34662022 44452632 1
34662022 50280982 1
34662022 59014932 1
34662022 59445102 1
44452632 50280982 1
44452632 54811532 1
44452632 59014932 1
44452632 59445102 1
50280982 54811532 1
50280982 59014932 1
50280982 59445102 1
54811532 59014932 1
54811532 59445102 1
59014932 59445102 1
11719178 12607786 1
11719178 16215971 1
11719178 45315532 1
11719178 59014932 1
11719178 59043832 1
12607786 59043832 2
16215971 45315532 2
16215971 59043832 2
45315532 59014932 1
45315532 59043832 1
59014932 59043832 1
3556171 13528349 1
3556171 59043832 1
3556171 59717002 1
11811569 13528349 1
11811569 59043832 1
11811569 59717002 1
12607786 13528349 1
12607786 59717002 1
13528349 16215971 1
13528349 34662022 1
13528349 59043832 1
13528349 59717002 1
16215971 59717002 1
34662022 59043832 1
34662022 59717002 1
59043832 59717002 1
3556171 44452632 1
6009761 10708964 1
6009761 16215971 1
6009761 44452632 1
10708964 16215971 2
10708964 44452632 1
8074077 12216571 1
8074077 50280982 1
8074077 58180212 1
10708964 12216571 1
10708964 45315532 1
10708964 50280982 1
10708964 58180212 1
11811569 12216571 1
11811569 58180212 1
12216571 12607786 1
12216571 16215971 1
12216571 45315532 1
12216571 50280982 1
12216571 58180212 1
12607786 58180212 1
16215971 58180212 1
45315532 50280982 1
45315532 58180212 1
50280982 58180212 1
