2877828 655109 1890694 926099 3296660 1503131 3245979 593189 1845799 2903977 3514031 1862324 1834805 3221558 494903 3504820 3261121 3110850 3411907 3495619 2680514 2896070 2308546 3325515 921808 2245850 3416668 3318364 2279906 3649134 3489652 3189877 3261817 2972154 3416443 3154814
921808 1503131 1
921808 1862324 1
921808 2279906 1
921808 2896070 1
921808 2972154 1
921808 3221558 1
921808 3296660 1
921808 3411907 1
921808 3495619 1
921808 3514031 1
1503131 1862324 1
1503131 2279906 2
1503131 2896070 2
1503131 2972154 3
1503131 3221558 1
1503131 3296660 1
1503131 3411907 2
1503131 3495619 3
1503131 3514031 2
1862324 2279906 2
1862324 2896070 1
1862324 2972154 2
1862324 3221558 1
1862324 3296660 2
1862324 3411907 1
1862324 3495619 3
1862324 3514031 2
2279906 2896070 2
2279906 2972154 4
2279906 3221558 1
2279906 3296660 4
2279906 3411907 1
2279906 3495619 4
2279906 3514031 4
2896070 2972154 2
2896070 3221558 1
2896070 3296660 1
2896070 3411907 1
2896070 3495619 2
2896070 3514031 2
2972154 3221558 1
2972154 3296660 3
2972154 3411907 2
2972154 3495619 4
2972154 3514031 4
3221558 3296660 1
3221558 3411907 1
3221558 3495619 1
3221558 3514031 2
3296660 3411907 1
3296660 3495619 3
3296660 3514031 3
3411907 3495619 2
3411907 3514031 1
3495619 3514031 3
494903 1862324 1
494903 2279906 1
494903 2972154 1
494903 3296660 1
494903 3495619 1
494903 3514031 1
655109 1834805 2
655109 2279906 2
655109 3110850 1
655109 3296660 1
655109 3495619 3
1834805 2279906 3
1834805 3110850 1
1834805 3296660 2
1834805 3495619 3
2279906 3110850 1
3110850 3296660 1
3110850 3495619 1
655109 1862324 1
655109 2680514 1
655109 3154814 2
655109 3261817 1
1862324 2680514 1
1862324 3154814 1
1862324 3261817 1
2680514 3154814 1
2680514 3261817 1
2680514 3495619 1
3154814 3261817 1
3154814 3495619 2
3261817 3495619 1
655109 1503131 1
655109 1890694 3
655109 2877828 2
655109 2896070 1
655109 2972154 1
655109 3189877 1
655109 3245979 1
655109 3261121 1
655109 3416443 1
655109 3416668 1
655109 3489652 1
655109 3514031 4
1503131 1834805 2
1503131 1890694 2
1503131 2877828 2
1503131 3154814 1
1503131 3189877 2
1503131 3245979 1
1503131 3261121 1
1503131 3416443 2
1503131 3416668 1
1503131 3489652 2
1834805 1890694 2
1834805 2877828 3
1834805 2896070 1
1834805 2972154 3
1834805 3154814 1
1834805 3189877 2
1834805 3245979 2
1834805 3261121 1
1834805 3416443 2
1834805 3416668 1
1834805 3489652 2
1834805 3514031 2
1890694 2279906 1
1890694 2877828 3
1890694 2896070 1
1890694 2972154 2
1890694 3154814 1
1890694 3189877 2
1890694 3245979 1
1890694 3261121 1
1890694 3416443 2
1890694 3416668 1
1890694 3489652 2
1890694 3495619 2
1890694 3514031 3
2279906 2877828 2
2279906 3154814 1
2279906 3189877 1
2279906 3245979 2
2279906 3261121 1
2279906 3416443 1
2279906 3416668 1
2279906 3489652 1
2877828 2896070 1
2877828 2972154 3
2877828 3154814 1
2877828 3189877 2
2877828 3245979 2
2877828 3261121 1
2877828 3416443 2
2877828 3416668 1
2877828 3489652 2
2877828 3495619 2
2877828 3514031 3
2896070 3154814 1
2896070 3189877 1
2896070 3245979 1
2896070 3261121 1
2896070 3416443 1
2896070 3416668 1
2896070 3489652 1
2972154 3154814 1
2972154 3189877 2
2972154 3245979 2
2972154 3261121 1
2972154 3416443 2
2972154 3416668 1
2972154 3489652 2
3154814 3189877 1
3154814 3245979 1
3154814 3261121 1
3154814 3416443 1
3154814 3416668 1
3154814 3489652 1
3154814 3514031 1
3189877 3245979 1
3189877 3261121 1
3189877 3416443 2
3189877 3416668 1
3189877 3489652 2
3189877 3495619 2
3189877 3514031 1
3245979 3261121 1
3245979 3416443 1
3245979 3416668 1
3245979 3489652 1
3245979 3495619 1
3245979 3514031 2
3261121 3416443 1
3261121 3416668 1
3261121 3489652 1
3261121 3495619 1
3261121 3514031 1
3416443 3416668 1
3416443 3489652 2
3416443 3495619 2
3416443 3514031 1
3416668 3489652 1
3416668 3495619 1
3416668 3514031 1
3489652 3495619 2
3489652 3514031 1
1503131 2245850 1
1834805 2245850 1
1834805 3411907 1
1890694 2245850 3
1890694 3411907 1
2245850 2877828 2
2245850 2972154 1
2245850 3189877 1
2245850 3411907 1
2245850 3416443 1
2245850 3489652 1
2245850 3495619 1
2877828 3411907 1
3189877 3411907 1
3411907 3416443 1
3411907 3489652 1
2877828 3296660 1
3245979 3296660 1
655109 2245850 2
655109 2903977 1
655109 3318364 2
655109 3504820 1
1890694 2903977 1
1890694 3318364 2
1890694 3504820 1
2245850 2903977 1
2245850 3318364 2
2245850 3504820 1
2245850 3514031 2
2903977 3318364 1
2903977 3504820 1
2903977 3514031 1
3318364 3504820 1
3318364 3514031 2
3504820 3514031 1
593189 655109 1
593189 926099 1
593189 1845799 1
593189 1890694 1
593189 2245850 1
593189 2308546 1
593189 2877828 1
593189 3221558 1
593189 3318364 1
593189 3514031 1
593189 3649134 1
655109 926099 1
655109 1845799 1
655109 2308546 1
655109 3221558 1
655109 3649134 1
926099 1845799 1
926099 1890694 1
926099 2245850 1
926099 2308546 1
926099 2877828 1
926099 3221558 1
926099 3318364 1
926099 3514031 1
926099 3649134 1
1845799 1890694 1
1845799 2245850 1
1845799 2308546 1
1845799 2877828 1
1845799 3221558 1
1845799 3318364 1
1845799 3514031 1
1845799 3649134 1
1890694 2308546 1
1890694 3221558 1
1890694 3649134 1
2245850 2308546 1
2245850 3221558 1
2245850 3649134 1
2308546 2877828 1
2308546 3221558 1
2308546 3318364 1
2308546 3514031 1
2308546 3649134 1
2877828 3221558 1
2877828 3318364 1
2877828 3649134 1
3221558 3318364 1
3221558 3649134 1
3318364 3649134 1
3514031 3649134 1
655109 3325515 1
3325515 3514031 1
