23242241 56754562 88816902 3705992 115722762 6942346 62945932 126699402 4415244 67352212 85739672 121227162 122645792 3775776 3281441 16215971 13681317 116015272 120427822 14570033 52122162 83548732 117906492 84148422 11262921 32384462 29375312 8074077 120556382 28268652 29651052 2607982 82990062 134399732 20621301 134522612 125801982
2607982 13681317 1
2607982 56754562 1
2607982 83548732 2
2607982 116015272 1
2607982 121227162 1
13681317 56754562 1
13681317 83548732 1
13681317 116015272 1
13681317 121227162 1
56754562 83548732 1
56754562 116015272 1
56754562 121227162 1
83548732 116015272 2
83548732 121227162 4
116015272 121227162 1
28268652 83548732 1
28268652 115722762 1
28268652 116015272 1
83548732 115722762 1
115722762 116015272 1
3705992 6942346 1
3705992 16215971 1
3705992 62945932 1
3705992 67352212 1
3705992 83548732 2
3705992 125801982 1
3705992 126699402 1
6942346 16215971 1
6942346 62945932 1
6942346 67352212 1
6942346 83548732 1
6942346 125801982 1
6942346 126699402 1
16215971 62945932 1
16215971 67352212 1
16215971 83548732 2
16215971 125801982 1
16215971 126699402 1
62945932 67352212 1
62945932 83548732 2
62945932 125801982 1
62945932 126699402 1
67352212 83548732 1
67352212 125801982 1
67352212 126699402 1
83548732 125801982 1
83548732 126699402 1
125801982 126699402 1
3705992 32384462 1
3705992 88816902 1
3705992 120556382 1
3705992 121227162 1
32384462 83548732 2
32384462 88816902 2
32384462 120556382 1
32384462 121227162 2
83548732 88816902 4
83548732 120556382 1
88816902 120556382 1
88816902 121227162 2
120556382 121227162 1
8074077 11262921 1
8074077 23242241 1
8074077 52122162 1
8074077 83548732 1
8074077 121227162 1
11262921 23242241 1
11262921 52122162 1
11262921 83548732 1
11262921 121227162 1
23242241 52122162 1
23242241 83548732 1
23242241 121227162 1
52122162 83548732 1
52122162 121227162 1
2607982 14570033 1
14570033 83548732 1
29375312 83548732 1
29375312 88816902 1
29375312 122645792 1
83548732 122645792 1
88816902 122645792 1
3775776 83548732 1
3775776 88816902 1
3775776 120427822 1
3775776 134399732 1
83548732 120427822 1
83548732 134399732 1
88816902 120427822 1
88816902 134399732 1
120427822 134399732 1
3281441 16215971 1
3281441 20621301 1
3281441 29651052 1
3281441 32384462 1
3281441 82990062 1
3281441 83548732 1
3281441 84148422 1
3281441 85739672 1
3281441 88816902 1
3281441 117906492 1
3281441 121227162 1
3281441 134522612 1
16215971 20621301 1
16215971 29651052 1
16215971 32384462 1
16215971 82990062 1
16215971 84148422 1
16215971 85739672 1
16215971 88816902 1
16215971 117906492 1
16215971 121227162 1
16215971 134522612 1
20621301 29651052 1
20621301 32384462 1
20621301 82990062 1
20621301 83548732 1
20621301 84148422 1
20621301 85739672 1
20621301 88816902 1
20621301 117906492 1
20621301 121227162 1
20621301 134522612 1
29651052 32384462 1
29651052 82990062 1
29651052 83548732 1
29651052 84148422 1
29651052 85739672 1
29651052 88816902 1
29651052 117906492 1
29651052 121227162 1
29651052 134522612 1
32384462 82990062 1
32384462 84148422 1
32384462 85739672 1
32384462 117906492 1
32384462 134522612 1
82990062 83548732 1
82990062 84148422 1
82990062 85739672 1
82990062 88816902 1
82990062 117906492 1
82990062 121227162 1
82990062 134522612 1
83548732 84148422 1
83548732 85739672 2
83548732 117906492 2
83548732 134522612 1
84148422 85739672 1
84148422 88816902 1
84148422 117906492 1
84148422 121227162 1
84148422 134522612 1
85739672 88816902 1
85739672 117906492 2
85739672 121227162 1
85739672 134522612 1
88816902 117906492 1
88816902 134522612 1
117906492 121227162 1
117906492 134522612 1
121227162 134522612 1
4415244 62945932 1
4415244 83548732 1
4415244 85739672 1
4415244 117906492 1
62945932 85739672 1
62945932 117906492 1
