65736292 11380037 12045116 135565032 46539402 32945422 183821200 2224020 12962454 77092572 133074302
12962454 135565032 1
12045116 12962454 1
12045116 46539402 1
12045116 77092572 1
12962454 46539402 3
12962454 77092572 1
46539402 77092572 1
2224020 12962454 5
2224020 133074302 4
12962454 133074302 4
2224020 65736292 1
12962454 65736292 1
65736292 133074302 1
2224020 11380037 1
2224020 46539402 1
2224020 183821200 1
11380037 12962454 1
11380037 46539402 1
11380037 183821200 1
12962454 183821200 1
46539402 183821200 1
12962454 32945422 1
32945422 46539402 1
