133703682 146809862 182894610 161776152 163391002 151116322 116220452 69044782 118147652 159874632 139657802 126577742 127969872 116507222 145488472 5671516 133261922 71356522 148888172 132437102 5929592 93975162 151407742 171872382 131374722 13144711 139992202 116076682 159998102 133787802 8502430 42812582 174972582 174204072 29351082 124211882 127204012 134653102 122669242 86726842 173700282 142399682 92204232 53724362 132013772 125466832 161223382 154423002 71792352 11187939 124509422 97165552 96230132 158759672 719099 36024572 76953342 150140672 29927692 14383888 116039442 70972692 127574292 11601180 13555000 159960902 176759622 163388752 174127442 140230492 148757342 14311776 48526692 115207012 1880426 118079342 181324142 14362996 132600702 174562692 49936262 139760012 4271515 142707612 91758492 4084127 139485602 166077352 158996402 6833078 151005122 171933132 140547022 78908372 146491862 68941272 144700382 155357662 135058912 34924002 129573352 8415210 151521772 91071472 42450422 175907832 7696377
1880426 4271515 1
1880426 7696377 1
1880426 42812582 1
1880426 48526692 1
1880426 49936262 1
1880426 70972692 1
1880426 115207012 1
1880426 116220452 1
1880426 118147652 1
1880426 125466832 1
1880426 132600702 1
1880426 133787802 1
1880426 139657802 1
1880426 139992202 1
1880426 142399682 1
1880426 142707612 1
1880426 144700382 1
4271515 7696377 1
4271515 42812582 1
4271515 48526692 2
4271515 49936262 1
4271515 70972692 1
4271515 115207012 1
4271515 116220452 2
4271515 118147652 1
4271515 125466832 2
4271515 132600702 1
4271515 133787802 1
4271515 139657802 2
4271515 139992202 1
4271515 142399682 2
4271515 142707612 1
4271515 144700382 1
7696377 42812582 1
7696377 48526692 1
7696377 49936262 1
7696377 70972692 1
7696377 115207012 1
7696377 116220452 1
7696377 118147652 1
7696377 125466832 1
7696377 132600702 1
7696377 133787802 1
7696377 139657802 1
7696377 139992202 1
7696377 142399682 1
7696377 142707612 1
7696377 144700382 1
42812582 48526692 1
42812582 49936262 1
42812582 70972692 1
42812582 115207012 1
42812582 116220452 1
42812582 118147652 1
42812582 125466832 1
42812582 132600702 1
42812582 133787802 1
42812582 139657802 1
42812582 139992202 1
42812582 142399682 1
42812582 142707612 1
42812582 144700382 1
48526692 49936262 1
48526692 70972692 2
48526692 115207012 1
48526692 116220452 3
48526692 118147652 2
48526692 125466832 9
48526692 132600702 8
48526692 133787802 1
48526692 139657802 2
48526692 139992202 1
48526692 142399682 2
48526692 142707612 1
48526692 144700382 1
49936262 70972692 1
49936262 115207012 1
49936262 116220452 1
49936262 118147652 1
49936262 125466832 1
49936262 132600702 1
49936262 133787802 1
49936262 139657802 1
49936262 139992202 1
49936262 142399682 1
49936262 142707612 1
49936262 144700382 1
70972692 115207012 1
70972692 116220452 1
70972692 118147652 2
70972692 125466832 2
70972692 132600702 2
70972692 133787802 1
70972692 139657802 1
70972692 139992202 1
70972692 142399682 1
70972692 142707612 1
70972692 144700382 1
115207012 116220452 1
115207012 118147652 1
115207012 125466832 1
115207012 132600702 2
115207012 133787802 1
115207012 139657802 1
115207012 139992202 1
115207012 142399682 1
115207012 142707612 1
115207012 144700382 1
116220452 118147652 1
116220452 125466832 3
116220452 132600702 2
116220452 133787802 1
116220452 139657802 2
116220452 139992202 1
116220452 142399682 2
116220452 142707612 1
116220452 144700382 1
118147652 125466832 2
118147652 132600702 2
118147652 133787802 1
118147652 139657802 1
118147652 139992202 1
118147652 142399682 1
118147652 142707612 1
118147652 144700382 1
125466832 132600702 8
125466832 133787802 1
125466832 139657802 2
125466832 139992202 1
125466832 142399682 2
125466832 142707612 1
125466832 144700382 1
132600702 133787802 1
132600702 139657802 1
132600702 139992202 1
132600702 142399682 1
132600702 142707612 1
132600702 144700382 1
133787802 139657802 1
133787802 139992202 1
133787802 142399682 1
133787802 142707612 1
133787802 144700382 1
139657802 139992202 1
139657802 142399682 2
139657802 142707612 1
139657802 144700382 1
139992202 142399682 1
139992202 142707612 1
139992202 144700382 1
142399682 142707612 1
142399682 144700382 1
142707612 144700382 1
719099 4271515 1
719099 29351082 1
719099 48526692 2
719099 76953342 2
719099 116220452 1
719099 122669242 1
719099 125466832 2
719099 131374722 1
719099 133703682 1
719099 139657802 1
719099 140230492 1
719099 142399682 1
719099 145488472 1
719099 146491862 2
4271515 29351082 1
4271515 76953342 1
4271515 122669242 1
4271515 131374722 1
4271515 133703682 1
4271515 140230492 1
4271515 145488472 1
4271515 146491862 1
29351082 48526692 2
29351082 76953342 2
29351082 116220452 1
29351082 122669242 1
29351082 125466832 2
29351082 131374722 1
29351082 133703682 1
29351082 139657802 1
29351082 140230492 1
29351082 142399682 1
29351082 145488472 1
29351082 146491862 1
48526692 76953342 5
48526692 122669242 3
48526692 131374722 2
48526692 133703682 1
48526692 140230492 1
48526692 145488472 1
48526692 146491862 2
76953342 116220452 1
76953342 122669242 3
76953342 125466832 5
76953342 131374722 2
76953342 133703682 1
76953342 139657802 1
76953342 140230492 1
76953342 142399682 1
76953342 145488472 1
76953342 146491862 2
116220452 122669242 1
116220452 131374722 1
116220452 133703682 1
116220452 140230492 1
116220452 145488472 1
116220452 146491862 1
122669242 125466832 3
122669242 131374722 2
122669242 133703682 1
122669242 139657802 1
122669242 140230492 1
122669242 142399682 1
122669242 145488472 1
122669242 146491862 1
125466832 131374722 2
125466832 133703682 1
125466832 140230492 1
125466832 145488472 1
125466832 146491862 2
131374722 133703682 1
131374722 139657802 1
131374722 140230492 1
131374722 142399682 1
131374722 145488472 1
131374722 146491862 1
133703682 139657802 1
133703682 140230492 1
133703682 142399682 1
133703682 145488472 1
133703682 146491862 1
139657802 140230492 1
139657802 145488472 1
139657802 146491862 1
140230492 142399682 1
140230492 145488472 1
140230492 146491862 1
142399682 145488472 1
142399682 146491862 1
145488472 146491862 1
719099 5671516 1
719099 8415210 1
719099 11601180 1
719099 126577742 1
719099 127574292 1
719099 132437102 1
719099 132600702 1
719099 140547022 1
719099 146809862 1
719099 148888172 1
719099 150140672 1
5671516 8415210 1
5671516 11601180 1
5671516 48526692 1
5671516 76953342 1
5671516 125466832 1
5671516 126577742 1
5671516 127574292 1
5671516 132437102 1
5671516 132600702 1
5671516 140547022 1
5671516 146491862 1
5671516 146809862 1
5671516 148888172 1
5671516 150140672 1
8415210 11601180 1
8415210 48526692 1
8415210 76953342 1
8415210 125466832 1
8415210 126577742 1
8415210 127574292 1
8415210 132437102 1
8415210 132600702 1
8415210 140547022 1
8415210 146491862 1
8415210 146809862 1
8415210 148888172 1
8415210 150140672 1
11601180 48526692 1
11601180 76953342 1
11601180 125466832 1
11601180 126577742 1
11601180 127574292 1
11601180 132437102 1
11601180 132600702 1
11601180 140547022 1
11601180 146491862 1
11601180 146809862 1
11601180 148888172 1
11601180 150140672 1
48526692 126577742 1
48526692 127574292 1
48526692 132437102 1
48526692 140547022 3
48526692 146809862 1
48526692 148888172 5
48526692 150140672 2
76953342 126577742 1
76953342 127574292 1
76953342 132437102 1
76953342 132600702 4
76953342 140547022 2
76953342 146809862 1
76953342 148888172 4
76953342 150140672 2
125466832 126577742 1
125466832 127574292 1
125466832 132437102 1
125466832 140547022 3
125466832 146809862 1
125466832 148888172 5
125466832 150140672 2
126577742 127574292 1
126577742 132437102 1
126577742 132600702 1
126577742 140547022 1
126577742 146491862 1
126577742 146809862 1
126577742 148888172 1
126577742 150140672 1
127574292 132437102 1
127574292 132600702 1
127574292 140547022 1
127574292 146491862 1
127574292 146809862 1
127574292 148888172 1
127574292 150140672 1
132437102 132600702 1
132437102 140547022 1
132437102 146491862 1
132437102 146809862 1
132437102 148888172 1
132437102 150140672 1
132600702 140547022 3
132600702 146491862 1
132600702 146809862 1
132600702 148888172 6
132600702 150140672 2
140547022 146491862 1
140547022 146809862 1
140547022 148888172 2
140547022 150140672 2
146491862 146809862 1
146491862 148888172 1
146491862 150140672 1
146809862 148888172 1
146809862 150140672 1
148888172 150140672 2
29351082 34924002 1
29351082 116039442 1
29351082 116076682 1
29351082 124211882 1
29351082 127204012 1
29351082 132600702 1
29351082 133261922 1
29351082 139485602 1
29351082 148888172 1
29351082 151005122 1
29351082 151407742 1
29351082 151521772 1
34924002 48526692 1
34924002 76953342 1
34924002 116039442 1
34924002 116076682 1
34924002 124211882 1
34924002 125466832 1
34924002 127204012 1
34924002 132600702 1
34924002 133261922 1
34924002 139485602 1
34924002 148888172 1
34924002 151005122 1
34924002 151407742 1
34924002 151521772 1
48526692 116039442 3
48526692 116076682 2
48526692 124211882 1
48526692 127204012 1
48526692 133261922 1
48526692 139485602 1
48526692 151005122 3
48526692 151407742 1
48526692 151521772 2
76953342 116039442 2
76953342 116076682 2
76953342 124211882 1
76953342 127204012 1
76953342 133261922 1
76953342 139485602 1
76953342 151005122 2
76953342 151407742 1
76953342 151521772 2
116039442 116076682 2
116039442 124211882 1
116039442 125466832 3
116039442 127204012 1
116039442 132600702 3
116039442 133261922 1
116039442 139485602 1
116039442 148888172 2
116039442 151005122 2
116039442 151407742 1
116039442 151521772 2
116076682 124211882 1
116076682 125466832 2
116076682 127204012 1
116076682 132600702 2
116076682 133261922 1
116076682 139485602 1
116076682 148888172 2
116076682 151005122 2
116076682 151407742 1
116076682 151521772 2
124211882 125466832 1
124211882 127204012 1
124211882 132600702 1
124211882 133261922 1
124211882 139485602 1
124211882 148888172 1
124211882 151005122 1
124211882 151407742 1
124211882 151521772 1
125466832 127204012 1
125466832 133261922 1
125466832 139485602 1
125466832 151005122 3
125466832 151407742 1
125466832 151521772 2
127204012 132600702 1
127204012 133261922 1
127204012 139485602 1
127204012 148888172 1
127204012 151005122 1
127204012 151407742 1
127204012 151521772 1
132600702 133261922 1
132600702 139485602 1
132600702 151005122 3
132600702 151407742 1
132600702 151521772 2
133261922 139485602 1
133261922 148888172 1
133261922 151005122 1
133261922 151407742 1
133261922 151521772 1
139485602 148888172 1
139485602 151005122 1
139485602 151407742 1
139485602 151521772 1
148888172 151005122 3
148888172 151407742 1
148888172 151521772 2
151005122 151407742 1
151005122 151521772 2
151407742 151521772 1
4084127 13555000 1
4084127 14311776 1
4084127 14362996 1
4084127 42450422 2
4084127 48526692 2
4084127 71792352 1
4084127 76953342 1
4084127 86726842 1
4084127 96230132 1
4084127 97165552 1
4084127 116039442 1
4084127 116076682 1
4084127 122669242 1
4084127 124509422 1
4084127 125466832 2
4084127 127969872 1
4084127 131374722 1
4084127 132600702 2
4084127 134653102 2
4084127 140547022 1
4084127 148888172 1
4084127 150140672 1
4084127 151005122 1
4084127 151116322 1
4084127 151521772 1
4084127 154423002 1
4084127 155357662 1
4084127 158759672 1
4084127 158996402 1
4084127 159874632 1
4084127 159960902 1
4084127 159998102 1
4084127 161223382 1
13555000 14311776 1
13555000 14362996 1
13555000 42450422 1
13555000 48526692 1
13555000 71792352 1
13555000 76953342 1
13555000 86726842 1
13555000 96230132 1
13555000 97165552 1
13555000 116039442 1
13555000 116076682 1
13555000 122669242 1
13555000 124509422 1
13555000 125466832 1
13555000 127969872 1
13555000 131374722 1
13555000 132600702 1
13555000 134653102 1
13555000 140547022 1
13555000 148888172 1
13555000 150140672 1
13555000 151005122 1
13555000 151116322 1
13555000 151521772 1
13555000 154423002 1
13555000 155357662 1
13555000 158759672 1
13555000 158996402 1
13555000 159874632 1
13555000 159960902 1
13555000 159998102 1
13555000 161223382 1
14311776 14362996 1
14311776 42450422 1
14311776 48526692 1
14311776 71792352 1
14311776 76953342 1
14311776 86726842 1
14311776 96230132 1
14311776 97165552 1
14311776 116039442 1
14311776 116076682 1
14311776 122669242 1
14311776 124509422 1
14311776 125466832 1
14311776 127969872 1
14311776 131374722 1
14311776 132600702 1
14311776 134653102 1
14311776 140547022 1
14311776 148888172 1
14311776 150140672 1
14311776 151005122 1
14311776 151116322 1
14311776 151521772 1
14311776 154423002 1
14311776 155357662 1
14311776 158759672 1
14311776 158996402 1
14311776 159874632 1
14311776 159960902 1
14311776 159998102 1
14311776 161223382 1
14362996 42450422 1
14362996 48526692 1
14362996 71792352 1
14362996 76953342 1
14362996 86726842 1
14362996 96230132 1
14362996 97165552 1
14362996 116039442 1
14362996 116076682 1
14362996 122669242 1
14362996 124509422 1
14362996 125466832 1
14362996 127969872 1
14362996 131374722 1
14362996 132600702 1
14362996 134653102 1
14362996 140547022 1
14362996 148888172 1
14362996 150140672 1
14362996 151005122 1
14362996 151116322 1
14362996 151521772 1
14362996 154423002 1
14362996 155357662 1
14362996 158759672 1
14362996 158996402 1
14362996 159874632 1
14362996 159960902 1
14362996 159998102 1
14362996 161223382 1
42450422 48526692 4
42450422 71792352 1
42450422 76953342 2
42450422 86726842 1
42450422 96230132 1
42450422 97165552 1
42450422 116039442 2
42450422 116076682 1
42450422 122669242 2
42450422 124509422 1
42450422 125466832 4
42450422 127969872 1
42450422 131374722 1
42450422 132600702 4
42450422 134653102 3
42450422 140547022 2
42450422 148888172 2
42450422 150140672 1
42450422 151005122 1
42450422 151116322 1
42450422 151521772 1
42450422 154423002 1
42450422 155357662 1
42450422 158759672 3
42450422 158996402 2
42450422 159874632 1
42450422 159960902 1
42450422 159998102 1
42450422 161223382 1
48526692 71792352 1
48526692 86726842 1
48526692 96230132 1
48526692 97165552 1
48526692 124509422 1
48526692 127969872 1
48526692 134653102 4
48526692 151116322 2
48526692 154423002 2
48526692 155357662 1
48526692 158759672 4
48526692 158996402 3
48526692 159874632 1
48526692 159960902 1
48526692 159998102 1
48526692 161223382 1
71792352 76953342 1
71792352 86726842 1
71792352 96230132 1
71792352 97165552 1
71792352 116039442 1
71792352 116076682 1
71792352 122669242 1
71792352 124509422 1
71792352 125466832 1
71792352 127969872 1
71792352 131374722 1
71792352 132600702 1
71792352 134653102 1
71792352 140547022 1
71792352 148888172 1
71792352 150140672 1
71792352 151005122 1
71792352 151116322 1
71792352 151521772 1
71792352 154423002 1
71792352 155357662 1
71792352 158759672 1
71792352 158996402 1
71792352 159874632 1
71792352 159960902 1
71792352 159998102 1
71792352 161223382 1
76953342 86726842 1
76953342 96230132 1
76953342 97165552 1
76953342 124509422 1
76953342 127969872 1
76953342 134653102 1
76953342 151116322 1
76953342 154423002 1
76953342 155357662 1
76953342 158759672 2
76953342 158996402 1
76953342 159874632 1
76953342 159960902 1
76953342 159998102 1
76953342 161223382 1
86726842 96230132 1
86726842 97165552 1
86726842 116039442 1
86726842 116076682 1
86726842 122669242 1
86726842 124509422 1
86726842 125466832 1
86726842 127969872 1
86726842 131374722 1
86726842 132600702 1
86726842 134653102 1
86726842 140547022 1
86726842 148888172 1
86726842 150140672 1
86726842 151005122 1
86726842 151116322 1
86726842 151521772 1
86726842 154423002 1
86726842 155357662 1
86726842 158759672 1
86726842 158996402 1
86726842 159874632 1
86726842 159960902 1
86726842 159998102 1
86726842 161223382 1
96230132 97165552 1
96230132 116039442 1
96230132 116076682 1
96230132 122669242 1
96230132 124509422 1
96230132 125466832 1
96230132 127969872 1
96230132 131374722 1
96230132 132600702 1
96230132 134653102 1
96230132 140547022 1
96230132 148888172 1
96230132 150140672 1
96230132 151005122 1
96230132 151116322 1
96230132 151521772 1
96230132 154423002 1
96230132 155357662 1
96230132 158759672 1
96230132 158996402 1
96230132 159874632 1
96230132 159960902 1
96230132 159998102 1
96230132 161223382 1
97165552 116039442 1
97165552 116076682 1
97165552 122669242 1
97165552 124509422 1
97165552 125466832 1
97165552 127969872 1
97165552 131374722 1
97165552 132600702 1
97165552 134653102 1
97165552 140547022 1
97165552 148888172 1
97165552 150140672 1
97165552 151005122 1
97165552 151116322 1
97165552 151521772 1
97165552 154423002 1
97165552 155357662 1
97165552 158759672 1
97165552 158996402 1
97165552 159874632 1
97165552 159960902 1
97165552 159998102 1
97165552 161223382 1
116039442 122669242 1
116039442 124509422 1
116039442 127969872 1
116039442 131374722 1
116039442 134653102 2
116039442 140547022 2
116039442 150140672 1
116039442 151116322 1
116039442 154423002 1
116039442 155357662 1
116039442 158759672 2
116039442 158996402 2
116039442 159874632 1
116039442 159960902 1
116039442 159998102 1
116039442 161223382 1
116076682 122669242 1
116076682 124509422 1
116076682 127969872 1
116076682 131374722 1
116076682 134653102 1
116076682 140547022 1
116076682 150140672 1
116076682 151116322 1
116076682 154423002 1
116076682 155357662 1
116076682 158759672 1
116076682 158996402 1
116076682 159874632 1
116076682 159960902 1
116076682 159998102 1
116076682 161223382 1
122669242 124509422 1
122669242 127969872 1
122669242 132600702 2
122669242 134653102 1
122669242 140547022 1
122669242 148888172 2
122669242 150140672 1
122669242 151005122 1
122669242 151116322 1
122669242 151521772 1
122669242 154423002 1
122669242 155357662 1
122669242 158759672 2
122669242 158996402 1
122669242 159874632 1
122669242 159960902 1
122669242 159998102 1
122669242 161223382 1
124509422 125466832 1
124509422 127969872 1
124509422 131374722 1
124509422 132600702 1
124509422 134653102 1
124509422 140547022 1
124509422 148888172 1
124509422 150140672 1
124509422 151005122 1
124509422 151116322 1
124509422 151521772 1
124509422 154423002 1
124509422 155357662 1
124509422 158759672 1
124509422 158996402 1
124509422 159874632 1
124509422 159960902 1
124509422 159998102 1
124509422 161223382 1
125466832 127969872 1
125466832 134653102 4
125466832 151116322 2
125466832 154423002 2
125466832 155357662 1
125466832 158759672 4
125466832 158996402 3
125466832 159874632 1
125466832 159960902 1
125466832 159998102 1
125466832 161223382 1
127969872 131374722 1
127969872 132600702 1
127969872 134653102 1
127969872 140547022 1
127969872 148888172 1
127969872 150140672 1
127969872 151005122 1
127969872 151116322 1
127969872 151521772 1
127969872 154423002 1
127969872 155357662 1
127969872 158759672 1
127969872 158996402 1
127969872 159874632 1
127969872 159960902 1
127969872 159998102 1
127969872 161223382 1
131374722 132600702 1
131374722 134653102 1
131374722 140547022 1
131374722 148888172 1
131374722 150140672 1
131374722 151005122 1
131374722 151116322 1
131374722 151521772 1
131374722 154423002 1
131374722 155357662 1
131374722 158759672 1
131374722 158996402 1
131374722 159874632 1
131374722 159960902 1
131374722 159998102 1
131374722 161223382 1
132600702 134653102 4
132600702 151116322 2
132600702 154423002 2
132600702 155357662 1
132600702 158759672 4
132600702 158996402 3
132600702 159874632 1
132600702 159960902 1
132600702 159998102 1
132600702 161223382 1
134653102 140547022 2
134653102 148888172 2
134653102 150140672 1
134653102 151005122 2
134653102 151116322 2
134653102 151521772 1
134653102 154423002 2
134653102 155357662 1
134653102 158759672 3
134653102 158996402 3
134653102 159874632 1
134653102 159960902 1
134653102 159998102 1
134653102 161223382 1
140547022 151005122 1
140547022 151116322 1
140547022 151521772 1
140547022 154423002 1
140547022 155357662 1
140547022 158759672 2
140547022 158996402 2
140547022 159874632 1
140547022 159960902 1
140547022 159998102 1
140547022 161223382 1
148888172 151116322 2
148888172 154423002 2
148888172 155357662 1
148888172 158759672 3
148888172 158996402 2
148888172 159874632 1
148888172 159960902 1
148888172 159998102 1
148888172 161223382 1
150140672 151005122 1
150140672 151116322 1
150140672 151521772 1
150140672 154423002 1
150140672 155357662 1
150140672 158759672 1
150140672 158996402 1
150140672 159874632 1
150140672 159960902 1
150140672 159998102 1
150140672 161223382 1
151005122 151116322 2
151005122 154423002 2
151005122 155357662 1
151005122 158759672 2
151005122 158996402 2
151005122 159874632 1
151005122 159960902 1
151005122 159998102 1
151005122 161223382 1
151116322 151521772 1
151116322 154423002 2
151116322 155357662 1
151116322 158759672 2
151116322 158996402 2
151116322 159874632 1
151116322 159960902 1
151116322 159998102 1
151116322 161223382 1
151521772 154423002 1
151521772 155357662 1
151521772 158759672 1
151521772 158996402 1
151521772 159874632 1
151521772 159960902 1
151521772 159998102 1
151521772 161223382 1
154423002 155357662 1
154423002 158759672 2
154423002 158996402 2
154423002 159874632 1
154423002 159960902 1
154423002 159998102 1
154423002 161223382 1
155357662 158759672 1
155357662 158996402 1
155357662 159874632 1
155357662 159960902 1
155357662 159998102 1
155357662 161223382 1
158759672 158996402 3
158759672 159874632 1
158759672 159960902 1
158759672 159998102 1
158759672 161223382 1
158996402 159874632 1
158996402 159960902 1
158996402 159998102 1
158996402 161223382 1
159874632 159960902 1
159874632 159998102 1
159874632 161223382 1
159960902 159998102 1
159960902 161223382 1
159998102 161223382 1
14383888 29927692 1
14383888 48526692 1
14383888 93975162 1
14383888 118079342 1
14383888 125466832 1
14383888 132600702 1
14383888 134653102 1
14383888 135058912 1
14383888 148888172 1
14383888 151005122 1
14383888 151116322 1
14383888 154423002 1
14383888 158759672 1
14383888 158996402 1
14383888 161776152 1
14383888 163388752 1
14383888 166077352 1
29927692 48526692 1
29927692 93975162 1
29927692 118079342 1
29927692 125466832 1
29927692 132600702 1
29927692 134653102 1
29927692 135058912 1
29927692 148888172 1
29927692 151005122 1
29927692 151116322 1
29927692 154423002 1
29927692 158759672 1
29927692 158996402 1
29927692 161776152 1
29927692 163388752 1
29927692 166077352 1
48526692 93975162 1
48526692 118079342 1
48526692 135058912 1
48526692 161776152 1
48526692 163388752 1
48526692 166077352 1
93975162 118079342 1
93975162 125466832 1
93975162 132600702 1
93975162 134653102 1
93975162 135058912 1
93975162 148888172 1
93975162 151005122 1
93975162 151116322 1
93975162 154423002 1
93975162 158759672 1
93975162 158996402 1
93975162 161776152 1
93975162 163388752 1
93975162 166077352 1
118079342 125466832 1
118079342 132600702 1
118079342 134653102 1
118079342 135058912 1
118079342 148888172 1
118079342 151005122 1
118079342 151116322 1
118079342 154423002 1
118079342 158759672 1
118079342 158996402 1
118079342 161776152 1
118079342 163388752 1
118079342 166077352 1
125466832 135058912 1
125466832 161776152 1
125466832 163388752 1
125466832 166077352 1
132600702 135058912 1
132600702 161776152 1
132600702 163388752 1
132600702 166077352 1
134653102 135058912 1
134653102 161776152 1
134653102 163388752 1
134653102 166077352 1
135058912 148888172 1
135058912 151005122 1
135058912 151116322 1
135058912 154423002 1
135058912 158759672 1
135058912 158996402 1
135058912 161776152 1
135058912 163388752 1
135058912 166077352 1
148888172 161776152 1
148888172 163388752 1
148888172 166077352 1
151005122 161776152 1
151005122 163388752 1
151005122 166077352 1
151116322 161776152 1
151116322 163388752 1
151116322 166077352 1
154423002 161776152 1
154423002 163388752 1
154423002 166077352 1
158759672 161776152 1
158759672 163388752 1
158759672 166077352 1
158996402 161776152 1
158996402 163388752 1
158996402 166077352 1
161776152 163388752 1
161776152 166077352 1
163388752 166077352 1
11187939 13144711 1
11187939 42450422 1
11187939 48526692 1
11187939 53724362 1
11187939 68941272 1
11187939 69044782 1
11187939 78908372 1
11187939 91758492 1
11187939 92204232 1
11187939 116039442 1
11187939 116220452 1
11187939 125466832 1
11187939 129573352 1
11187939 132600702 1
11187939 134653102 1
11187939 140547022 1
11187939 148757342 1
11187939 158759672 1
11187939 158996402 1
11187939 163391002 1
11187939 174204072 1
11187939 174562692 1
11187939 175907832 1
13144711 42450422 2
13144711 48526692 2
13144711 53724362 2
13144711 68941272 1
13144711 69044782 1
13144711 78908372 1
13144711 91758492 1
13144711 92204232 2
13144711 116039442 1
13144711 116220452 1
13144711 125466832 2
13144711 129573352 2
13144711 132600702 2
13144711 134653102 2
13144711 140547022 1
13144711 148757342 1
13144711 158759672 1
13144711 158996402 1
13144711 163391002 1
13144711 174204072 1
13144711 174562692 1
13144711 175907832 2
42450422 53724362 2
42450422 68941272 1
42450422 69044782 1
42450422 78908372 1
42450422 91758492 1
42450422 92204232 2
42450422 116220452 1
42450422 129573352 2
42450422 148757342 1
42450422 163391002 1
42450422 174204072 1
42450422 174562692 1
42450422 175907832 2
48526692 53724362 2
48526692 68941272 1
48526692 69044782 1
48526692 78908372 1
48526692 91758492 1
48526692 92204232 2
48526692 129573352 2
48526692 148757342 1
48526692 163391002 1
48526692 174204072 1
48526692 174562692 1
48526692 175907832 2
53724362 68941272 1
53724362 69044782 1
53724362 78908372 1
53724362 91758492 1
53724362 92204232 2
53724362 116039442 1
53724362 116220452 1
53724362 125466832 2
53724362 129573352 2
53724362 132600702 2
53724362 134653102 2
53724362 140547022 1
53724362 148757342 1
53724362 158759672 1
53724362 158996402 1
53724362 163391002 1
53724362 174204072 1
53724362 174562692 1
53724362 175907832 2
68941272 69044782 1
68941272 78908372 1
68941272 91758492 1
68941272 92204232 1
68941272 116039442 1
68941272 116220452 1
68941272 125466832 1
68941272 129573352 1
68941272 132600702 1
68941272 134653102 1
68941272 140547022 1
68941272 148757342 1
68941272 158759672 1
68941272 158996402 1
68941272 163391002 1
68941272 174204072 1
68941272 174562692 1
68941272 175907832 1
69044782 78908372 1
69044782 91758492 1
69044782 92204232 1
69044782 116039442 1
69044782 116220452 1
69044782 125466832 1
69044782 129573352 1
69044782 132600702 1
69044782 134653102 1
69044782 140547022 1
69044782 148757342 1
69044782 158759672 1
69044782 158996402 1
69044782 163391002 1
69044782 174204072 1
69044782 174562692 1
69044782 175907832 1
78908372 91758492 1
78908372 92204232 1
78908372 116039442 1
78908372 116220452 1
78908372 125466832 1
78908372 129573352 1
78908372 132600702 1
78908372 134653102 1
78908372 140547022 1
78908372 148757342 1
78908372 158759672 1
78908372 158996402 1
78908372 163391002 1
78908372 174204072 1
78908372 174562692 1
78908372 175907832 1
91758492 92204232 1
91758492 116039442 1
91758492 116220452 1
91758492 125466832 1
91758492 129573352 1
91758492 132600702 1
91758492 134653102 1
91758492 140547022 1
91758492 148757342 1
91758492 158759672 1
91758492 158996402 1
91758492 163391002 1
91758492 174204072 1
91758492 174562692 1
91758492 175907832 1
92204232 116039442 1
92204232 116220452 1
92204232 125466832 2
92204232 129573352 2
92204232 132600702 2
92204232 134653102 2
92204232 140547022 1
92204232 148757342 1
92204232 158759672 1
92204232 158996402 1
92204232 163391002 1
92204232 174204072 1
92204232 174562692 1
92204232 175907832 2
116039442 116220452 1
116039442 129573352 1
116039442 148757342 1
116039442 163391002 1
116039442 174204072 1
116039442 174562692 1
116039442 175907832 1
116220452 129573352 1
116220452 134653102 1
116220452 140547022 1
116220452 148757342 1
116220452 158759672 1
116220452 158996402 1
116220452 163391002 1
116220452 174204072 1
116220452 174562692 1
116220452 175907832 1
125466832 129573352 2
125466832 148757342 1
125466832 163391002 1
125466832 174204072 1
125466832 174562692 1
125466832 175907832 2
129573352 132600702 2
129573352 134653102 2
129573352 140547022 1
129573352 148757342 1
129573352 158759672 1
129573352 158996402 1
129573352 163391002 1
129573352 174204072 1
129573352 174562692 1
129573352 175907832 2
132600702 148757342 1
132600702 163391002 1
132600702 174204072 1
132600702 174562692 1
132600702 175907832 2
134653102 148757342 1
134653102 163391002 1
134653102 174204072 1
134653102 174562692 1
134653102 175907832 2
140547022 148757342 1
140547022 163391002 1
140547022 174204072 1
140547022 174562692 1
140547022 175907832 1
148757342 158759672 1
148757342 158996402 1
148757342 163391002 1
148757342 174204072 1
148757342 174562692 1
148757342 175907832 1
158759672 163391002 1
158759672 174204072 1
158759672 174562692 1
158759672 175907832 1
158996402 163391002 1
158996402 174204072 1
158996402 174562692 1
158996402 175907832 1
163391002 174204072 1
163391002 174562692 1
163391002 175907832 1
174204072 174562692 1
174204072 175907832 1
174562692 175907832 1
4084127 5929592 1
4084127 6833078 1
4084127 8502430 1
4084127 13144711 1
4084127 36024572 1
4084127 53724362 1
4084127 70972692 1
4084127 92204232 1
4084127 116507222 1
4084127 118147652 1
4084127 129573352 1
4084127 132013772 1
4084127 171933132 1
4084127 174127442 1
4084127 174972582 1
4084127 175907832 1
4084127 176759622 1
4084127 181324142 1
5929592 6833078 1
5929592 8502430 1
5929592 13144711 1
5929592 36024572 1
5929592 42450422 1
5929592 48526692 1
5929592 53724362 1
5929592 70972692 1
5929592 92204232 1
5929592 116507222 1
5929592 118147652 1
5929592 125466832 1
5929592 129573352 1
5929592 132013772 1
5929592 132600702 1
5929592 134653102 1
5929592 171933132 1
5929592 174127442 1
5929592 174972582 1
5929592 175907832 1
5929592 176759622 1
5929592 181324142 1
6833078 8502430 1
6833078 13144711 1
6833078 36024572 1
6833078 42450422 2
6833078 48526692 2
6833078 53724362 1
6833078 70972692 1
6833078 92204232 1
6833078 116507222 1
6833078 118147652 1
6833078 125466832 2
6833078 129573352 1
6833078 132013772 1
6833078 132600702 2
6833078 134653102 1
6833078 171933132 1
6833078 174127442 1
6833078 174972582 2
6833078 175907832 1
6833078 176759622 1
6833078 181324142 1
8502430 13144711 1
8502430 36024572 1
8502430 42450422 1
8502430 48526692 1
8502430 53724362 1
8502430 70972692 1
8502430 92204232 1
8502430 116507222 1
8502430 118147652 1
8502430 125466832 1
8502430 129573352 1
8502430 132013772 1
8502430 132600702 1
8502430 134653102 1
8502430 171933132 1
8502430 174127442 1
8502430 174972582 1
8502430 175907832 1
8502430 176759622 1
8502430 181324142 1
13144711 36024572 1
13144711 70972692 1
13144711 116507222 1
13144711 118147652 1
13144711 132013772 1
13144711 171933132 1
13144711 174127442 1
13144711 174972582 1
13144711 176759622 1
13144711 181324142 1
36024572 42450422 1
36024572 48526692 1
36024572 53724362 1
36024572 70972692 1
36024572 92204232 1
36024572 116507222 1
36024572 118147652 1
36024572 125466832 1
36024572 129573352 1
36024572 132013772 1
36024572 132600702 1
36024572 134653102 1
36024572 171933132 1
36024572 174127442 1
36024572 174972582 1
36024572 175907832 1
36024572 176759622 1
36024572 181324142 1
42450422 70972692 1
42450422 116507222 1
42450422 118147652 1
42450422 132013772 1
42450422 171933132 1
42450422 174127442 1
42450422 174972582 2
42450422 176759622 1
42450422 181324142 1
48526692 116507222 1
48526692 132013772 1
48526692 171933132 1
48526692 174127442 1
48526692 174972582 2
48526692 176759622 1
48526692 181324142 1
53724362 70972692 1
53724362 116507222 1
53724362 118147652 1
53724362 132013772 1
53724362 171933132 1
53724362 174127442 1
53724362 174972582 1
53724362 176759622 1
53724362 181324142 1
70972692 92204232 1
70972692 116507222 1
70972692 129573352 1
70972692 132013772 1
70972692 134653102 1
70972692 171933132 1
70972692 174127442 1
70972692 174972582 1
70972692 175907832 1
70972692 176759622 1
70972692 181324142 1
92204232 116507222 1
92204232 118147652 1
92204232 132013772 1
92204232 171933132 1
92204232 174127442 1
92204232 174972582 1
92204232 176759622 1
92204232 181324142 1
116507222 118147652 1
116507222 125466832 1
116507222 129573352 1
116507222 132013772 1
116507222 132600702 1
116507222 134653102 1
116507222 171933132 1
116507222 174127442 1
116507222 174972582 1
116507222 175907832 1
116507222 176759622 1
116507222 181324142 1
118147652 129573352 1
118147652 132013772 1
118147652 134653102 1
118147652 171933132 1
118147652 174127442 1
118147652 174972582 1
118147652 175907832 1
118147652 176759622 1
118147652 181324142 1
125466832 132013772 1
125466832 171933132 1
125466832 174127442 1
125466832 174972582 2
125466832 176759622 1
125466832 181324142 1
129573352 132013772 1
129573352 171933132 1
129573352 174127442 1
129573352 174972582 1
129573352 176759622 1
129573352 181324142 1
132013772 132600702 1
132013772 134653102 1
132013772 171933132 1
132013772 174127442 1
132013772 174972582 1
132013772 175907832 1
132013772 176759622 1
132013772 181324142 1
132600702 171933132 1
132600702 174127442 1
132600702 174972582 3
132600702 176759622 1
132600702 181324142 1
134653102 171933132 1
134653102 174127442 1
134653102 174972582 1
134653102 176759622 1
134653102 181324142 1
171933132 174127442 1
171933132 174972582 1
171933132 175907832 1
171933132 176759622 1
171933132 181324142 1
174127442 174972582 1
174127442 175907832 1
174127442 176759622 1
174127442 181324142 1
174972582 175907832 1
174972582 176759622 1
174972582 181324142 1
175907832 176759622 1
175907832 181324142 1
176759622 181324142 1
71356522 115207012 1
71356522 132600702 1
71356522 148888172 1
71356522 174972582 1
115207012 148888172 1
115207012 174972582 1
148888172 174972582 2
6833078 76953342 1
6833078 91071472 1
6833078 122669242 1
6833078 139760012 1
6833078 148888172 1
6833078 158759672 1
6833078 171872382 1
6833078 173700282 1
6833078 182894610 1
42450422 91071472 1
42450422 139760012 1
42450422 171872382 1
42450422 173700282 1
42450422 182894610 1
48526692 91071472 1
48526692 139760012 1
48526692 171872382 1
48526692 173700282 1
48526692 182894610 1
76953342 91071472 1
76953342 139760012 1
76953342 171872382 1
76953342 173700282 1
76953342 174972582 1
76953342 182894610 1
91071472 122669242 1
91071472 125466832 1
91071472 132600702 1
91071472 139760012 1
91071472 148888172 1
91071472 158759672 1
91071472 171872382 1
91071472 173700282 1
91071472 174972582 1
91071472 182894610 1
122669242 139760012 1
122669242 171872382 1
122669242 173700282 1
122669242 174972582 1
122669242 182894610 1
125466832 139760012 1
125466832 171872382 1
125466832 173700282 1
125466832 182894610 1
132600702 139760012 1
132600702 171872382 1
132600702 173700282 1
132600702 182894610 1
139760012 148888172 1
139760012 158759672 1
139760012 171872382 1
139760012 173700282 1
139760012 174972582 1
139760012 182894610 1
148888172 171872382 1
148888172 173700282 1
148888172 182894610 1
158759672 171872382 1
158759672 173700282 1
158759672 174972582 1
158759672 182894610 1
171872382 173700282 1
171872382 174972582 1
171872382 182894610 1
173700282 174972582 1
173700282 182894610 1
174972582 182894610 1
