184365314 145846532 187976709 189353988 190314506 190568203 124895372 14073744 185253139 80266492 129977622 82125592 183035033 101248282 127959452 183249820 53386272 142862752 83080482 188648864 190228645 19183661 10146094 184676911 189477806 189863983 182198322 54339382 187693372 188536254 9852991 119743552 144546622 151673922 111326532 182566981 190275272 52197322 184955467 184459981 114358222 183422287 121926992 3179729 61579472 148218322 77289942 116239832 191904475 101964772 188607206 184343399 98442472 51992682 184205420 73144432 119171572 7484661 188654964 187842297 184457594 125640572
98442472 116239832 1
10146094 51992682 1
10146094 53386272 1
10146094 98442472 1
10146094 101964772 1
10146094 111326532 1
10146094 119171572 1
10146094 119743552 1
10146094 121926992 1
10146094 124895372 1
10146094 125640572 1
51992682 53386272 1
51992682 98442472 1
51992682 101964772 1
51992682 111326532 1
51992682 119171572 1
51992682 119743552 1
51992682 121926992 1
51992682 124895372 1
51992682 125640572 1
53386272 98442472 1
53386272 101964772 1
53386272 111326532 1
53386272 119171572 1
53386272 119743552 1
53386272 121926992 1
53386272 124895372 1
53386272 125640572 1
98442472 101964772 1
98442472 111326532 1
98442472 119171572 1
98442472 119743552 1
98442472 121926992 1
98442472 124895372 1
98442472 125640572 1
101964772 111326532 1
101964772 119171572 1
101964772 119743552 1
101964772 121926992 1
101964772 124895372 1
101964772 125640572 1
111326532 119171572 1
111326532 119743552 1
111326532 121926992 1
111326532 124895372 1
111326532 125640572 1
119171572 119743552 1
119171572 121926992 1
119171572 124895372 1
119171572 125640572 1
119743552 121926992 1
119743552 124895372 1
119743552 125640572 1
121926992 124895372 1
121926992 125640572 1
124895372 125640572 1
3179729 9852991 1
3179729 61579472 1
3179729 98442472 1
3179729 127959452 1
9852991 61579472 1
9852991 98442472 1
9852991 127959452 1
61579472 98442472 1
61579472 127959452 1
98442472 127959452 2
7484661 19183661 1
7484661 52197322 1
7484661 80266492 1
7484661 98442472 1
7484661 101248282 1
7484661 127959452 1
7484661 129977622 1
7484661 142862752 1
7484661 145846532 1
7484661 148218322 1
7484661 182198322 1
7484661 183035033 1
7484661 183249820 1
19183661 52197322 1
19183661 80266492 1
19183661 98442472 1
19183661 101248282 1
19183661 127959452 1
19183661 129977622 1
19183661 142862752 1
19183661 145846532 1
19183661 148218322 1
19183661 182198322 1
19183661 183035033 1
19183661 183249820 1
52197322 80266492 1
52197322 98442472 1
52197322 101248282 1
52197322 127959452 1
52197322 129977622 1
52197322 142862752 1
52197322 145846532 1
52197322 148218322 1
52197322 182198322 1
52197322 183035033 1
52197322 183249820 1
80266492 98442472 1
80266492 101248282 1
80266492 127959452 1
80266492 129977622 1
80266492 142862752 1
80266492 145846532 1
80266492 148218322 1
80266492 182198322 1
80266492 183035033 1
80266492 183249820 1
98442472 101248282 1
98442472 129977622 1
98442472 142862752 1
98442472 145846532 1
98442472 148218322 1
98442472 182198322 1
98442472 183035033 1
98442472 183249820 1
101248282 127959452 1
101248282 129977622 1
101248282 142862752 1
101248282 145846532 1
101248282 148218322 1
101248282 182198322 1
101248282 183035033 1
101248282 183249820 1
127959452 129977622 1
127959452 142862752 1
127959452 145846532 1
127959452 148218322 1
127959452 182198322 1
127959452 183035033 1
127959452 183249820 1
129977622 142862752 1
129977622 145846532 1
129977622 148218322 1
129977622 182198322 1
129977622 183035033 1
129977622 183249820 1
142862752 145846532 1
142862752 148218322 1
142862752 182198322 1
142862752 183035033 1
142862752 183249820 1
145846532 148218322 1
145846532 182198322 1
145846532 183035033 1
145846532 183249820 1
148218322 182198322 1
148218322 183035033 1
148218322 183249820 1
182198322 183035033 1
182198322 183249820 1
183035033 183249820 1
73144432 148218322 1
73144432 183422287 1
73144432 184676911 1
73144432 185253139 1
73144432 187976709 1
148218322 183422287 1
148218322 184676911 1
148218322 185253139 1
148218322 187976709 1
183422287 184676911 1
183422287 185253139 1
183422287 187976709 1
184676911 185253139 1
184676911 187976709 1
185253139 187976709 1
14073744 54339382 1
14073744 82125592 1
14073744 83080482 1
14073744 114358222 1
14073744 184205420 1
14073744 184459981 1
14073744 187693372 1
14073744 187842297 1
14073744 188536254 1
14073744 188607206 1
14073744 189353988 1
14073744 189477806 1
54339382 82125592 1
54339382 83080482 1
54339382 114358222 1
54339382 184205420 1
54339382 184459981 1
54339382 187693372 1
54339382 187842297 1
54339382 188536254 1
54339382 188607206 1
54339382 189353988 1
54339382 189477806 1
82125592 83080482 3
82125592 114358222 3
82125592 184205420 1
82125592 184459981 1
82125592 187693372 1
82125592 187842297 1
82125592 188536254 1
82125592 188607206 1
82125592 189353988 2
82125592 189477806 1
83080482 114358222 3
83080482 184205420 1
83080482 184459981 1
83080482 187693372 1
83080482 187842297 1
83080482 188536254 1
83080482 188607206 1
83080482 189353988 2
83080482 189477806 1
114358222 184205420 1
114358222 184459981 1
114358222 187693372 1
114358222 187842297 1
114358222 188536254 1
114358222 188607206 1
114358222 189353988 2
114358222 189477806 1
184205420 184459981 1
184205420 187693372 1
184205420 187842297 1
184205420 188536254 1
184205420 188607206 1
184205420 189353988 1
184205420 189477806 1
184459981 187693372 1
184459981 187842297 1
184459981 188536254 1
184459981 188607206 1
184459981 189353988 1
184459981 189477806 1
187693372 187842297 1
187693372 188536254 1
187693372 188607206 1
187693372 189353988 1
187693372 189477806 1
187842297 188536254 1
187842297 188607206 1
187842297 189353988 1
187842297 189477806 1
188536254 188607206 1
188536254 189353988 1
188536254 189477806 1
188607206 189353988 1
188607206 189477806 1
189353988 189477806 1
82125592 144546622 1
82125592 182566981 1
82125592 184955467 1
82125592 188648864 1
82125592 189863983 1
82125592 190228645 1
82125592 190275272 1
82125592 190314506 1
82125592 190568203 1
83080482 144546622 1
83080482 182566981 1
83080482 184955467 1
83080482 188648864 1
83080482 189863983 1
83080482 190228645 1
83080482 190275272 1
83080482 190314506 1
83080482 190568203 1
114358222 144546622 1
114358222 182566981 1
114358222 184955467 1
114358222 188648864 1
114358222 189863983 1
114358222 190228645 1
114358222 190275272 1
114358222 190314506 1
114358222 190568203 1
144546622 182566981 1
144546622 184955467 1
144546622 188648864 1
144546622 189353988 1
144546622 189863983 1
144546622 190228645 1
144546622 190275272 1
144546622 190314506 1
144546622 190568203 1
182566981 184955467 1
182566981 188648864 1
182566981 189353988 1
182566981 189863983 1
182566981 190228645 1
182566981 190275272 1
182566981 190314506 1
182566981 190568203 1
184955467 188648864 1
184955467 189353988 1
184955467 189863983 1
184955467 190228645 1
184955467 190275272 1
184955467 190314506 1
184955467 190568203 1
188648864 189353988 1
188648864 189863983 1
188648864 190228645 1
188648864 190275272 1
188648864 190314506 1
188648864 190568203 1
189353988 189863983 1
189353988 190228645 1
189353988 190275272 1
189353988 190314506 1
189353988 190568203 1
189863983 190228645 1
189863983 190275272 1
189863983 190314506 1
189863983 190568203 1
190228645 190275272 1
190228645 190314506 1
190228645 190568203 1
190275272 190314506 1
190275272 190568203 1
190314506 190568203 1
82125592 151673922 1
82125592 184457594 1
83080482 151673922 1
83080482 184457594 1
114358222 151673922 1
114358222 184457594 1
151673922 184457594 1
77289942 191904475 1
184343399 184365314 1
184343399 188654964 1
184365314 188654964 1
