194165120 122361602 5113861 194054789 68497672 22535561 11698702 36720142 188575381 193319576 51377062 183007528 54045482 196054189 1117488 101728822 125584822 81707842 192218178 187650117 12750278 77953992 195910989 184521810 12081115 183565535 191155042 183578851 11493223 133715562 55921 129380082 2859891 152715122 183202161 122554102 180329852
55921 1117488 1
55921 2859891 1
55921 5113861 1
55921 11493223 1
55921 12081115 1
55921 12750278 1
55921 22535561 1
55921 51377062 1
55921 68497672 1
55921 81707842 1
55921 101728822 1
55921 122361602 1
55921 129380082 1
55921 133715562 1
55921 152715122 1
55921 183007528 1
55921 183578851 1
55921 184521810 1
55921 187650117 1
55921 188575381 1
55921 193319576 1
55921 194054789 1
1117488 2859891 1
1117488 5113861 1
1117488 11493223 1
1117488 12081115 1
1117488 12750278 1
1117488 22535561 1
1117488 51377062 1
1117488 68497672 1
1117488 81707842 1
1117488 101728822 1
1117488 122361602 1
1117488 129380082 1
1117488 133715562 1
1117488 152715122 1
1117488 183007528 1
1117488 183578851 1
1117488 184521810 1
1117488 187650117 1
1117488 188575381 1
1117488 193319576 1
1117488 194054789 1
2859891 5113861 1
2859891 11493223 1
2859891 12081115 1
2859891 12750278 1
2859891 22535561 1
2859891 51377062 1
2859891 68497672 1
2859891 81707842 1
2859891 101728822 1
2859891 122361602 1
2859891 129380082 1
2859891 133715562 1
2859891 152715122 1
2859891 183007528 1
2859891 183578851 1
2859891 184521810 1
2859891 187650117 1
2859891 188575381 1
2859891 193319576 1
2859891 194054789 1
5113861 11493223 2
5113861 12081115 2
5113861 12750278 1
5113861 22535561 1
5113861 51377062 1
5113861 68497672 1
5113861 81707842 1
5113861 101728822 2
5113861 122361602 1
5113861 129380082 1
5113861 133715562 1
5113861 152715122 1
5113861 183007528 1
5113861 183578851 1
5113861 184521810 1
5113861 187650117 2
5113861 188575381 1
5113861 193319576 1
5113861 194054789 1
11493223 12081115 2
11493223 12750278 1
11493223 22535561 1
11493223 51377062 1
11493223 68497672 1
11493223 81707842 1
11493223 101728822 2
11493223 122361602 1
11493223 129380082 1
11493223 133715562 1
11493223 152715122 1
11493223 183007528 1
11493223 183578851 1
11493223 184521810 1
11493223 187650117 2
11493223 188575381 1
11493223 193319576 1
11493223 194054789 1
12081115 12750278 2
12081115 22535561 1
12081115 51377062 1
12081115 68497672 1
12081115 81707842 1
12081115 101728822 3
12081115 122361602 1
12081115 129380082 1
12081115 133715562 1
12081115 152715122 1
12081115 183007528 2
12081115 183578851 2
12081115 184521810 1
12081115 187650117 2
12081115 188575381 2
12081115 193319576 1
12081115 194054789 1
12750278 22535561 1
12750278 51377062 1
12750278 68497672 1
12750278 81707842 1
12750278 101728822 2
12750278 122361602 1
12750278 129380082 1
12750278 133715562 1
12750278 152715122 1
12750278 183007528 2
12750278 183578851 2
12750278 184521810 1
12750278 187650117 1
12750278 188575381 2
12750278 193319576 1
12750278 194054789 1
22535561 51377062 1
22535561 68497672 1
22535561 81707842 1
22535561 101728822 1
22535561 122361602 1
22535561 129380082 1
22535561 133715562 1
22535561 152715122 1
22535561 183007528 1
22535561 183578851 1
22535561 184521810 1
22535561 187650117 1
22535561 188575381 1
22535561 193319576 1
22535561 194054789 1
51377062 68497672 1
51377062 81707842 1
51377062 101728822 1
51377062 122361602 1
51377062 129380082 1
51377062 133715562 1
51377062 152715122 1
51377062 183007528 1
51377062 183578851 1
51377062 184521810 1
51377062 187650117 1
51377062 188575381 1
51377062 193319576 1
51377062 194054789 1
68497672 81707842 1
68497672 101728822 1
68497672 122361602 1
68497672 129380082 1
68497672 133715562 1
68497672 152715122 1
68497672 183007528 1
68497672 183578851 1
68497672 184521810 1
68497672 187650117 1
68497672 188575381 1
68497672 193319576 1
68497672 194054789 1
81707842 101728822 1
81707842 122361602 1
81707842 129380082 1
81707842 133715562 1
81707842 152715122 1
81707842 183007528 1
81707842 183578851 1
81707842 184521810 1
81707842 187650117 1
81707842 188575381 1
81707842 193319576 1
81707842 194054789 1
101728822 122361602 1
101728822 129380082 1
101728822 133715562 1
101728822 152715122 1
101728822 183007528 2
101728822 183578851 2
101728822 184521810 1
101728822 187650117 2
101728822 188575381 2
101728822 193319576 1
101728822 194054789 1
122361602 129380082 1
122361602 133715562 1
122361602 152715122 1
122361602 183007528 1
122361602 183578851 1
122361602 184521810 1
122361602 187650117 1
122361602 188575381 1
122361602 193319576 1
122361602 194054789 1
129380082 133715562 1
129380082 152715122 1
129380082 183007528 1
129380082 183578851 1
129380082 184521810 1
129380082 187650117 1
129380082 188575381 1
129380082 193319576 1
129380082 194054789 1
133715562 152715122 1
133715562 183007528 1
133715562 183578851 1
133715562 184521810 1
133715562 187650117 1
133715562 188575381 1
133715562 193319576 1
133715562 194054789 1
152715122 183007528 1
152715122 183578851 1
152715122 184521810 1
152715122 187650117 1
152715122 188575381 1
152715122 193319576 1
152715122 194054789 1
183007528 183578851 2
183007528 184521810 1
183007528 187650117 1
183007528 188575381 2
183007528 193319576 1
183007528 194054789 1
183578851 184521810 1
183578851 187650117 1
183578851 188575381 2
183578851 193319576 1
183578851 194054789 1
184521810 187650117 1
184521810 188575381 1
184521810 193319576 1
184521810 194054789 1
187650117 188575381 1
187650117 193319576 1
187650117 194054789 1
188575381 193319576 1
188575381 194054789 1
193319576 194054789 1
5113861 11698702 1
5113861 54045482 1
5113861 122554102 1
5113861 192218178 1
5113861 194165120 1
11493223 11698702 1
11493223 54045482 1
11493223 122554102 1
11493223 192218178 1
11493223 194165120 1
11698702 12081115 1
11698702 54045482 1
11698702 101728822 1
11698702 122554102 1
11698702 187650117 1
11698702 192218178 1
11698702 194165120 1
12081115 54045482 1
12081115 122554102 1
12081115 192218178 1
12081115 194165120 2
54045482 101728822 1
54045482 122554102 1
54045482 187650117 1
54045482 192218178 1
54045482 194165120 1
101728822 122554102 1
101728822 192218178 1
101728822 194165120 2
122554102 187650117 1
122554102 192218178 1
122554102 194165120 1
187650117 192218178 1
187650117 194165120 1
192218178 194165120 1
101728822 183565535 1
101728822 195910989 1
101728822 196054189 1
183565535 195910989 1
183565535 196054189 1
195910989 196054189 1
12081115 36720142 1
12081115 77953992 1
12081115 125584822 1
12081115 180329852 1
12081115 183202161 1
12081115 191155042 1
12750278 36720142 1
12750278 77953992 1
12750278 125584822 1
12750278 180329852 1
12750278 183202161 1
12750278 191155042 1
12750278 194165120 1
36720142 77953992 1
36720142 101728822 1
36720142 125584822 1
36720142 180329852 1
36720142 183007528 1
36720142 183202161 1
36720142 183578851 1
36720142 188575381 1
36720142 191155042 1
36720142 194165120 1
77953992 101728822 1
77953992 125584822 1
77953992 180329852 1
77953992 183007528 1
77953992 183202161 1
77953992 183578851 1
77953992 188575381 1
77953992 191155042 1
77953992 194165120 1
101728822 125584822 1
101728822 180329852 1
101728822 183202161 1
101728822 191155042 1
125584822 180329852 1
125584822 183007528 1
125584822 183202161 1
125584822 183578851 1
125584822 188575381 1
125584822 191155042 1
125584822 194165120 1
180329852 183007528 1
180329852 183202161 1
180329852 183578851 1
180329852 188575381 1
180329852 191155042 1
180329852 194165120 1
183007528 183202161 1
183007528 191155042 1
183007528 194165120 1
183202161 183578851 1
183202161 188575381 1
183202161 191155042 1
183202161 194165120 1
183578851 191155042 1
183578851 194165120 1
188575381 191155042 1
188575381 194165120 1
191155042 194165120 1
