183953793 101660162 123531142 148242822 8232072 185821832 109962892 6869005 194406286 193409295 7532438 3353495 13840280 191017119 6009761 193287204 190044837 8594980 191787813 12864168 153325862 50933162 194521510 194318130 138363572 195444404 184968375 189479351 191748793 11371068 8091837 190956863 194798146 6788292 22249541 193793863 193975496 193311819 193446989 184369999 10939216 5456720 13551569 590807 10049372 192383581 10070623 189481824 11543272 193593705 168891882 189837680 192928113 2859891 4059125 184225781 6750456 6594431
6869005 10939216 1
6869005 11371068 1
6869005 13840280 5
6869005 190044837 6
6869005 190956863 2
10939216 11371068 1
10939216 13840280 1
10939216 190044837 1
10939216 190956863 1
11371068 13840280 1
11371068 190044837 1
11371068 190956863 1
13840280 190044837 5
13840280 190956863 2
190044837 190956863 2
4059125 6009761 1
4059125 6750456 1
4059125 6788292 1
4059125 6869005 1
4059125 7532438 1
4059125 8232072 1
4059125 10049372 1
4059125 12864168 1
4059125 13840280 1
4059125 22249541 1
4059125 50933162 1
4059125 138363572 1
4059125 184225781 1
4059125 184968375 1
4059125 185821832 1
4059125 190044837 1
4059125 190956863 1
4059125 191748793 1
4059125 193287204 1
4059125 193311819 1
4059125 193446989 1
6009761 6750456 1
6009761 6788292 1
6009761 6869005 1
6009761 7532438 1
6009761 8232072 1
6009761 10049372 1
6009761 12864168 1
6009761 13840280 1
6009761 22249541 1
6009761 50933162 1
6009761 138363572 1
6009761 184225781 1
6009761 184968375 1
6009761 185821832 1
6009761 190044837 1
6009761 190956863 1
6009761 191748793 1
6009761 193287204 1
6009761 193311819 1
6009761 193446989 1
6750456 6788292 1
6750456 6869005 1
6750456 7532438 1
6750456 8232072 1
6750456 10049372 1
6750456 12864168 1
6750456 13840280 1
6750456 22249541 1
6750456 50933162 1
6750456 138363572 1
6750456 184225781 1
6750456 184968375 1
6750456 185821832 1
6750456 190044837 1
6750456 190956863 1
6750456 191748793 1
6750456 193287204 1
6750456 193311819 1
6750456 193446989 1
6788292 6869005 1
6788292 7532438 1
6788292 8232072 1
6788292 10049372 1
6788292 12864168 1
6788292 13840280 1
6788292 22249541 1
6788292 50933162 1
6788292 138363572 1
6788292 184225781 1
6788292 184968375 1
6788292 185821832 1
6788292 190044837 1
6788292 190956863 1
6788292 191748793 1
6788292 193287204 1
6788292 193311819 1
6788292 193446989 1
6869005 7532438 1
6869005 8232072 1
6869005 10049372 1
6869005 12864168 1
6869005 22249541 2
6869005 50933162 2
6869005 138363572 1
6869005 184225781 1
6869005 184968375 1
6869005 185821832 2
6869005 191748793 1
6869005 193287204 2
6869005 193311819 4
6869005 193446989 1
7532438 8232072 1
7532438 10049372 1
7532438 12864168 1
7532438 13840280 1
7532438 22249541 1
7532438 50933162 1
7532438 138363572 1
7532438 184225781 1
7532438 184968375 1
7532438 185821832 1
7532438 190044837 1
7532438 190956863 1
7532438 191748793 1
7532438 193287204 1
7532438 193311819 1
7532438 193446989 1
8232072 10049372 1
8232072 12864168 1
8232072 13840280 1
8232072 22249541 1
8232072 50933162 1
8232072 138363572 1
8232072 184225781 1
8232072 184968375 1
8232072 185821832 1
8232072 190044837 1
8232072 190956863 1
8232072 191748793 1
8232072 193287204 1
8232072 193311819 1
8232072 193446989 1
10049372 12864168 1
10049372 13840280 1
10049372 22249541 1
10049372 50933162 1
10049372 138363572 1
10049372 184225781 1
10049372 184968375 1
10049372 185821832 1
10049372 190044837 1
10049372 190956863 1
10049372 191748793 1
10049372 193287204 1
10049372 193311819 1
10049372 193446989 1
12864168 13840280 1
12864168 22249541 1
12864168 50933162 1
12864168 138363572 1
12864168 184225781 1
12864168 184968375 1
12864168 185821832 1
12864168 190044837 1
12864168 190956863 1
12864168 191748793 1
12864168 193287204 1
12864168 193311819 1
12864168 193446989 1
13840280 22249541 1
13840280 50933162 1
13840280 138363572 1
13840280 184225781 1
13840280 184968375 1
13840280 185821832 2
13840280 191748793 1
13840280 193287204 1
13840280 193311819 2
13840280 193446989 1
22249541 50933162 1
22249541 138363572 1
22249541 184225781 1
22249541 184968375 1
22249541 185821832 1
22249541 190044837 1
22249541 190956863 1
22249541 191748793 1
22249541 193287204 1
22249541 193311819 2
22249541 193446989 1
50933162 138363572 1
50933162 184225781 1
50933162 184968375 1
50933162 185821832 1
50933162 190044837 1
50933162 190956863 1
50933162 191748793 1
50933162 193287204 1
50933162 193311819 1
50933162 193446989 1
138363572 184225781 1
138363572 184968375 1
138363572 185821832 1
138363572 190044837 1
138363572 190956863 1
138363572 191748793 1
138363572 193287204 1
138363572 193311819 1
138363572 193446989 1
184225781 184968375 1
184225781 185821832 1
184225781 190044837 1
184225781 190956863 1
184225781 191748793 1
184225781 193287204 1
184225781 193311819 1
184225781 193446989 1
184968375 185821832 1
184968375 190044837 1
184968375 190956863 1
184968375 191748793 1
184968375 193287204 1
184968375 193311819 1
184968375 193446989 1
185821832 190044837 2
185821832 190956863 1
185821832 191748793 1
185821832 193287204 1
185821832 193311819 1
185821832 193446989 1
190044837 191748793 1
190044837 193287204 2
190044837 193311819 3
190044837 193446989 1
190956863 191748793 1
190956863 193287204 1
190956863 193311819 1
190956863 193446989 1
191748793 193287204 1
191748793 193311819 1
191748793 193446989 1
193287204 193311819 2
193287204 193446989 1
193311819 193446989 1
2859891 5456720 1
2859891 6594431 1
2859891 6869005 1
2859891 8594980 1
2859891 189481824 1
2859891 190044837 1
2859891 192383581 1
2859891 193287204 1
2859891 193311819 1
5456720 6594431 1
5456720 6869005 1
5456720 8594980 1
5456720 189481824 1
5456720 190044837 1
5456720 192383581 1
5456720 193287204 1
5456720 193311819 1
6594431 6869005 1
6594431 8594980 1
6594431 189481824 1
6594431 190044837 1
6594431 192383581 1
6594431 193287204 1
6594431 193311819 1
6869005 8594980 1
6869005 189481824 1
6869005 192383581 1
8594980 189481824 1
8594980 190044837 1
8594980 192383581 1
8594980 193287204 1
8594980 193311819 1
189481824 190044837 1
189481824 192383581 1
189481824 193287204 1
189481824 193311819 1
190044837 192383581 1
192383581 193287204 1
192383581 193311819 1
6869005 109962892 1
6869005 184369999 1
6869005 193593705 1
13840280 109962892 1
13840280 184369999 1
13840280 193593705 1
109962892 184369999 1
109962892 185821832 1
109962892 190044837 1
109962892 193593705 1
184369999 185821832 1
184369999 190044837 1
184369999 193593705 1
185821832 193593705 1
190044837 193593705 1
6869005 10070623 2
6869005 191787813 1
6869005 193793863 3
6869005 193975496 1
6869005 194318130 1
10070623 13840280 1
10070623 190044837 1
10070623 191787813 1
10070623 193311819 2
10070623 193793863 2
10070623 193975496 1
10070623 194318130 1
13840280 191787813 1
13840280 193793863 1
13840280 193975496 1
13840280 194318130 1
190044837 191787813 1
190044837 193793863 1
190044837 193975496 1
190044837 194318130 1
191787813 193311819 1
191787813 193793863 1
191787813 193975496 1
191787813 194318130 1
193311819 193793863 2
193311819 193975496 1
193311819 194318130 1
193793863 193975496 1
193793863 194318130 1
193975496 194318130 1
6869005 101660162 1
6869005 123531142 1
6869005 168891882 1
6869005 194406286 1
6869005 194798146 1
6869005 195444404 1
10070623 22249541 1
10070623 101660162 1
10070623 123531142 1
10070623 168891882 1
10070623 194406286 1
10070623 194798146 1
10070623 195444404 1
22249541 101660162 1
22249541 123531142 1
22249541 168891882 1
22249541 193793863 1
22249541 194406286 1
22249541 194798146 1
22249541 195444404 1
101660162 123531142 1
101660162 168891882 1
101660162 193311819 1
101660162 193793863 1
101660162 194406286 1
101660162 194798146 1
101660162 195444404 1
123531142 168891882 1
123531142 193311819 1
123531142 193793863 1
123531142 194406286 1
123531142 194798146 1
123531142 195444404 1
168891882 193311819 1
168891882 193793863 1
168891882 194406286 1
168891882 194798146 1
168891882 195444404 1
193311819 194406286 1
193311819 194798146 1
193311819 195444404 1
193793863 194406286 1
193793863 194798146 1
193793863 195444404 1
194406286 194798146 1
194406286 195444404 1
194798146 195444404 1
3353495 6869005 1
3353495 8091837 1
3353495 189837680 1
6869005 8091837 1
6869005 189837680 1
8091837 189837680 1
590807 6869005 1
590807 11543272 1
590807 13551569 1
590807 50933162 1
590807 148242822 1
590807 153325862 1
590807 183953793 1
590807 189479351 1
590807 191017119 1
590807 192928113 1
590807 193409295 1
590807 193793863 1
590807 194521510 1
6869005 11543272 1
6869005 13551569 1
6869005 148242822 1
6869005 153325862 1
6869005 183953793 1
6869005 189479351 1
6869005 191017119 1
6869005 192928113 1
6869005 193409295 1
6869005 194521510 1
11543272 13551569 1
11543272 50933162 1
11543272 148242822 1
11543272 153325862 1
11543272 183953793 1
11543272 189479351 1
11543272 191017119 1
11543272 192928113 1
11543272 193409295 1
11543272 193793863 1
11543272 194521510 1
13551569 50933162 1
13551569 148242822 1
13551569 153325862 1
13551569 183953793 1
13551569 189479351 1
13551569 191017119 1
13551569 192928113 1
13551569 193409295 1
13551569 193793863 1
13551569 194521510 1
50933162 148242822 1
50933162 153325862 1
50933162 183953793 1
50933162 189479351 1
50933162 191017119 1
50933162 192928113 1
50933162 193409295 1
50933162 193793863 1
50933162 194521510 1
148242822 153325862 1
148242822 183953793 1
148242822 189479351 1
148242822 191017119 1
148242822 192928113 1
148242822 193409295 1
148242822 193793863 1
148242822 194521510 1
153325862 183953793 1
153325862 189479351 1
153325862 191017119 1
153325862 192928113 1
153325862 193409295 1
153325862 193793863 1
153325862 194521510 1
183953793 189479351 1
183953793 191017119 1
183953793 192928113 1
183953793 193409295 1
183953793 193793863 1
183953793 194521510 1
189479351 191017119 1
189479351 192928113 1
189479351 193409295 1
189479351 193793863 1
189479351 194521510 1
191017119 192928113 1
191017119 193409295 1
191017119 193793863 1
191017119 194521510 1
192928113 193409295 1
192928113 193793863 1
192928113 194521510 1
193409295 193793863 1
193409295 194521510 1
193793863 194521510 1
