8727809 11289485 13977499 43842462 8534948 13809579 11742509 14586543 13396300 11930832 4715475 38788692 10836569 42504672 2806371 11941224 13500398 9696752 11292535 10718074 20929661 2921855
2806371 13809579 2
2806371 13977499 1
2806371 14586543 2
13809579 13977499 1
13809579 14586543 2
13977499 14586543 1
2806371 10836569 1
2806371 11292535 6
2806371 11742509 1
2806371 13396300 4
2806371 38788692 2
10836569 11292535 1
10836569 11742509 1
10836569 13396300 1
10836569 38788692 1
11292535 11742509 1
11292535 13396300 3
11292535 38788692 1
11742509 13396300 1
11742509 38788692 1
13396300 38788692 1
2806371 4715475 1
2806371 11289485 1
2806371 11941224 3
2806371 13500398 1
2806371 20929661 6
2806371 42504672 1
4715475 11289485 1
4715475 11292535 1
4715475 11941224 1
4715475 13396300 1
4715475 13500398 1
4715475 20929661 1
4715475 42504672 1
11289485 11292535 1
11289485 11941224 1
11289485 13396300 1
11289485 13500398 1
11289485 20929661 1
11289485 42504672 1
11292535 11941224 2
11292535 13500398 1
11292535 20929661 4
11292535 42504672 1
11941224 13396300 3
11941224 13500398 1
11941224 20929661 2
11941224 42504672 1
13396300 13500398 1
13396300 20929661 2
13396300 42504672 1
13500398 20929661 1
13500398 42504672 1
20929661 42504672 1
2806371 8534948 1
2806371 43842462 1
8534948 11292535 1
8534948 43842462 1
11292535 43842462 1
13809579 20929661 1
13809579 38788692 1
14586543 20929661 1
14586543 38788692 1
20929661 38788692 1
2806371 8727809 1
2806371 9696752 1
2806371 10718074 1
2806371 11930832 1
8727809 9696752 1
8727809 10718074 1
8727809 11930832 1
8727809 11941224 1
8727809 13396300 1
9696752 10718074 1
9696752 11930832 1
9696752 11941224 1
9696752 13396300 1
10718074 11930832 1
10718074 11941224 1
10718074 13396300 1
11930832 11941224 1
11930832 13396300 1
2806371 2921855 1
2921855 20929661 1
