146464002 64725892 165180932 12036615 183783432 185933195 77697422 183935631 195578639 186492049 160013202 78333972 18963861 115873052 8671772 118217122 185998883 189556388 63596582 175690792 196567723 6657457 193735218 183876915 68059062 164011962 194050494 174054592 183736257 193276355 171762372 44558282 4171341 183902287 183922643 185490262 176295532 121711982 102008942 174167662 184140658 9360372 75350012 183856894 186673663
68059062 102008942 1
68059062 118217122 1
68059062 121711982 7
68059062 160013202 1
102008942 118217122 1
102008942 121711982 1
102008942 160013202 1
118217122 121711982 1
118217122 160013202 1
121711982 160013202 1
9360372 18963861 1
9360372 68059062 2
9360372 77697422 1
9360372 115873052 1
9360372 121711982 2
9360372 171762372 1
9360372 174054592 1
9360372 176295532 1
9360372 183783432 1
9360372 183856894 1
9360372 183902287 1
9360372 183922643 1
18963861 68059062 1
18963861 77697422 1
18963861 115873052 1
18963861 121711982 1
18963861 171762372 1
18963861 174054592 1
18963861 176295532 1
18963861 183783432 1
18963861 183856894 1
18963861 183902287 1
18963861 183922643 1
68059062 77697422 2
68059062 115873052 2
68059062 171762372 1
68059062 174054592 1
68059062 176295532 1
68059062 183783432 1
68059062 183856894 1
68059062 183902287 1
68059062 183922643 1
77697422 115873052 1
77697422 121711982 2
77697422 171762372 1
77697422 174054592 1
77697422 176295532 1
77697422 183783432 1
77697422 183856894 1
77697422 183902287 1
77697422 183922643 1
115873052 121711982 2
115873052 171762372 1
115873052 174054592 1
115873052 176295532 1
115873052 183783432 1
115873052 183856894 1
115873052 183902287 1
115873052 183922643 1
121711982 171762372 1
121711982 174054592 1
121711982 176295532 1
121711982 183783432 1
121711982 183856894 1
121711982 183902287 1
121711982 183922643 1
171762372 174054592 1
171762372 176295532 1
171762372 183783432 1
171762372 183856894 1
171762372 183902287 1
171762372 183922643 1
174054592 176295532 1
174054592 183783432 1
174054592 183856894 1
174054592 183902287 1
174054592 183922643 1
176295532 183783432 1
176295532 183856894 1
176295532 183902287 1
176295532 183922643 1
183783432 183856894 1
183783432 183902287 1
183783432 183922643 1
183856894 183902287 1
183856894 183922643 1
183902287 183922643 1
6657457 9360372 1
6657457 68059062 1
6657457 121711982 1
6657457 183736257 1
6657457 184140658 1
9360372 183736257 1
9360372 184140658 1
68059062 183736257 1
68059062 184140658 1
121711982 183736257 1
121711982 184140658 1
183736257 184140658 1
8671772 12036615 1
8671772 63596582 1
8671772 64725892 1
8671772 68059062 1
8671772 75350012 1
8671772 115873052 1
8671772 121711982 1
8671772 146464002 1
8671772 174167662 1
8671772 185490262 1
8671772 185933195 1
8671772 186492049 1
12036615 63596582 1
12036615 64725892 1
12036615 68059062 1
12036615 75350012 1
12036615 115873052 1
12036615 121711982 1
12036615 146464002 1
12036615 174167662 1
12036615 185490262 1
12036615 185933195 1
12036615 186492049 1
63596582 64725892 1
63596582 68059062 1
63596582 75350012 1
63596582 115873052 1
63596582 121711982 1
63596582 146464002 1
63596582 174167662 1
63596582 185490262 1
63596582 185933195 1
63596582 186492049 1
64725892 68059062 2
64725892 75350012 1
64725892 115873052 1
64725892 121711982 2
64725892 146464002 1
64725892 174167662 1
64725892 185490262 1
64725892 185933195 1
64725892 186492049 1
68059062 75350012 1
68059062 146464002 1
68059062 174167662 1
68059062 185490262 1
68059062 185933195 1
68059062 186492049 1
75350012 115873052 1
75350012 121711982 1
75350012 146464002 1
75350012 174167662 1
75350012 185490262 1
75350012 185933195 1
75350012 186492049 1
115873052 146464002 1
115873052 174167662 1
115873052 185490262 1
115873052 185933195 1
115873052 186492049 1
121711982 146464002 1
121711982 174167662 1
121711982 185490262 1
121711982 185933195 1
121711982 186492049 1
146464002 174167662 1
146464002 185490262 1
146464002 185933195 1
146464002 186492049 1
174167662 185490262 1
174167662 185933195 1
174167662 186492049 1
185490262 185933195 1
185490262 186492049 1
185933195 186492049 1
68059062 78333972 2
68059062 164011962 3
68059062 175690792 1
68059062 186673663 1
68059062 189556388 1
68059062 193276355 3
68059062 193735218 2
78333972 121711982 2
78333972 164011962 2
78333972 175690792 1
78333972 186673663 1
78333972 189556388 1
78333972 193276355 2
78333972 193735218 2
121711982 164011962 3
121711982 175690792 1
121711982 186673663 1
121711982 189556388 1
121711982 193276355 3
121711982 193735218 2
164011962 175690792 1
164011962 186673663 1
164011962 189556388 1
164011962 193276355 3
164011962 193735218 2
175690792 186673663 1
175690792 189556388 1
175690792 193276355 1
175690792 193735218 1
186673663 189556388 1
186673663 193276355 1
186673663 193735218 1
189556388 193276355 1
189556388 193735218 1
193276355 193735218 2
4171341 64725892 1
4171341 68059062 1
4171341 77697422 1
4171341 78333972 1
4171341 121711982 1
4171341 164011962 1
4171341 185998883 1
4171341 193276355 1
4171341 193735218 1
4171341 194050494 1
64725892 77697422 1
64725892 78333972 1
64725892 164011962 1
64725892 185998883 1
64725892 193276355 1
64725892 193735218 1
64725892 194050494 1
68059062 185998883 1
68059062 194050494 1
77697422 78333972 1
77697422 164011962 1
77697422 185998883 1
77697422 193276355 1
77697422 193735218 1
77697422 194050494 1
78333972 185998883 1
78333972 194050494 1
121711982 185998883 1
121711982 194050494 1
164011962 185998883 1
164011962 194050494 1
185998883 193276355 1
185998883 193735218 1
185998883 194050494 1
193276355 194050494 1
193735218 194050494 1
44558282 68059062 1
44558282 121711982 1
44558282 164011962 1
44558282 165180932 1
44558282 183876915 1
44558282 183935631 1
44558282 193276355 1
44558282 195578639 1
44558282 196567723 1
68059062 165180932 1
68059062 183876915 1
68059062 183935631 1
68059062 195578639 1
68059062 196567723 1
121711982 165180932 1
121711982 183876915 1
121711982 183935631 1
121711982 195578639 1
121711982 196567723 1
164011962 165180932 1
164011962 183876915 1
164011962 183935631 1
164011962 195578639 1
164011962 196567723 1
165180932 183876915 1
165180932 183935631 1
165180932 193276355 1
165180932 195578639 1
165180932 196567723 1
183876915 183935631 1
183876915 193276355 1
183876915 195578639 1
183876915 196567723 1
183935631 193276355 1
183935631 195578639 1
183935631 196567723 1
193276355 195578639 1
193276355 196567723 1
195578639 196567723 1
