40011652 74725512 3630861 104741902 62325522 10901659 79616412 23544221 81512732 4677282 53550242 93339172 12375844 59322662 3567656 104076072 55929082 111166762 10193324 13152172 109100332 61562802 104582582 32115132 105036612 78126792 100774092 14168276 107445462 3022040 101239132 7113055 3721696 13071841 93141602 846435 98519012 13402209 9996647 14280040 102223082 54585322 78075372 5414509 111313002 101043952 41358192 10192884 13780217 10889210 109659262
3567656 3630861 3
3567656 3721696 3
3567656 7113055 1
3567656 10193324 2
3567656 10889210 1
3567656 14168276 1
3567656 32115132 1
3567656 78126792 1
3567656 79616412 1
3567656 93339172 1
3567656 101043952 1
3567656 101239132 1
3567656 102223082 1
3567656 105036612 1
3630861 3721696 7
3630861 7113055 4
3630861 10193324 7
3630861 10889210 3
3630861 14168276 1
3630861 32115132 6
3630861 78126792 3
3630861 79616412 1
3630861 93339172 1
3630861 101043952 1
3630861 101239132 1
3630861 102223082 1
3630861 105036612 3
3721696 7113055 2
3721696 10193324 6
3721696 10889210 1
3721696 14168276 1
3721696 32115132 4
3721696 78126792 1
3721696 79616412 1
3721696 93339172 1
3721696 101043952 1
3721696 101239132 1
3721696 102223082 1
3721696 105036612 1
7113055 10193324 2
7113055 10889210 2
7113055 14168276 1
7113055 32115132 2
7113055 78126792 2
7113055 79616412 1
7113055 93339172 1
7113055 101043952 1
7113055 101239132 1
7113055 102223082 1
7113055 105036612 2
10193324 10889210 2
10193324 14168276 1
10193324 32115132 5
10193324 78126792 2
10193324 79616412 1
10193324 93339172 1
10193324 101043952 1
10193324 101239132 1
10193324 102223082 1
10193324 105036612 2
10889210 14168276 1
10889210 32115132 2
10889210 78126792 3
10889210 79616412 1
10889210 93339172 1
10889210 101043952 1
10889210 101239132 1
10889210 102223082 1
10889210 105036612 3
14168276 32115132 1
14168276 78126792 1
14168276 79616412 1
14168276 93339172 1
14168276 101043952 1
14168276 101239132 1
14168276 102223082 1
14168276 105036612 1
32115132 78126792 2
32115132 79616412 1
32115132 93339172 1
32115132 101043952 1
32115132 101239132 1
32115132 102223082 1
32115132 105036612 2
78126792 79616412 1
78126792 93339172 1
78126792 101043952 1
78126792 101239132 1
78126792 102223082 1
78126792 105036612 3
79616412 93339172 1
79616412 101043952 1
79616412 101239132 1
79616412 102223082 1
79616412 105036612 1
93339172 101043952 1
93339172 101239132 1
93339172 102223082 1
93339172 105036612 1
101043952 101239132 1
101043952 102223082 1
101043952 105036612 1
101239132 102223082 1
101239132 105036612 1
102223082 105036612 1
3022040 3630861 5
3022040 3721696 5
3022040 10193324 4
3022040 13071841 4
3022040 23544221 5
3022040 32115132 3
3630861 13071841 5
3630861 23544221 9
3721696 13071841 4
3721696 23544221 6
10193324 13071841 3
10193324 23544221 6
13071841 23544221 5
13071841 32115132 3
23544221 32115132 5
3630861 5414509 1
3630861 10901659 4
3630861 13780217 1
3630861 41358192 1
3630861 74725512 1
3630861 104741902 1
5414509 10193324 1
5414509 10889210 1
5414509 10901659 1
5414509 13780217 1
5414509 23544221 1
5414509 32115132 1
5414509 41358192 1
5414509 74725512 1
5414509 78126792 1
5414509 104741902 1
5414509 105036612 1
10193324 10901659 3
10193324 13780217 1
10193324 41358192 1
10193324 74725512 1
10193324 104741902 1
10889210 10901659 2
10889210 13780217 1
10889210 23544221 2
10889210 41358192 1
10889210 74725512 1
10889210 104741902 1
10901659 13780217 1
10901659 23544221 4
10901659 32115132 1
10901659 41358192 1
10901659 74725512 1
10901659 78126792 2
10901659 104741902 1
10901659 105036612 2
13780217 23544221 1
13780217 32115132 1
13780217 41358192 1
13780217 74725512 1
13780217 78126792 1
13780217 104741902 1
13780217 105036612 1
23544221 41358192 1
23544221 74725512 1
23544221 78126792 2
23544221 104741902 1
23544221 105036612 2
32115132 41358192 1
32115132 74725512 1
32115132 104741902 1
41358192 74725512 1
41358192 78126792 1
41358192 104741902 1
41358192 105036612 1
74725512 78126792 1
74725512 104741902 1
74725512 105036612 1
78126792 104741902 1
104741902 105036612 1
3022040 10192884 1
3022040 13152172 2
3022040 55929082 1
3022040 98519012 1
3022040 107445462 3
3630861 10192884 1
3630861 13152172 3
3630861 55929082 1
3630861 98519012 1
3630861 107445462 3
3721696 10192884 1
3721696 13152172 2
3721696 55929082 1
3721696 98519012 1
3721696 107445462 3
10192884 10193324 1
10192884 13071841 1
10192884 13152172 1
10192884 23544221 1
10192884 32115132 1
10192884 55929082 1
10192884 98519012 1
10192884 107445462 1
10193324 13152172 2
10193324 55929082 1
10193324 98519012 1
10193324 107445462 2
13071841 13152172 3
13071841 55929082 1
13071841 98519012 1
13071841 107445462 3
13152172 23544221 3
13152172 32115132 2
13152172 55929082 1
13152172 98519012 1
13152172 107445462 2
23544221 55929082 1
23544221 98519012 1
23544221 107445462 3
32115132 55929082 1
32115132 98519012 1
32115132 107445462 2
55929082 98519012 1
55929082 107445462 1
98519012 107445462 1
3630861 61562802 2
3630861 62325522 1
7113055 23544221 3
7113055 61562802 2
7113055 62325522 1
23544221 61562802 2
23544221 62325522 1
32115132 61562802 1
32115132 62325522 1
61562802 62325522 1
846435 3022040 1
846435 3630861 1
846435 3721696 1
846435 4677282 1
846435 9996647 1
846435 10193324 1
846435 12375844 1
846435 13071841 1
846435 13152172 1
846435 23544221 1
846435 32115132 1
846435 40011652 1
846435 54585322 1
846435 93141602 1
846435 104582582 1
846435 107445462 1
846435 109100332 1
3022040 4677282 1
3022040 9996647 1
3022040 12375844 1
3022040 40011652 1
3022040 54585322 1
3022040 93141602 1
3022040 104582582 1
3022040 109100332 3
3630861 4677282 2
3630861 9996647 1
3630861 12375844 1
3630861 40011652 1
3630861 54585322 1
3630861 93141602 1
3630861 104582582 1
3630861 109100332 3
3721696 4677282 1
3721696 9996647 1
3721696 12375844 1
3721696 40011652 1
3721696 54585322 1
3721696 93141602 1
3721696 104582582 1
3721696 109100332 3
4677282 9996647 1
4677282 10193324 1
4677282 12375844 1
4677282 13071841 2
4677282 13152172 2
4677282 23544221 2
4677282 32115132 1
4677282 40011652 1
4677282 54585322 1
4677282 93141602 1
4677282 104582582 1
4677282 107445462 1
4677282 109100332 1
9996647 10193324 1
9996647 12375844 1
9996647 13071841 1
9996647 13152172 1
9996647 23544221 1
9996647 32115132 1
9996647 40011652 1
9996647 54585322 1
9996647 93141602 1
9996647 104582582 1
9996647 107445462 1
9996647 109100332 1
10193324 12375844 1
10193324 40011652 1
10193324 54585322 1
10193324 93141602 1
10193324 104582582 1
10193324 109100332 2
12375844 13071841 1
12375844 13152172 1
12375844 23544221 1
12375844 32115132 1
12375844 40011652 1
12375844 54585322 1
12375844 93141602 1
12375844 104582582 1
12375844 107445462 1
12375844 109100332 1
13071841 40011652 1
13071841 54585322 1
13071841 93141602 1
13071841 104582582 1
13071841 109100332 2
13152172 40011652 1
13152172 54585322 1
13152172 93141602 1
13152172 104582582 1
13152172 109100332 1
23544221 40011652 1
23544221 54585322 1
23544221 93141602 1
23544221 104582582 1
23544221 109100332 3
32115132 40011652 1
32115132 54585322 1
32115132 93141602 1
32115132 104582582 1
32115132 109100332 1
40011652 54585322 1
40011652 93141602 1
40011652 104582582 1
40011652 107445462 1
40011652 109100332 1
54585322 93141602 1
54585322 104582582 1
54585322 107445462 1
54585322 109100332 1
93141602 104582582 1
93141602 107445462 1
93141602 109100332 1
104582582 107445462 1
104582582 109100332 1
107445462 109100332 2
3630861 13402209 3
3630861 14280040 1
3630861 53550242 3
3630861 59322662 1
3630861 78075372 2
3630861 104076072 1
3630861 109659262 1
4677282 7113055 1
4677282 10889210 1
4677282 10901659 1
4677282 13402209 1
4677282 14280040 1
4677282 53550242 1
4677282 59322662 1
4677282 78075372 1
4677282 78126792 1
4677282 104076072 1
4677282 105036612 1
4677282 109659262 1
7113055 10901659 2
7113055 13071841 1
7113055 13152172 1
7113055 13402209 2
7113055 14280040 1
7113055 53550242 1
7113055 59322662 1
7113055 78075372 2
7113055 104076072 1
7113055 109659262 1
10889210 13071841 1
10889210 13152172 1
10889210 13402209 1
10889210 14280040 1
10889210 53550242 1
10889210 59322662 1
10889210 78075372 1
10889210 104076072 1
10889210 109659262 1
10901659 13071841 1
10901659 13152172 1
10901659 13402209 3
10901659 14280040 1
10901659 53550242 2
10901659 59322662 1
10901659 78075372 2
10901659 104076072 1
10901659 109659262 1
13071841 13402209 1
13071841 14280040 1
13071841 53550242 2
13071841 59322662 1
13071841 78075372 1
13071841 78126792 1
13071841 104076072 1
13071841 105036612 1
13071841 109659262 1
13152172 13402209 1
13152172 14280040 1
13152172 53550242 1
13152172 59322662 1
13152172 78075372 1
13152172 78126792 1
13152172 104076072 1
13152172 105036612 1
13152172 109659262 1
13402209 14280040 1
13402209 23544221 3
13402209 53550242 2
13402209 59322662 1
13402209 78075372 2
13402209 78126792 1
13402209 104076072 1
13402209 105036612 1
13402209 109659262 1
14280040 23544221 1
14280040 53550242 1
14280040 59322662 1
14280040 78075372 1
14280040 78126792 1
14280040 104076072 1
14280040 105036612 1
14280040 109659262 1
23544221 53550242 3
23544221 59322662 1
23544221 78075372 2
23544221 104076072 1
23544221 109659262 1
53550242 59322662 1
53550242 78075372 1
53550242 78126792 1
53550242 104076072 1
53550242 105036612 1
53550242 109659262 1
59322662 78075372 1
59322662 78126792 1
59322662 104076072 1
59322662 105036612 1
59322662 109659262 1
78075372 78126792 1
78075372 104076072 1
78075372 105036612 1
78075372 109659262 1
78126792 104076072 1
78126792 109659262 1
104076072 105036612 1
104076072 109659262 1
105036612 109659262 1
3022040 3567656 2
3022040 53550242 2
3567656 13071841 1
3567656 23544221 2
3567656 53550242 2
3567656 107445462 1
3567656 109100332 2
3721696 53550242 2
53550242 107445462 1
53550242 109100332 2
3721696 10901659 2
3721696 13402209 2
3721696 61562802 1
3721696 78075372 1
10193324 13402209 2
10193324 61562802 1
10193324 78075372 1
10901659 61562802 1
13402209 61562802 1
61562802 78075372 1
3022040 10901659 1
3022040 13402209 1
3022040 81512732 1
3022040 100774092 1
3022040 111166762 1
3022040 111313002 1
3567656 10901659 1
3567656 13402209 1
3567656 81512732 1
3567656 100774092 1
3567656 111166762 1
3567656 111313002 1
3630861 81512732 1
3630861 100774092 1
3630861 111166762 1
3630861 111313002 1
3721696 81512732 1
3721696 100774092 1
3721696 111166762 1
3721696 111313002 1
10193324 53550242 1
10193324 81512732 1
10193324 100774092 1
10193324 111166762 1
10193324 111313002 1
10901659 81512732 1
10901659 100774092 1
10901659 109100332 1
10901659 111166762 1
10901659 111313002 1
13402209 81512732 1
13402209 100774092 1
13402209 109100332 1
13402209 111166762 1
13402209 111313002 1
23544221 81512732 1
23544221 100774092 1
23544221 111166762 1
23544221 111313002 1
53550242 81512732 1
53550242 100774092 1
53550242 111166762 1
53550242 111313002 1
81512732 100774092 1
81512732 109100332 1
81512732 111166762 1
81512732 111313002 1
100774092 109100332 1
100774092 111166762 1
100774092 111313002 1
109100332 111166762 1
109100332 111313002 1
111166762 111313002 1
