81351682 70594052 3630861 83964432 10901659 79616412 23544221 3567656 10193324 3643568 81011002 84121532 32115132 82013432 78126792 82115792 68316882 83202262 12885590 3022040 10651737 50537052 54642782 7113055 3721696 13402209 76072672 77411552 13071841 81313892 83970152 86978542 11631089 27282162 7635957 6360823 63658872 10889210 86943102
3567656 3630861 4
3567656 3643568 1
3567656 3721696 1
3567656 7113055 3
3567656 7635957 3
3567656 10889210 3
3567656 10901659 2
3567656 13402209 3
3567656 23544221 4
3567656 50537052 1
3567656 70594052 3
3567656 76072672 1
3567656 78126792 3
3567656 79616412 3
3567656 83202262 1
3567656 83964432 1
3630861 3643568 1
3630861 3721696 2
3630861 7113055 5
3630861 7635957 5
3630861 10889210 6
3630861 10901659 3
3630861 13402209 3
3630861 23544221 7
3630861 50537052 1
3630861 70594052 4
3630861 76072672 2
3630861 78126792 5
3630861 79616412 3
3630861 83202262 2
3630861 83964432 1
3643568 3721696 1
3643568 7113055 1
3643568 7635957 1
3643568 10889210 1
3643568 10901659 1
3643568 13402209 1
3643568 23544221 1
3643568 50537052 1
3643568 70594052 1
3643568 76072672 1
3643568 78126792 1
3643568 79616412 1
3643568 83202262 1
3643568 83964432 1
3721696 7113055 1
3721696 7635957 1
3721696 10889210 2
3721696 10901659 1
3721696 13402209 1
3721696 23544221 2
3721696 50537052 1
3721696 70594052 2
3721696 76072672 2
3721696 78126792 2
3721696 79616412 1
3721696 83202262 1
3721696 83964432 1
7113055 7635957 2
7113055 10889210 4
7113055 10901659 2
7113055 13402209 2
7113055 23544221 4
7113055 50537052 1
7113055 70594052 3
7113055 76072672 1
7113055 78126792 3
7113055 79616412 3
7113055 83202262 1
7113055 83964432 1
7635957 10889210 3
7635957 10901659 2
7635957 13402209 3
7635957 23544221 3
7635957 50537052 1
7635957 70594052 2
7635957 76072672 1
7635957 78126792 2
7635957 79616412 2
7635957 83202262 2
7635957 83964432 1
10889210 10901659 2
10889210 13402209 2
10889210 23544221 5
10889210 50537052 1
10889210 70594052 4
10889210 76072672 2
10889210 78126792 4
10889210 79616412 3
10889210 83202262 2
10889210 83964432 1
10901659 13402209 2
10901659 23544221 3
10901659 50537052 1
10901659 70594052 2
10901659 76072672 1
10901659 78126792 3
10901659 79616412 2
10901659 83202262 1
10901659 83964432 1
13402209 23544221 3
13402209 50537052 1
13402209 70594052 2
13402209 76072672 1
13402209 78126792 2
13402209 79616412 2
13402209 83202262 1
13402209 83964432 1
23544221 50537052 1
23544221 70594052 4
23544221 76072672 2
23544221 78126792 5
23544221 79616412 3
23544221 83202262 1
23544221 83964432 1
50537052 70594052 1
50537052 76072672 1
50537052 78126792 1
50537052 79616412 1
50537052 83202262 1
50537052 83964432 1
70594052 76072672 2
70594052 78126792 4
70594052 79616412 3
70594052 83202262 1
70594052 83964432 1
76072672 78126792 2
76072672 79616412 1
76072672 83202262 1
76072672 83964432 1
78126792 79616412 3
78126792 83202262 1
78126792 83964432 1
79616412 83202262 1
79616412 83964432 1
83202262 83964432 1
3022040 3630861 5
3022040 7635957 4
3022040 10193324 2
3022040 10889210 2
3022040 77411552 2
3022040 81011002 1
3022040 83202262 1
3630861 10193324 3
3630861 77411552 3
3630861 81011002 2
7635957 10193324 2
7635957 77411552 1
7635957 81011002 1
10193324 10889210 1
10193324 77411552 1
10193324 81011002 1
10193324 83202262 1
10889210 77411552 2
10889210 81011002 2
77411552 81011002 2
77411552 83202262 1
81011002 83202262 1
3630861 13071841 2
3630861 83970152 1
3721696 13071841 1
3721696 83970152 1
10889210 13071841 2
10889210 83970152 1
13071841 23544221 2
13071841 70594052 2
13071841 76072672 1
13071841 78126792 2
13071841 83970152 1
23544221 83970152 1
70594052 83970152 1
76072672 83970152 1
78126792 83970152 1
7113055 10193324 1
3022040 3567656 2
3022040 7113055 1
3022040 10901659 2
3022040 13071841 1
3022040 13402209 2
3022040 23544221 3
3022040 27282162 1
3022040 54642782 1
3022040 68316882 1
3022040 70594052 1
3022040 78126792 2
3022040 79616412 1
3022040 84121532 1
3567656 13071841 1
3567656 27282162 1
3567656 54642782 1
3567656 68316882 1
3567656 84121532 1
3630861 27282162 1
3630861 54642782 1
3630861 68316882 1
3630861 84121532 1
7113055 13071841 1
7113055 27282162 1
7113055 54642782 1
7113055 68316882 1
7113055 84121532 1
7635957 13071841 1
7635957 27282162 1
7635957 54642782 1
7635957 68316882 1
7635957 84121532 1
10889210 27282162 1
10889210 54642782 1
10889210 68316882 1
10889210 84121532 1
10901659 13071841 1
10901659 27282162 1
10901659 54642782 1
10901659 68316882 1
10901659 84121532 1
13071841 13402209 1
13071841 27282162 1
13071841 54642782 1
13071841 68316882 1
13071841 79616412 1
13071841 84121532 1
13402209 27282162 1
13402209 54642782 1
13402209 68316882 1
13402209 84121532 1
23544221 27282162 1
23544221 54642782 1
23544221 68316882 1
23544221 84121532 1
27282162 54642782 1
27282162 68316882 1
27282162 70594052 1
27282162 78126792 1
27282162 79616412 1
27282162 84121532 1
54642782 68316882 1
54642782 70594052 1
54642782 78126792 1
54642782 79616412 1
54642782 84121532 1
68316882 70594052 1
68316882 78126792 1
68316882 79616412 1
68316882 84121532 1
70594052 84121532 1
78126792 84121532 1
79616412 84121532 1
10901659 77411552 1
23544221 77411552 2
77411552 78126792 2
3567656 10651737 2
3567656 32115132 2
3567656 63658872 1
3567656 77411552 1
3567656 81011002 1
3567656 81351682 1
3567656 82013432 1
3567656 86943102 1
3567656 86978542 1
3630861 10651737 3
3630861 32115132 2
3630861 63658872 2
3630861 81351682 1
3630861 82013432 1
3630861 86943102 1
3630861 86978542 1
7113055 10651737 2
7113055 32115132 1
7113055 63658872 2
7113055 77411552 1
7113055 81011002 1
7113055 81351682 1
7113055 82013432 1
7113055 86943102 1
7113055 86978542 1
10651737 10889210 2
10651737 23544221 3
10651737 32115132 2
10651737 63658872 2
10651737 70594052 1
10651737 77411552 1
10651737 78126792 1
10651737 79616412 1
10651737 81011002 1
10651737 81351682 1
10651737 82013432 1
10651737 86943102 1
10651737 86978542 1
10889210 32115132 1
10889210 63658872 2
10889210 81351682 1
10889210 82013432 1
10889210 86943102 1
10889210 86978542 1
23544221 32115132 2
23544221 63658872 2
23544221 81011002 1
23544221 81351682 1
23544221 82013432 1
23544221 86943102 1
23544221 86978542 1
32115132 63658872 1
32115132 70594052 1
32115132 77411552 1
32115132 78126792 1
32115132 79616412 1
32115132 81011002 1
32115132 81351682 1
32115132 82013432 1
32115132 86943102 1
32115132 86978542 1
63658872 70594052 1
63658872 77411552 1
63658872 78126792 1
63658872 79616412 1
63658872 81011002 1
63658872 81351682 1
63658872 82013432 1
63658872 86943102 1
63658872 86978542 1
70594052 77411552 1
70594052 81011002 1
70594052 81351682 1
70594052 82013432 1
70594052 86943102 1
70594052 86978542 1
77411552 79616412 1
77411552 81351682 1
77411552 82013432 1
77411552 86943102 1
77411552 86978542 1
78126792 81011002 1
78126792 81351682 1
78126792 82013432 1
78126792 86943102 1
78126792 86978542 1
79616412 81011002 1
79616412 81351682 1
79616412 82013432 1
79616412 86943102 1
79616412 86978542 1
81011002 81351682 1
81011002 82013432 1
81011002 86943102 1
81011002 86978542 1
81351682 82013432 1
81351682 86943102 1
81351682 86978542 1
82013432 86943102 1
82013432 86978542 1
86943102 86978542 1
3022040 6360823 1
3022040 10651737 1
3022040 32115132 1
3567656 6360823 1
3567656 10193324 1
3630861 6360823 1
6360823 7635957 1
6360823 10193324 1
6360823 10651737 1
6360823 13402209 1
6360823 23544221 1
6360823 32115132 1
7635957 10651737 1
7635957 32115132 1
10193324 10651737 1
10193324 13402209 1
10193324 23544221 1
10193324 32115132 1
10651737 13402209 1
13402209 32115132 1
3630861 11631089 1
3630861 12885590 1
3630861 81313892 1
3630861 82115792 1
7113055 11631089 1
7113055 12885590 1
7113055 81313892 1
7113055 82115792 1
10651737 11631089 1
10651737 12885590 1
10651737 81313892 1
10651737 82115792 1
10889210 11631089 1
10889210 12885590 1
10889210 81313892 1
10889210 82115792 1
11631089 12885590 1
11631089 23544221 1
11631089 63658872 1
11631089 81313892 1
11631089 82115792 1
12885590 23544221 1
12885590 63658872 1
12885590 81313892 1
12885590 82115792 1
23544221 81313892 1
23544221 82115792 1
63658872 81313892 1
63658872 82115792 1
81313892 82115792 1
