20468101 149212042 180679052 3630861 112134162 10901659 23544221 9193885 12658207 5446816 48913822 62790182 78335272 13152172 115412142 163780272 44553522 180593342 156681412 180059212 115428432 103845202 3022040 13656666 177725532 162389212 166751582 7113055 3721696 13071841 117372902 182589798 78075372 182458348 41953902 24997492 75005172 97573752 158877562 178679932
3630861 7113055 10
3630861 12658207 3
3630861 23544221 10
3630861 24997492 5
3630861 78075372 3
3630861 78335272 2
3630861 163780272 2
3630861 166751582 1
3630861 177725532 4
7113055 12658207 3
7113055 23544221 10
7113055 24997492 5
7113055 78075372 3
7113055 78335272 2
7113055 163780272 2
7113055 166751582 1
7113055 177725532 4
12658207 23544221 3
12658207 24997492 2
12658207 78075372 2
12658207 78335272 1
12658207 163780272 2
12658207 166751582 1
12658207 177725532 1
23544221 24997492 5
23544221 78075372 3
23544221 78335272 2
23544221 163780272 2
23544221 166751582 1
23544221 177725532 4
24997492 78075372 2
24997492 78335272 1
24997492 163780272 2
24997492 166751582 1
24997492 177725532 3
78075372 78335272 1
78075372 163780272 2
78075372 166751582 1
78075372 177725532 1
78335272 163780272 1
78335272 166751582 1
78335272 177725532 2
163780272 166751582 1
163780272 177725532 1
166751582 177725532 1
3022040 3630861 5
3022040 7113055 5
3022040 13152172 2
3022040 23544221 5
3022040 41953902 1
3022040 44553522 3
3022040 62790182 1
3022040 78335272 1
3022040 97573752 1
3022040 115412142 4
3022040 115428432 1
3022040 117372902 4
3022040 149212042 1
3022040 156681412 1
3022040 158877562 1
3022040 162389212 3
3022040 177725532 3
3022040 180059212 1
3022040 180679052 2
3630861 13152172 2
3630861 41953902 1
3630861 44553522 4
3630861 62790182 1
3630861 97573752 2
3630861 115412142 5
3630861 115428432 1
3630861 117372902 6
3630861 149212042 1
3630861 156681412 2
3630861 158877562 2
3630861 162389212 3
3630861 180059212 1
3630861 180679052 2
7113055 13152172 2
7113055 41953902 1
7113055 44553522 4
7113055 62790182 1
7113055 97573752 2
7113055 115412142 5
7113055 115428432 1
7113055 117372902 6
7113055 149212042 1
7113055 156681412 2
7113055 158877562 2
7113055 162389212 3
7113055 180059212 1
7113055 180679052 2
13152172 23544221 2
13152172 41953902 1
13152172 44553522 1
13152172 62790182 1
13152172 78335272 1
13152172 97573752 1
13152172 115412142 2
13152172 115428432 1
13152172 117372902 2
13152172 149212042 1
13152172 156681412 1
13152172 158877562 1
13152172 162389212 1
13152172 177725532 1
13152172 180059212 1
13152172 180679052 1
23544221 41953902 1
23544221 44553522 4
23544221 62790182 1
23544221 97573752 2
23544221 115412142 5
23544221 115428432 1
23544221 117372902 6
23544221 149212042 1
23544221 156681412 2
23544221 158877562 2
23544221 162389212 3
23544221 180059212 1
23544221 180679052 2
41953902 44553522 1
41953902 62790182 1
41953902 78335272 1
41953902 97573752 1
41953902 115412142 1
41953902 115428432 1
41953902 117372902 1
41953902 149212042 1
41953902 156681412 1
41953902 158877562 1
41953902 162389212 1
41953902 177725532 1
41953902 180059212 1
41953902 180679052 1
44553522 62790182 1
44553522 78335272 1
44553522 97573752 1
44553522 115412142 4
44553522 115428432 1
44553522 117372902 3
44553522 149212042 1
44553522 156681412 1
44553522 158877562 1
44553522 162389212 2
44553522 177725532 3
44553522 180059212 1
44553522 180679052 2
62790182 78335272 1
62790182 97573752 1
62790182 115412142 1
62790182 115428432 1
62790182 117372902 1
62790182 149212042 1
62790182 156681412 1
62790182 158877562 1
62790182 162389212 1
62790182 177725532 1
62790182 180059212 1
62790182 180679052 1
78335272 97573752 1
78335272 115412142 1
78335272 115428432 1
78335272 117372902 1
78335272 149212042 1
78335272 156681412 1
78335272 158877562 1
78335272 162389212 1
78335272 180059212 1
78335272 180679052 1
97573752 115412142 1
97573752 115428432 1
97573752 117372902 2
97573752 149212042 1
97573752 156681412 1
97573752 158877562 1
97573752 162389212 1
97573752 177725532 1
97573752 180059212 1
97573752 180679052 1
115412142 115428432 1
115412142 117372902 4
115412142 149212042 1
115412142 156681412 1
115412142 158877562 1
115412142 162389212 2
115412142 177725532 3
115412142 180059212 1
115412142 180679052 2
115428432 117372902 1
115428432 149212042 1
115428432 156681412 1
115428432 158877562 1
115428432 162389212 1
115428432 177725532 1
115428432 180059212 1
115428432 180679052 1
117372902 149212042 1
117372902 156681412 1
117372902 158877562 1
117372902 162389212 2
117372902 177725532 3
117372902 180059212 1
117372902 180679052 2
149212042 156681412 1
149212042 158877562 1
149212042 162389212 1
149212042 177725532 1
149212042 180059212 1
149212042 180679052 1
156681412 158877562 2
156681412 162389212 1
156681412 177725532 1
156681412 180059212 1
156681412 180679052 1
158877562 162389212 1
158877562 177725532 1
158877562 180059212 1
158877562 180679052 1
162389212 177725532 2
162389212 180059212 1
162389212 180679052 2
177725532 180059212 1
177725532 180679052 2
180059212 180679052 1
3630861 5446816 1
3630861 9193885 1
3630861 178679932 1
5446816 7113055 1
5446816 9193885 1
5446816 12658207 1
5446816 23544221 1
5446816 24997492 1
5446816 78075372 1
5446816 156681412 1
5446816 158877562 1
5446816 163780272 1
5446816 178679932 1
7113055 9193885 1
7113055 178679932 1
9193885 12658207 1
9193885 23544221 1
9193885 24997492 1
9193885 78075372 1
9193885 156681412 1
9193885 158877562 1
9193885 163780272 1
9193885 178679932 1
12658207 156681412 1
12658207 158877562 1
12658207 178679932 1
23544221 178679932 1
24997492 156681412 1
24997492 158877562 1
24997492 178679932 1
78075372 156681412 1
78075372 158877562 1
78075372 178679932 1
156681412 163780272 1
156681412 178679932 1
158877562 163780272 1
158877562 178679932 1
163780272 178679932 1
3022040 10901659 1
3022040 13656666 1
3022040 20468101 1
3022040 24997492 3
3022040 48913822 1
3022040 103845202 1
3022040 180593342 2
3022040 182458348 1
3630861 10901659 1
3630861 13656666 1
3630861 20468101 1
3630861 48913822 1
3630861 103845202 1
3630861 180593342 2
3630861 182458348 1
7113055 10901659 1
7113055 13656666 1
7113055 20468101 1
7113055 48913822 1
7113055 103845202 1
7113055 180593342 2
7113055 182458348 1
10901659 13656666 1
10901659 20468101 1
10901659 23544221 1
10901659 24997492 1
10901659 44553522 1
10901659 48913822 1
10901659 103845202 1
10901659 115412142 1
10901659 117372902 1
10901659 162389212 1
10901659 177725532 1
10901659 180593342 1
10901659 180679052 1
10901659 182458348 1
13656666 20468101 1
13656666 23544221 1
13656666 24997492 1
13656666 44553522 1
13656666 48913822 1
13656666 103845202 1
13656666 115412142 1
13656666 117372902 1
13656666 162389212 1
13656666 177725532 1
13656666 180593342 1
13656666 180679052 1
13656666 182458348 1
20468101 23544221 1
20468101 24997492 1
20468101 44553522 1
20468101 48913822 1
20468101 103845202 1
20468101 115412142 1
20468101 117372902 1
20468101 162389212 1
20468101 177725532 1
20468101 180593342 1
20468101 180679052 1
20468101 182458348 1
23544221 48913822 1
23544221 103845202 1
23544221 180593342 2
23544221 182458348 1
24997492 44553522 2
24997492 48913822 1
24997492 103845202 1
24997492 115412142 3
24997492 117372902 3
24997492 162389212 1
24997492 180593342 2
24997492 180679052 1
24997492 182458348 1
44553522 48913822 1
44553522 103845202 1
44553522 180593342 2
44553522 182458348 1
48913822 103845202 1
48913822 115412142 1
48913822 117372902 1
48913822 162389212 1
48913822 177725532 1
48913822 180593342 1
48913822 180679052 1
48913822 182458348 1
103845202 115412142 1
103845202 117372902 1
103845202 162389212 1
103845202 177725532 1
103845202 180593342 1
103845202 180679052 1
103845202 182458348 1
115412142 180593342 2
115412142 182458348 1
117372902 180593342 2
117372902 182458348 1
162389212 180593342 1
162389212 182458348 1
177725532 180593342 2
177725532 182458348 1
180593342 180679052 1
180593342 182458348 1
180679052 182458348 1
12658207 117372902 1
3630861 112134162 1
3630861 182589798 2
7113055 112134162 1
7113055 182589798 2
23544221 112134162 1
23544221 182589798 2
44553522 78075372 1
44553522 112134162 1
44553522 182589798 1
78075372 112134162 1
78075372 115412142 1
78075372 182589798 1
112134162 115412142 1
112134162 182589798 1
115412142 182589798 1
3022040 3721696 1
3022040 75005172 1
3022040 182589798 1
3630861 3721696 1
3630861 75005172 1
3721696 7113055 1
3721696 23544221 1
3721696 75005172 1
3721696 162389212 1
3721696 182589798 1
7113055 75005172 1
23544221 75005172 1
75005172 162389212 1
75005172 182589798 1
162389212 182589798 1
3022040 13071841 1
3630861 13071841 1
7113055 13071841 1
13071841 13152172 1
13071841 23544221 1
13071841 24997492 1
13071841 115412142 1
13071841 117372902 1
13152172 24997492 1
