718345 3630861 6334221 7871757 3252627 3567656 8463656 7161002 7559854 7287741 3022040 1695196 7243230 8234847 3721696 8295787 7645932 8290289 4512245 7635957 8064374
718345 3022040 4
718345 3252627 1
718345 3567656 6
718345 3630861 6
718345 4512245 3
718345 7161002 5
718345 7243230 6
718345 7635957 3
718345 7645932 4
718345 8234847 3
718345 8295787 1
3022040 3252627 1
3022040 3567656 5
3022040 3630861 5
3022040 4512245 4
3022040 7161002 5
3022040 7243230 5
3022040 7635957 3
3022040 7645932 3
3022040 8234847 4
3022040 8295787 1
3252627 3567656 1
3252627 3630861 1
3252627 4512245 1
3252627 7161002 1
3252627 7243230 1
3252627 7635957 1
3252627 7645932 1
3252627 8234847 1
3252627 8295787 1
3567656 3630861 9
3567656 4512245 5
3567656 7161002 8
3567656 7243230 9
3567656 7635957 6
3567656 7645932 6
3567656 8234847 6
3567656 8295787 1
3630861 4512245 5
3630861 7161002 8
3630861 7243230 10
3630861 7635957 6
3630861 7645932 7
3630861 8234847 6
3630861 8295787 1
4512245 7161002 5
4512245 7243230 5
4512245 7635957 3
4512245 7645932 3
4512245 8234847 4
4512245 8295787 1
7161002 7243230 8
7161002 7635957 6
7161002 7645932 5
7161002 8234847 6
7161002 8295787 1
7243230 7635957 6
7243230 7645932 7
7243230 8234847 6
7243230 8295787 1
7635957 7645932 5
7635957 8234847 5
7635957 8295787 1
7645932 8234847 4
7645932 8295787 1
8234847 8295787 1
3022040 6334221 1
3567656 6334221 3
3630861 6334221 4
4512245 6334221 2
6334221 7161002 3
6334221 7243230 4
6334221 7635957 3
6334221 7645932 4
6334221 8234847 2
3630861 7871757 1
6334221 7871757 1
7243230 7871757 1
7645932 7871757 1
718345 3721696 1
718345 6334221 1
3567656 3721696 1
3630861 3721696 1
3721696 6334221 1
3721696 7161002 1
3721696 7243230 1
3721696 7635957 1
3721696 7645932 1
718345 7287741 1
718345 8064374 1
3567656 7287741 1
3567656 8064374 1
3630861 7287741 1
3630861 8064374 1
7243230 7287741 1
7243230 8064374 1
7287741 7645932 1
7287741 8064374 1
7645932 8064374 1
1695196 3567656 2
1695196 3630861 2
1695196 7161002 2
1695196 7243230 2
1695196 7559854 2
1695196 7635957 1
1695196 8234847 2
3567656 7559854 2
3630861 7559854 2
7161002 7559854 2
7243230 7559854 2
7559854 7635957 1
7559854 8234847 2
718345 1695196 1
718345 7559854 1
718345 8290289 1
718345 8463656 1
1695196 3022040 1
1695196 4512245 1
1695196 8290289 1
1695196 8463656 1
3022040 7559854 1
3022040 8290289 1
3022040 8463656 1
3567656 8290289 1
3567656 8463656 1
3630861 8290289 1
3630861 8463656 1
4512245 7559854 1
4512245 8290289 1
4512245 8463656 1
7161002 8290289 1
7161002 8463656 1
7243230 8290289 1
7243230 8463656 1
7559854 8290289 1
7559854 8463656 1
8234847 8290289 1
8234847 8463656 1
8290289 8463656 1
