28305412 11845141 40785432 9218595 13766181 11993126 5345833 39130672 4236857 11977787 9711676 11262543 14127711 14468705 11051105 7444070 24504422 40416882 8502388 10050685 10297990 41060502 11108517 13427892 11093705 6665940 29583062 19768541 8713949 9619679 22149861 4361960 13264617 9737454 10441465 23509771 11865878 13818655 9663780 6021417 6612279 8613695 35330372 11761992 14693201 31999832 13587290 8977757 9808226 5200745 6923133 9679234 2984323 9996171 3562379 3546509 34969502 10218919 9666472 13348777 37242792 7567792 4687795 19147721 31171532 10077139 36207572 43556312 2113499 9057758 10093535 7486441 12602345 8249326 41642992 11534833 9436665 11751418 10222077
9996171 10077139 5
9996171 10441465 4
9996171 11093705 1
9996171 11262543 3
9996171 19768541 6
9996171 22149861 1
9996171 28305412 3
9996171 35330372 1
9996171 36207572 6
9996171 39130672 1
9996171 41642992 1
10077139 10441465 4
10077139 11093705 1
10077139 11262543 3
10077139 19768541 7
10077139 22149861 1
10077139 28305412 3
10077139 35330372 1
10077139 36207572 6
10077139 39130672 1
10077139 41642992 1
10441465 11093705 1
10441465 11262543 2
10441465 19768541 6
10441465 22149861 1
10441465 28305412 1
10441465 35330372 1
10441465 36207572 6
10441465 39130672 1
10441465 41642992 1
11093705 11262543 1
11093705 19768541 1
11093705 22149861 1
11093705 28305412 1
11093705 35330372 1
11093705 36207572 1
11093705 39130672 1
11093705 41642992 1
11262543 19768541 4
11262543 22149861 1
11262543 28305412 3
11262543 35330372 1
11262543 36207572 4
11262543 39130672 1
11262543 41642992 1
19768541 22149861 1
19768541 28305412 3
19768541 35330372 1
19768541 36207572 8
19768541 39130672 1
19768541 41642992 1
22149861 28305412 1
22149861 35330372 1
22149861 36207572 1
22149861 39130672 1
22149861 41642992 1
28305412 35330372 1
28305412 36207572 3
28305412 39130672 1
28305412 41642992 1
35330372 36207572 1
35330372 39130672 1
35330372 41642992 1
36207572 39130672 1
36207572 41642992 1
39130672 41642992 1
2984323 4687795 1
2984323 7567792 1
2984323 9218595 1
2984323 9436665 1
2984323 9808226 1
2984323 10050685 1
2984323 10077139 1
2984323 10093535 1
2984323 10222077 1
2984323 11534833 1
2984323 11751418 1
2984323 11761992 1
2984323 11865878 1
2984323 13348777 1
2984323 13587290 1
2984323 14693201 1
2984323 19768541 1
2984323 40416882 1
4687795 7567792 2
4687795 9218595 1
4687795 9436665 2
4687795 9808226 2
4687795 10050685 1
4687795 10077139 4
4687795 10093535 3
4687795 10222077 1
4687795 11534833 1
4687795 11751418 2
4687795 11761992 1
4687795 11865878 3
4687795 13348777 1
4687795 13587290 1
4687795 14693201 1
4687795 19768541 5
4687795 40416882 1
7567792 9218595 1
7567792 9436665 1
7567792 9808226 1
7567792 10050685 1
7567792 10077139 2
7567792 10093535 2
7567792 10222077 1
7567792 11534833 1
7567792 11751418 1
7567792 11761992 1
7567792 11865878 2
7567792 13348777 1
7567792 13587290 1
7567792 14693201 1
7567792 19768541 3
7567792 40416882 1
9218595 9436665 1
9218595 9808226 1
9218595 10050685 1
9218595 10077139 1
9218595 10093535 1
9218595 10222077 1
9218595 11534833 1
9218595 11751418 1
9218595 11761992 1
9218595 11865878 1
9218595 13348777 1
9218595 13587290 1
9218595 14693201 1
9218595 19768541 1
9218595 40416882 1
9436665 9808226 2
9436665 10050685 1
9436665 10077139 2
9436665 10093535 2
9436665 10222077 1
9436665 11534833 2
9436665 11751418 2
9436665 11761992 1
9436665 11865878 2
9436665 13348777 1
9436665 13587290 1
9436665 14693201 1
9436665 19768541 3
9436665 40416882 2
9808226 10050685 1
9808226 10077139 1
9808226 10093535 2
9808226 10222077 1
9808226 11534833 1
9808226 11751418 2
9808226 11761992 1
9808226 11865878 2
9808226 13348777 1
9808226 13587290 1
9808226 14693201 1
9808226 19768541 2
9808226 40416882 1
10050685 10077139 1
10050685 10093535 1
10050685 10222077 1
10050685 11534833 1
10050685 11751418 1
10050685 11761992 1
10050685 11865878 1
10050685 13348777 1
10050685 13587290 1
10050685 14693201 1
10050685 19768541 1
10050685 40416882 1
10077139 10093535 2
10077139 10222077 1
10077139 11534833 2
10077139 11751418 1
10077139 11761992 1
10077139 11865878 2
10077139 13348777 1
10077139 13587290 1
10077139 14693201 1
10077139 40416882 2
10093535 10222077 1
10093535 11534833 1
10093535 11751418 2
10093535 11761992 1
10093535 11865878 3
10093535 13348777 1
10093535 13587290 1
10093535 14693201 1
10093535 19768541 3
10093535 40416882 1
10222077 11534833 1
10222077 11751418 1
10222077 11761992 1
10222077 11865878 1
10222077 13348777 1
10222077 13587290 1
10222077 14693201 1
10222077 19768541 1
10222077 40416882 1
11534833 11751418 1
11534833 11761992 1
11534833 11865878 1
11534833 13348777 1
11534833 13587290 1
11534833 14693201 1
11534833 19768541 2
11534833 40416882 2
11751418 11761992 1
11751418 11865878 2
11751418 13348777 1
11751418 13587290 1
11751418 14693201 1
11751418 19768541 2
11751418 40416882 1
11761992 11865878 1
11761992 13348777 1
11761992 13587290 1
11761992 14693201 1
11761992 19768541 1
11761992 40416882 1
11865878 13348777 1
11865878 13587290 1
11865878 14693201 1
11865878 19768541 3
11865878 40416882 1
13348777 13587290 1
13348777 14693201 1
13348777 19768541 1
13348777 40416882 1
13587290 14693201 1
13587290 19768541 1
13587290 40416882 1
14693201 19768541 1
14693201 40416882 1
19768541 40416882 2
7444070 9663780 1
7444070 9996171 1
7444070 10077139 2
7444070 10297990 1
7444070 10441465 2
7444070 11108517 1
7444070 13427892 1
7444070 13766181 1
7444070 19768541 3
7444070 36207572 2
7444070 43556312 3
9663780 9996171 1
9663780 10077139 1
9663780 10297990 1
9663780 10441465 1
9663780 11108517 1
9663780 13427892 1
9663780 13766181 1
9663780 19768541 1
9663780 36207572 1
9663780 43556312 1
9996171 10297990 2
9996171 11108517 1
9996171 13427892 2
9996171 13766181 1
9996171 43556312 3
10077139 10297990 2
10077139 11108517 1
10077139 13427892 2
10077139 13766181 1
10077139 43556312 4
10297990 10441465 2
10297990 11108517 1
10297990 13427892 1
10297990 13766181 1
10297990 19768541 3
10297990 36207572 3
10297990 43556312 3
10441465 11108517 1
10441465 13427892 2
10441465 13766181 1
10441465 43556312 3
11108517 13427892 1
11108517 13766181 1
11108517 19768541 1
11108517 36207572 1
11108517 43556312 1
13427892 13766181 1
13427892 19768541 2
13427892 36207572 2
13427892 43556312 1
13766181 19768541 1
13766181 36207572 1
13766181 43556312 1
19768541 43556312 6
36207572 43556312 5
3546509 7444070 1
3546509 7567792 1
3546509 19768541 1
3546509 41060502 1
3546509 43556312 1
7444070 7567792 2
7444070 41060502 2
7567792 41060502 2
7567792 43556312 2
19768541 41060502 4
41060502 43556312 3
4236857 4687795 1
4236857 5345833 1
4236857 7444070 1
4236857 7567792 1
4236857 8502388 1
4236857 10077139 1
4236857 10093535 1
4236857 10218919 1
4236857 10441465 2
4236857 11865878 1
4236857 19768541 2
4236857 36207572 2
4236857 40785432 1
4236857 41060502 2
4236857 43556312 1
4687795 5345833 1
4687795 7444070 1
4687795 8502388 1
4687795 10218919 1
4687795 10441465 2
4687795 36207572 4
4687795 40785432 1
4687795 41060502 2
4687795 43556312 4
5345833 7444070 1
5345833 7567792 1
5345833 8502388 1
5345833 10077139 1
5345833 10093535 1
5345833 10218919 1
5345833 10441465 1
5345833 11865878 1
5345833 19768541 1
5345833 36207572 1
5345833 40785432 1
5345833 41060502 1
5345833 43556312 1
7444070 8502388 1
7444070 10093535 1
7444070 10218919 1
7444070 11865878 1
7444070 40785432 1
7567792 8502388 1
7567792 10218919 1
7567792 10441465 1
7567792 36207572 1
7567792 40785432 1
8502388 10077139 1
8502388 10093535 1
8502388 10218919 1
8502388 10441465 1
8502388 11865878 1
8502388 19768541 1
8502388 36207572 1
8502388 40785432 1
8502388 41060502 1
8502388 43556312 1
10077139 10218919 1
10077139 40785432 1
10077139 41060502 1
10093535 10218919 1
10093535 10441465 2
10093535 36207572 2
10093535 40785432 1
10093535 41060502 2
10093535 43556312 2
10218919 10441465 1
10218919 11865878 1
10218919 19768541 1
10218919 36207572 1
10218919 40785432 1
10218919 41060502 1
10218919 43556312 1
10441465 11865878 2
10441465 40785432 1
10441465 41060502 3
11865878 36207572 2
11865878 40785432 1
11865878 41060502 2
11865878 43556312 2
19768541 40785432 1
36207572 40785432 1
36207572 41060502 3
40785432 41060502 1
40785432 43556312 1
5200745 6021417 1
5200745 7486441 1
5200745 8249326 1
5200745 8713949 1
5200745 9436665 1
5200745 9666472 1
5200745 9679234 1
5200745 9996171 1
5200745 10077139 1
5200745 10441465 1
5200745 11534833 1
5200745 13427892 1
5200745 14468705 1
5200745 19768541 1
5200745 23509771 1
5200745 24504422 1
5200745 29583062 1
5200745 34969502 1
5200745 36207572 1
5200745 40416882 1
6021417 7486441 1
6021417 8249326 1
6021417 8713949 1
6021417 9436665 1
6021417 9666472 1
6021417 9679234 1
6021417 9996171 1
6021417 10077139 1
6021417 10441465 1
6021417 11534833 1
6021417 13427892 1
6021417 14468705 1
6021417 19768541 1
6021417 23509771 1
6021417 24504422 1
6021417 29583062 1
6021417 34969502 1
6021417 36207572 1
6021417 40416882 1
7486441 8249326 2
7486441 8713949 1
7486441 9436665 1
7486441 9666472 1
7486441 9679234 1
7486441 9996171 2
7486441 10077139 2
7486441 10441465 1
7486441 11534833 1
7486441 13427892 1
7486441 14468705 2
7486441 19768541 2
7486441 23509771 1
7486441 24504422 1
7486441 29583062 2
7486441 34969502 2
7486441 36207572 2
7486441 40416882 1
8249326 8713949 1
8249326 9436665 1
8249326 9666472 1
8249326 9679234 1
8249326 9996171 3
8249326 10077139 2
8249326 10441465 2
8249326 11534833 1
8249326 13427892 1
8249326 14468705 2
8249326 19768541 3
8249326 23509771 1
8249326 24504422 1
8249326 29583062 2
8249326 34969502 2
8249326 36207572 3
8249326 40416882 1
8713949 9436665 1
8713949 9666472 1
8713949 9679234 1
8713949 9996171 1
8713949 10077139 1
8713949 10441465 1
8713949 11534833 1
8713949 13427892 1
8713949 14468705 1
8713949 19768541 1
8713949 23509771 1
8713949 24504422 1
8713949 29583062 1
8713949 34969502 1
8713949 36207572 1
8713949 40416882 1
9436665 9666472 2
9436665 9679234 1
9436665 9996171 1
9436665 10441465 2
9436665 13427892 1
9436665 14468705 1
9436665 23509771 1
9436665 24504422 1
9436665 29583062 2
9436665 34969502 1
9436665 36207572 2
9666472 9679234 1
9666472 9996171 1
9666472 10077139 1
9666472 10441465 2
9666472 11534833 1
9666472 13427892 1
9666472 14468705 1
9666472 19768541 2
9666472 23509771 1
9666472 24504422 1
9666472 29583062 2
9666472 34969502 1
9666472 36207572 2
9666472 40416882 1
9679234 9996171 1
9679234 10077139 1
9679234 10441465 1
9679234 11534833 1
9679234 13427892 1
9679234 14468705 1
9679234 19768541 1
9679234 23509771 1
9679234 24504422 1
9679234 29583062 1
9679234 34969502 1
9679234 36207572 1
9679234 40416882 1
9996171 11534833 1
9996171 14468705 2
9996171 23509771 2
9996171 24504422 1
9996171 29583062 2
9996171 34969502 3
9996171 40416882 1
10077139 14468705 2
10077139 23509771 2
10077139 24504422 1
10077139 29583062 2
10077139 34969502 3
10441465 11534833 1
10441465 14468705 1
10441465 23509771 1
10441465 24504422 1
10441465 29583062 2
10441465 34969502 1
10441465 40416882 1
11534833 13427892 1
11534833 14468705 1
11534833 23509771 1
11534833 24504422 1
11534833 29583062 1
11534833 34969502 1
11534833 36207572 1
13427892 14468705 1
13427892 23509771 1
13427892 24504422 1
13427892 29583062 1
13427892 34969502 1
13427892 40416882 1
14468705 19768541 2
14468705 23509771 1
14468705 24504422 1
14468705 29583062 2
14468705 34969502 2
14468705 36207572 2
14468705 40416882 1
19768541 23509771 2
19768541 24504422 1
19768541 29583062 3
19768541 34969502 3
23509771 24504422 1
23509771 29583062 1
23509771 34969502 2
23509771 36207572 2
23509771 40416882 1
24504422 29583062 1
24504422 34969502 1
24504422 36207572 1
24504422 40416882 1
29583062 34969502 2
29583062 36207572 3
29583062 40416882 1
34969502 36207572 3
34969502 40416882 1
36207572 40416882 1
2113499 4361960 1
2113499 4687795 1
2113499 6612279 1
2113499 6923133 1
2113499 8977757 1
2113499 9057758 1
2113499 9436665 1
2113499 9619679 1
2113499 9666472 1
2113499 9808226 1
2113499 10093535 1
2113499 10297990 1
2113499 10441465 1
2113499 11262543 1
2113499 11751418 1
2113499 11845141 1
2113499 11865878 1
2113499 11993126 1
2113499 13264617 1
2113499 13818655 1
2113499 19768541 1
2113499 29583062 1
2113499 31171532 1
2113499 36207572 1
2113499 37242792 1
2113499 41060502 1
2113499 43556312 1
4361960 4687795 1
4361960 6612279 1
4361960 6923133 1
4361960 8977757 1
4361960 9057758 1
4361960 9436665 1
4361960 9619679 1
4361960 9666472 1
4361960 9808226 1
4361960 10093535 1
4361960 10297990 1
4361960 10441465 1
4361960 11262543 1
4361960 11751418 1
4361960 11845141 1
4361960 11865878 1
4361960 11993126 1
4361960 13264617 1
4361960 13818655 1
4361960 19768541 1
4361960 29583062 1
4361960 31171532 1
4361960 36207572 1
4361960 37242792 1
4361960 41060502 1
4361960 43556312 1
4687795 6612279 1
4687795 6923133 2
4687795 8977757 1
4687795 9057758 1
4687795 9619679 3
4687795 9666472 1
4687795 10297990 2
4687795 11262543 3
4687795 11845141 2
4687795 11993126 1
4687795 13264617 2
4687795 13818655 1
4687795 29583062 2
4687795 31171532 1
4687795 37242792 1
6612279 6923133 1
6612279 8977757 1
6612279 9057758 1
6612279 9436665 1
6612279 9619679 1
6612279 9666472 1
6612279 9808226 1
6612279 10093535 1
6612279 10297990 1
6612279 10441465 1
6612279 11262543 1
6612279 11751418 1
6612279 11845141 1
6612279 11865878 1
6612279 11993126 1
6612279 13264617 1
6612279 13818655 1
6612279 19768541 1
6612279 29583062 1
6612279 31171532 1
6612279 36207572 1
6612279 37242792 1
6612279 41060502 1
6612279 43556312 1
6923133 8977757 1
6923133 9057758 1
6923133 9436665 1
6923133 9619679 2
6923133 9666472 1
6923133 9808226 1
6923133 10093535 1
6923133 10297990 1
6923133 10441465 1
6923133 11262543 2
6923133 11751418 1
6923133 11845141 2
6923133 11865878 1
6923133 11993126 1
6923133 13264617 2
6923133 13818655 1
6923133 19768541 2
6923133 29583062 2
6923133 31171532 1
6923133 36207572 2
6923133 37242792 1
6923133 41060502 1
6923133 43556312 2
8977757 9057758 1
8977757 9436665 1
8977757 9619679 1
8977757 9666472 1
8977757 9808226 1
8977757 10093535 1
8977757 10297990 1
8977757 10441465 1
8977757 11262543 1
8977757 11751418 1
8977757 11845141 1
8977757 11865878 1
8977757 11993126 1
8977757 13264617 1
8977757 13818655 1
8977757 19768541 1
8977757 29583062 1
8977757 31171532 1
8977757 36207572 1
8977757 37242792 1
8977757 41060502 1
8977757 43556312 1
9057758 9436665 1
9057758 9619679 1
9057758 9666472 1
9057758 9808226 1
9057758 10093535 1
9057758 10297990 1
9057758 10441465 2
9057758 11262543 1
9057758 11751418 1
9057758 11845141 1
9057758 11865878 1
9057758 11993126 1
9057758 13264617 1
9057758 13818655 1
9057758 19768541 2
9057758 29583062 1
9057758 31171532 1
9057758 36207572 2
9057758 37242792 1
9057758 41060502 2
9057758 43556312 1
9436665 9619679 1
9436665 10297990 1
9436665 11262543 1
9436665 11845141 1
9436665 11993126 1
9436665 13264617 1
9436665 13818655 1
9436665 31171532 1
9436665 37242792 1
9436665 41060502 1
9436665 43556312 1
9619679 9666472 1
9619679 9808226 1
9619679 10093535 1
9619679 10297990 2
9619679 10441465 1
9619679 11262543 3
9619679 11751418 1
9619679 11845141 2
9619679 11865878 1
9619679 11993126 1
9619679 13264617 2
9619679 13818655 1
9619679 19768541 3
9619679 29583062 2
9619679 31171532 1
9619679 36207572 3
9619679 37242792 1
9619679 41060502 1
9619679 43556312 3
9666472 9808226 1
9666472 10093535 1
9666472 10297990 1
9666472 11262543 1
9666472 11751418 1
9666472 11845141 1
9666472 11865878 1
9666472 11993126 1
9666472 13264617 1
9666472 13818655 1
9666472 31171532 1
9666472 37242792 1
9666472 41060502 1
9666472 43556312 1
9808226 10297990 1
9808226 10441465 1
9808226 11262543 1
9808226 11845141 1
9808226 11993126 1
9808226 13264617 1
9808226 13818655 1
9808226 29583062 1
9808226 31171532 1
9808226 36207572 1
9808226 37242792 1
9808226 41060502 1
9808226 43556312 1
10093535 10297990 1
10093535 11262543 1
10093535 11845141 1
10093535 11993126 1
10093535 13264617 1
10093535 13818655 1
10093535 29583062 1
10093535 31171532 1
10093535 37242792 1
10297990 11262543 2
10297990 11751418 1
10297990 11845141 1
10297990 11865878 1
10297990 11993126 1
10297990 13264617 1
10297990 13818655 1
10297990 29583062 1
10297990 31171532 1
10297990 37242792 1
10297990 41060502 1
10441465 11751418 1
10441465 11845141 1
10441465 11993126 1
10441465 13264617 1
10441465 13818655 1
10441465 31171532 1
10441465 37242792 1
11262543 11751418 1
11262543 11845141 2
11262543 11865878 1
11262543 11993126 1
11262543 13264617 2
11262543 13818655 1
11262543 29583062 2
11262543 31171532 1
11262543 37242792 1
11262543 41060502 1
11262543 43556312 3
11751418 11845141 1
11751418 11993126 1
11751418 13264617 1
11751418 13818655 1
11751418 29583062 1
11751418 31171532 1
11751418 36207572 1
11751418 37242792 1
11751418 41060502 1
11751418 43556312 1
11845141 11865878 1
11845141 11993126 1
11845141 13264617 2
11845141 13818655 1
11845141 19768541 2
11845141 29583062 2
11845141 31171532 1
11845141 36207572 2
11845141 37242792 1
11845141 41060502 1
11845141 43556312 2
11865878 11993126 1
11865878 13264617 1
11865878 13818655 1
11865878 29583062 1
11865878 31171532 1
11865878 37242792 1
11993126 13264617 1
11993126 13818655 1
11993126 19768541 1
11993126 29583062 1
11993126 31171532 1
11993126 36207572 1
11993126 37242792 1
11993126 41060502 1
11993126 43556312 1
13264617 13818655 1
13264617 19768541 2
13264617 29583062 2
13264617 31171532 1
13264617 36207572 2
13264617 37242792 1
13264617 41060502 1
13264617 43556312 2
13818655 19768541 1
13818655 29583062 1
13818655 31171532 1
13818655 36207572 1
13818655 37242792 1
13818655 41060502 1
13818655 43556312 1
19768541 31171532 1
19768541 37242792 1
29583062 31171532 1
29583062 37242792 1
29583062 41060502 1
29583062 43556312 2
31171532 36207572 1
31171532 37242792 1
31171532 41060502 1
31171532 43556312 1
36207572 37242792 1
37242792 41060502 1
37242792 43556312 1
4236857 8249326 1
4236857 8613695 1
4236857 9057758 1
4236857 9711676 1
4236857 9996171 1
4236857 11051105 1
4236857 11977787 1
4236857 19147721 1
8249326 8613695 1
8249326 9057758 1
8249326 9711676 1
8249326 11051105 1
8249326 11977787 1
8249326 19147721 1
8249326 41060502 1
8613695 9057758 1
8613695 9711676 1
8613695 9996171 1
8613695 10441465 1
8613695 11051105 1
8613695 11977787 1
8613695 19147721 1
8613695 19768541 1
8613695 36207572 1
8613695 41060502 1
9057758 9711676 1
9057758 9996171 1
9057758 11051105 1
9057758 11977787 1
9057758 19147721 1
9711676 9996171 1
9711676 10441465 1
9711676 11051105 1
9711676 11977787 1
9711676 19147721 1
9711676 19768541 1
9711676 36207572 1
9711676 41060502 1
9996171 11051105 2
9996171 11977787 1
9996171 19147721 1
9996171 41060502 1
10441465 11051105 1
10441465 11977787 1
10441465 19147721 1
11051105 11977787 1
11051105 19147721 1
11051105 19768541 2
11051105 36207572 2
11051105 41060502 1
11977787 19147721 1
11977787 19768541 1
11977787 36207572 1
11977787 41060502 1
19147721 19768541 1
19147721 36207572 1
19147721 41060502 1
4687795 7486441 1
4687795 8249326 1
4687795 9996171 2
4687795 14468705 1
4687795 28305412 2
4687795 34969502 2
6923133 7486441 1
6923133 8249326 1
6923133 9996171 1
6923133 10077139 1
6923133 14468705 1
6923133 28305412 1
6923133 34969502 1
7486441 9619679 1
7486441 11262543 1
7486441 11845141 1
7486441 13264617 1
7486441 28305412 1
7486441 43556312 1
8249326 9619679 1
8249326 11262543 1
8249326 11845141 1
8249326 13264617 1
8249326 28305412 1
8249326 43556312 1
9619679 9996171 2
9619679 10077139 2
9619679 14468705 1
9619679 28305412 2
9619679 34969502 2
9996171 11845141 1
9996171 13264617 1
10077139 11845141 1
10077139 13264617 1
11262543 14468705 1
11262543 34969502 2
11845141 14468705 1
11845141 28305412 1
11845141 34969502 1
13264617 14468705 1
13264617 28305412 1
13264617 34969502 1
14468705 28305412 1
14468705 43556312 1
28305412 29583062 1
28305412 34969502 2
28305412 43556312 2
34969502 43556312 2
3562379 4687795 1
3562379 6665940 1
3562379 9619679 1
3562379 9737454 1
3562379 9996171 1
3562379 10077139 1
3562379 10297990 1
3562379 11051105 1
3562379 11262543 1
3562379 12602345 1
3562379 14127711 1
3562379 19768541 1
3562379 23509771 1
3562379 28305412 1
3562379 31999832 1
3562379 34969502 1
3562379 36207572 1
3562379 43556312 1
4687795 6665940 1
4687795 9737454 1
4687795 11051105 1
4687795 12602345 1
4687795 14127711 1
4687795 23509771 1
4687795 31999832 1
6665940 9619679 1
6665940 9737454 1
6665940 9996171 1
6665940 10077139 1
6665940 10297990 1
6665940 11051105 1
6665940 11262543 1
6665940 12602345 1
6665940 14127711 1
6665940 19768541 1
6665940 23509771 1
6665940 28305412 1
6665940 31999832 1
6665940 34969502 1
6665940 36207572 1
6665940 43556312 1
9619679 9737454 1
9619679 11051105 1
9619679 12602345 1
9619679 14127711 1
9619679 23509771 1
9619679 31999832 1
9737454 9996171 1
9737454 10077139 1
9737454 10297990 1
9737454 11051105 1
9737454 11262543 1
9737454 12602345 1
9737454 14127711 1
9737454 19768541 1
9737454 23509771 1
9737454 28305412 1
9737454 31999832 1
9737454 34969502 1
9737454 36207572 1
9737454 43556312 1
9996171 12602345 1
9996171 14127711 1
9996171 31999832 1
10077139 11051105 1
10077139 12602345 1
10077139 14127711 1
10077139 31999832 1
10297990 11051105 1
10297990 12602345 1
10297990 14127711 1
10297990 23509771 1
10297990 28305412 1
10297990 31999832 1
10297990 34969502 1
11051105 11262543 1
11051105 12602345 1
11051105 14127711 1
11051105 23509771 1
11051105 28305412 1
11051105 31999832 1
11051105 34969502 1
11051105 43556312 1
11262543 12602345 1
11262543 14127711 1
11262543 23509771 1
11262543 31999832 1
12602345 14127711 1
12602345 19768541 1
12602345 23509771 1
12602345 28305412 1
12602345 31999832 1
12602345 34969502 1
12602345 36207572 1
12602345 43556312 1
14127711 19768541 1
14127711 23509771 1
14127711 28305412 1
14127711 31999832 1
14127711 34969502 1
14127711 36207572 1
14127711 43556312 1
19768541 31999832 1
23509771 28305412 1
23509771 31999832 1
23509771 43556312 1
28305412 31999832 1
31999832 34969502 1
31999832 36207572 1
31999832 43556312 1
