183000588 12190223 182517270 73967132 123966492 9721387 114895922 11977787 113495112 33639502 40430672 2993747 183049821 14468705 13049455 186186863 101238902 183573120 49984642 12285571 10297990 143175822 183892112 63670432 68101282 187375780 12864168 183112361 13427892 9779381 187716794 4494526 10507455 146961602 77972702 9619679 143824102 8447728 186816755 182558454 125724432 152621842 182766368 153922042 51145022 113332032 159964482 98999112 136271182 187024221 183924064 160301922 4382055 73731432 184062312 53251432 31542642 185807224 33621372 174667142 154888072 160268172 111031692 123426702 185081241 14575519 185421744 115722162 4687795 73712072 12527562 49643982 10077139 13471190 7255007 46501352 175942122 11534833 11751418
114895922 123426702 1
114895922 136271182 1
114895922 143175822 1
114895922 143824102 1
114895922 152621842 1
114895922 159964482 1
114895922 160268172 1
114895922 160301922 1
114895922 174667142 1
114895922 182517270 1
114895922 182558454 1
114895922 183573120 1
114895922 183924064 1
114895922 187716794 1
123426702 136271182 1
123426702 143175822 1
123426702 143824102 1
123426702 152621842 1
123426702 159964482 1
123426702 160268172 1
123426702 160301922 1
123426702 174667142 1
123426702 182517270 1
123426702 182558454 1
123426702 183573120 1
123426702 183924064 1
123426702 187716794 1
136271182 143175822 1
136271182 143824102 1
136271182 152621842 1
136271182 159964482 1
136271182 160268172 1
136271182 160301922 1
136271182 174667142 2
136271182 182517270 1
136271182 182558454 1
136271182 183573120 1
136271182 183924064 1
136271182 187716794 1
143175822 143824102 1
143175822 152621842 1
143175822 159964482 1
143175822 160268172 1
143175822 160301922 1
143175822 174667142 1
143175822 182517270 1
143175822 182558454 2
143175822 183573120 1
143175822 183924064 1
143175822 187716794 1
143824102 152621842 1
143824102 159964482 1
143824102 160268172 1
143824102 160301922 1
143824102 174667142 1
143824102 182517270 1
143824102 182558454 1
143824102 183573120 1
143824102 183924064 1
143824102 187716794 1
152621842 159964482 1
152621842 160268172 1
152621842 160301922 1
152621842 174667142 1
152621842 182517270 1
152621842 182558454 1
152621842 183573120 1
152621842 183924064 1
152621842 187716794 1
159964482 160268172 1
159964482 160301922 1
159964482 174667142 1
159964482 182517270 1
159964482 182558454 1
159964482 183573120 1
159964482 183924064 1
159964482 187716794 1
160268172 160301922 1
160268172 174667142 1
160268172 182517270 1
160268172 182558454 1
160268172 183573120 1
160268172 183924064 1
160268172 187716794 1
160301922 174667142 1
160301922 182517270 1
160301922 182558454 2
160301922 183573120 1
160301922 183924064 1
160301922 187716794 2
174667142 182517270 1
174667142 182558454 1
174667142 183573120 1
174667142 183924064 1
174667142 187716794 1
182517270 182558454 1
182517270 183573120 1
182517270 183924064 1
182517270 187716794 1
182558454 183573120 1
182558454 183924064 1
182558454 187716794 2
183573120 183924064 1
183573120 187716794 1
183924064 187716794 1
10077139 12527562 1
10077139 13049455 1
10077139 13471190 1
10077139 40430672 1
10077139 49643982 1
10077139 73731432 1
10077139 73967132 1
10077139 111031692 2
10077139 123966492 1
10077139 153922042 1
10077139 154888072 1
10077139 160301922 1
10077139 175942122 1
10077139 182558454 2
10077139 183049821 2
10077139 184062312 1
10077139 185807224 2
10077139 187024221 1
10077139 187716794 1
12527562 13049455 1
12527562 13471190 1
12527562 40430672 1
12527562 49643982 1
12527562 73731432 1
12527562 73967132 1
12527562 111031692 1
12527562 123966492 1
12527562 153922042 1
12527562 154888072 1
12527562 160301922 1
12527562 175942122 1
12527562 182558454 1
12527562 183049821 1
12527562 184062312 1
12527562 185807224 1
12527562 187024221 1
12527562 187716794 1
13049455 13471190 1
13049455 40430672 2
13049455 49643982 1
13049455 73731432 1
13049455 73967132 1
13049455 111031692 1
13049455 123966492 1
13049455 153922042 1
13049455 154888072 1
13049455 160301922 1
13049455 175942122 1
13049455 182558454 1
13049455 183049821 2
13049455 184062312 1
13049455 185807224 1
13049455 187024221 1
13049455 187716794 1
13471190 40430672 1
13471190 49643982 1
13471190 73731432 1
13471190 73967132 1
13471190 111031692 1
13471190 123966492 1
13471190 153922042 1
13471190 154888072 1
13471190 160301922 1
13471190 175942122 1
13471190 182558454 1
13471190 183049821 1
13471190 184062312 1
13471190 185807224 1
13471190 187024221 1
13471190 187716794 1
40430672 49643982 1
40430672 73731432 1
40430672 73967132 1
40430672 111031692 1
40430672 123966492 1
40430672 153922042 1
40430672 154888072 1
40430672 160301922 1
40430672 175942122 1
40430672 182558454 1
40430672 183049821 2
40430672 184062312 1
40430672 185807224 1
40430672 187024221 1
40430672 187716794 1
49643982 73731432 1
49643982 73967132 1
49643982 111031692 1
49643982 123966492 1
49643982 153922042 1
49643982 154888072 1
49643982 160301922 1
49643982 175942122 1
49643982 182558454 1
49643982 183049821 1
49643982 184062312 1
49643982 185807224 1
49643982 187024221 1
49643982 187716794 1
73731432 73967132 1
73731432 111031692 1
73731432 123966492 1
73731432 153922042 1
73731432 154888072 1
73731432 160301922 1
73731432 175942122 1
73731432 182558454 1
73731432 183049821 1
73731432 184062312 1
73731432 185807224 1
73731432 187024221 1
73731432 187716794 1
73967132 111031692 1
73967132 123966492 1
73967132 153922042 1
73967132 154888072 1
73967132 160301922 1
73967132 175942122 1
73967132 182558454 1
73967132 183049821 1
73967132 184062312 1
73967132 185807224 1
73967132 187024221 1
73967132 187716794 1
111031692 123966492 1
111031692 153922042 1
111031692 154888072 1
111031692 160301922 1
111031692 175942122 1
111031692 182558454 2
111031692 183049821 2
111031692 184062312 1
111031692 185807224 2
111031692 187024221 1
111031692 187716794 1
123966492 153922042 1
123966492 154888072 1
123966492 160301922 1
123966492 175942122 1
123966492 182558454 1
123966492 183049821 1
123966492 184062312 1
123966492 185807224 1
123966492 187024221 1
123966492 187716794 1
153922042 154888072 1
153922042 160301922 1
153922042 175942122 1
153922042 182558454 1
153922042 183049821 1
153922042 184062312 1
153922042 185807224 1
153922042 187024221 1
153922042 187716794 1
154888072 160301922 1
154888072 175942122 1
154888072 182558454 1
154888072 183049821 1
154888072 184062312 1
154888072 185807224 1
154888072 187024221 1
154888072 187716794 1
160301922 175942122 1
160301922 183049821 1
160301922 184062312 1
160301922 185807224 1
160301922 187024221 1
175942122 182558454 1
175942122 183049821 1
175942122 184062312 1
175942122 185807224 1
175942122 187024221 1
175942122 187716794 1
182558454 183049821 2
182558454 184062312 1
182558454 185807224 2
182558454 187024221 1
183049821 184062312 1
183049821 185807224 2
183049821 187024221 1
183049821 187716794 1
184062312 185807224 1
184062312 187024221 1
184062312 187716794 1
185807224 187024221 1
185807224 187716794 1
187024221 187716794 1
4687795 9619679 1
4687795 10077139 1
4687795 10297990 1
4687795 14468705 2
4687795 33639502 1
4687795 49984642 1
4687795 53251432 1
4687795 98999112 1
4687795 113495112 2
4687795 114895922 1
4687795 182766368 1
4687795 183000588 1
4687795 183892112 1
4687795 185081241 1
4687795 186816755 1
9619679 10077139 1
9619679 10297990 1
9619679 14468705 1
9619679 33639502 1
9619679 49984642 1
9619679 53251432 1
9619679 98999112 1
9619679 113495112 1
9619679 114895922 1
9619679 182766368 1
9619679 183000588 1
9619679 183892112 1
9619679 185081241 1
9619679 186816755 1
10077139 10297990 1
10077139 14468705 1
10077139 33639502 1
10077139 49984642 2
10077139 53251432 1
10077139 98999112 1
10077139 113495112 1
10077139 114895922 1
10077139 182766368 1
10077139 183000588 1
10077139 183892112 1
10077139 185081241 1
10077139 186816755 1
10297990 14468705 1
10297990 33639502 1
10297990 49984642 1
10297990 53251432 1
10297990 98999112 1
10297990 113495112 1
10297990 114895922 1
10297990 182766368 1
10297990 183000588 1
10297990 183892112 1
10297990 185081241 1
10297990 186816755 1
14468705 33639502 1
14468705 49984642 1
14468705 53251432 1
14468705 98999112 1
14468705 113495112 2
14468705 114895922 1
14468705 182766368 1
14468705 183000588 1
14468705 183892112 1
14468705 185081241 1
14468705 186816755 1
33639502 49984642 1
33639502 53251432 1
33639502 98999112 1
33639502 113495112 1
33639502 114895922 1
33639502 182766368 1
33639502 183000588 1
33639502 183892112 1
33639502 185081241 1
33639502 186816755 1
49984642 53251432 1
49984642 98999112 1
49984642 113495112 1
49984642 114895922 1
49984642 182766368 1
49984642 183000588 1
49984642 183892112 1
49984642 185081241 1
49984642 186816755 1
53251432 98999112 1
53251432 113495112 1
53251432 114895922 1
53251432 182766368 1
53251432 183000588 1
53251432 183892112 1
53251432 185081241 1
53251432 186816755 1
98999112 113495112 1
98999112 114895922 1
98999112 182766368 1
98999112 183000588 1
98999112 183892112 1
98999112 185081241 1
98999112 186816755 1
113495112 114895922 1
113495112 182766368 1
113495112 183000588 1
113495112 183892112 1
113495112 185081241 1
113495112 186816755 1
114895922 182766368 1
114895922 183000588 1
114895922 183892112 1
114895922 185081241 1
114895922 186816755 1
182766368 183000588 1
182766368 183892112 1
182766368 185081241 1
182766368 186816755 1
183000588 183892112 1
183000588 185081241 1
183000588 186816755 1
183892112 185081241 1
183892112 186816755 1
185081241 186816755 1
2993747 4382055 1
2993747 4494526 1
2993747 7255007 1
2993747 9779381 1
2993747 10077139 1
2993747 10507455 1
2993747 11534833 1
2993747 11977787 1
2993747 12190223 1
2993747 14575519 1
2993747 31542642 1
2993747 33621372 1
2993747 49984642 1
2993747 63670432 1
2993747 68101282 1
2993747 73712072 1
2993747 101238902 1
2993747 111031692 1
2993747 113332032 1
2993747 125724432 1
2993747 143175822 1
2993747 182558454 1
2993747 183049821 1
2993747 183112361 1
2993747 185807224 1
4382055 4494526 1
4382055 7255007 1
4382055 9779381 1
4382055 10077139 1
4382055 10507455 1
4382055 11534833 1
4382055 11977787 1
4382055 12190223 1
4382055 14575519 1
4382055 31542642 1
4382055 33621372 1
4382055 49984642 1
4382055 63670432 1
4382055 68101282 1
4382055 73712072 1
4382055 101238902 1
4382055 111031692 1
4382055 113332032 1
4382055 125724432 1
4382055 143175822 1
4382055 182558454 1
4382055 183049821 1
4382055 183112361 1
4382055 185807224 1
4494526 7255007 1
4494526 9779381 1
4494526 10077139 1
4494526 10507455 1
4494526 11534833 1
4494526 11977787 1
4494526 12190223 1
4494526 14575519 1
4494526 31542642 1
4494526 33621372 1
4494526 49984642 1
4494526 63670432 1
4494526 68101282 1
4494526 73712072 1
4494526 101238902 1
4494526 111031692 1
4494526 113332032 1
4494526 125724432 1
4494526 143175822 1
4494526 182558454 1
4494526 183049821 1
4494526 183112361 1
4494526 185807224 1
7255007 9779381 1
7255007 10077139 1
7255007 10507455 1
7255007 11534833 1
7255007 11977787 1
7255007 12190223 1
7255007 14575519 1
7255007 31542642 1
7255007 33621372 1
7255007 49984642 1
7255007 63670432 1
7255007 68101282 1
7255007 73712072 1
7255007 101238902 1
7255007 111031692 1
7255007 113332032 1
7255007 125724432 1
7255007 143175822 1
7255007 182558454 1
7255007 183049821 1
7255007 183112361 1
7255007 185807224 1
9779381 10077139 1
9779381 10507455 1
9779381 11534833 1
9779381 11977787 2
9779381 12190223 1
9779381 14575519 1
9779381 31542642 1
9779381 33621372 1
9779381 49984642 1
9779381 63670432 2
9779381 68101282 1
9779381 73712072 1
9779381 101238902 1
9779381 111031692 1
9779381 113332032 1
9779381 125724432 1
9779381 143175822 1
9779381 182558454 1
9779381 183049821 2
9779381 183112361 1
9779381 185807224 1
10077139 10507455 1
10077139 11534833 1
10077139 11977787 1
10077139 12190223 1
10077139 14575519 1
10077139 31542642 1
10077139 33621372 1
10077139 63670432 1
10077139 68101282 1
10077139 73712072 1
10077139 101238902 1
10077139 113332032 1
10077139 125724432 1
10077139 143175822 1
10077139 183112361 1
10507455 11534833 1
10507455 11977787 1
10507455 12190223 1
10507455 14575519 1
10507455 31542642 1
10507455 33621372 1
10507455 49984642 1
10507455 63670432 1
10507455 68101282 1
10507455 73712072 1
10507455 101238902 1
10507455 111031692 1
10507455 113332032 1
10507455 125724432 1
10507455 143175822 1
10507455 182558454 1
10507455 183049821 1
10507455 183112361 1
10507455 185807224 1
11534833 11977787 1
11534833 12190223 1
11534833 14575519 1
11534833 31542642 1
11534833 33621372 1
11534833 49984642 1
11534833 63670432 1
11534833 68101282 1
11534833 73712072 1
11534833 101238902 1
11534833 111031692 1
11534833 113332032 1
11534833 125724432 1
11534833 143175822 1
11534833 182558454 1
11534833 183049821 1
11534833 183112361 1
11534833 185807224 1
11977787 12190223 1
11977787 14575519 1
11977787 31542642 1
11977787 33621372 1
11977787 49984642 1
11977787 63670432 2
11977787 68101282 1
11977787 73712072 1
11977787 101238902 1
11977787 111031692 1
11977787 113332032 1
11977787 125724432 1
11977787 143175822 1
11977787 182558454 1
11977787 183049821 2
11977787 183112361 1
11977787 185807224 1
12190223 14575519 1
12190223 31542642 1
12190223 33621372 1
12190223 49984642 1
12190223 63670432 1
12190223 68101282 1
12190223 73712072 1
12190223 101238902 1
12190223 111031692 1
12190223 113332032 1
12190223 125724432 1
12190223 143175822 1
12190223 182558454 1
12190223 183049821 1
12190223 183112361 1
12190223 185807224 1
14575519 31542642 1
14575519 33621372 1
14575519 49984642 1
14575519 63670432 1
14575519 68101282 1
14575519 73712072 1
14575519 101238902 1
14575519 111031692 1
14575519 113332032 1
14575519 125724432 1
14575519 143175822 1
14575519 182558454 1
14575519 183049821 1
14575519 183112361 1
14575519 185807224 1
31542642 33621372 1
31542642 49984642 1
31542642 63670432 1
31542642 68101282 1
31542642 73712072 1
31542642 101238902 1
31542642 111031692 1
31542642 113332032 1
31542642 125724432 1
31542642 143175822 1
31542642 182558454 1
31542642 183049821 1
31542642 183112361 1
31542642 185807224 1
33621372 49984642 1
33621372 63670432 1
33621372 68101282 1
33621372 73712072 1
33621372 101238902 1
33621372 111031692 1
33621372 113332032 1
33621372 125724432 1
33621372 143175822 1
33621372 182558454 1
33621372 183049821 1
33621372 183112361 1
33621372 185807224 1
49984642 63670432 1
49984642 68101282 1
49984642 73712072 1
49984642 101238902 1
49984642 111031692 1
49984642 113332032 1
49984642 125724432 1
49984642 143175822 1
49984642 182558454 1
49984642 183049821 1
49984642 183112361 1
49984642 185807224 1
63670432 68101282 1
63670432 73712072 1
63670432 101238902 1
63670432 111031692 1
63670432 113332032 1
63670432 125724432 1
63670432 143175822 1
63670432 182558454 1
63670432 183049821 2
63670432 183112361 1
63670432 185807224 1
68101282 73712072 1
68101282 101238902 1
68101282 111031692 1
68101282 113332032 1
68101282 125724432 1
68101282 143175822 1
68101282 182558454 1
68101282 183049821 1
68101282 183112361 1
68101282 185807224 1
73712072 101238902 1
73712072 111031692 1
73712072 113332032 1
73712072 125724432 1
73712072 143175822 1
73712072 182558454 1
73712072 183049821 1
73712072 183112361 1
73712072 185807224 1
101238902 111031692 1
101238902 113332032 1
101238902 125724432 1
101238902 143175822 1
101238902 182558454 1
101238902 183049821 1
101238902 183112361 1
101238902 185807224 1
111031692 113332032 1
111031692 125724432 1
111031692 143175822 1
111031692 183112361 1
113332032 125724432 1
113332032 143175822 1
113332032 182558454 1
113332032 183049821 1
113332032 183112361 1
113332032 185807224 1
125724432 143175822 1
125724432 182558454 1
125724432 183049821 1
125724432 183112361 1
125724432 185807224 1
143175822 183049821 1
143175822 183112361 1
143175822 185807224 1
182558454 183112361 1
183049821 183112361 1
183112361 185807224 1
4687795 8447728 1
4687795 9721387 1
4687795 9779381 1
4687795 11751418 1
4687795 11977787 1
4687795 12285571 1
4687795 12864168 1
4687795 13049455 1
4687795 13427892 1
4687795 40430672 1
4687795 46501352 1
4687795 51145022 1
4687795 63670432 1
4687795 77972702 1
4687795 115722162 1
4687795 136271182 1
4687795 146961602 1
4687795 174667142 1
4687795 183049821 1
4687795 185421744 1
4687795 186186863 1
4687795 187375780 1
8447728 9721387 1
8447728 9779381 1
8447728 11751418 1
8447728 11977787 1
8447728 12285571 1
8447728 12864168 1
8447728 13049455 1
8447728 13427892 1
8447728 14468705 1
8447728 40430672 1
8447728 46501352 1
8447728 51145022 1
8447728 63670432 1
8447728 77972702 1
8447728 113495112 1
8447728 115722162 1
8447728 136271182 1
8447728 146961602 1
8447728 174667142 1
8447728 183049821 1
8447728 185421744 1
8447728 186186863 1
8447728 187375780 1
9721387 9779381 1
9721387 11751418 1
9721387 11977787 1
9721387 12285571 1
9721387 12864168 1
9721387 13049455 1
9721387 13427892 1
9721387 14468705 1
9721387 40430672 1
9721387 46501352 1
9721387 51145022 1
9721387 63670432 1
9721387 77972702 1
9721387 113495112 1
9721387 115722162 1
9721387 136271182 1
9721387 146961602 1
9721387 174667142 1
9721387 183049821 1
9721387 185421744 1
9721387 186186863 1
9721387 187375780 1
9779381 11751418 1
9779381 12285571 1
9779381 12864168 1
9779381 13049455 1
9779381 13427892 1
9779381 14468705 1
9779381 40430672 1
9779381 46501352 1
9779381 51145022 1
9779381 77972702 1
9779381 113495112 1
9779381 115722162 1
9779381 136271182 1
9779381 146961602 1
9779381 174667142 1
9779381 185421744 1
9779381 186186863 1
9779381 187375780 1
11751418 11977787 1
11751418 12285571 1
11751418 12864168 1
11751418 13049455 1
11751418 13427892 1
11751418 14468705 1
11751418 40430672 1
11751418 46501352 1
11751418 51145022 1
11751418 63670432 1
11751418 77972702 1
11751418 113495112 1
11751418 115722162 1
11751418 136271182 1
11751418 146961602 1
11751418 174667142 1
11751418 183049821 1
11751418 185421744 1
11751418 186186863 1
11751418 187375780 1
11977787 12285571 1
11977787 12864168 1
11977787 13049455 1
11977787 13427892 1
11977787 14468705 1
11977787 40430672 1
11977787 46501352 1
11977787 51145022 1
11977787 77972702 1
11977787 113495112 1
11977787 115722162 1
11977787 136271182 1
11977787 146961602 1
11977787 174667142 1
11977787 185421744 1
11977787 186186863 1
11977787 187375780 1
12285571 12864168 1
12285571 13049455 1
12285571 13427892 1
12285571 14468705 1
12285571 40430672 1
12285571 46501352 1
12285571 51145022 1
12285571 63670432 1
12285571 77972702 1
12285571 113495112 1
12285571 115722162 1
12285571 136271182 1
12285571 146961602 1
12285571 174667142 1
12285571 183049821 1
12285571 185421744 1
12285571 186186863 1
12285571 187375780 1
12864168 13049455 1
12864168 13427892 1
12864168 14468705 1
12864168 40430672 1
12864168 46501352 1
12864168 51145022 1
12864168 63670432 1
12864168 77972702 1
12864168 113495112 1
12864168 115722162 1
12864168 136271182 1
12864168 146961602 1
12864168 174667142 1
12864168 183049821 1
12864168 185421744 1
12864168 186186863 1
12864168 187375780 1
13049455 13427892 1
13049455 14468705 1
13049455 46501352 1
13049455 51145022 1
13049455 63670432 1
13049455 77972702 1
13049455 113495112 1
13049455 115722162 1
13049455 136271182 1
13049455 146961602 1
13049455 174667142 1
13049455 185421744 1
13049455 186186863 1
13049455 187375780 1
13427892 14468705 1
13427892 40430672 1
13427892 46501352 1
13427892 51145022 1
13427892 63670432 1
13427892 77972702 1
13427892 113495112 1
13427892 115722162 1
13427892 136271182 1
13427892 146961602 1
13427892 174667142 1
13427892 183049821 1
13427892 185421744 1
13427892 186186863 1
13427892 187375780 1
14468705 40430672 1
14468705 46501352 1
14468705 51145022 1
14468705 63670432 1
14468705 77972702 1
14468705 115722162 1
14468705 136271182 1
14468705 146961602 1
14468705 174667142 1
14468705 183049821 1
14468705 185421744 1
14468705 186186863 1
14468705 187375780 1
40430672 46501352 1
40430672 51145022 1
40430672 63670432 1
40430672 77972702 1
40430672 113495112 1
40430672 115722162 1
40430672 136271182 1
40430672 146961602 1
40430672 174667142 1
40430672 185421744 1
40430672 186186863 1
40430672 187375780 1
46501352 51145022 1
46501352 63670432 1
46501352 77972702 1
46501352 113495112 1
46501352 115722162 1
46501352 136271182 1
46501352 146961602 1
46501352 174667142 1
46501352 183049821 1
46501352 185421744 1
46501352 186186863 1
46501352 187375780 1
51145022 63670432 1
51145022 77972702 1
51145022 113495112 1
51145022 115722162 1
51145022 136271182 1
51145022 146961602 1
51145022 174667142 1
51145022 183049821 1
51145022 185421744 1
51145022 186186863 1
51145022 187375780 1
63670432 77972702 1
63670432 113495112 1
63670432 115722162 1
63670432 136271182 1
63670432 146961602 1
63670432 174667142 1
63670432 185421744 1
63670432 186186863 1
63670432 187375780 1
77972702 113495112 1
77972702 115722162 1
77972702 136271182 1
77972702 146961602 1
77972702 174667142 1
77972702 183049821 1
77972702 185421744 1
77972702 186186863 1
77972702 187375780 1
113495112 115722162 1
113495112 136271182 1
113495112 146961602 1
113495112 174667142 1
113495112 183049821 1
113495112 185421744 1
113495112 186186863 1
113495112 187375780 1
115722162 136271182 1
115722162 146961602 1
115722162 174667142 1
115722162 183049821 1
115722162 185421744 1
115722162 186186863 1
115722162 187375780 1
136271182 146961602 1
136271182 183049821 1
136271182 185421744 1
136271182 186186863 1
136271182 187375780 1
146961602 174667142 1
146961602 183049821 1
146961602 185421744 1
146961602 186186863 1
146961602 187375780 1
174667142 183049821 1
174667142 185421744 1
174667142 186186863 1
174667142 187375780 1
183049821 185421744 1
183049821 186186863 1
183049821 187375780 1
185421744 186186863 1
185421744 187375780 1
186186863 187375780 1
