6551814 7929351 1502600 3562379 8797325 2236045 8053520 7546641 8674836 8187286 5590296 8000793 8745241 6054810 3540771 6021417 5345833 8608682 8607022 8125488 7084337 8711984 4687795 8293172 8469172 8933938 6612279 7858999 7011899 4272830 8613695 7726016 3261121 8371902 8329283 7274820 8112326 7602502 7920587 3499340 4192594 2993747 7851474 7492820 8508884 8626133 8840408 8749531 7943008 7444070 7486441 8249326 4311664 5272689 8447728 8502388 7630716 6923133 8781311
1502600 2993747 4
1502600 4192594 6
1502600 4272830 5
1502600 4311664 3
1502600 4687795 6
1502600 6021417 3
1502600 6612279 5
1502600 6923133 5
1502600 7444070 4
1502600 7726016 2
1502600 7851474 1
1502600 8000793 7
1502600 8053520 6
1502600 8112326 1
1502600 8187286 6
1502600 8249326 6
1502600 8674836 6
2993747 4192594 6
2993747 4272830 5
2993747 4311664 3
2993747 4687795 5
2993747 6021417 2
2993747 6612279 4
2993747 6923133 3
2993747 7444070 3
2993747 7726016 3
2993747 7851474 1
2993747 8000793 4
2993747 8053520 5
2993747 8112326 1
2993747 8187286 4
2993747 8249326 4
2993747 8674836 4
4192594 4272830 6
4192594 4311664 3
4192594 4687795 8
4192594 6021417 3
4192594 6612279 7
4192594 6923133 6
4192594 7444070 4
4192594 7726016 5
4192594 7851474 1
4192594 8000793 6
4192594 8053520 8
4192594 8112326 1
4192594 8187286 6
4192594 8249326 6
4192594 8674836 7
4272830 4311664 3
4272830 4687795 6
4272830 6021417 3
4272830 6612279 4
4272830 6923133 4
4272830 7444070 4
4272830 7726016 3
4272830 7851474 1
4272830 8000793 5
4272830 8053520 6
4272830 8112326 1
4272830 8187286 5
4272830 8249326 5
4272830 8674836 5
4311664 4687795 3
4311664 6021417 2
4311664 6612279 3
4311664 6923133 2
4311664 7444070 2
4311664 7726016 1
4311664 7851474 1
4311664 8000793 3
4311664 8053520 3
4311664 8112326 1
4311664 8187286 3
4311664 8249326 3
4311664 8674836 3
4687795 6021417 3
4687795 6612279 6
4687795 6923133 6
4687795 7444070 4
4687795 7726016 4
4687795 7851474 1
4687795 8000793 6
4687795 8053520 8
4687795 8112326 1
4687795 8187286 6
4687795 8249326 6
4687795 8674836 7
6021417 6612279 3
6021417 6923133 3
6021417 7444070 3
6021417 7726016 2
6021417 7851474 1
6021417 8000793 3
6021417 8053520 3
6021417 8112326 1
6021417 8187286 3
6021417 8249326 3
6021417 8674836 3
6612279 6923133 5
6612279 7444070 3
6612279 7726016 4
6612279 7851474 1
6612279 8000793 5
6612279 8053520 6
6612279 8112326 1
6612279 8187286 5
6612279 8249326 5
6612279 8674836 6
6923133 7444070 5
6923133 7726016 4
6923133 7851474 1
6923133 8000793 5
6923133 8053520 6
6923133 8112326 1
6923133 8187286 6
6923133 8249326 5
6923133 8674836 7
7444070 7726016 3
7444070 7851474 1
7444070 8000793 4
7444070 8053520 4
7444070 8112326 1
7444070 8187286 5
7444070 8249326 4
7444070 8674836 5
7726016 7851474 1
7726016 8000793 2
7726016 8053520 4
7726016 8112326 1
7726016 8187286 3
7726016 8249326 3
7726016 8674836 4
7851474 8000793 1
7851474 8053520 1
7851474 8112326 1
7851474 8187286 1
7851474 8249326 1
7851474 8674836 1
8000793 8053520 6
8000793 8112326 1
8000793 8187286 6
8000793 8249326 6
8000793 8674836 6
8053520 8112326 1
8053520 8187286 6
8053520 8249326 6
8053520 8674836 7
8112326 8187286 1
8112326 8249326 1
8112326 8674836 1
8187286 8249326 5
8187286 8674836 7
8249326 8674836 6
2993747 3562379 3
2993747 5590296 1
2993747 7546641 4
2993747 7630716 3
2993747 8125488 1
2993747 8745241 3
2993747 8749531 5
3562379 4192594 5
3562379 4272830 4
3562379 4687795 5
3562379 5590296 2
3562379 6923133 3
3562379 7444070 2
3562379 7546641 3
3562379 7630716 3
3562379 7726016 3
3562379 8053520 5
3562379 8125488 1
3562379 8187286 3
3562379 8674836 4
3562379 8745241 3
3562379 8749531 4
4192594 5590296 2
4192594 7546641 5
4192594 7630716 5
4192594 8125488 1
4192594 8745241 5
4192594 8749531 7
4272830 5590296 1
4272830 7546641 4
4272830 7630716 3
4272830 8125488 1
4272830 8745241 3
4272830 8749531 5
4687795 5590296 2
4687795 7546641 5
4687795 7630716 5
4687795 8125488 1
4687795 8745241 4
4687795 8749531 6
5590296 6923133 2
5590296 7444070 1
5590296 7546641 1
5590296 7630716 2
5590296 7726016 2
5590296 8053520 2
5590296 8125488 1
5590296 8187286 1
5590296 8674836 2
5590296 8745241 2
5590296 8749531 1
6923133 7546641 3
6923133 7630716 4
6923133 8125488 1
6923133 8745241 5
6923133 8749531 4
7444070 7546641 2
7444070 7630716 2
7444070 8125488 1
7444070 8745241 4
7444070 8749531 3
7546641 7630716 4
7546641 7726016 1
7546641 8053520 5
7546641 8125488 1
7546641 8187286 4
7546641 8674836 4
7546641 8745241 2
7546641 8749531 5
7630716 7726016 2
7630716 8053520 5
7630716 8125488 1
7630716 8187286 3
7630716 8674836 4
7630716 8745241 3
7630716 8749531 4
7726016 8125488 1
7726016 8745241 4
7726016 8749531 3
8053520 8125488 1
8053520 8745241 4
8053520 8749531 6
8125488 8187286 1
8125488 8674836 1
8125488 8745241 1
8125488 8749531 1
8187286 8745241 4
8187286 8749531 5
8674836 8745241 5
8674836 8749531 5
8745241 8749531 4
1502600 3499340 5
1502600 8502388 2
1502600 8745241 3
1502600 8781311 2
3499340 6923133 5
3499340 7444070 3
3499340 8000793 5
3499340 8187286 5
3499340 8249326 5
3499340 8502388 2
3499340 8674836 6
3499340 8745241 4
3499340 8781311 1
6923133 8502388 2
6923133 8781311 1
7444070 8502388 2
7444070 8781311 1
8000793 8502388 2
8000793 8745241 3
8000793 8781311 2
8187286 8502388 2
8187286 8781311 1
8249326 8502388 2
8249326 8745241 4
8249326 8781311 2
8502388 8674836 2
8502388 8745241 2
8502388 8781311 1
8674836 8781311 1
8745241 8781311 1
1502600 3562379 3
1502600 7492820 3
1502600 7602502 1
1502600 7929351 4
1502600 8613695 4
1502600 8749531 5
3499340 3562379 3
3499340 4192594 5
3499340 4272830 3
3499340 4687795 5
3499340 6021417 2
3499340 6612279 5
3499340 7492820 4
3499340 7602502 1
3499340 7726016 2
3499340 7929351 4
3499340 8053520 5
3499340 8613695 5
3499340 8749531 4
3562379 6021417 1
3562379 6612279 3
3562379 7492820 2
3562379 7602502 1
3562379 7929351 2
3562379 8000793 3
3562379 8249326 4
3562379 8613695 3
4192594 7492820 4
4192594 7602502 1
4192594 7929351 4
4192594 8613695 5
4272830 7492820 2
4272830 7602502 1
4272830 7929351 3
4272830 8613695 3
4687795 7492820 4
4687795 7602502 1
4687795 7929351 4
4687795 8613695 5
6021417 7492820 2
6021417 7602502 1
6021417 7929351 2
6021417 8613695 2
6021417 8745241 2
6021417 8749531 2
6612279 7492820 4
6612279 7602502 1
6612279 7929351 4
6612279 8613695 5
6612279 8745241 4
6612279 8749531 5
6923133 7492820 4
6923133 7602502 1
6923133 7929351 3
6923133 8613695 4
7444070 7492820 2
7444070 7602502 1
7444070 7929351 2
7444070 8613695 2
7492820 7602502 1
7492820 7726016 2
7492820 7929351 3
7492820 8000793 3
7492820 8053520 4
7492820 8187286 3
7492820 8249326 3
7492820 8613695 4
7492820 8674836 4
7492820 8745241 3
7492820 8749531 3
7602502 7726016 1
7602502 7929351 1
7602502 8000793 1
7602502 8053520 1
7602502 8187286 1
7602502 8249326 1
7602502 8613695 1
7602502 8674836 1
7602502 8745241 1
7602502 8749531 1
7726016 7929351 1
7726016 8613695 2
7929351 8000793 4
7929351 8053520 4
7929351 8187286 4
7929351 8249326 3
7929351 8613695 4
7929351 8674836 4
7929351 8745241 2
7929351 8749531 4
8000793 8613695 4
8000793 8749531 5
8053520 8613695 5
8187286 8613695 4
8249326 8613695 4
8249326 8749531 4
8613695 8674836 5
8613695 8745241 3
8613695 8749531 4
3499340 5272689 2
3499340 5345833 2
3499340 5590296 1
3499340 6054810 3
3499340 7630716 3
3499340 7858999 3
3499340 8608682 2
3562379 5272689 2
3562379 5345833 1
3562379 6054810 1
3562379 7858999 3
3562379 8608682 2
4192594 5272689 2
4192594 5345833 3
4192594 6054810 3
4192594 7858999 5
4192594 8608682 2
4687795 5272689 2
4687795 5345833 2
4687795 6054810 3
4687795 7858999 4
4687795 8608682 2
5272689 5345833 1
5272689 5590296 1
5272689 6054810 1
5272689 6612279 2
5272689 6923133 1
5272689 7492820 1
5272689 7630716 1
5272689 7726016 1
5272689 7858999 2
5272689 8053520 2
5272689 8249326 2
5272689 8608682 2
5272689 8613695 2
5272689 8674836 2
5272689 8745241 1
5345833 5590296 1
5345833 6054810 2
5345833 6612279 3
5345833 6923133 2
5345833 7492820 2
5345833 7630716 2
5345833 7726016 2
5345833 7858999 2
5345833 8053520 2
5345833 8249326 2
5345833 8608682 1
5345833 8613695 2
5345833 8674836 2
5345833 8745241 3
5590296 6054810 1
5590296 6612279 1
5590296 7492820 1
5590296 7858999 1
5590296 8249326 1
5590296 8608682 1
5590296 8613695 1
6054810 6612279 3
6054810 6923133 3
6054810 7492820 3
6054810 7630716 3
6054810 7726016 1
6054810 7858999 2
6054810 8053520 3
6054810 8249326 2
6054810 8608682 1
6054810 8613695 3
6054810 8674836 3
6054810 8745241 2
6612279 7630716 3
6612279 7858999 4
6612279 8608682 2
6923133 7858999 2
6923133 8608682 1
7492820 7630716 3
7492820 7858999 2
7492820 8608682 1
7630716 7858999 3
7630716 8249326 3
7630716 8608682 1
7630716 8613695 3
7726016 7858999 2
7726016 8608682 1
7858999 8053520 4
7858999 8249326 3
7858999 8608682 2
7858999 8613695 3
7858999 8674836 3
7858999 8745241 2
8053520 8608682 2
8249326 8608682 2
8608682 8613695 2
8608682 8674836 2
8608682 8745241 1
1502600 6551814 1
1502600 7546641 4
1502600 7630716 3
1502600 7858999 3
1502600 7920587 2
1502600 8797325 4
2993747 6551814 1
2993747 7858999 3
2993747 7920587 1
2993747 8781311 1
2993747 8797325 3
3562379 6551814 1
3562379 7920587 1
3562379 8781311 1
3562379 8797325 2
4192594 6551814 1
4192594 7920587 2
4192594 8781311 1
4192594 8797325 4
4272830 6551814 1
4272830 7858999 2
4272830 7920587 1
4272830 8781311 1
4272830 8797325 3
4687795 6551814 1
4687795 7920587 2
4687795 8781311 1
4687795 8797325 4
6551814 7546641 1
6551814 7630716 1
6551814 7858999 1
6551814 7920587 1
6551814 8000793 1
6551814 8053520 1
6551814 8249326 1
6551814 8749531 1
6551814 8781311 1
6551814 8797325 1
7546641 7858999 3
7546641 7920587 2
7546641 8000793 4
7546641 8249326 3
7546641 8781311 1
7546641 8797325 4
7630716 7920587 2
7630716 8000793 3
7630716 8781311 1
7630716 8797325 3
7858999 7920587 2
7858999 8000793 3
7858999 8749531 4
7858999 8781311 1
7858999 8797325 3
7920587 8000793 2
7920587 8053520 2
7920587 8249326 1
7920587 8749531 2
7920587 8781311 1
7920587 8797325 2
8000793 8797325 4
8053520 8781311 1
8053520 8797325 4
8249326 8797325 3
8749531 8781311 1
8749531 8797325 4
8781311 8797325 1
2236045 2993747 3
2236045 4192594 4
2236045 5345833 2
2236045 6612279 4
2236045 7726016 1
2236045 7858999 3
2236045 8607022 4
2236045 8745241 2
2236045 8749531 4
2993747 5345833 2
2993747 8607022 3
4192594 8607022 4
5345833 8607022 2
5345833 8749531 2
6612279 8607022 4
7726016 8607022 1
7858999 8607022 3
8607022 8745241 2
8607022 8749531 4
1502600 2236045 3
1502600 3261121 1
1502600 5345833 1
1502600 6054810 2
1502600 7084337 3
1502600 7943008 1
1502600 8447728 3
1502600 8508884 3
1502600 8607022 3
1502600 8626133 1
1502600 8711984 3
1502600 8840408 3
2236045 3261121 1
2236045 3499340 3
2236045 4272830 2
2236045 4311664 2
2236045 4687795 3
2236045 6021417 1
2236045 6054810 2
2236045 6923133 2
2236045 7084337 3
2236045 7444070 1
2236045 7492820 2
2236045 7546641 3
2236045 7630716 2
2236045 7929351 3
2236045 7943008 1
2236045 8000793 3
2236045 8053520 3
2236045 8187286 3
2236045 8249326 2
2236045 8447728 3
2236045 8502388 1
2236045 8508884 3
2236045 8613695 3
2236045 8626133 1
2236045 8674836 3
2236045 8711984 3
2236045 8797325 3
2236045 8840408 3
2993747 3261121 1
2993747 3499340 2
2993747 6054810 1
2993747 7084337 2
2993747 7492820 1
2993747 7929351 2
2993747 7943008 1
2993747 8447728 2
2993747 8502388 1
2993747 8508884 2
2993747 8613695 2
2993747 8626133 1
2993747 8711984 2
2993747 8840408 2
3261121 3499340 1
3261121 4192594 1
3261121 4272830 1
3261121 4311664 1
3261121 4687795 1
3261121 5345833 1
3261121 6021417 1
3261121 6054810 1
3261121 6612279 1
3261121 6923133 1
3261121 7084337 1
3261121 7444070 1
3261121 7492820 1
3261121 7546641 1
3261121 7630716 1
3261121 7929351 1
3261121 7943008 1
3261121 8000793 1
3261121 8053520 1
3261121 8187286 1
3261121 8249326 1
3261121 8447728 1
3261121 8502388 1
3261121 8508884 1
3261121 8607022 1
3261121 8613695 1
3261121 8626133 1
3261121 8674836 1
3261121 8711984 1
3261121 8745241 1
3261121 8749531 1
3261121 8797325 1
3261121 8840408 1
3499340 4311664 2
3499340 7084337 3
3499340 7546641 3
3499340 7943008 1
3499340 8447728 3
3499340 8508884 3
3499340 8607022 3
3499340 8626133 1
3499340 8711984 3
3499340 8797325 3
3499340 8840408 3
4192594 7084337 3
4192594 7943008 1
4192594 8447728 3
4192594 8502388 1
4192594 8508884 3
4192594 8626133 1
4192594 8711984 3
4192594 8840408 3
4272830 5345833 1
4272830 6054810 1
4272830 7084337 2
4272830 7943008 1
4272830 8447728 2
4272830 8502388 1
4272830 8508884 2
4272830 8607022 2
4272830 8626133 1
4272830 8711984 2
4272830 8840408 2
4311664 5345833 1
4311664 6054810 1
4311664 7084337 2
4311664 7492820 1
4311664 7546641 2
4311664 7630716 1
4311664 7929351 2
4311664 7943008 1
4311664 8447728 2
4311664 8502388 1
4311664 8508884 2
4311664 8607022 2
4311664 8613695 2
4311664 8626133 1
4311664 8711984 2
4311664 8745241 1
4311664 8749531 2
4311664 8797325 2
4311664 8840408 2
4687795 7084337 3
4687795 7943008 1
4687795 8447728 3
4687795 8502388 1
4687795 8508884 3
4687795 8607022 3
4687795 8626133 1
4687795 8711984 3
4687795 8840408 3
5345833 6021417 1
5345833 7084337 1
5345833 7444070 1
5345833 7546641 1
5345833 7929351 1
5345833 7943008 1
5345833 8000793 1
5345833 8187286 1
5345833 8447728 1
5345833 8502388 1
5345833 8508884 1
5345833 8626133 1
5345833 8711984 1
5345833 8797325 1
5345833 8840408 1
6021417 6054810 1
6021417 7084337 1
6021417 7546641 1
6021417 7630716 1
6021417 7943008 1
6021417 8447728 1
6021417 8502388 1
6021417 8508884 1
6021417 8607022 1
6021417 8626133 1
6021417 8711984 1
6021417 8797325 1
6021417 8840408 1
6054810 7084337 2
6054810 7444070 1
6054810 7546641 2
6054810 7929351 2
6054810 7943008 1
6054810 8000793 2
6054810 8187286 2
6054810 8447728 2
6054810 8502388 1
6054810 8508884 2
6054810 8607022 2
6054810 8626133 1
6054810 8711984 2
6054810 8749531 2
6054810 8797325 2
6054810 8840408 2
6612279 7084337 3
6612279 7546641 3
6612279 7943008 1
6612279 8447728 3
6612279 8502388 1
6612279 8508884 3
6612279 8626133 1
6612279 8711984 3
6612279 8797325 3
6612279 8840408 3
6923133 7084337 2
6923133 7943008 1
6923133 8447728 2
6923133 8508884 2
6923133 8607022 2
6923133 8626133 1
6923133 8711984 2
6923133 8797325 2
6923133 8840408 2
7084337 7444070 1
7084337 7492820 2
7084337 7546641 3
7084337 7630716 2
7084337 7929351 3
7084337 7943008 1
7084337 8000793 3
7084337 8053520 3
7084337 8187286 3
7084337 8249326 2
7084337 8447728 3
7084337 8502388 1
7084337 8508884 3
7084337 8607022 3
7084337 8613695 3
7084337 8626133 1
7084337 8674836 3
7084337 8711984 3
7084337 8745241 1
7084337 8749531 3
7084337 8797325 3
7084337 8840408 3
7444070 7943008 1
7444070 8447728 1
7444070 8508884 1
7444070 8607022 1
7444070 8626133 1
7444070 8711984 1
7444070 8797325 1
7444070 8840408 1
7492820 7546641 2
7492820 7943008 1
7492820 8447728 2
7492820 8502388 1
7492820 8508884 2
7492820 8607022 2
7492820 8626133 1
7492820 8711984 2
7492820 8797325 2
7492820 8840408 2
7546641 7929351 3
7546641 7943008 1
7546641 8447728 3
7546641 8502388 1
7546641 8508884 3
7546641 8607022 3
7546641 8613695 3
7546641 8626133 1
7546641 8711984 3
7546641 8840408 3
7630716 7929351 2
7630716 7943008 1
7630716 8447728 2
7630716 8502388 1
7630716 8508884 2
7630716 8607022 2
7630716 8626133 1
7630716 8711984 2
7630716 8840408 2
7929351 7943008 1
7929351 8447728 3
7929351 8502388 1
7929351 8508884 3
7929351 8607022 3
7929351 8626133 1
7929351 8711984 3
7929351 8797325 3
7929351 8840408 3
7943008 8000793 1
7943008 8053520 1
7943008 8187286 1
7943008 8249326 1
7943008 8447728 1
7943008 8502388 1
7943008 8508884 1
7943008 8607022 1
7943008 8613695 1
7943008 8626133 1
7943008 8674836 1
7943008 8711984 1
7943008 8745241 1
7943008 8749531 1
7943008 8797325 1
7943008 8840408 1
8000793 8447728 3
8000793 8508884 3
8000793 8607022 3
8000793 8626133 1
8000793 8711984 3
8000793 8840408 3
8053520 8447728 3
8053520 8502388 1
8053520 8508884 3
8053520 8607022 3
8053520 8626133 1
8053520 8711984 3
8053520 8840408 3
8187286 8447728 3
8187286 8508884 3
8187286 8607022 3
8187286 8626133 1
8187286 8711984 3
8187286 8797325 3
8187286 8840408 3
8249326 8447728 2
8249326 8508884 2
8249326 8607022 2
8249326 8626133 1
8249326 8711984 2
8249326 8840408 2
8447728 8502388 1
8447728 8508884 3
8447728 8607022 3
8447728 8613695 3
8447728 8626133 1
8447728 8674836 3
8447728 8711984 3
8447728 8745241 1
8447728 8749531 3
8447728 8797325 3
8447728 8840408 3
8502388 8508884 1
8502388 8607022 1
8502388 8613695 1
8502388 8626133 1
8502388 8711984 1
8502388 8749531 1
8502388 8797325 1
8502388 8840408 1
8508884 8607022 3
8508884 8613695 3
8508884 8626133 1
8508884 8674836 3
8508884 8711984 3
8508884 8745241 1
8508884 8749531 3
8508884 8797325 3
8508884 8840408 3
8607022 8613695 3
8607022 8626133 1
8607022 8674836 3
8607022 8711984 3
8607022 8797325 3
8607022 8840408 3
8613695 8626133 1
8613695 8711984 3
8613695 8797325 3
8613695 8840408 3
8626133 8674836 1
8626133 8711984 1
8626133 8745241 1
8626133 8749531 1
8626133 8797325 1
8626133 8840408 1
8674836 8711984 3
8674836 8797325 3
8674836 8840408 3
8711984 8745241 1
8711984 8749531 3
8711984 8797325 3
8711984 8840408 3
8745241 8797325 1
8745241 8840408 1
8749531 8840408 3
8797325 8840408 3
1502600 5272689 1
1502600 7011899 1
1502600 7486441 1
1502600 8293172 1
1502600 8469172 1
1502600 8608682 1
1502600 8933938 1
2236045 3562379 1
2236045 5272689 1
2236045 7011899 1
2236045 7486441 1
2236045 8293172 1
2236045 8469172 1
2236045 8608682 1
2236045 8933938 1
2993747 5272689 1
2993747 7011899 1
2993747 7486441 1
2993747 8293172 1
2993747 8469172 1
2993747 8608682 1
2993747 8933938 1
3499340 7011899 1
3499340 7486441 1
3499340 8293172 1
3499340 8469172 1
3499340 8933938 1
3562379 4311664 1
3562379 7011899 1
3562379 7084337 1
3562379 7486441 1
3562379 8293172 1
3562379 8447728 1
3562379 8469172 1
3562379 8508884 1
3562379 8607022 1
3562379 8711984 1
3562379 8840408 1
3562379 8933938 1
4192594 7011899 1
4192594 7486441 1
4192594 8293172 1
4192594 8469172 1
4192594 8933938 1
4272830 5272689 1
4272830 7011899 1
4272830 7486441 1
4272830 8293172 1
4272830 8469172 1
4272830 8608682 1
4272830 8933938 1
4311664 5272689 1
4311664 7011899 1
4311664 7486441 1
4311664 7858999 1
4311664 8293172 1
4311664 8469172 1
4311664 8608682 1
4311664 8933938 1
4687795 7011899 1
4687795 7486441 1
4687795 8293172 1
4687795 8469172 1
4687795 8933938 1
5272689 7011899 1
5272689 7084337 1
5272689 7486441 1
5272689 7546641 1
5272689 7929351 1
5272689 8000793 1
5272689 8187286 1
5272689 8293172 1
5272689 8447728 1
5272689 8469172 1
5272689 8508884 1
5272689 8607022 1
5272689 8711984 1
5272689 8749531 1
5272689 8797325 1
5272689 8840408 1
5272689 8933938 1
6612279 7011899 1
6612279 7486441 1
6612279 8293172 1
6612279 8469172 1
6612279 8933938 1
7011899 7084337 1
7011899 7486441 1
7011899 7546641 1
7011899 7858999 1
7011899 7929351 1
7011899 8000793 1
7011899 8053520 1
7011899 8187286 1
7011899 8249326 1
7011899 8293172 1
7011899 8447728 1
7011899 8469172 1
7011899 8508884 1
7011899 8607022 1
7011899 8608682 1
7011899 8613695 1
7011899 8674836 1
7011899 8711984 1
7011899 8749531 1
7011899 8797325 1
7011899 8840408 1
7011899 8933938 1
7084337 7486441 1
7084337 7858999 2
7084337 8293172 1
7084337 8469172 1
7084337 8608682 1
7084337 8933938 1
7486441 7546641 1
7486441 7858999 1
7486441 7929351 1
7486441 8000793 1
7486441 8053520 1
7486441 8187286 1
7486441 8249326 1
7486441 8293172 1
7486441 8447728 1
7486441 8469172 1
7486441 8508884 1
7486441 8607022 1
7486441 8608682 1
7486441 8613695 1
7486441 8674836 1
7486441 8711984 1
7486441 8749531 1
7486441 8797325 1
7486441 8840408 1
7486441 8933938 1
7546641 8293172 1
7546641 8469172 1
7546641 8608682 1
7546641 8933938 1
7858999 7929351 2
7858999 8187286 2
7858999 8293172 1
7858999 8447728 2
7858999 8469172 1
7858999 8508884 2
7858999 8711984 2
7858999 8840408 2
7858999 8933938 1
7929351 8293172 1
7929351 8469172 1
7929351 8608682 1
7929351 8933938 1
8000793 8293172 1
8000793 8469172 1
8000793 8608682 1
8000793 8933938 1
8053520 8293172 1
8053520 8469172 1
8053520 8933938 1
8187286 8293172 1
8187286 8469172 1
8187286 8608682 1
8187286 8933938 1
8249326 8293172 1
8249326 8469172 1
8249326 8933938 1
8293172 8447728 1
8293172 8469172 1
8293172 8508884 1
8293172 8607022 1
8293172 8608682 1
8293172 8613695 1
8293172 8674836 1
8293172 8711984 1
8293172 8749531 1
8293172 8797325 1
8293172 8840408 1
8293172 8933938 1
8447728 8469172 1
8447728 8608682 1
8447728 8933938 1
8469172 8508884 1
8469172 8607022 1
8469172 8608682 1
8469172 8613695 1
8469172 8674836 1
8469172 8711984 1
8469172 8749531 1
8469172 8797325 1
8469172 8840408 1
8469172 8933938 1
8508884 8608682 1
8508884 8933938 1
8607022 8608682 1
8607022 8933938 1
8608682 8711984 1
8608682 8749531 1
8608682 8797325 1
8608682 8840408 1
8608682 8933938 1
8613695 8933938 1
8674836 8933938 1
8711984 8933938 1
8749531 8933938 1
8797325 8933938 1
8840408 8933938 1
1502600 3540771 1
1502600 7274820 1
1502600 8329283 1
1502600 8371902 1
2236045 3540771 1
2236045 7274820 1
2236045 7920587 1
2236045 8329283 1
2236045 8371902 1
3499340 3540771 1
3499340 7274820 1
3499340 7920587 1
3499340 8329283 1
3499340 8371902 1
3540771 4192594 1
3540771 4687795 1
3540771 6054810 1
3540771 6612279 1
3540771 6923133 1
3540771 7084337 1
3540771 7274820 1
3540771 7492820 1
3540771 7546641 1
3540771 7630716 1
3540771 7858999 1
3540771 7920587 1
3540771 7929351 1
3540771 8000793 1
3540771 8053520 1
3540771 8187286 1
3540771 8329283 1
3540771 8371902 1
3540771 8447728 1
3540771 8508884 1
3540771 8607022 1
3540771 8613695 1
3540771 8674836 1
3540771 8711984 1
3540771 8749531 1
3540771 8797325 1
3540771 8840408 1
4192594 7274820 1
4192594 8329283 1
4192594 8371902 1
4687795 7274820 1
4687795 8329283 1
4687795 8371902 1
6054810 7274820 1
6054810 7920587 1
6054810 8329283 1
6054810 8371902 1
6612279 7274820 1
6612279 7920587 1
6612279 8329283 1
6612279 8371902 1
6923133 7274820 1
6923133 7920587 1
6923133 8329283 1
6923133 8371902 1
7084337 7274820 1
7084337 7920587 1
7084337 8329283 1
7084337 8371902 1
7274820 7492820 1
7274820 7546641 1
7274820 7630716 1
7274820 7858999 1
7274820 7920587 1
7274820 7929351 1
7274820 8000793 1
7274820 8053520 1
7274820 8187286 1
7274820 8329283 1
7274820 8371902 1
7274820 8447728 1
7274820 8508884 1
7274820 8607022 1
7274820 8613695 1
7274820 8674836 1
7274820 8711984 1
7274820 8749531 1
7274820 8797325 1
7274820 8840408 1
7492820 7920587 1
7492820 8329283 1
7492820 8371902 1
7546641 8329283 1
7546641 8371902 1
7630716 8329283 1
7630716 8371902 1
7858999 8329283 1
7858999 8371902 1
7920587 7929351 1
7920587 8187286 1
7920587 8329283 1
7920587 8371902 1
7920587 8447728 1
7920587 8508884 1
7920587 8607022 1
7920587 8613695 1
7920587 8674836 1
7920587 8711984 1
7920587 8840408 1
7929351 8329283 1
7929351 8371902 1
8000793 8329283 1
8000793 8371902 1
8053520 8329283 1
8053520 8371902 1
8187286 8329283 1
8187286 8371902 1
8329283 8371902 1
8329283 8447728 1
8329283 8508884 1
8329283 8607022 1
8329283 8613695 1
8329283 8674836 1
8329283 8711984 1
8329283 8749531 1
8329283 8797325 1
8329283 8840408 1
8371902 8447728 1
8371902 8508884 1
8371902 8607022 1
8371902 8613695 1
8371902 8674836 1
8371902 8711984 1
8371902 8749531 1
8371902 8797325 1
8371902 8840408 1
