13744898 28305412 547205 10297990 3562379 9996171 8797325 12190223 3493266 11845141 11865878 21767961 9809563 13818655 9218595 11993126 12536615 6021417 13348777 9721387 19733421 25359022 7567792 4687795 27073332 6915509 4889653 6612279 2554553 9711676 14307388 4272830 7662144 3261121 18244291 30783172 7496517 12533575 12415817 11262543 10077139 2993747 11078997 6665940 29583062 3981911 8749531 2677084 19768541 3632987 10093535 9619679 14468705 9808226 11473759 14279780 11051105 10186854 14127711 24400232 12602345 7486441 13664361 9249255 10019053 8249326 4311664 8502388 10441465 3940084 9436665 11751418 7630716 26899582
547205 10077139 7
547205 10093535 2
547205 11865878 2
547205 11993126 4
547205 12190223 2
547205 19733421 2
547205 19768541 7
547205 26899582 2
10077139 10093535 3
10077139 11865878 3
10077139 11993126 5
10077139 12190223 2
10077139 19733421 2
10077139 19768541 9
10077139 26899582 3
10093535 11865878 2
10093535 11993126 3
10093535 12190223 1
10093535 19733421 2
10093535 19768541 3
10093535 26899582 2
11865878 11993126 2
11865878 12190223 1
11865878 19733421 1
11865878 19768541 3
11865878 26899582 3
11993126 12190223 1
11993126 19733421 2
11993126 19768541 5
11993126 26899582 2
12190223 19733421 1
12190223 19768541 2
12190223 26899582 1
19733421 19768541 2
19733421 26899582 1
19768541 26899582 3
547205 3261121 1
547205 3562379 2
547205 4687795 4
547205 6612279 3
547205 6915509 1
547205 7567792 2
547205 8502388 1
547205 8749531 2
547205 8797325 1
547205 9218595 1
547205 9436665 1
547205 9619679 1
547205 9711676 4
547205 9808226 2
547205 9809563 1
547205 9996171 5
547205 10297990 3
547205 11262543 4
547205 11845141 5
547205 12602345 1
547205 14279780 2
547205 14307388 1
547205 28305412 3
3261121 3562379 1
3261121 4687795 1
3261121 6612279 1
3261121 6915509 1
3261121 7567792 1
3261121 8502388 1
3261121 8749531 1
3261121 8797325 1
3261121 9218595 1
3261121 9436665 1
3261121 9619679 1
3261121 9711676 1
3261121 9808226 1
3261121 9809563 1
3261121 9996171 1
3261121 10077139 1
3261121 10297990 1
3261121 11262543 1
3261121 11845141 1
3261121 12190223 1
3261121 12602345 1
3261121 14279780 1
3261121 14307388 1
3261121 19768541 1
3261121 28305412 1
3562379 4687795 2
3562379 6612279 2
3562379 6915509 1
3562379 7567792 1
3562379 8502388 1
3562379 8749531 1
3562379 8797325 1
3562379 9218595 1
3562379 9436665 1
3562379 9619679 1
3562379 9711676 2
3562379 9808226 1
3562379 9809563 1
3562379 9996171 2
3562379 10077139 2
3562379 10297990 1
3562379 11262543 2
3562379 11845141 2
3562379 12190223 1
3562379 12602345 1
3562379 14279780 2
3562379 14307388 1
3562379 19768541 2
3562379 28305412 2
4687795 6612279 3
4687795 6915509 1
4687795 7567792 2
4687795 8502388 1
4687795 8749531 2
4687795 8797325 1
4687795 9218595 1
4687795 9436665 1
4687795 9619679 1
4687795 9711676 3
4687795 9808226 3
4687795 9809563 1
4687795 9996171 4
4687795 10077139 5
4687795 10297990 2
4687795 11262543 5
4687795 11845141 5
4687795 12190223 1
4687795 12602345 1
4687795 14279780 2
4687795 14307388 1
4687795 19768541 5
4687795 28305412 2
6612279 6915509 1
6612279 7567792 2
6612279 8502388 1
6612279 8749531 2
6612279 8797325 1
6612279 9218595 1
6612279 9436665 1
6612279 9619679 1
6612279 9711676 3
6612279 9808226 1
6612279 9809563 1
6612279 9996171 3
6612279 10077139 3
6612279 10297990 1
6612279 11262543 3
6612279 11845141 3
6612279 12190223 1
6612279 12602345 1
6612279 14279780 2
6612279 14307388 1
6612279 19768541 3
6612279 28305412 2
6915509 7567792 1
6915509 8502388 1
6915509 8749531 1
6915509 8797325 1
6915509 9218595 1
6915509 9436665 1
6915509 9619679 1
6915509 9711676 1
6915509 9808226 1
6915509 9809563 1
6915509 9996171 1
6915509 10077139 1
6915509 10297990 1
6915509 11262543 1
6915509 11845141 1
6915509 12190223 1
6915509 12602345 1
6915509 14279780 1
6915509 14307388 1
6915509 19768541 1
6915509 28305412 1
7567792 8502388 1
7567792 8749531 2
7567792 8797325 1
7567792 9218595 1
7567792 9436665 1
7567792 9619679 1
7567792 9711676 2
7567792 9808226 1
7567792 9809563 1
7567792 9996171 2
7567792 10077139 2
7567792 10297990 1
7567792 11262543 2
7567792 11845141 2
7567792 12190223 1
7567792 12602345 1
7567792 14279780 1
7567792 14307388 1
7567792 19768541 2
7567792 28305412 1
8502388 8749531 1
8502388 8797325 1
8502388 9218595 1
8502388 9436665 1
8502388 9619679 1
8502388 9711676 1
8502388 9808226 1
8502388 9809563 1
8502388 9996171 1
8502388 10077139 1
8502388 10297990 1
8502388 11262543 1
8502388 11845141 1
8502388 12190223 1
8502388 12602345 1
8502388 14279780 1
8502388 14307388 1
8502388 19768541 1
8502388 28305412 1
8749531 8797325 1
8749531 9218595 1
8749531 9436665 1
8749531 9619679 1
8749531 9711676 2
8749531 9808226 1
8749531 9809563 1
8749531 9996171 2
8749531 10077139 2
8749531 10297990 1
8749531 11262543 2
8749531 11845141 2
8749531 12190223 1
8749531 12602345 1
8749531 14279780 1
8749531 14307388 1
8749531 19768541 2
8749531 28305412 1
8797325 9218595 1
8797325 9436665 1
8797325 9619679 1
8797325 9711676 1
8797325 9808226 1
8797325 9809563 1
8797325 9996171 1
8797325 10077139 1
8797325 10297990 1
8797325 11262543 1
8797325 11845141 1
8797325 12190223 1
8797325 12602345 1
8797325 14279780 1
8797325 14307388 1
8797325 19768541 1
8797325 28305412 1
9218595 9436665 1
9218595 9619679 1
9218595 9711676 2
9218595 9808226 2
9218595 9809563 1
9218595 9996171 2
9218595 10077139 2
9218595 10297990 3
9218595 11262543 1
9218595 11845141 1
9218595 12190223 1
9218595 12602345 1
9218595 14279780 1
9218595 14307388 1
9218595 19768541 2
9218595 28305412 1
9436665 9619679 1
9436665 9711676 1
9436665 9808226 1
9436665 9809563 1
9436665 9996171 1
9436665 10077139 1
9436665 10297990 1
9436665 11262543 1
9436665 11845141 1
9436665 12190223 1
9436665 12602345 1
9436665 14279780 1
9436665 14307388 1
9436665 19768541 1
9436665 28305412 1
9619679 9711676 1
9619679 9808226 1
9619679 9809563 1
9619679 9996171 1
9619679 10077139 1
9619679 10297990 1
9619679 11262543 1
9619679 11845141 1
9619679 12190223 1
9619679 12602345 1
9619679 14279780 1
9619679 14307388 1
9619679 19768541 1
9619679 28305412 1
9711676 9808226 2
9711676 9809563 1
9711676 9996171 4
9711676 10077139 5
9711676 10297990 3
9711676 11262543 3
9711676 11845141 4
9711676 12190223 1
9711676 12602345 1
9711676 14279780 2
9711676 14307388 1
9711676 19768541 5
9711676 28305412 3
9808226 9809563 1
9808226 9996171 2
9808226 10077139 4
9808226 10297990 3
9808226 11262543 3
9808226 11845141 3
9808226 12190223 1
9808226 12602345 1
9808226 14279780 1
9808226 14307388 1
9808226 19768541 4
9808226 28305412 1
9809563 9996171 1
9809563 10077139 1
9809563 10297990 1
9809563 11262543 1
9809563 11845141 1
9809563 12190223 1
9809563 12602345 1
9809563 14279780 1
9809563 14307388 1
9809563 19768541 1
9809563 28305412 1
9996171 10077139 5
9996171 10297990 4
9996171 11262543 4
9996171 11845141 5
9996171 12190223 1
9996171 12602345 1
9996171 14279780 2
9996171 14307388 1
9996171 19768541 5
9996171 28305412 3
10077139 10297990 4
10077139 11262543 5
10077139 11845141 6
10077139 12602345 1
10077139 14279780 2
10077139 14307388 1
10077139 28305412 3
10297990 11262543 2
10297990 11845141 3
10297990 12190223 1
10297990 12602345 1
10297990 14279780 1
10297990 14307388 1
10297990 19768541 4
10297990 28305412 2
11262543 11845141 5
11262543 12190223 1
11262543 12602345 1
11262543 14279780 2
11262543 14307388 1
11262543 19768541 5
11262543 28305412 2
11845141 12190223 1
11845141 12602345 1
11845141 14279780 2
11845141 14307388 1
11845141 19768541 6
11845141 28305412 3
12190223 12602345 1
12190223 14279780 1
12190223 14307388 1
12190223 28305412 1
12602345 14279780 1
12602345 14307388 1
12602345 19768541 1
12602345 28305412 1
14279780 14307388 1
14279780 19768541 2
14279780 28305412 2
14307388 19768541 1
14307388 28305412 1
19768541 28305412 3
2677084 2993747 2
2677084 4687795 3
2677084 8249326 2
2677084 9808226 3
2677084 10077139 6
2677084 10093535 2
2677084 10441465 2
2677084 11262543 3
2677084 11751418 1
2677084 11845141 4
2677084 11865878 1
2677084 11993126 4
2677084 12415817 1
2677084 14468705 1
2677084 18244291 1
2677084 19768541 6
2677084 26899582 1
2993747 4687795 2
2993747 8249326 1
2993747 9808226 1
2993747 10077139 3
2993747 10093535 2
2993747 10441465 2
2993747 11262543 2
2993747 11751418 1
2993747 11845141 3
2993747 11865878 2
2993747 11993126 2
2993747 12415817 1
2993747 14468705 1
2993747 18244291 2
2993747 19768541 3
2993747 26899582 2
4687795 8249326 1
4687795 10093535 1
4687795 10441465 1
4687795 11751418 1
4687795 11865878 2
4687795 11993126 3
4687795 12415817 1
4687795 14468705 1
4687795 18244291 2
4687795 26899582 2
8249326 9808226 1
8249326 10077139 2
8249326 10093535 1
8249326 10441465 1
8249326 11262543 1
8249326 11751418 1
8249326 11845141 1
8249326 11865878 1
8249326 11993126 1
8249326 12415817 1
8249326 14468705 1
8249326 18244291 1
8249326 19768541 2
8249326 26899582 1
9808226 10093535 1
9808226 10441465 1
9808226 11751418 1
9808226 11865878 1
9808226 11993126 2
9808226 12415817 1
9808226 14468705 1
9808226 18244291 1
9808226 26899582 1
10077139 10441465 2
10077139 11751418 1
10077139 12415817 1
10077139 14468705 1
10077139 18244291 2
10093535 10441465 2
10093535 11262543 1
10093535 11751418 1
10093535 11845141 2
10093535 12415817 1
10093535 14468705 1
10093535 18244291 1
10441465 11262543 1
10441465 11751418 1
10441465 11845141 2
10441465 11865878 1
10441465 11993126 2
10441465 12415817 1
10441465 14468705 1
10441465 18244291 1
10441465 19768541 2
10441465 26899582 1
11262543 11751418 1
11262543 11865878 2
11262543 11993126 3
11262543 12415817 1
11262543 14468705 1
11262543 18244291 2
11262543 26899582 2
11751418 11845141 1
11751418 11865878 1
11751418 11993126 1
11751418 12415817 1
11751418 14468705 1
11751418 18244291 1
11751418 19768541 1
11751418 26899582 1
11845141 11865878 2
11845141 11993126 4
11845141 12415817 1
11845141 14468705 1
11845141 18244291 2
11845141 26899582 2
11865878 12415817 1
11865878 14468705 1
11865878 18244291 2
11993126 12415817 1
11993126 14468705 1
11993126 18244291 1
12415817 14468705 1
12415817 18244291 1
12415817 19768541 1
12415817 26899582 1
14468705 18244291 1
14468705 19768541 1
14468705 26899582 1
18244291 19768541 2
18244291 26899582 2
547205 2554553 1
547205 2677084 4
547205 2993747 2
547205 3632987 1
547205 3940084 2
547205 4311664 2
547205 4889653 1
547205 7496517 1
547205 7662144 1
547205 10186854 1
547205 10441465 1
547205 11078997 2
547205 21767961 1
547205 30783172 1
2554553 2677084 1
2554553 2993747 1
2554553 3632987 1
2554553 3940084 1
2554553 4311664 1
2554553 4889653 1
2554553 7496517 1
2554553 7662144 1
2554553 9711676 1
2554553 9996171 1
2554553 10077139 1
2554553 10093535 1
2554553 10186854 1
2554553 10297990 1
2554553 10441465 1
2554553 11078997 1
2554553 11845141 1
2554553 11993126 1
2554553 19733421 1
2554553 19768541 1
2554553 21767961 1
2554553 28305412 1
2554553 30783172 1
2677084 3632987 1
2677084 3940084 1
2677084 4311664 1
2677084 4889653 1
2677084 7496517 1
2677084 7662144 1
2677084 9711676 3
2677084 9996171 3
2677084 10186854 1
2677084 10297990 3
2677084 11078997 1
2677084 19733421 1
2677084 21767961 1
2677084 28305412 2
2677084 30783172 1
2993747 3632987 1
2993747 3940084 2
2993747 4311664 2
2993747 4889653 1
2993747 7496517 1
2993747 7662144 1
2993747 9711676 2
2993747 9996171 2
2993747 10186854 1
2993747 10297990 1
2993747 11078997 2
2993747 19733421 1
2993747 21767961 1
2993747 28305412 1
2993747 30783172 1
3632987 3940084 1
3632987 4311664 1
3632987 4889653 1
3632987 7496517 1
3632987 7662144 1
3632987 9711676 1
3632987 9996171 1
3632987 10077139 1
3632987 10093535 1
3632987 10186854 1
3632987 10297990 1
3632987 10441465 1
3632987 11078997 1
3632987 11845141 1
3632987 11993126 1
3632987 19733421 1
3632987 19768541 1
3632987 21767961 1
3632987 28305412 1
3632987 30783172 1
3940084 4311664 2
3940084 4889653 1
3940084 7496517 1
3940084 7662144 1
3940084 9711676 2
3940084 9996171 2
3940084 10077139 2
3940084 10093535 1
3940084 10186854 1
3940084 10297990 1
3940084 10441465 1
3940084 11078997 2
3940084 11845141 2
3940084 11993126 1
3940084 19733421 1
3940084 19768541 2
3940084 21767961 1
3940084 28305412 1
3940084 30783172 1
4311664 4889653 1
4311664 7496517 1
4311664 7662144 1
4311664 9711676 2
4311664 9996171 2
4311664 10077139 2
4311664 10093535 1
4311664 10186854 1
4311664 10297990 1
4311664 10441465 1
4311664 11078997 2
4311664 11845141 2
4311664 11993126 1
4311664 19733421 1
4311664 19768541 2
4311664 21767961 1
4311664 28305412 1
4311664 30783172 1
4889653 7496517 1
4889653 7662144 1
4889653 9711676 1
4889653 9996171 1
4889653 10077139 1
4889653 10093535 1
4889653 10186854 1
4889653 10297990 1
4889653 10441465 1
4889653 11078997 1
4889653 11845141 1
4889653 11993126 1
4889653 19733421 1
4889653 19768541 1
4889653 21767961 1
4889653 28305412 1
4889653 30783172 1
7496517 7662144 1
7496517 9711676 1
7496517 9996171 1
7496517 10077139 1
7496517 10093535 1
7496517 10186854 1
7496517 10297990 1
7496517 10441465 1
7496517 11078997 1
7496517 11845141 1
7496517 11993126 1
7496517 19733421 1
7496517 19768541 1
7496517 21767961 1
7496517 28305412 1
7496517 30783172 1
7662144 9711676 1
7662144 9996171 1
7662144 10077139 1
7662144 10093535 1
7662144 10186854 1
7662144 10297990 1
7662144 10441465 1
7662144 11078997 1
7662144 11845141 1
7662144 11993126 1
7662144 19733421 1
7662144 19768541 1
7662144 21767961 1
7662144 28305412 1
7662144 30783172 1
9711676 10093535 1
9711676 10186854 1
9711676 10441465 1
9711676 11078997 2
9711676 11993126 2
9711676 19733421 1
9711676 21767961 1
9711676 30783172 1
9996171 10093535 1
9996171 10186854 1
9996171 10441465 1
9996171 11078997 2
9996171 11993126 3
9996171 19733421 1
9996171 21767961 1
9996171 30783172 1
10077139 10186854 1
10077139 11078997 2
10077139 21767961 1
10077139 30783172 1
10093535 10186854 1
10093535 10297990 1
10093535 11078997 1
10093535 21767961 1
10093535 28305412 1
10093535 30783172 1
10186854 10297990 1
10186854 10441465 1
10186854 11078997 1
10186854 11845141 1
10186854 11993126 1
10186854 19733421 1
10186854 19768541 1
10186854 21767961 1
10186854 28305412 1
10186854 30783172 1
10297990 10441465 1
10297990 11078997 1
10297990 11993126 2
10297990 19733421 1
10297990 21767961 1
10297990 30783172 1
10441465 11078997 1
10441465 19733421 1
10441465 21767961 1
10441465 28305412 1
10441465 30783172 1
11078997 11845141 2
11078997 11993126 1
11078997 19733421 1
11078997 19768541 2
11078997 21767961 1
11078997 28305412 1
11078997 30783172 1
11845141 19733421 1
11845141 21767961 1
11845141 30783172 1
11993126 21767961 1
11993126 28305412 2
11993126 30783172 1
19733421 21767961 1
19733421 28305412 1
19733421 30783172 1
19768541 21767961 1
19768541 30783172 1
21767961 28305412 1
21767961 30783172 1
28305412 30783172 1
547205 6665940 2
547205 7486441 1
547205 7630716 2
547205 11473759 1
547205 12536615 2
547205 13664361 1
547205 13818655 2
547205 29583062 1
2677084 6665940 2
2677084 7486441 1
2677084 7630716 2
2677084 11473759 1
2677084 12536615 2
2677084 13664361 1
2677084 13818655 2
2677084 29583062 1
4687795 6665940 2
4687795 7486441 1
4687795 7630716 2
4687795 11473759 1
4687795 12536615 2
4687795 13664361 1
4687795 13818655 2
4687795 29583062 1
6665940 7486441 1
6665940 7630716 2
6665940 9808226 1
6665940 9996171 2
6665940 10077139 2
6665940 10297990 1
6665940 11262543 2
6665940 11473759 1
6665940 11845141 2
6665940 11993126 2
6665940 12536615 2
6665940 13664361 1
6665940 13818655 2
6665940 19768541 2
6665940 29583062 1
7486441 7630716 1
7486441 9808226 1
7486441 9996171 1
7486441 10077139 1
7486441 10297990 1
7486441 11262543 1
7486441 11473759 1
7486441 11845141 1
7486441 11993126 1
7486441 12536615 1
7486441 13664361 1
7486441 13818655 1
7486441 19768541 1
7486441 29583062 1
7630716 9808226 1
7630716 9996171 2
7630716 10077139 2
7630716 10297990 1
7630716 11262543 2
7630716 11473759 1
7630716 11845141 2
7630716 11993126 2
7630716 12536615 2
7630716 13664361 1
7630716 13818655 2
7630716 19768541 2
7630716 29583062 1
9808226 11473759 1
9808226 12536615 1
9808226 13664361 1
9808226 13818655 1
9808226 29583062 1
9996171 11473759 1
9996171 12536615 2
9996171 13664361 1
9996171 13818655 2
9996171 29583062 1
10077139 11473759 1
10077139 12536615 2
10077139 13664361 1
10077139 13818655 2
10077139 29583062 1
10297990 11473759 1
10297990 12536615 1
10297990 13664361 1
10297990 13818655 1
10297990 29583062 1
11262543 11473759 1
11262543 12536615 2
11262543 13664361 1
11262543 13818655 2
11262543 29583062 1
11473759 11845141 1
11473759 11993126 1
11473759 12536615 1
11473759 13664361 1
11473759 13818655 1
11473759 19768541 1
11473759 29583062 1
11845141 12536615 2
11845141 13664361 1
11845141 13818655 2
11845141 29583062 1
11993126 12536615 2
11993126 13664361 1
11993126 13818655 2
11993126 29583062 1
12536615 13664361 1
12536615 13818655 2
12536615 19768541 2
12536615 29583062 1
13664361 13818655 1
13664361 19768541 1
13664361 29583062 1
13818655 19768541 2
13818655 29583062 1
19768541 29583062 1
547205 3493266 1
547205 4272830 1
547205 10019053 1
547205 11051105 2
547205 13744898 1
547205 14127711 1
547205 25359022 1
2677084 3493266 1
2677084 3562379 1
2677084 4272830 1
2677084 6612279 1
2677084 10019053 1
2677084 11051105 1
2677084 13744898 1
2677084 14127711 1
2677084 14279780 1
2677084 25359022 1
3493266 3562379 1
3493266 4272830 1
3493266 4687795 1
3493266 6612279 1
3493266 6665940 1
3493266 7630716 1
3493266 9711676 1
3493266 9996171 1
3493266 10019053 1
3493266 10077139 1
3493266 11051105 1
3493266 11262543 1
3493266 11845141 1
3493266 11993126 1
3493266 12536615 1
3493266 13744898 1
3493266 13818655 1
3493266 14127711 1
3493266 14279780 1
3493266 19768541 1
3493266 25359022 1
3493266 28305412 1
3562379 4272830 1
3562379 6665940 1
3562379 7630716 1
3562379 10019053 1
3562379 11051105 1
3562379 11993126 1
3562379 12536615 1
3562379 13744898 1
3562379 13818655 1
3562379 14127711 1
3562379 25359022 1
4272830 4687795 1
4272830 6612279 1
4272830 6665940 1
4272830 7630716 1
4272830 9711676 1
4272830 9996171 1
4272830 10019053 1
4272830 10077139 1
4272830 11051105 1
4272830 11262543 1
4272830 11845141 1
4272830 11993126 1
4272830 12536615 1
4272830 13744898 1
4272830 13818655 1
4272830 14127711 1
4272830 14279780 1
4272830 19768541 1
4272830 25359022 1
4272830 28305412 1
4687795 10019053 1
4687795 11051105 2
4687795 13744898 1
4687795 14127711 1
4687795 25359022 1
6612279 6665940 1
6612279 7630716 1
6612279 10019053 1
6612279 11051105 2
6612279 11993126 1
6612279 12536615 1
6612279 13744898 1
6612279 13818655 1
6612279 14127711 1
6612279 25359022 1
6665940 9711676 1
6665940 10019053 1
6665940 11051105 1
6665940 13744898 1
6665940 14127711 1
6665940 14279780 1
6665940 25359022 1
6665940 28305412 1
7630716 9711676 1
7630716 10019053 1
7630716 11051105 1
7630716 13744898 1
7630716 14127711 1
7630716 14279780 1
7630716 25359022 1
7630716 28305412 1
9711676 10019053 1
9711676 11051105 2
9711676 12536615 1
9711676 13744898 1
9711676 13818655 1
9711676 14127711 1
9711676 25359022 1
9996171 10019053 1
9996171 11051105 2
9996171 13744898 1
9996171 14127711 1
9996171 25359022 1
10019053 10077139 1
10019053 11051105 1
10019053 11262543 1
10019053 11845141 1
10019053 11993126 1
10019053 12536615 1
10019053 13744898 1
10019053 13818655 1
10019053 14127711 1
10019053 14279780 1
10019053 19768541 1
10019053 25359022 1
10019053 28305412 1
10077139 11051105 2
10077139 13744898 1
10077139 14127711 1
10077139 25359022 1
11051105 11262543 2
11051105 11845141 2
11051105 11993126 1
11051105 12536615 1
11051105 13744898 1
11051105 13818655 1
11051105 14127711 1
11051105 14279780 1
11051105 19768541 2
11051105 25359022 1
11051105 28305412 1
11262543 13744898 1
11262543 14127711 1
11262543 25359022 1
11845141 13744898 1
11845141 14127711 1
11845141 25359022 1
11993126 13744898 1
11993126 14127711 1
11993126 14279780 1
11993126 25359022 1
12536615 13744898 1
12536615 14127711 1
12536615 14279780 1
12536615 25359022 1
12536615 28305412 1
13744898 13818655 1
13744898 14127711 1
13744898 14279780 1
13744898 19768541 1
13744898 25359022 1
13744898 28305412 1
13818655 14127711 1
13818655 14279780 1
13818655 25359022 1
13818655 28305412 1
14127711 14279780 1
14127711 19768541 1
14127711 25359022 1
14127711 28305412 1
14279780 25359022 1
19768541 25359022 1
25359022 28305412 1
547205 3981911 1
547205 8249326 1
547205 9721387 2
547205 12533575 1
547205 24400232 1
2677084 3981911 1
2677084 9721387 2
2677084 12533575 1
2677084 24400232 1
3981911 8249326 1
3981911 9721387 1
3981911 10077139 1
3981911 12533575 1
3981911 19768541 1
3981911 24400232 1
8249326 9721387 1
8249326 12533575 1
8249326 24400232 1
9721387 10077139 3
9721387 12533575 1
9721387 19768541 3
9721387 24400232 1
10077139 12533575 1
10077139 24400232 1
12533575 19768541 1
12533575 24400232 1
19768541 24400232 1
547205 6021417 1
547205 9249255 1
547205 13348777 1
547205 18244291 1
547205 27073332 1
2993747 6021417 1
2993747 6612279 1
2993747 7567792 1
2993747 8749531 1
2993747 9249255 1
2993747 9721387 1
2993747 11051105 1
2993747 13348777 1
2993747 27073332 1
3940084 4687795 1
3940084 6021417 1
3940084 6612279 1
3940084 7567792 1
3940084 8749531 1
3940084 9249255 1
3940084 9721387 1
3940084 11051105 1
3940084 11262543 1
3940084 11865878 1
3940084 13348777 1
3940084 18244291 1
3940084 26899582 1
3940084 27073332 1
4311664 4687795 1
4311664 6021417 1
4311664 6612279 1
4311664 7567792 1
4311664 8749531 1
4311664 9249255 1
4311664 9721387 1
4311664 11051105 1
4311664 11262543 1
4311664 11865878 1
4311664 13348777 1
4311664 18244291 1
4311664 26899582 1
4311664 27073332 1
4687795 6021417 1
4687795 9249255 1
4687795 9721387 1
4687795 11078997 1
4687795 13348777 1
4687795 27073332 1
6021417 6612279 1
6021417 7567792 1
6021417 8749531 1
6021417 9249255 1
6021417 9711676 1
6021417 9721387 1
6021417 9996171 1
6021417 10077139 1
6021417 11051105 1
6021417 11078997 1
6021417 11262543 1
6021417 11845141 1
6021417 11865878 1
6021417 13348777 1
6021417 18244291 1
6021417 19768541 1
6021417 26899582 1
6021417 27073332 1
6612279 9249255 1
6612279 9721387 1
6612279 11078997 1
6612279 11865878 1
6612279 13348777 1
6612279 18244291 1
6612279 26899582 1
6612279 27073332 1
7567792 9249255 1
7567792 9721387 1
7567792 11051105 1
7567792 11078997 1
7567792 11865878 1
7567792 13348777 1
7567792 18244291 1
7567792 26899582 1
7567792 27073332 1
8749531 9249255 1
8749531 9721387 1
8749531 11051105 1
8749531 11078997 1
8749531 11865878 1
8749531 13348777 1
8749531 18244291 1
8749531 26899582 1
8749531 27073332 1
9249255 9711676 1
9249255 9721387 1
9249255 9996171 1
9249255 10077139 1
9249255 11051105 1
9249255 11078997 1
9249255 11262543 1
9249255 11845141 1
9249255 11865878 1
9249255 13348777 1
9249255 18244291 1
9249255 19768541 1
9249255 26899582 1
9249255 27073332 1
9711676 9721387 2
9711676 11865878 1
9711676 13348777 1
9711676 18244291 1
9711676 26899582 1
9711676 27073332 1
9721387 9996171 2
9721387 11051105 1
9721387 11078997 1
9721387 11262543 1
9721387 11845141 1
9721387 11865878 1
9721387 13348777 1
9721387 18244291 1
9721387 26899582 1
9721387 27073332 1
9996171 11865878 1
9996171 13348777 1
9996171 18244291 1
9996171 26899582 1
9996171 27073332 1
10077139 13348777 1
10077139 27073332 1
11051105 11078997 1
11051105 11865878 1
11051105 13348777 1
11051105 18244291 1
11051105 26899582 1
11051105 27073332 1
11078997 11262543 1
11078997 11865878 1
11078997 13348777 1
11078997 18244291 1
11078997 26899582 1
11078997 27073332 1
11262543 13348777 1
11262543 27073332 1
11845141 13348777 1
11845141 27073332 1
11865878 13348777 1
11865878 27073332 1
13348777 18244291 1
13348777 19768541 1
13348777 26899582 1
13348777 27073332 1
18244291 27073332 1
19768541 27073332 1
26899582 27073332 1
2677084 9218595 1
9218595 9721387 2
9721387 9808226 1
9721387 10297990 2
