29443972 28305412 179559302 13884548 65641732 107166472 8053520 182770578 9852156 11845141 50280982 129706132 174148762 139640862 109917602 158242982 58047662 12498222 84084782 115722162 9779381 51604662 94450102 11977787 182492604 48327612 174247742 182508223 10005696 159964482 9032260 142643782 11761992 181845322 9414603 49643982 149947602 10077139 2993747 114265812 29583062 9071323 8440284 10093535 11051105 9808226 40323812 146860392 12602345 13264617 87506152 174889582 13049455 8447728 107444722 175909492 152504182 9436665 47180412 6923133 106922622
10005696 11845141 1
10005696 40323812 1
10005696 58047662 1
10005696 142643782 2
10005696 179559302 1
11845141 40323812 1
11845141 58047662 1
11845141 142643782 2
11845141 179559302 1
40323812 58047662 1
40323812 142643782 1
40323812 179559302 1
58047662 142643782 1
58047662 179559302 1
142643782 179559302 1
10005696 11051105 1
10005696 12602345 1
10005696 29443972 1
10005696 106922622 1
10005696 159964482 1
10005696 182508223 1
11051105 12602345 4
11051105 29443972 1
11051105 106922622 2
11051105 142643782 2
11051105 159964482 1
11051105 182508223 4
12602345 29443972 1
12602345 106922622 2
12602345 142643782 2
12602345 159964482 1
12602345 182508223 4
29443972 106922622 1
29443972 142643782 1
29443972 159964482 1
29443972 182508223 1
106922622 142643782 2
106922622 159964482 1
106922622 182508223 2
142643782 159964482 1
142643782 182508223 2
159964482 182508223 1
11051105 28305412 2
11051105 47180412 1
11051105 51604662 1
11051105 115722162 3
11051105 174148762 1
11051105 175909492 3
11051105 182492604 1
12602345 28305412 2
12602345 47180412 1
12602345 51604662 1
12602345 115722162 3
12602345 174148762 1
12602345 175909492 3
12602345 182492604 1
28305412 47180412 1
28305412 51604662 1
28305412 106922622 1
28305412 115722162 2
28305412 142643782 1
28305412 174148762 1
28305412 175909492 2
28305412 182492604 1
28305412 182508223 2
47180412 51604662 1
47180412 106922622 1
47180412 115722162 1
47180412 142643782 1
47180412 174148762 1
47180412 175909492 1
47180412 182492604 1
47180412 182508223 1
51604662 106922622 1
51604662 115722162 1
51604662 142643782 1
51604662 174148762 1
51604662 175909492 1
51604662 182492604 1
51604662 182508223 1
106922622 115722162 1
106922622 174148762 1
106922622 175909492 1
106922622 182492604 1
115722162 142643782 2
115722162 174148762 1
115722162 175909492 4
115722162 182492604 1
115722162 182508223 3
142643782 174148762 1
142643782 175909492 1
142643782 182492604 1
174148762 175909492 1
174148762 182492604 1
174148762 182508223 1
175909492 182492604 1
175909492 182508223 3
182492604 182508223 1
8053520 8447728 1
8053520 9032260 1
8053520 9071323 1
8053520 9414603 1
8053520 9779381 1
8053520 9808226 1
8053520 9852156 1
8053520 10077139 1
8053520 10093535 1
8053520 11761992 1
8053520 11845141 1
8053520 12498222 1
8053520 13264617 1
8053520 13884548 1
8053520 29583062 1
8053520 48327612 1
8053520 49643982 1
8053520 50280982 1
8053520 65641732 2
8053520 84084782 1
8053520 94450102 1
8053520 107166472 1
8053520 109917602 1
8053520 115722162 2
8053520 129706132 1
8053520 142643782 1
8053520 146860392 1
8053520 174247742 1
8053520 174889582 1
8447728 9032260 1
8447728 9071323 1
8447728 9414603 1
8447728 9779381 1
8447728 9808226 1
8447728 9852156 1
8447728 10077139 1
8447728 10093535 1
8447728 11761992 1
8447728 11845141 1
8447728 12498222 1
8447728 13264617 1
8447728 13884548 1
8447728 29583062 1
8447728 48327612 1
8447728 49643982 1
8447728 50280982 1
8447728 65641732 1
8447728 84084782 1
8447728 94450102 1
8447728 107166472 1
8447728 109917602 1
8447728 115722162 1
8447728 129706132 1
8447728 142643782 1
8447728 146860392 1
8447728 174247742 1
8447728 174889582 1
9032260 9071323 1
9032260 9414603 1
9032260 9779381 1
9032260 9808226 1
9032260 9852156 1
9032260 10077139 1
9032260 10093535 1
9032260 11761992 1
9032260 11845141 1
9032260 12498222 1
9032260 13264617 1
9032260 13884548 1
9032260 29583062 1
9032260 48327612 1
9032260 49643982 1
9032260 50280982 1
9032260 65641732 1
9032260 84084782 1
9032260 94450102 1
9032260 107166472 1
9032260 109917602 1
9032260 115722162 1
9032260 129706132 1
9032260 142643782 1
9032260 146860392 1
9032260 174247742 1
9032260 174889582 1
9071323 9414603 1
9071323 9779381 1
9071323 9808226 1
9071323 9852156 1
9071323 10077139 1
9071323 10093535 1
9071323 11761992 1
9071323 11845141 1
9071323 12498222 1
9071323 13264617 1
9071323 13884548 1
9071323 29583062 1
9071323 48327612 1
9071323 49643982 1
9071323 50280982 1
9071323 65641732 1
9071323 84084782 1
9071323 94450102 1
9071323 107166472 1
9071323 109917602 1
9071323 115722162 1
9071323 129706132 1
9071323 142643782 1
9071323 146860392 1
9071323 174247742 1
9071323 174889582 1
9414603 9779381 1
9414603 9808226 1
9414603 9852156 1
9414603 10077139 1
9414603 10093535 1
9414603 11761992 1
9414603 11845141 1
9414603 12498222 1
9414603 13264617 1
9414603 13884548 1
9414603 29583062 1
9414603 48327612 1
9414603 49643982 1
9414603 50280982 1
9414603 65641732 1
9414603 84084782 1
9414603 94450102 1
9414603 107166472 1
9414603 109917602 1
9414603 115722162 1
9414603 129706132 1
9414603 142643782 1
9414603 146860392 1
9414603 174247742 1
9414603 174889582 1
9779381 9808226 1
9779381 9852156 1
9779381 10077139 1
9779381 10093535 1
9779381 11761992 1
9779381 11845141 1
9779381 12498222 1
9779381 13264617 1
9779381 13884548 1
9779381 29583062 1
9779381 48327612 1
9779381 49643982 1
9779381 50280982 1
9779381 65641732 1
9779381 84084782 1
9779381 94450102 1
9779381 107166472 1
9779381 109917602 1
9779381 115722162 1
9779381 129706132 1
9779381 142643782 1
9779381 146860392 1
9779381 174247742 1
9779381 174889582 1
9808226 9852156 1
9808226 10077139 1
9808226 10093535 1
9808226 11761992 1
9808226 11845141 1
9808226 12498222 1
9808226 13264617 1
9808226 13884548 1
9808226 29583062 1
9808226 48327612 1
9808226 49643982 1
9808226 50280982 1
9808226 65641732 1
9808226 84084782 1
9808226 94450102 1
9808226 107166472 1
9808226 109917602 1
9808226 115722162 1
9808226 129706132 1
9808226 142643782 1
9808226 146860392 1
9808226 174247742 1
9808226 174889582 1
9852156 10077139 1
9852156 10093535 1
9852156 11761992 1
9852156 11845141 1
9852156 12498222 1
9852156 13264617 1
9852156 13884548 1
9852156 29583062 1
9852156 48327612 1
9852156 49643982 1
9852156 50280982 1
9852156 65641732 1
9852156 84084782 1
9852156 94450102 1
9852156 107166472 1
9852156 109917602 1
9852156 115722162 1
9852156 129706132 1
9852156 142643782 1
9852156 146860392 1
9852156 174247742 1
9852156 174889582 1
10077139 10093535 1
10077139 11761992 1
10077139 11845141 1
10077139 12498222 1
10077139 13264617 1
10077139 13884548 1
10077139 29583062 1
10077139 48327612 1
10077139 49643982 1
10077139 50280982 1
10077139 65641732 1
10077139 84084782 1
10077139 94450102 1
10077139 107166472 1
10077139 109917602 1
10077139 115722162 1
10077139 129706132 1
10077139 142643782 1
10077139 146860392 1
10077139 174247742 1
10077139 174889582 1
10093535 11761992 1
10093535 11845141 1
10093535 12498222 1
10093535 13264617 1
10093535 13884548 1
10093535 29583062 1
10093535 48327612 1
10093535 49643982 1
10093535 50280982 1
10093535 65641732 1
10093535 84084782 1
10093535 94450102 1
10093535 107166472 1
10093535 109917602 1
10093535 115722162 1
10093535 129706132 1
10093535 142643782 1
10093535 146860392 1
10093535 174247742 1
10093535 174889582 1
11761992 11845141 1
11761992 12498222 1
11761992 13264617 1
11761992 13884548 1
11761992 29583062 1
11761992 48327612 1
11761992 49643982 1
11761992 50280982 1
11761992 65641732 1
11761992 84084782 1
11761992 94450102 1
11761992 107166472 1
11761992 109917602 1
11761992 115722162 1
11761992 129706132 1
11761992 142643782 1
11761992 146860392 1
11761992 174247742 1
11761992 174889582 1
11845141 12498222 1
11845141 13264617 1
11845141 13884548 1
11845141 29583062 1
11845141 48327612 1
11845141 49643982 1
11845141 50280982 1
11845141 65641732 1
11845141 84084782 1
11845141 94450102 1
11845141 107166472 1
11845141 109917602 1
11845141 115722162 3
11845141 129706132 1
11845141 146860392 1
11845141 174247742 1
11845141 174889582 1
12498222 13264617 1
12498222 13884548 1
12498222 29583062 1
12498222 48327612 1
12498222 49643982 1
12498222 50280982 1
12498222 65641732 1
12498222 84084782 1
12498222 94450102 1
12498222 107166472 1
12498222 109917602 1
12498222 115722162 1
12498222 129706132 1
12498222 142643782 1
12498222 146860392 1
12498222 174247742 1
12498222 174889582 1
13264617 13884548 1
13264617 29583062 1
13264617 48327612 1
13264617 49643982 1
13264617 50280982 1
13264617 65641732 1
13264617 84084782 1
13264617 94450102 1
13264617 107166472 1
13264617 109917602 1
13264617 115722162 1
13264617 129706132 1
13264617 142643782 1
13264617 146860392 1
13264617 174247742 1
13264617 174889582 1
13884548 29583062 1
13884548 48327612 1
13884548 49643982 1
13884548 50280982 1
13884548 65641732 1
13884548 84084782 1
13884548 94450102 1
13884548 107166472 1
13884548 109917602 1
13884548 115722162 1
13884548 129706132 1
13884548 142643782 1
13884548 146860392 1
13884548 174247742 1
13884548 174889582 1
29583062 48327612 1
29583062 49643982 1
29583062 50280982 1
29583062 65641732 1
29583062 84084782 1
29583062 94450102 1
29583062 107166472 1
29583062 109917602 1
29583062 115722162 2
29583062 129706132 1
29583062 142643782 1
29583062 146860392 1
29583062 174247742 1
29583062 174889582 1
48327612 49643982 1
48327612 50280982 1
48327612 65641732 1
48327612 84084782 1
48327612 94450102 1
48327612 107166472 1
48327612 109917602 1
48327612 115722162 1
48327612 129706132 1
48327612 142643782 1
48327612 146860392 1
48327612 174247742 1
48327612 174889582 1
49643982 50280982 1
49643982 65641732 1
49643982 84084782 1
49643982 94450102 1
49643982 107166472 1
49643982 109917602 1
49643982 115722162 1
49643982 129706132 1
49643982 142643782 1
49643982 146860392 1
49643982 174247742 1
49643982 174889582 1
50280982 65641732 1
50280982 84084782 1
50280982 94450102 1
50280982 107166472 1
50280982 109917602 1
50280982 115722162 1
50280982 129706132 1
50280982 142643782 1
50280982 146860392 1
50280982 174247742 1
50280982 174889582 1
65641732 84084782 1
65641732 94450102 1
65641732 107166472 1
65641732 109917602 1
65641732 115722162 2
65641732 129706132 1
65641732 142643782 1
65641732 146860392 1
65641732 174247742 1
65641732 174889582 1
84084782 94450102 1
84084782 107166472 1
84084782 109917602 1
84084782 115722162 1
84084782 129706132 1
84084782 142643782 1
84084782 146860392 1
84084782 174247742 1
84084782 174889582 1
94450102 107166472 1
94450102 109917602 1
94450102 115722162 1
94450102 129706132 1
94450102 142643782 1
94450102 146860392 1
94450102 174247742 1
94450102 174889582 1
107166472 109917602 1
107166472 115722162 1
107166472 129706132 1
107166472 142643782 1
107166472 146860392 1
107166472 174247742 1
107166472 174889582 1
109917602 115722162 1
109917602 129706132 1
109917602 142643782 1
109917602 146860392 1
109917602 174247742 1
109917602 174889582 1
115722162 129706132 1
115722162 146860392 1
115722162 174247742 1
115722162 174889582 1
129706132 142643782 1
129706132 146860392 1
129706132 174247742 1
129706132 174889582 1
142643782 146860392 1
142643782 174247742 1
142643782 174889582 1
146860392 174247742 1
146860392 174889582 1
174247742 174889582 1
11845141 29443972 1
11845141 139640862 1
11845141 175909492 1
11845141 181845322 1
29443972 115722162 1
29443972 139640862 1
29443972 175909492 1
29443972 181845322 1
115722162 139640862 1
115722162 181845322 1
139640862 175909492 1
139640862 181845322 1
175909492 181845322 1
2993747 6923133 1
2993747 9436665 2
2993747 11977787 1
2993747 65641732 2
2993747 106922622 1
2993747 114265812 1
2993747 152504182 1
6923133 9436665 1
6923133 11977787 1
6923133 65641732 1
6923133 106922622 1
6923133 114265812 1
6923133 152504182 1
9436665 11977787 1
9436665 65641732 2
9436665 106922622 1
9436665 114265812 1
9436665 152504182 1
11977787 65641732 1
11977787 106922622 1
11977787 114265812 1
11977787 152504182 1
65641732 106922622 1
65641732 114265812 1
65641732 152504182 1
106922622 114265812 1
106922622 152504182 1
114265812 152504182 1
11051105 29583062 1
11051105 149947602 1
11051105 179559302 1
12602345 29583062 1
12602345 149947602 1
12602345 179559302 1
28305412 29583062 1
28305412 149947602 1
28305412 179559302 1
29583062 149947602 1
29583062 175909492 1
29583062 179559302 1
29583062 182508223 1
115722162 149947602 1
115722162 179559302 1
149947602 175909492 1
149947602 179559302 1
149947602 182508223 1
175909492 179559302 1
179559302 182508223 1
11845141 87506152 1
87506152 115722162 2
11051105 13049455 1
11051105 87506152 1
11051105 158242982 1
11051105 182770578 1
12602345 13049455 1
12602345 87506152 1
12602345 158242982 1
12602345 182770578 1
13049455 87506152 1
13049455 115722162 1
13049455 158242982 1
13049455 175909492 1
13049455 182508223 1
13049455 182770578 1
87506152 158242982 1
87506152 175909492 1
87506152 182508223 1
87506152 182770578 1
115722162 158242982 1
115722162 182770578 1
158242982 175909492 1
158242982 182508223 1
158242982 182770578 1
175909492 182770578 1
182508223 182770578 1
2993747 8053520 1
2993747 8440284 1
2993747 107444722 1
2993747 115722162 1
8053520 8440284 1
8053520 9436665 1
8053520 107444722 1
8440284 9436665 1
8440284 65641732 1
8440284 107444722 1
8440284 115722162 1
9436665 107444722 1
9436665 115722162 1
65641732 107444722 1
107444722 115722162 1
