115618562 184398469 193096203 193095949 122660622 135822862 189580176 3436050 193096085 82125592 179967512 178653472 83080482 71040552 3617963 9931437 47170862 18235831 186513467 7906750 13486911 193713342 30700482 83909322 51588682 114358222 193234001 177719762 185861842 7643742 13855199 12456800 10729826 111111272 191633003 3386222 186246126 82782192 182103922 7484661 188534264
7643742 13486911 1
7643742 47170862 1
7643742 82782192 1
7643742 179967512 1
7643742 184398469 1
13486911 47170862 1
13486911 82782192 1
13486911 179967512 1
13486911 184398469 1
47170862 82782192 1
47170862 179967512 1
47170862 184398469 1
82782192 179967512 1
82782192 184398469 1
179967512 184398469 1
10729826 13486911 1
10729826 18235831 1
10729826 30700482 1
10729826 83909322 1
10729826 178653472 1
13486911 18235831 1
13486911 30700482 1
13486911 83909322 1
13486911 178653472 1
18235831 30700482 1
18235831 83909322 2
18235831 178653472 1
30700482 83909322 1
30700482 178653472 1
83909322 178653472 1
9931437 189580176 1
3386222 71040552 1
3386222 82125592 1
3386222 83080482 1
3386222 114358222 1
3386222 122660622 1
3386222 177719762 1
3386222 191633003 1
71040552 82125592 1
71040552 83080482 1
71040552 114358222 1
71040552 122660622 1
71040552 177719762 1
71040552 191633003 1
82125592 83080482 1
82125592 114358222 1
82125592 122660622 1
82125592 177719762 1
82125592 191633003 1
83080482 114358222 1
83080482 122660622 1
83080482 177719762 1
83080482 191633003 1
114358222 122660622 1
114358222 177719762 1
114358222 191633003 1
122660622 177719762 1
122660622 191633003 1
177719762 191633003 1
115618562 186513467 1
9931437 12456800 1
9931437 135822862 1
9931437 182103922 1
9931437 186246126 1
12456800 135822862 1
12456800 182103922 1
12456800 186246126 1
135822862 182103922 1
135822862 186246126 1
182103922 186246126 1
193095949 193096085 1
193095949 193096203 1
193096085 193096203 1
3617963 13855199 1
3617963 185861842 1
3617963 193234001 1
13855199 185861842 1
13855199 193234001 1
185861842 193234001 1
9931437 13486911 1
9931437 193234001 1
13486911 193234001 1
3436050 7484661 1
3436050 7906750 1
3436050 18235831 1
3436050 51588682 1
3436050 83909322 1
3436050 111111272 1
3436050 188534264 1
3436050 193234001 1
3436050 193713342 1
7484661 7906750 1
7484661 18235831 1
7484661 51588682 1
7484661 83909322 1
7484661 111111272 1
7484661 188534264 1
7484661 193234001 1
7484661 193713342 1
7906750 18235831 1
7906750 51588682 1
7906750 83909322 1
7906750 111111272 1
7906750 188534264 1
7906750 193234001 1
7906750 193713342 1
18235831 51588682 1
18235831 111111272 1
18235831 188534264 1
18235831 193234001 1
18235831 193713342 1
51588682 83909322 1
51588682 111111272 1
51588682 188534264 1
51588682 193234001 1
51588682 193713342 1
83909322 111111272 1
83909322 188534264 1
83909322 193234001 1
83909322 193713342 1
111111272 188534264 1
111111272 193234001 1
111111272 193713342 1
188534264 193234001 1
188534264 193713342 1
193234001 193713342 1
