85831302 95382792 178657932 131311502 184065678 8428688 3303700 185151255 91128602 43031712 38385322 187361706 9931437 157219632 52122162 18235831 35272382 13486911 175573322 51588682 182093642 94197582 115208142 97049052 137531362 145544042 3386222 11966830 82782192 12147185 42529912
18235831 42529912 1
18235831 52122162 1
18235831 82782192 1
18235831 91128602 1
18235831 137531362 1
18235831 175573322 1
18235831 185151255 1
42529912 52122162 1
42529912 82782192 1
42529912 91128602 1
42529912 137531362 1
42529912 175573322 1
42529912 185151255 1
52122162 82782192 1
52122162 91128602 1
52122162 137531362 1
52122162 175573322 1
52122162 185151255 1
82782192 91128602 1
82782192 137531362 1
82782192 175573322 1
82782192 185151255 1
91128602 137531362 1
91128602 175573322 1
91128602 185151255 1
137531362 175573322 1
137531362 185151255 1
175573322 185151255 1
3386222 11966830 1
3386222 13486911 1
3386222 18235831 1
3386222 35272382 1
3386222 38385322 1
3386222 43031712 1
3386222 51588682 1
3386222 85831302 1
3386222 94197582 1
3386222 131311502 1
3386222 145544042 1
3386222 157219632 1
3386222 182093642 1
3386222 187361706 1
11966830 13486911 1
11966830 18235831 1
11966830 35272382 1
11966830 38385322 1
11966830 43031712 1
11966830 51588682 1
11966830 85831302 1
11966830 94197582 1
11966830 131311502 1
11966830 145544042 1
11966830 157219632 1
11966830 182093642 1
11966830 187361706 1
13486911 18235831 1
13486911 35272382 1
13486911 38385322 1
13486911 43031712 1
13486911 51588682 1
13486911 85831302 1
13486911 94197582 1
13486911 131311502 1
13486911 145544042 1
13486911 157219632 1
13486911 182093642 1
13486911 187361706 1
18235831 35272382 1
18235831 38385322 1
18235831 43031712 1
18235831 51588682 1
18235831 85831302 1
18235831 94197582 1
18235831 131311502 1
18235831 145544042 1
18235831 157219632 1
18235831 182093642 1
18235831 187361706 1
35272382 38385322 1
35272382 43031712 1
35272382 51588682 1
35272382 85831302 1
35272382 94197582 1
35272382 131311502 1
35272382 145544042 1
35272382 157219632 1
35272382 182093642 1
35272382 187361706 1
38385322 43031712 1
38385322 51588682 1
38385322 85831302 1
38385322 94197582 1
38385322 131311502 1
38385322 145544042 1
38385322 157219632 1
38385322 182093642 1
38385322 187361706 1
43031712 51588682 1
43031712 85831302 1
43031712 94197582 1
43031712 131311502 1
43031712 145544042 1
43031712 157219632 1
43031712 182093642 1
43031712 187361706 1
51588682 85831302 1
51588682 94197582 1
51588682 131311502 1
51588682 145544042 1
51588682 157219632 1
51588682 182093642 1
51588682 187361706 1
85831302 94197582 1
85831302 131311502 1
85831302 145544042 1
85831302 157219632 1
85831302 182093642 1
85831302 187361706 1
94197582 131311502 1
94197582 145544042 1
94197582 157219632 1
94197582 182093642 1
94197582 187361706 1
131311502 145544042 1
131311502 157219632 1
131311502 182093642 1
131311502 187361706 1
145544042 157219632 1
145544042 182093642 1
145544042 187361706 1
157219632 182093642 1
157219632 187361706 1
182093642 187361706 1
9931437 115208142 1
3386222 178657932 1
9931437 97049052 1
3386222 8428688 1
3386222 9931437 1
3386222 95382792 1
3386222 137531362 1
8428688 9931437 1
8428688 95382792 1
8428688 137531362 1
9931437 95382792 1
9931437 137531362 1
95382792 137531362 1
3303700 12147185 1
3303700 184065678 1
12147185 184065678 1
