20236481 12097601 94187172 11191399 76544542 9557459 96045142 71235482 7984127 14624316 41208062 15081151
7984127 11191399 7
7984127 15081151 6
7984127 20236481 6
7984127 41208062 6
11191399 15081151 5
11191399 20236481 5
11191399 41208062 4
15081151 20236481 5
15081151 41208062 3
20236481 41208062 4
7984127 71235482 2
7984127 94187172 3
7984127 96045142 3
41208062 71235482 2
41208062 94187172 2
41208062 96045142 3
71235482 94187172 1
71235482 96045142 2
94187172 96045142 1
7984127 76544542 4
11191399 76544542 2
11191399 94187172 2
15081151 76544542 2
15081151 94187172 2
20236481 76544542 3
20236481 94187172 2
76544542 94187172 1
15081151 71235482 1
15081151 96045142 1
20236481 71235482 1
20236481 96045142 2
41208062 76544542 2
71235482 76544542 1
76544542 96045142 2
7984127 9557459 2
9557459 76544542 1
7984127 12097601 3
7984127 14624316 1
11191399 12097601 3
11191399 14624316 1
12097601 14624316 1
12097601 15081151 2
12097601 20236481 1
14624316 15081151 1
14624316 20236481 1
11191399 96045142 1
9557459 11191399 1
9557459 12097601 1
9557459 41208062 1
12097601 41208062 1
