71653152 132931712 93318022 89182442 1997421 10247405 12258127 1259472 18253681 2262770 186553549 186945229 2224213 13186294 79320022 2961208 121804762 184491869
1997421 2961208 2
1997421 18253681 2
2961208 18253681 1
1997421 13186294 1
1997421 2262770 3
1997421 10247405 3
2262770 10247405 2
2262770 18253681 1
10247405 18253681 1
1997421 71653152 2
1997421 89182442 1
2262770 71653152 1
2262770 89182442 1
10247405 71653152 2
10247405 89182442 1
71653152 89182442 1
1997421 2224213 1
1997421 93318022 2
2224213 10247405 1
2224213 71653152 1
2224213 93318022 1
10247405 93318022 1
71653152 93318022 1
1997421 12258127 1
1997421 132931712 1
12258127 93318022 1
12258127 132931712 1
93318022 132931712 1
1259472 1997421 1
1259472 121804762 1
1259472 184491869 1
1997421 121804762 1
1997421 184491869 1
121804762 184491869 1
1997421 79320022 1
1997421 186553549 1
1997421 186945229 1
2262770 2961208 1
2262770 79320022 1
2262770 186553549 1
2262770 186945229 1
2961208 79320022 1
2961208 186553549 1
2961208 186945229 1
79320022 186553549 1
79320022 186945229 1
186553549 186945229 1
