87246592 9112449 7604738 54807172 4025221 103100552 109078412 60089102 119594512 9921814 112735382 114828822 113995292 4176670 4432798 30090272 71653152 7984162 3499043 104639532 14646193 8923446 12391864 109664312 12816186 12370237 4289725 23405631 87050942 11649982 3824194 30923072 11409601 30601542 5385803 12505035 24911052 7292622 49442512 17442771 106321622 7488727 52235992 42689752 11403609 18786781 101491682 88616682 11779435 13856748 28995822 86119922 11115645
3499043 4025221 1
3499043 4176670 8
3499043 4432798 1
3499043 5385803 6
3499043 7292622 8
3499043 7488727 1
3499043 9921814 1
3499043 11115645 1
3499043 12370237 8
3499043 12816186 6
3499043 13856748 8
3499043 17442771 3
3499043 18786781 4
3499043 23405631 6
3499043 49442512 1
3499043 60089102 1
4025221 4176670 1
4025221 4432798 1
4025221 5385803 1
4025221 7292622 1
4025221 7488727 1
4025221 9921814 1
4025221 11115645 1
4025221 12370237 1
4025221 12816186 1
4025221 13856748 1
4025221 17442771 1
4025221 18786781 1
4025221 23405631 1
4025221 49442512 1
4025221 60089102 1
4176670 4432798 1
4176670 5385803 7
4176670 7292622 10
4176670 7488727 1
4176670 9921814 1
4176670 11115645 1
4176670 12370237 9
4176670 12816186 6
4176670 13856748 9
4176670 17442771 3
4176670 18786781 5
4176670 23405631 6
4176670 49442512 1
4176670 60089102 1
4432798 5385803 1
4432798 7292622 1
4432798 7488727 1
4432798 9921814 1
4432798 11115645 1
4432798 12370237 1
4432798 12816186 1
4432798 13856748 1
4432798 17442771 1
4432798 18786781 1
4432798 23405631 1
4432798 49442512 1
4432798 60089102 1
5385803 7292622 7
5385803 7488727 1
5385803 9921814 1
5385803 11115645 1
5385803 12370237 7
5385803 12816186 4
5385803 13856748 7
5385803 17442771 2
5385803 18786781 3
5385803 23405631 4
5385803 49442512 1
5385803 60089102 1
7292622 7488727 1
7292622 9921814 1
7292622 11115645 1
7292622 12370237 9
7292622 12816186 6
7292622 13856748 9
7292622 17442771 3
7292622 18786781 5
7292622 23405631 6
7292622 49442512 1
7292622 60089102 1
7488727 9921814 1
7488727 11115645 1
7488727 12370237 1
7488727 12816186 1
7488727 13856748 1
7488727 17442771 1
7488727 18786781 1
7488727 23405631 1
7488727 49442512 1
7488727 60089102 1
9921814 11115645 1
9921814 12370237 1
9921814 12816186 1
9921814 13856748 1
9921814 17442771 1
9921814 18786781 1
9921814 23405631 1
9921814 49442512 1
9921814 60089102 1
11115645 12370237 1
11115645 12816186 1
11115645 13856748 1
11115645 17442771 1
11115645 18786781 1
11115645 23405631 1
11115645 49442512 1
11115645 60089102 1
12370237 12816186 6
12370237 13856748 9
12370237 17442771 3
12370237 18786781 4
12370237 23405631 6
12370237 49442512 1
12370237 60089102 1
12816186 13856748 6
12816186 17442771 3
12816186 18786781 4
12816186 23405631 5
12816186 49442512 1
12816186 60089102 1
13856748 17442771 3
13856748 18786781 4
13856748 23405631 6
13856748 49442512 1
13856748 60089102 1
17442771 18786781 3
17442771 23405631 3
17442771 49442512 1
17442771 60089102 1
18786781 23405631 3
18786781 49442512 1
18786781 60089102 1
23405631 49442512 1
23405631 60089102 1
49442512 60089102 1
3499043 7604738 1
3499043 9112449 1
3499043 12505035 3
3499043 14646193 2
3499043 24911052 1
3499043 28995822 1
3499043 30090272 1
3499043 52235992 4
3499043 54807172 1
4176670 7604738 1
4176670 9112449 2
4176670 12505035 3
4176670 14646193 3
4176670 24911052 1
4176670 28995822 1
4176670 30090272 2
4176670 52235992 6
4176670 54807172 1
7292622 7604738 1
7292622 9112449 2
7292622 12505035 3
7292622 14646193 3
7292622 24911052 1
7292622 28995822 1
7292622 30090272 2
7292622 52235992 6
7292622 54807172 1
7604738 9112449 1
7604738 12370237 1
7604738 12505035 1
7604738 12816186 1
7604738 13856748 1
7604738 14646193 1
7604738 17442771 1
7604738 18786781 1
7604738 23405631 1
7604738 24911052 1
7604738 28995822 1
7604738 30090272 1
7604738 52235992 1
7604738 54807172 1
9112449 12370237 2
9112449 12505035 1
9112449 12816186 1
9112449 13856748 2
9112449 14646193 2
9112449 17442771 1
9112449 18786781 1
9112449 23405631 1
9112449 24911052 1
9112449 28995822 1
9112449 30090272 2
9112449 52235992 2
9112449 54807172 1
12370237 12505035 3
12370237 14646193 3
12370237 24911052 1
12370237 28995822 1
12370237 30090272 2
12370237 52235992 5
12370237 54807172 1
12505035 12816186 2
12505035 13856748 3
12505035 14646193 1
12505035 17442771 2
12505035 18786781 2
12505035 23405631 3
12505035 24911052 1
12505035 28995822 1
12505035 30090272 1
12505035 52235992 3
12505035 54807172 1
12816186 14646193 2
12816186 24911052 1
12816186 28995822 1
12816186 30090272 1
12816186 52235992 3
12816186 54807172 1
13856748 14646193 3
13856748 24911052 1
13856748 28995822 1
13856748 30090272 2
13856748 52235992 5
13856748 54807172 1
14646193 17442771 1
14646193 18786781 2
14646193 23405631 1
14646193 24911052 1
14646193 28995822 1
14646193 30090272 2
14646193 52235992 2
14646193 54807172 1
17442771 24911052 1
17442771 28995822 1
17442771 30090272 1
17442771 52235992 2
17442771 54807172 1
18786781 24911052 1
18786781 28995822 1
18786781 30090272 1
18786781 52235992 3
18786781 54807172 1
23405631 24911052 1
23405631 28995822 1
23405631 30090272 1
23405631 52235992 4
23405631 54807172 1
24911052 28995822 1
24911052 30090272 1
24911052 52235992 1
24911052 54807172 1
28995822 30090272 1
28995822 52235992 1
28995822 54807172 1
30090272 52235992 2
30090272 54807172 1
52235992 54807172 1
3499043 3824194 4
3499043 4289725 1
3499043 12391864 2
3499043 42689752 2
3824194 4176670 5
3824194 4289725 1
3824194 5385803 4
3824194 7292622 5
3824194 12370237 5
3824194 12391864 1
3824194 12505035 1
3824194 12816186 3
3824194 13856748 5
3824194 17442771 1
3824194 18786781 1
3824194 23405631 3
3824194 42689752 1
3824194 52235992 3
4176670 4289725 2
4176670 12391864 2
4176670 42689752 2
4289725 5385803 1
4289725 7292622 2
4289725 12370237 1
4289725 12391864 1
4289725 12505035 1
4289725 12816186 1
4289725 13856748 1
4289725 17442771 1
4289725 18786781 2
4289725 23405631 1
4289725 42689752 1
4289725 52235992 2
5385803 12391864 2
5385803 12505035 2
5385803 42689752 2
5385803 52235992 3
7292622 12391864 2
7292622 42689752 2
12370237 12391864 2
12370237 42689752 2
12391864 12505035 2
12391864 12816186 1
12391864 13856748 2
12391864 17442771 1
12391864 18786781 1
12391864 23405631 2
12391864 42689752 2
12391864 52235992 2
12505035 42689752 2
12816186 42689752 1
13856748 42689752 2
17442771 42689752 1
18786781 42689752 1
23405631 42689752 2
42689752 52235992 2
3499043 11403609 1
3499043 87050942 1
3499043 88616682 4
3824194 11403609 1
3824194 87050942 1
3824194 88616682 4
4176670 11403609 1
4176670 87050942 1
4176670 88616682 5
7292622 11403609 1
7292622 87050942 1
7292622 88616682 5
11403609 12370237 1
11403609 12816186 1
11403609 13856748 1
11403609 23405631 1
11403609 52235992 1
11403609 87050942 1
11403609 88616682 1
12370237 87050942 1
12370237 88616682 5
12816186 87050942 1
12816186 88616682 2
13856748 87050942 1
13856748 88616682 5
23405631 87050942 1
23405631 88616682 3
52235992 87050942 1
52235992 88616682 3
87050942 88616682 1
5385803 88616682 4
12391864 88616682 1
12505035 88616682 1
42689752 88616682 1
3824194 7984162 1
3824194 9112449 1
3824194 11649982 1
3824194 14646193 1
3824194 30090272 1
3824194 30923072 3
3824194 101491682 1
3824194 103100552 1
4176670 7984162 1
4176670 11649982 1
4176670 30923072 4
4176670 101491682 1
4176670 103100552 1
5385803 7984162 1
5385803 9112449 1
5385803 11649982 1
5385803 14646193 2
5385803 30090272 1
5385803 30923072 4
5385803 101491682 1
5385803 103100552 1
7292622 7984162 1
7292622 11649982 1
7292622 30923072 4
7292622 101491682 1
7292622 103100552 1
7984162 9112449 1
7984162 11649982 1
7984162 12370237 1
7984162 13856748 1
7984162 14646193 1
7984162 30090272 1
7984162 30923072 1
7984162 52235992 1
7984162 88616682 1
7984162 101491682 1
7984162 103100552 1
9112449 11649982 1
9112449 30923072 1
9112449 88616682 1
9112449 101491682 1
9112449 103100552 1
11649982 12370237 1
11649982 13856748 1
11649982 14646193 1
11649982 30090272 1
11649982 30923072 1
11649982 52235992 1
11649982 88616682 1
11649982 101491682 1
11649982 103100552 1
12370237 30923072 4
12370237 101491682 1
12370237 103100552 1
13856748 30923072 4
13856748 101491682 1
13856748 103100552 1
14646193 30923072 2
14646193 88616682 1
14646193 101491682 1
14646193 103100552 1
30090272 30923072 1
30090272 88616682 1
30090272 101491682 1
30090272 103100552 1
30923072 52235992 1
30923072 88616682 3
30923072 101491682 1
30923072 103100552 1
52235992 101491682 1
52235992 103100552 1
88616682 101491682 1
88616682 103100552 1
101491682 103100552 1
3499043 8923446 1
3499043 11779435 3
3499043 30601542 1
3499043 30923072 3
3499043 71653152 1
3499043 86119922 1
3499043 87246592 1
3499043 106321622 3
3824194 8923446 1
3824194 11779435 2
3824194 30601542 1
3824194 71653152 1
3824194 86119922 1
3824194 87246592 1
3824194 106321622 2
4176670 8923446 1
4176670 11779435 4
4176670 30601542 1
4176670 71653152 1
4176670 86119922 1
4176670 87246592 1
4176670 106321622 4
5385803 8923446 1
5385803 11779435 3
5385803 30601542 1
5385803 71653152 1
5385803 86119922 1
5385803 87246592 1
5385803 106321622 3
7292622 8923446 1
7292622 11779435 4
7292622 30601542 1
7292622 71653152 1
7292622 86119922 1
7292622 87246592 1
7292622 106321622 4
8923446 11779435 1
8923446 12370237 1
8923446 12816186 1
8923446 13856748 1
8923446 23405631 1
8923446 30601542 1
8923446 30923072 1
8923446 71653152 1
8923446 86119922 1
8923446 87246592 1
8923446 88616682 1
8923446 106321622 1
11779435 12370237 3
11779435 12816186 2
11779435 13856748 3
11779435 23405631 1
11779435 30601542 1
11779435 30923072 3
11779435 71653152 1
11779435 86119922 1
11779435 87246592 1
11779435 88616682 2
11779435 106321622 4
12370237 30601542 1
12370237 71653152 1
12370237 86119922 1
12370237 87246592 1
12370237 106321622 3
12816186 30601542 1
12816186 30923072 2
12816186 71653152 1
12816186 86119922 1
12816186 87246592 1
12816186 106321622 2
13856748 30601542 1
13856748 71653152 1
13856748 86119922 1
13856748 87246592 1
13856748 106321622 3
23405631 30601542 1
23405631 30923072 1
23405631 71653152 1
23405631 86119922 1
23405631 87246592 1
23405631 106321622 1
30601542 30923072 1
30601542 71653152 1
30601542 86119922 1
30601542 87246592 1
30601542 88616682 1
30601542 106321622 1
30923072 71653152 1
30923072 86119922 1
30923072 87246592 1
30923072 106321622 3
71653152 86119922 1
71653152 87246592 1
71653152 88616682 1
71653152 106321622 1
86119922 87246592 1
86119922 88616682 1
86119922 106321622 1
87246592 88616682 1
87246592 106321622 1
88616682 106321622 2
4176670 11409601 2
4176670 104639532 3
4176670 109078412 1
4176670 109664312 1
4176670 112735382 3
4289725 11409601 1
4289725 11779435 1
4289725 104639532 1
4289725 106321622 1
4289725 109078412 1
4289725 109664312 1
4289725 112735382 1
7292622 11409601 2
7292622 104639532 3
7292622 109078412 1
7292622 109664312 1
7292622 112735382 3
11409601 11779435 2
11409601 18786781 1
11409601 52235992 1
11409601 104639532 2
11409601 106321622 2
11409601 109078412 1
11409601 109664312 1
11409601 112735382 2
11779435 18786781 2
11779435 52235992 1
11779435 104639532 3
11779435 109078412 1
11779435 109664312 1
11779435 112735382 3
18786781 104639532 2
18786781 106321622 2
18786781 109078412 1
18786781 109664312 1
18786781 112735382 2
52235992 104639532 1
52235992 106321622 1
52235992 109078412 1
52235992 109664312 1
52235992 112735382 1
104639532 106321622 3
104639532 109078412 1
104639532 109664312 1
104639532 112735382 3
106321622 109078412 1
106321622 109664312 1
106321622 112735382 3
109078412 109664312 1
109078412 112735382 1
109664312 112735382 1
3499043 104639532 2
3499043 112735382 2
3499043 113995292 1
4176670 113995292 1
5385803 104639532 2
5385803 112735382 2
5385803 113995292 1
7292622 113995292 1
11779435 14646193 1
11779435 113995292 1
12370237 104639532 2
12370237 112735382 2
12370237 113995292 1
12816186 104639532 1
12816186 112735382 1
12816186 113995292 1
13856748 104639532 2
13856748 112735382 2
13856748 113995292 1
14646193 104639532 1
14646193 106321622 1
14646193 112735382 1
14646193 113995292 1
18786781 30923072 1
18786781 113995292 1
30923072 104639532 2
30923072 112735382 2
30923072 113995292 1
104639532 113995292 1
106321622 113995292 1
112735382 113995292 1
3499043 11409601 1
3499043 114828822 1
3499043 119594512 1
3824194 11409601 1
3824194 104639532 1
3824194 112735382 1
3824194 114828822 1
3824194 119594512 1
4176670 114828822 1
4176670 119594512 1
5385803 11409601 1
5385803 114828822 1
5385803 119594512 1
7292622 114828822 1
7292622 119594512 1
11409601 12370237 1
11409601 13856748 1
11409601 30923072 1
11409601 88616682 1
11409601 114828822 1
11409601 119594512 1
11779435 114828822 1
11779435 119594512 1
12370237 114828822 1
12370237 119594512 1
13856748 114828822 1
13856748 119594512 1
30923072 114828822 1
30923072 119594512 1
88616682 104639532 1
88616682 112735382 1
88616682 114828822 1
88616682 119594512 1
104639532 114828822 1
104639532 119594512 1
106321622 114828822 1
106321622 119594512 1
112735382 114828822 1
112735382 119594512 1
114828822 119594512 1
