186171141 185370248 32682892 6755987 126084122 10371747 185984565 185435063 10914111 10228036 185399238 183932359 8898769 3379156 47530212 94204522 159226352 185223156 128920822 7898615 186022520
8898769 128920822 1
8898769 183932359 2
8898769 185370248 2
128920822 183932359 2
128920822 185370248 2
183932359 185370248 8
128920822 185399238 1
183932359 185399238 1
185370248 185399238 1
7898615 183932359 1
7898615 185370248 1
47530212 183932359 1
47530212 185223156 1
47530212 185370248 1
183932359 185223156 2
185223156 185370248 2
3379156 8898769 1
3379156 32682892 1
3379156 183932359 1
3379156 185370248 1
8898769 32682892 1
32682892 183932359 1
32682892 185370248 1
183932359 185435063 1
183932359 185984565 1
185370248 185435063 1
185370248 185984565 1
185435063 185984565 1
6755987 10228036 1
6755987 10371747 1
6755987 183932359 1
6755987 185223156 1
6755987 185370248 1
6755987 186022520 1
10228036 10371747 1
10228036 183932359 1
10228036 185223156 1
10228036 185370248 1
10228036 186022520 1
10371747 183932359 1
10371747 185223156 1
10371747 185370248 1
10371747 186022520 1
183932359 186022520 1
185223156 186022520 1
185370248 186022520 2
10914111 126084122 1
10914111 185370248 1
10914111 186022520 1
10914111 186171141 1
126084122 185370248 2
126084122 186022520 1
126084122 186171141 1
185370248 186171141 1
186022520 186171141 1
94204522 126084122 1
94204522 159226352 1
94204522 185370248 1
126084122 159226352 1
159226352 185370248 1
