189494024 193096203 68050572 193095949 192554895 11097360 3436050 193096085 134629532 48556192 105796512 164240802 176343202 190410661 52299692 193845299 75992372 156205882 190859457 163912642 183088330 183647434 13960529 185861842 183466962 10491090 91353942 173259222 132871132 91874012 13741662 156117342 68555232 131605212 122503522 192745059 190813407 102584952 2607982 154890862 5569265 186900211 189618552 22892411 193879935
2607982 5569265 1
2607982 48556192 1
2607982 91353942 1
2607982 91874012 1
2607982 102584952 1
2607982 105796512 1
2607982 122503522 1
2607982 132871132 1
2607982 163912642 1
2607982 164240802 1
2607982 183088330 1
2607982 185861842 1
2607982 189618552 1
2607982 190410661 1
2607982 190859457 1
2607982 192745059 1
5569265 48556192 1
5569265 91353942 1
5569265 91874012 1
5569265 102584952 1
5569265 105796512 1
5569265 122503522 1
5569265 132871132 1
5569265 163912642 1
5569265 164240802 1
5569265 183088330 1
5569265 185861842 1
5569265 189618552 1
5569265 190410661 1
5569265 190859457 1
5569265 192745059 1
48556192 91353942 1
48556192 91874012 1
48556192 102584952 1
48556192 105796512 1
48556192 122503522 1
48556192 132871132 1
48556192 163912642 1
48556192 164240802 1
48556192 183088330 1
48556192 185861842 1
48556192 189618552 1
48556192 190410661 1
48556192 190859457 1
48556192 192745059 1
91353942 91874012 1
91353942 102584952 1
91353942 105796512 1
91353942 122503522 1
91353942 132871132 1
91353942 163912642 1
91353942 164240802 1
91353942 183088330 1
91353942 185861842 1
91353942 189618552 1
91353942 190410661 1
91353942 190859457 1
91353942 192745059 1
91874012 102584952 1
91874012 105796512 1
91874012 122503522 1
91874012 132871132 1
91874012 163912642 1
91874012 164240802 1
91874012 183088330 1
91874012 185861842 1
91874012 189618552 1
91874012 190410661 1
91874012 190859457 1
91874012 192745059 1
102584952 105796512 1
102584952 122503522 1
102584952 132871132 1
102584952 163912642 1
102584952 164240802 1
102584952 183088330 1
102584952 185861842 1
102584952 189618552 1
102584952 190410661 1
102584952 190859457 1
102584952 192745059 1
105796512 122503522 1
105796512 132871132 1
105796512 163912642 1
105796512 164240802 1
105796512 183088330 1
105796512 185861842 1
105796512 189618552 1
105796512 190410661 1
105796512 190859457 1
105796512 192745059 1
122503522 132871132 1
122503522 163912642 1
122503522 164240802 1
122503522 183088330 1
122503522 185861842 1
122503522 189618552 1
122503522 190410661 1
122503522 190859457 1
122503522 192745059 1
132871132 163912642 1
132871132 164240802 1
132871132 183088330 1
132871132 185861842 1
132871132 189618552 1
132871132 190410661 1
132871132 190859457 1
132871132 192745059 1
163912642 164240802 1
163912642 183088330 1
163912642 185861842 1
163912642 189618552 1
163912642 190410661 1
163912642 190859457 1
163912642 192745059 1
164240802 183088330 1
164240802 185861842 1
164240802 189618552 1
164240802 190410661 1
164240802 190859457 1
164240802 192745059 1
183088330 185861842 1
183088330 189618552 1
183088330 190410661 1
183088330 190859457 1
183088330 192745059 1
185861842 189618552 1
185861842 190410661 1
185861842 190859457 1
185861842 192745059 1
189618552 190410661 1
189618552 190859457 1
189618552 192745059 1
190410661 190859457 1
190410661 192745059 1
190859457 192745059 1
193095949 193096085 5
193095949 193096203 5
193096085 193096203 5
11097360 13741662 1
11097360 13960529 1
11097360 68555232 1
11097360 156117342 1
11097360 176343202 1
11097360 192554895 1
11097360 193095949 1
11097360 193096085 1
11097360 193096203 1
13741662 13960529 1
13741662 68555232 1
13741662 156117342 1
13741662 176343202 1
13741662 192554895 1
13741662 193095949 1
13741662 193096085 1
13741662 193096203 1
13960529 68555232 1
13960529 156117342 1
13960529 176343202 1
13960529 192554895 1
13960529 193095949 1
13960529 193096085 1
13960529 193096203 1
68555232 156117342 1
68555232 176343202 1
68555232 192554895 1
68555232 193095949 1
68555232 193096085 1
68555232 193096203 1
156117342 176343202 1
156117342 192554895 1
156117342 193095949 1
156117342 193096085 1
156117342 193096203 1
176343202 192554895 1
176343202 193095949 1
176343202 193096085 1
176343202 193096203 1
192554895 193095949 1
192554895 193096085 1
192554895 193096203 1
5569265 156117342 1
5569265 186900211 1
156117342 186900211 1
52299692 131605212 1
52299692 183466962 1
52299692 189494024 1
52299692 193095949 1
52299692 193096085 1
52299692 193096203 1
131605212 183466962 1
131605212 189494024 1
131605212 193095949 1
131605212 193096085 1
131605212 193096203 1
183466962 189494024 1
183466962 193095949 1
183466962 193096085 1
183466962 193096203 1
189494024 193095949 1
189494024 193096085 1
189494024 193096203 1
3436050 10491090 1
3436050 22892411 1
3436050 68050572 1
3436050 173259222 1
3436050 186900211 1
3436050 190813407 1
3436050 193095949 1
3436050 193096085 1
3436050 193096203 1
3436050 193879935 1
10491090 22892411 1
10491090 68050572 1
10491090 173259222 1
10491090 186900211 1
10491090 190813407 1
10491090 193095949 1
10491090 193096085 1
10491090 193096203 1
10491090 193879935 1
22892411 68050572 1
22892411 173259222 1
22892411 186900211 1
22892411 190813407 1
22892411 193095949 1
22892411 193096085 1
22892411 193096203 1
22892411 193879935 1
68050572 173259222 1
68050572 186900211 1
68050572 190813407 1
68050572 193095949 1
68050572 193096085 1
68050572 193096203 1
68050572 193879935 1
173259222 186900211 1
173259222 190813407 1
173259222 193095949 1
173259222 193096085 1
173259222 193096203 1
173259222 193879935 1
186900211 190813407 1
186900211 193095949 1
186900211 193096085 1
186900211 193096203 1
186900211 193879935 1
190813407 193095949 1
190813407 193096085 1
190813407 193096203 1
190813407 193879935 1
193095949 193879935 1
193096085 193879935 1
193096203 193879935 1
134629532 154890862 1
134629532 156205882 1
134629532 183647434 1
134629532 193095949 1
134629532 193096085 1
134629532 193096203 1
154890862 156205882 1
154890862 183647434 1
154890862 193095949 1
154890862 193096085 1
154890862 193096203 1
156205882 183647434 1
156205882 193095949 1
156205882 193096085 1
156205882 193096203 1
183647434 193095949 1
183647434 193096085 1
183647434 193096203 1
75992372 132871132 1
75992372 193845299 1
132871132 193845299 1
