33610132 10711576 3550492 161124382 143902752 165621152 142716962 11420844 109635762 14067251 3513269 33681862 151061452 16792791 2677084 175584482 146860392 160555882 152708342 123831802 57751292 11546365
3513269 10711576 1
3513269 161124382 1
10711576 161124382 1
3513269 57751292 1
3513269 16792791 1
3513269 33681862 2
3513269 123831802 1
3513269 142716962 8
3513269 151061452 1
3513269 160555882 1
16792791 33681862 1
16792791 123831802 1
16792791 142716962 1
16792791 151061452 1
16792791 160555882 1
33681862 123831802 1
33681862 142716962 2
33681862 151061452 1
33681862 160555882 1
123831802 142716962 1
123831802 151061452 1
123831802 160555882 1
142716962 151061452 1
142716962 160555882 1
151061452 160555882 1
3513269 14067251 1
3513269 146860392 2
14067251 142716962 1
14067251 146860392 1
142716962 146860392 2
3513269 11420844 2
3513269 11546365 2
3513269 143902752 1
11420844 11546365 2
11420844 142716962 2
11420844 143902752 1
11546365 142716962 2
11546365 143902752 1
142716962 143902752 1
2677084 3513269 1
2677084 33610132 1
2677084 142716962 1
2677084 165621152 1
3513269 33610132 1
3513269 165621152 1
33610132 142716962 1
33610132 165621152 1
142716962 165621152 1
3513269 152708342 1
142716962 152708342 1
3513269 3550492 1
3513269 109635762 1
3550492 109635762 1
3550492 142716962 1
109635762 142716962 1
3513269 175584482 1
11420844 33681862 1
11420844 175584482 1
11546365 33681862 1
11546365 175584482 1
33681862 175584482 1
142716962 175584482 1
