71455362 143020802 186570885 145147142 3705992 183053065 13540109 143628302 15250321 187281681 20035731 76986232 183438105 187459323 37788192 21884831 3515557 26957222 173974822 57811752 54709932 157796652 93741242 9854143 13507015 80912072 90364622 186810832 188809552 183159890 68400852 188214869 184261594 12834907 9426909 127019362 9597541 14116197 185217010 188510195 183018999 188573816 179867002 8310011
3515557 9426909 9
3515557 9597541 2
3515557 26957222 1
3515557 37788192 2
3515557 71455362 10
3515557 93741242 9
3515557 143020802 9
3515557 179867002 7
3515557 184261594 2
3515557 186810832 5
9426909 9597541 2
9426909 26957222 1
9426909 37788192 2
9426909 71455362 9
9426909 93741242 8
9426909 143020802 8
9426909 179867002 6
9426909 184261594 1
9426909 186810832 5
9597541 26957222 1
9597541 37788192 1
9597541 71455362 2
9597541 93741242 2
9597541 143020802 2
9597541 179867002 1
9597541 184261594 1
9597541 186810832 1
26957222 37788192 1
26957222 71455362 1
26957222 93741242 1
26957222 143020802 1
26957222 179867002 1
26957222 184261594 1
26957222 186810832 1
37788192 71455362 2
37788192 93741242 2
37788192 143020802 2
37788192 179867002 2
37788192 184261594 1
37788192 186810832 2
71455362 93741242 9
71455362 143020802 9
71455362 179867002 7
71455362 184261594 2
71455362 186810832 5
93741242 143020802 8
93741242 179867002 6
93741242 184261594 2
93741242 186810832 5
143020802 179867002 6
143020802 184261594 2
143020802 186810832 5
179867002 184261594 2
179867002 186810832 4
184261594 186810832 1
3515557 8310011 1
3515557 12834907 1
3515557 13540109 1
3515557 145147142 1
3515557 185217010 1
3515557 187459323 4
8310011 9426909 1
8310011 12834907 1
8310011 13540109 1
8310011 37788192 1
8310011 71455362 1
8310011 93741242 1
8310011 143020802 1
8310011 145147142 1
8310011 179867002 1
8310011 185217010 1
8310011 186810832 1
8310011 187459323 1
9426909 12834907 1
9426909 13540109 1
9426909 145147142 1
9426909 185217010 1
9426909 187459323 3
12834907 13540109 1
12834907 37788192 1
12834907 71455362 1
12834907 93741242 1
12834907 143020802 1
12834907 145147142 1
12834907 179867002 1
12834907 185217010 1
12834907 186810832 1
12834907 187459323 1
13540109 37788192 1
13540109 71455362 1
13540109 93741242 1
13540109 143020802 1
13540109 145147142 1
13540109 179867002 1
13540109 185217010 1
13540109 186810832 1
13540109 187459323 1
37788192 145147142 1
37788192 185217010 1
37788192 187459323 1
71455362 145147142 1
71455362 185217010 1
71455362 187459323 4
93741242 145147142 1
93741242 185217010 1
93741242 187459323 4
143020802 145147142 1
143020802 185217010 1
143020802 187459323 3
145147142 179867002 1
145147142 185217010 1
145147142 186810832 1
145147142 187459323 1
179867002 185217010 1
179867002 187459323 3
185217010 186810832 1
185217010 187459323 1
186810832 187459323 2
3515557 143628302 1
3515557 183438105 1
71455362 143628302 1
71455362 183438105 1
93741242 143628302 1
93741242 183438105 1
143020802 143628302 1
143020802 183438105 1
143628302 179867002 1
143628302 183438105 1
143628302 184261594 1
143628302 187459323 1
179867002 183438105 1
183438105 184261594 1
183438105 187459323 1
184261594 187459323 1
3515557 14116197 3
3515557 15250321 2
3515557 54709932 3
3515557 127019362 1
3515557 157796652 1
3515557 183053065 4
3515557 188214869 2
9426909 14116197 3
9426909 15250321 2
9426909 54709932 3
9426909 127019362 1
9426909 157796652 1
9426909 183053065 4
9426909 188214869 2
14116197 15250321 2
14116197 54709932 1
14116197 71455362 3
14116197 93741242 3
14116197 127019362 1
14116197 143020802 3
14116197 157796652 1
14116197 183053065 2
14116197 188214869 1
15250321 54709932 1
15250321 71455362 2
15250321 93741242 2
15250321 127019362 1
15250321 143020802 2
15250321 157796652 1
15250321 183053065 1
15250321 188214869 1
54709932 71455362 3
54709932 93741242 3
54709932 127019362 1
54709932 143020802 3
54709932 157796652 1
54709932 183053065 1
54709932 188214869 2
71455362 127019362 1
71455362 157796652 1
71455362 183053065 4
71455362 188214869 2
93741242 127019362 1
93741242 157796652 1
93741242 183053065 3
93741242 188214869 2
127019362 143020802 1
127019362 157796652 1
127019362 183053065 1
127019362 188214869 1
143020802 157796652 1
143020802 183053065 3
143020802 188214869 2
157796652 183053065 1
157796652 188214869 1
183053065 188214869 1
3515557 9854143 1
3515557 57811752 1
3515557 80912072 1
3515557 186570885 5
3515557 187281681 6
3515557 188510195 1
3515557 188573816 1
9426909 9854143 1
9426909 57811752 1
9426909 80912072 1
9426909 186570885 5
9426909 187281681 6
9426909 188510195 1
9426909 188573816 1
9854143 14116197 1
9854143 57811752 1
9854143 71455362 1
9854143 80912072 1
9854143 93741242 1
9854143 143020802 1
9854143 179867002 1
9854143 183053065 1
9854143 186570885 1
9854143 186810832 1
9854143 187281681 1
9854143 188510195 1
9854143 188573816 1
14116197 57811752 1
14116197 80912072 1
14116197 179867002 1
14116197 186570885 2
14116197 186810832 1
14116197 187281681 2
14116197 188510195 1
14116197 188573816 1
57811752 71455362 1
57811752 80912072 1
57811752 93741242 1
57811752 143020802 1
57811752 179867002 1
57811752 183053065 1
57811752 186570885 1
57811752 186810832 1
57811752 187281681 1
57811752 188510195 1
57811752 188573816 1
71455362 80912072 1
71455362 186570885 5
71455362 187281681 6
71455362 188510195 1
71455362 188573816 1
80912072 93741242 1
80912072 143020802 1
80912072 179867002 1
80912072 183053065 1
80912072 186570885 1
80912072 186810832 1
80912072 187281681 1
80912072 188510195 1
80912072 188573816 1
93741242 186570885 4
93741242 187281681 5
93741242 188510195 1
93741242 188573816 1
143020802 186570885 4
143020802 187281681 5
143020802 188510195 1
143020802 188573816 1
179867002 183053065 3
179867002 186570885 4
179867002 187281681 4
179867002 188510195 1
179867002 188573816 1
183053065 186570885 3
183053065 186810832 1
183053065 187281681 3
183053065 188510195 1
183053065 188573816 1
186570885 186810832 2
186570885 187281681 5
186570885 188510195 1
186570885 188573816 1
186810832 187281681 3
186810832 188510195 1
186810832 188573816 1
187281681 188510195 1
187281681 188573816 1
188510195 188573816 1
3515557 20035731 1
3515557 68400852 1
3515557 183018999 1
3515557 188809552 2
9426909 20035731 1
9426909 68400852 1
9426909 183018999 1
9426909 188809552 2
20035731 54709932 1
20035731 68400852 1
20035731 71455362 1
20035731 93741242 1
20035731 143020802 1
20035731 183018999 1
20035731 186810832 1
20035731 187281681 1
20035731 187459323 1
20035731 188214869 1
20035731 188809552 1
54709932 68400852 1
54709932 183018999 1
54709932 186810832 2
54709932 187281681 2
54709932 187459323 1
54709932 188809552 1
68400852 71455362 1
68400852 93741242 1
68400852 143020802 1
68400852 183018999 1
68400852 186810832 1
68400852 187281681 1
68400852 187459323 1
68400852 188214869 1
68400852 188809552 1
71455362 183018999 1
71455362 188809552 2
93741242 183018999 1
93741242 188809552 2
143020802 183018999 1
143020802 188809552 1
183018999 186810832 1
183018999 187281681 1
183018999 187459323 1
183018999 188214869 1
183018999 188809552 1
186810832 188214869 1
186810832 188809552 1
187281681 187459323 2
187281681 188214869 1
187281681 188809552 2
187459323 188214869 1
187459323 188809552 2
188214869 188809552 1
3515557 21884831 1
3515557 90364622 1
3515557 173974822 2
9426909 21884831 1
9426909 90364622 1
9426909 173974822 2
21884831 71455362 1
21884831 90364622 1
21884831 93741242 1
21884831 173974822 1
21884831 179867002 1
21884831 183053065 1
21884831 186570885 1
21884831 187281681 1
21884831 187459323 1
21884831 188809552 1
71455362 90364622 1
71455362 173974822 2
90364622 93741242 1
90364622 173974822 1
90364622 179867002 1
90364622 183053065 1
90364622 186570885 1
90364622 187281681 1
90364622 187459323 1
90364622 188809552 1
93741242 173974822 2
173974822 179867002 2
173974822 183053065 1
173974822 186570885 2
173974822 187281681 2
173974822 187459323 1
173974822 188809552 1
179867002 188809552 1
183053065 187459323 1
183053065 188809552 1
186570885 187459323 1
186570885 188809552 1
3515557 3705992 1
3515557 13507015 1
3515557 76986232 1
3515557 183159890 1
3705992 9426909 1
3705992 13507015 1
3705992 54709932 1
3705992 71455362 1
3705992 76986232 1
3705992 93741242 1
3705992 143020802 1
3705992 173974822 1
3705992 179867002 1
3705992 183159890 1
3705992 186570885 1
3705992 186810832 1
3705992 187281681 1
9426909 13507015 1
9426909 76986232 1
9426909 183159890 1
13507015 54709932 1
13507015 71455362 1
13507015 76986232 1
13507015 93741242 1
13507015 143020802 1
13507015 173974822 1
13507015 179867002 1
13507015 183159890 1
13507015 186570885 1
13507015 186810832 1
13507015 187281681 1
54709932 76986232 1
54709932 173974822 1
54709932 179867002 1
54709932 183159890 1
54709932 186570885 1
71455362 76986232 1
71455362 183159890 1
76986232 93741242 1
76986232 143020802 1
76986232 173974822 1
76986232 179867002 1
76986232 183159890 1
76986232 186570885 1
76986232 186810832 1
76986232 187281681 1
93741242 183159890 1
143020802 173974822 1
143020802 183159890 1
173974822 183159890 1
173974822 186810832 1
179867002 183159890 1
183159890 186570885 1
183159890 186810832 1
183159890 187281681 1
9597541 14116197 1
9597541 15250321 1
9597541 186570885 1
9597541 187281681 1
15250321 186570885 1
15250321 187281681 1
