2860162 2749961 2847645 2370334 2829857 2072875 2783918 2739887 2536117 2845240 2800834 2806601 2765645 2800085 2840535 2751321 2814044 2836830 2782817 2039777 1856747 2410990 2812658 2724212 2817526 2835960 2420863
1856747 2410990 2
1856747 2724212 4
1856747 2739887 2
1856747 2749961 2
1856747 2751321 4
1856747 2765645 5
1856747 2783918 10
2410990 2724212 1
2410990 2739887 1
2410990 2749961 2
2410990 2751321 2
2410990 2765645 2
2410990 2783918 2
2724212 2739887 2
2724212 2749961 1
2724212 2751321 2
2724212 2765645 3
2724212 2783918 4
2739887 2749961 1
2739887 2751321 1
2739887 2765645 2
2739887 2783918 2
2749961 2751321 2
2749961 2765645 2
2749961 2783918 2
2751321 2765645 3
2751321 2783918 4
2765645 2783918 5
1856747 2370334 3
1856747 2782817 3
1856747 2800085 1
1856747 2800834 1
1856747 2814044 1
2370334 2724212 1
2370334 2751321 2
2370334 2765645 2
2370334 2782817 2
2370334 2783918 3
2370334 2800085 1
2370334 2800834 1
2370334 2814044 1
2724212 2782817 2
2724212 2800085 1
2724212 2800834 1
2724212 2814044 1
2751321 2782817 2
2751321 2800085 1
2751321 2800834 1
2751321 2814044 1
2765645 2782817 3
2765645 2800085 1
2765645 2800834 1
2765645 2814044 1
2782817 2783918 3
2782817 2800085 1
2782817 2800834 1
2782817 2814044 1
2783918 2800085 1
2783918 2800834 1
2783918 2814044 1
2800085 2800834 1
2800085 2814044 1
2800834 2814044 1
1856747 2420863 6
2420863 2765645 2
2420863 2783918 6
1856747 2039777 1
1856747 2817526 1
1856747 2829857 1
2039777 2370334 1
2039777 2410990 1
2039777 2420863 1
2039777 2749961 1
2039777 2751321 1
2039777 2765645 1
2039777 2782817 1
2039777 2783918 1
2039777 2817526 1
2039777 2829857 1
2370334 2410990 1
2370334 2420863 2
2370334 2749961 1
2370334 2817526 1
2370334 2829857 1
2410990 2420863 1
2410990 2782817 1
2410990 2817526 1
2410990 2829857 1
2420863 2749961 1
2420863 2751321 2
2420863 2782817 1
2420863 2817526 1
2420863 2829857 1
2749961 2782817 1
2749961 2817526 1
2749961 2829857 1
2751321 2817526 1
2751321 2829857 1
2765645 2817526 1
2765645 2829857 1
2782817 2817526 1
2782817 2829857 1
2783918 2817526 1
2783918 2829857 1
2817526 2829857 1
1856747 2835960 1
2724212 2835960 1
2783918 2835960 1
1856747 2072875 4
1856747 2536117 1
1856747 2806601 3
2072875 2536117 1
2072875 2724212 1
2072875 2739887 1
2072875 2765645 1
2072875 2782817 1
2072875 2783918 4
2072875 2806601 2
2536117 2724212 1
2536117 2739887 1
2536117 2765645 1
2536117 2782817 1
2536117 2783918 1
2536117 2806601 1
2724212 2806601 1
2739887 2782817 1
2739887 2806601 1
2765645 2806601 1
2782817 2806601 1
2783918 2806601 3
1856747 2812658 2
1856747 2836830 1
1856747 2840535 3
1856747 2845240 1
2370334 2806601 1
2370334 2812658 1
2370334 2836830 1
2370334 2840535 1
2370334 2845240 1
2420863 2806601 2
2420863 2812658 2
2420863 2836830 1
2420863 2840535 3
2420863 2845240 1
2783918 2812658 2
2783918 2836830 1
2783918 2840535 3
2783918 2845240 1
2806601 2812658 2
2806601 2836830 1
2806601 2840535 2
2806601 2845240 1
2812658 2836830 1
2812658 2840535 2
2812658 2845240 1
2836830 2840535 1
2836830 2845240 1
2840535 2845240 1
1856747 2847645 2
2072875 2420863 3
2072875 2812658 1
2072875 2840535 2
2072875 2847645 2
2420863 2847645 2
2783918 2847645 2
2806601 2847645 1
2812658 2847645 1
2840535 2847645 2
1856747 2860162 2
2072875 2860162 2
2420863 2860162 2
2783918 2860162 2
2840535 2860162 1
2847645 2860162 1
2072875 2751321 1
2751321 2860162 1
