69350432 181052802 12677667 12611494 3345387 96655922 2847699 151259412 155851732 59897 140730842 130528732
59897 12611494 10
59897 130528732 8
59897 140730842 8
59897 151259412 10
12611494 130528732 8
12611494 140730842 8
12611494 151259412 10
130528732 140730842 6
130528732 151259412 8
140730842 151259412 8
59897 69350432 3
12611494 69350432 3
69350432 130528732 3
69350432 140730842 2
69350432 151259412 3
59897 12677667 1
12611494 12677667 1
12677667 130528732 1
12677667 151259412 1
59897 3345387 1
59897 155851732 3
3345387 12611494 1
3345387 140730842 1
3345387 151259412 1
3345387 155851732 1
12611494 155851732 3
140730842 155851732 3
151259412 155851732 3
59897 2847699 1
2847699 12611494 1
2847699 130528732 1
2847699 140730842 1
2847699 151259412 1
2847699 155851732 1
130528732 155851732 2
59897 96655922 2
59897 181052802 1
12611494 96655922 2
12611494 181052802 1
96655922 130528732 2
96655922 140730842 2
96655922 151259412 2
96655922 181052802 1
130528732 181052802 1
140730842 181052802 1
151259412 181052802 1
69350432 96655922 1
69350432 155851732 1
96655922 155851732 1
