86930592 14048288 181052802 12677667 7585829 12611494 143861862 188815150 188868668 189995665 2847699 151259412 144836532 59897 140730842 130528732 185424445 188808607
59897 7585829 3
59897 12611494 10
59897 12677667 4
59897 86930592 7
59897 130528732 6
59897 140730842 6
59897 143861862 10
59897 151259412 5
59897 185424445 1
59897 188808607 1
59897 188815150 6
59897 188868668 2
7585829 12611494 3
7585829 12677667 1
7585829 86930592 2
7585829 130528732 2
7585829 140730842 2
7585829 143861862 3
7585829 151259412 3
7585829 185424445 1
7585829 188808607 1
7585829 188815150 3
7585829 188868668 1
12611494 12677667 4
12611494 86930592 7
12611494 130528732 6
12611494 140730842 6
12611494 143861862 10
12611494 151259412 5
12611494 185424445 1
12611494 188808607 1
12611494 188815150 6
12611494 188868668 2
12677667 86930592 4
12677667 130528732 2
12677667 140730842 2
12677667 143861862 4
12677667 151259412 3
12677667 185424445 1
12677667 188808607 1
12677667 188815150 2
12677667 188868668 1
86930592 130528732 4
86930592 140730842 5
86930592 143861862 7
86930592 151259412 4
86930592 185424445 1
86930592 188808607 1
86930592 188815150 5
86930592 188868668 1
130528732 140730842 3
130528732 143861862 6
130528732 151259412 3
130528732 185424445 1
130528732 188808607 1
130528732 188815150 4
130528732 188868668 2
140730842 143861862 6
140730842 151259412 2
140730842 185424445 1
140730842 188808607 1
140730842 188815150 5
140730842 188868668 1
143861862 151259412 5
143861862 185424445 1
143861862 188808607 1
143861862 188815150 6
143861862 188868668 2
151259412 185424445 1
151259412 188808607 1
151259412 188815150 3
151259412 188868668 1
185424445 188808607 1
185424445 188815150 1
185424445 188868668 1
188808607 188815150 1
188808607 188868668 1
188815150 188868668 1
59897 2847699 2
59897 144836532 1
2847699 12611494 2
2847699 130528732 2
2847699 143861862 2
2847699 144836532 1
2847699 188868668 1
12611494 144836532 1
130528732 144836532 1
143861862 144836532 1
144836532 188868668 1
59897 14048288 1
12611494 14048288 1
12677667 14048288 1
14048288 86930592 1
14048288 143861862 1
14048288 151259412 1
59897 181052802 2
2847699 12677667 1
2847699 86930592 1
2847699 151259412 1
2847699 181052802 1
12611494 181052802 2
12677667 181052802 2
86930592 181052802 2
130528732 181052802 1
143861862 181052802 2
151259412 181052802 1
140730842 181052802 1
181052802 188815150 1
59897 189995665 2
12611494 189995665 2
86930592 189995665 1
130528732 189995665 1
140730842 189995665 2
143861862 189995665 2
188815150 189995665 1
