69350432 14168217 12677667 12611494 143861862 96655922 151259412 155851732 14274614 59897 140730842 130528732
59897 12611494 9
59897 69350432 1
59897 96655922 5
59897 130528732 4
59897 151259412 10
59897 155851732 4
12611494 69350432 1
12611494 96655922 4
12611494 130528732 3
12611494 151259412 9
12611494 155851732 3
69350432 96655922 1
69350432 130528732 1
69350432 151259412 1
69350432 155851732 1
96655922 130528732 4
96655922 151259412 5
96655922 155851732 3
130528732 151259412 4
130528732 155851732 3
151259412 155851732 4
59897 12677667 5
59897 143861862 7
12611494 12677667 5
12611494 143861862 7
12677667 96655922 2
12677667 130528732 2
12677667 143861862 5
12677667 151259412 5
12677667 155851732 1
96655922 143861862 3
130528732 143861862 2
143861862 151259412 7
143861862 155851732 1
59897 14168217 1
59897 140730842 6
12611494 14168217 1
12611494 140730842 5
14168217 140730842 1
14168217 151259412 1
14168217 155851732 1
140730842 151259412 6
140730842 155851732 2
96655922 140730842 3
130528732 140730842 2
12677667 140730842 2
140730842 143861862 4
59897 14274614 1
12611494 14274614 1
14274614 96655922 1
14274614 140730842 1
14274614 143861862 1
14274614 151259412 1
