131404412 7130244 182578314 161363212 7567888 178255122 19086741 163007382 123986712 184190492 25587612 77938212 147571112 92778412 61717552 131441842 21894071 13127872 123151172 184190664 184222410 7435219 184192342 154367832 163091802 101560412 115945692 156580452 118693482 71161582 25618672 183783024 10237306 44818172
92778412 131404412 4
92778412 131441842 4
131404412 131441842 8
7435219 10237306 1
7435219 19086741 1
7435219 77938212 1
7435219 131404412 1
7435219 131441842 1
7435219 163091802 1
10237306 19086741 1
10237306 77938212 1
10237306 131404412 1
10237306 131441842 1
10237306 163091802 1
19086741 77938212 1
19086741 131404412 2
19086741 131441842 2
19086741 163091802 1
77938212 131404412 1
77938212 131441842 1
77938212 163091802 1
131404412 163091802 1
131441842 163091802 1
21894071 44818172 1
21894071 61717552 1
21894071 71161582 1
21894071 131441842 1
21894071 154367832 1
21894071 156580452 1
21894071 163007382 1
44818172 61717552 1
44818172 71161582 1
44818172 131441842 1
44818172 154367832 1
44818172 156580452 1
44818172 163007382 1
61717552 71161582 1
61717552 131441842 1
61717552 154367832 1
61717552 156580452 1
61717552 163007382 1
71161582 131441842 1
71161582 154367832 1
71161582 156580452 1
71161582 163007382 1
131441842 154367832 4
131441842 156580452 1
131441842 163007382 1
154367832 156580452 1
154367832 163007382 1
156580452 163007382 1
92778412 161363212 1
131404412 161363212 1
131441842 161363212 1
92778412 178255122 1
131404412 178255122 3
131441842 178255122 3
13127872 19086741 1
13127872 25618672 1
13127872 101560412 1
13127872 115945692 1
13127872 118693482 1
13127872 123151172 1
13127872 123986712 1
13127872 131404412 1
13127872 131441842 1
13127872 154367832 1
13127872 183783024 1
13127872 184190492 1
19086741 25618672 1
19086741 101560412 1
19086741 115945692 1
19086741 118693482 1
19086741 123151172 1
19086741 123986712 1
19086741 154367832 1
19086741 183783024 1
19086741 184190492 1
25618672 101560412 1
25618672 115945692 1
25618672 118693482 1
25618672 123151172 1
25618672 123986712 1
25618672 131404412 1
25618672 131441842 1
25618672 154367832 1
25618672 183783024 1
25618672 184190492 1
101560412 115945692 1
101560412 118693482 1
101560412 123151172 1
101560412 123986712 1
101560412 131404412 1
101560412 131441842 1
101560412 154367832 1
101560412 183783024 1
101560412 184190492 1
115945692 118693482 1
115945692 123151172 1
115945692 123986712 1
115945692 131404412 1
115945692 131441842 1
115945692 154367832 1
115945692 183783024 1
115945692 184190492 1
118693482 123151172 1
118693482 123986712 1
118693482 131404412 1
118693482 131441842 1
118693482 154367832 1
118693482 183783024 1
118693482 184190492 1
123151172 123986712 1
123151172 131404412 1
123151172 131441842 1
123151172 154367832 1
123151172 183783024 1
123151172 184190492 1
123986712 131404412 1
123986712 131441842 1
123986712 154367832 1
123986712 183783024 1
123986712 184190492 1
131404412 154367832 3
131404412 183783024 1
131404412 184190492 1
131441842 183783024 1
131441842 184190492 1
154367832 183783024 1
154367832 184190492 1
183783024 184190492 1
131404412 182578314 2
131404412 184190664 1
131404412 184222410 1
131441842 182578314 2
131441842 184190664 1
131441842 184222410 1
154367832 178255122 2
154367832 182578314 2
154367832 184190664 1
154367832 184222410 1
178255122 182578314 2
178255122 184190664 1
178255122 184222410 1
182578314 184190664 1
182578314 184222410 1
184190664 184222410 1
7130244 7567888 1
7130244 25587612 1
7130244 131404412 1
7130244 131441842 1
7130244 147571112 1
7130244 154367832 1
7130244 178255122 1
7130244 182578314 1
7130244 184192342 1
7567888 25587612 1
7567888 131404412 1
7567888 131441842 1
7567888 147571112 1
7567888 154367832 1
7567888 178255122 1
7567888 182578314 1
7567888 184192342 1
25587612 131404412 1
25587612 131441842 1
25587612 147571112 1
25587612 154367832 1
25587612 178255122 1
25587612 182578314 1
25587612 184192342 1
131404412 147571112 1
131404412 184192342 1
131441842 147571112 1
131441842 184192342 1
147571112 154367832 1
147571112 178255122 1
147571112 182578314 1
147571112 184192342 1
154367832 184192342 1
178255122 184192342 1
182578314 184192342 1
