12567051 3108235 3350928 2677523 3198870 3456154 10030114 37664292 36873132 8734638 38161712 7125424 4575923 14615091 3529013 8842808 9487936 3152707 12310729 12551888 1996117 9938021 47784422 14635884 9344882 6851830 2381814 11260664
3108235 8734638 1
2677523 6851830 1
2677523 12567051 1
2677523 37664292 1
6851830 12567051 1
6851830 37664292 1
12567051 37664292 1
3456154 6851830 1
3456154 9487936 1
6851830 9487936 1
1996117 2381814 1
1996117 3198870 1
1996117 3529013 1
1996117 4575923 1
1996117 8842808 1
1996117 14615091 1
1996117 14635884 1
1996117 36873132 1
1996117 38161712 1
2381814 3198870 1
2381814 3529013 1
2381814 4575923 1
2381814 8842808 1
2381814 14615091 2
2381814 14635884 1
2381814 36873132 2
2381814 38161712 2
3198870 3529013 1
3198870 4575923 1
3198870 8842808 1
3198870 14615091 1
3198870 14635884 1
3198870 36873132 1
3198870 38161712 1
3529013 4575923 1
3529013 8842808 1
3529013 14615091 2
3529013 14635884 1
3529013 36873132 1
3529013 38161712 1
4575923 8842808 1
4575923 14615091 1
4575923 14635884 1
4575923 36873132 1
4575923 38161712 1
8842808 14615091 1
8842808 14635884 1
8842808 36873132 1
8842808 38161712 1
14615091 14635884 1
14615091 36873132 2
14615091 38161712 2
14635884 36873132 1
14635884 38161712 1
36873132 38161712 2
3529013 6851830 2
6851830 14615091 1
2381814 3152707 1
2381814 3350928 1
2381814 7125424 1
2381814 9344882 1
2381814 9938021 1
2381814 10030114 1
2381814 11260664 1
2381814 12310729 1
2381814 12551888 1
2381814 47784422 1
3152707 3350928 1
3152707 7125424 1
3152707 9344882 1
3152707 9938021 1
3152707 10030114 1
3152707 11260664 1
3152707 12310729 1
3152707 12551888 1
3152707 14615091 1
3152707 36873132 1
3152707 38161712 1
3152707 47784422 1
3350928 7125424 1
3350928 9344882 1
3350928 9938021 1
3350928 10030114 1
3350928 11260664 1
3350928 12310729 1
3350928 12551888 1
3350928 14615091 1
3350928 36873132 1
3350928 38161712 1
3350928 47784422 1
7125424 9344882 1
7125424 9938021 1
7125424 10030114 1
7125424 11260664 1
7125424 12310729 1
7125424 12551888 1
7125424 14615091 1
7125424 36873132 1
7125424 38161712 1
7125424 47784422 1
9344882 9938021 1
9344882 10030114 1
9344882 11260664 1
9344882 12310729 1
9344882 12551888 1
9344882 14615091 1
9344882 36873132 1
9344882 38161712 1
9344882 47784422 1
9938021 10030114 1
9938021 11260664 1
9938021 12310729 1
9938021 12551888 1
9938021 14615091 1
9938021 36873132 1
9938021 38161712 1
9938021 47784422 1
10030114 11260664 1
10030114 12310729 1
10030114 12551888 1
10030114 14615091 1
10030114 36873132 1
10030114 38161712 1
10030114 47784422 1
11260664 12310729 1
11260664 12551888 1
11260664 14615091 1
11260664 36873132 1
11260664 38161712 1
11260664 47784422 1
12310729 12551888 1
12310729 14615091 1
12310729 36873132 1
12310729 38161712 1
12310729 47784422 1
12551888 14615091 1
12551888 36873132 1
12551888 38161712 1
12551888 47784422 1
14615091 47784422 1
36873132 47784422 1
38161712 47784422 1
