9838976 12623746 11441411 18626181 11287816 7944073 8632718 14010255 8734736 29409552 26991122 8729493 8438551 28979992 5212578 13535010 4380966 8347558 26396332 3940783 12676658 13935669 6719287 5241656 21681081 3233470 13527104 28854592 25956162 12750278 2248391 27904712 10248397 3820749 1104719 5651277 14253521 3817173 13219418 14462043 24618332 13234784 13165921 10284643 28718182 19604841 29608172 13861369 12205942 30090742 12022649 24132732 28689662 14020991
2248391 9838976 2
2248391 14253521 1
2248391 21681081 3
2248391 25956162 2
9838976 14253521 1
9838976 21681081 2
9838976 25956162 1
14253521 21681081 1
14253521 25956162 1
21681081 25956162 1
2248391 8632718 3
2248391 8729493 6
2248391 10248397 1
2248391 12750278 8
8632718 8729493 3
8632718 10248397 1
8632718 12750278 3
8729493 10248397 1
8729493 12750278 6
10248397 12750278 1
2248391 3940783 1
3940783 8632718 1
3940783 8729493 1
3940783 12750278 1
2248391 18626181 1
2248391 27904712 1
12750278 18626181 1
12750278 27904712 1
18626181 27904712 1
2248391 11441411 1
2248391 13527104 2
8729493 11441411 1
8729493 13527104 2
11441411 12750278 1
11441411 13527104 1
12750278 13527104 2
2248391 4380966 3
4380966 8729493 3
4380966 12750278 3
12750278 25956162 1
2248391 14010255 1
4380966 8632718 1
4380966 14010255 1
4380966 21681081 2
8632718 14010255 1
8632718 21681081 1
8729493 14010255 1
8729493 21681081 2
12750278 14010255 1
12750278 21681081 2
14010255 21681081 1
1104719 2248391 1
1104719 3233470 1
1104719 3820749 1
1104719 4380966 1
1104719 5212578 1
1104719 5241656 1
1104719 5651277 1
1104719 6719287 1
1104719 7944073 1
1104719 8347558 1
1104719 8438551 1
1104719 8729493 1
1104719 8734736 1
1104719 9838976 1
1104719 12022649 1
1104719 12205942 1
1104719 12623746 1
1104719 12676658 1
1104719 12750278 1
1104719 13165921 1
1104719 13219418 1
1104719 13234784 1
1104719 13527104 1
1104719 13535010 1
1104719 13861369 1
1104719 13935669 1
1104719 14020991 1
1104719 14462043 1
1104719 19604841 1
1104719 21681081 1
1104719 24132732 1
1104719 24618332 1
1104719 26396332 1
1104719 26991122 1
1104719 28689662 1
1104719 28718182 1
1104719 28854592 1
1104719 28979992 1
2248391 3233470 1
2248391 3820749 1
2248391 5212578 1
2248391 5241656 1
2248391 5651277 1
2248391 6719287 1
2248391 7944073 1
2248391 8347558 1
2248391 8438551 1
2248391 8734736 1
2248391 12022649 1
2248391 12205942 1
2248391 12623746 1
2248391 12676658 1
2248391 13165921 1
2248391 13219418 1
2248391 13234784 1
2248391 13535010 1
2248391 13861369 1
2248391 13935669 1
2248391 14020991 1
2248391 14462043 1
2248391 19604841 1
2248391 24132732 1
2248391 24618332 1
2248391 26396332 1
2248391 26991122 1
2248391 28689662 1
2248391 28718182 1
2248391 28854592 1
2248391 28979992 1
3233470 3820749 1
3233470 4380966 1
3233470 5212578 1
3233470 5241656 1
3233470 5651277 1
3233470 6719287 1
3233470 7944073 1
3233470 8347558 1
3233470 8438551 1
3233470 8729493 1
3233470 8734736 1
3233470 9838976 1
3233470 12022649 1
3233470 12205942 1
3233470 12623746 1
3233470 12676658 1
3233470 12750278 1
3233470 13165921 1
3233470 13219418 1
3233470 13234784 1
3233470 13527104 1
3233470 13535010 1
3233470 13861369 1
3233470 13935669 1
3233470 14020991 1
3233470 14462043 1
3233470 19604841 1
3233470 21681081 1
3233470 24132732 1
3233470 24618332 1
3233470 26396332 1
3233470 26991122 1
3233470 28689662 1
3233470 28718182 1
3233470 28854592 1
3233470 28979992 1
3820749 4380966 1
3820749 5212578 1
3820749 5241656 1
3820749 5651277 1
3820749 6719287 1
3820749 7944073 1
3820749 8347558 1
3820749 8438551 1
3820749 8729493 1
3820749 8734736 1
3820749 9838976 1
3820749 12022649 1
3820749 12205942 1
3820749 12623746 1
3820749 12676658 1
3820749 12750278 1
3820749 13165921 1
3820749 13219418 1
3820749 13234784 1
3820749 13527104 1
3820749 13535010 1
3820749 13861369 1
3820749 13935669 1
3820749 14020991 1
3820749 14462043 1
3820749 19604841 1
3820749 21681081 1
3820749 24132732 1
3820749 24618332 1
3820749 26396332 1
3820749 26991122 1
3820749 28689662 1
3820749 28718182 1
3820749 28854592 1
3820749 28979992 1
4380966 5212578 1
4380966 5241656 1
4380966 5651277 1
4380966 6719287 1
4380966 7944073 1
4380966 8347558 1
4380966 8438551 1
4380966 8734736 1
4380966 9838976 1
4380966 12022649 1
4380966 12205942 1
4380966 12623746 1
4380966 12676658 1
4380966 13165921 1
4380966 13219418 1
4380966 13234784 1
4380966 13527104 1
4380966 13535010 1
4380966 13861369 1
4380966 13935669 1
4380966 14020991 1
4380966 14462043 1
4380966 19604841 1
4380966 24132732 1
4380966 24618332 1
4380966 26396332 1
4380966 26991122 1
4380966 28689662 1
4380966 28718182 1
4380966 28854592 1
4380966 28979992 1
5212578 5241656 1
5212578 5651277 1
5212578 6719287 1
5212578 7944073 1
5212578 8347558 1
5212578 8438551 1
5212578 8729493 1
5212578 8734736 1
5212578 9838976 1
5212578 12022649 1
5212578 12205942 1
5212578 12623746 1
5212578 12676658 1
5212578 12750278 1
5212578 13165921 1
5212578 13219418 1
5212578 13234784 1
5212578 13527104 1
5212578 13535010 1
5212578 13861369 1
5212578 13935669 1
5212578 14020991 1
5212578 14462043 1
5212578 19604841 1
5212578 21681081 1
5212578 24132732 1
5212578 24618332 1
5212578 26396332 1
5212578 26991122 1
5212578 28689662 1
5212578 28718182 1
5212578 28854592 1
5212578 28979992 1
5241656 5651277 1
5241656 6719287 1
5241656 7944073 1
5241656 8347558 1
5241656 8438551 1
5241656 8729493 1
5241656 8734736 1
5241656 9838976 1
5241656 12022649 1
5241656 12205942 1
5241656 12623746 1
5241656 12676658 1
5241656 12750278 1
5241656 13165921 1
5241656 13219418 1
5241656 13234784 1
5241656 13527104 1
5241656 13535010 1
5241656 13861369 1
5241656 13935669 1
5241656 14020991 1
5241656 14462043 1
5241656 19604841 1
5241656 21681081 1
5241656 24132732 1
5241656 24618332 1
5241656 26396332 1
5241656 26991122 1
5241656 28689662 1
5241656 28718182 1
5241656 28854592 1
5241656 28979992 1
5651277 6719287 1
5651277 7944073 1
5651277 8347558 1
5651277 8438551 1
5651277 8729493 1
5651277 8734736 1
5651277 9838976 1
5651277 12022649 1
5651277 12205942 1
5651277 12623746 1
5651277 12676658 1
5651277 12750278 1
5651277 13165921 1
5651277 13219418 1
5651277 13234784 1
5651277 13527104 1
5651277 13535010 1
5651277 13861369 1
5651277 13935669 1
5651277 14020991 1
5651277 14462043 1
5651277 19604841 1
5651277 21681081 1
5651277 24132732 1
5651277 24618332 1
5651277 26396332 1
5651277 26991122 1
5651277 28689662 1
5651277 28718182 1
5651277 28854592 1
5651277 28979992 1
6719287 7944073 1
6719287 8347558 1
6719287 8438551 1
6719287 8729493 1
6719287 8734736 1
6719287 9838976 1
6719287 12022649 1
6719287 12205942 1
6719287 12623746 1
6719287 12676658 1
6719287 12750278 1
6719287 13165921 1
6719287 13219418 1
6719287 13234784 1
6719287 13527104 1
6719287 13535010 1
6719287 13861369 1
6719287 13935669 1
6719287 14020991 1
6719287 14462043 1
6719287 19604841 1
6719287 21681081 1
6719287 24132732 1
6719287 24618332 1
6719287 26396332 1
6719287 26991122 1
6719287 28689662 1
6719287 28718182 1
6719287 28854592 1
6719287 28979992 1
7944073 8347558 1
7944073 8438551 1
7944073 8729493 1
7944073 8734736 1
7944073 9838976 1
7944073 12022649 1
7944073 12205942 1
7944073 12623746 1
7944073 12676658 1
7944073 12750278 1
7944073 13165921 1
7944073 13219418 1
7944073 13234784 1
7944073 13527104 1
7944073 13535010 1
7944073 13861369 1
7944073 13935669 1
7944073 14020991 1
7944073 14462043 1
7944073 19604841 1
7944073 21681081 1
7944073 24132732 1
7944073 24618332 1
7944073 26396332 1
7944073 26991122 1
7944073 28689662 1
7944073 28718182 1
7944073 28854592 1
7944073 28979992 1
8347558 8438551 1
8347558 8729493 1
8347558 8734736 1
8347558 9838976 1
8347558 12022649 1
8347558 12205942 1
8347558 12623746 1
8347558 12676658 1
8347558 12750278 1
8347558 13165921 1
8347558 13219418 1
8347558 13234784 1
8347558 13527104 1
8347558 13535010 1
8347558 13861369 1
8347558 13935669 1
8347558 14020991 1
8347558 14462043 1
8347558 19604841 1
8347558 21681081 1
8347558 24132732 1
8347558 24618332 1
8347558 26396332 1
8347558 26991122 1
8347558 28689662 1
8347558 28718182 1
8347558 28854592 1
8347558 28979992 1
8438551 8729493 1
8438551 8734736 1
8438551 9838976 1
8438551 12022649 1
8438551 12205942 1
8438551 12623746 1
8438551 12676658 1
8438551 12750278 1
8438551 13165921 1
8438551 13219418 1
8438551 13234784 1
8438551 13527104 1
8438551 13535010 1
8438551 13861369 1
8438551 13935669 1
8438551 14020991 1
8438551 14462043 1
8438551 19604841 1
8438551 21681081 1
8438551 24132732 1
8438551 24618332 1
8438551 26396332 1
8438551 26991122 1
8438551 28689662 1
8438551 28718182 1
8438551 28854592 1
8438551 28979992 1
8729493 8734736 1
8729493 9838976 1
8729493 12022649 1
8729493 12205942 1
8729493 12623746 1
8729493 12676658 1
8729493 13165921 1
8729493 13219418 1
8729493 13234784 1
8729493 13535010 1
8729493 13861369 1
8729493 13935669 1
8729493 14020991 1
8729493 14462043 1
8729493 19604841 1
8729493 24132732 1
8729493 24618332 1
8729493 26396332 1
8729493 26991122 1
8729493 28689662 1
8729493 28718182 1
8729493 28854592 1
8729493 28979992 1
8734736 9838976 1
8734736 12022649 1
8734736 12205942 1
8734736 12623746 1
8734736 12676658 1
8734736 12750278 1
8734736 13165921 1
8734736 13219418 1
8734736 13234784 1
8734736 13527104 1
8734736 13535010 1
8734736 13861369 1
8734736 13935669 1
8734736 14020991 1
8734736 14462043 1
8734736 19604841 1
8734736 21681081 1
8734736 24132732 1
8734736 24618332 1
8734736 26396332 1
8734736 26991122 1
8734736 28689662 1
8734736 28718182 1
8734736 28854592 1
8734736 28979992 1
9838976 12022649 1
9838976 12205942 1
9838976 12623746 1
9838976 12676658 1
9838976 12750278 1
9838976 13165921 1
9838976 13219418 1
9838976 13234784 1
9838976 13527104 1
9838976 13535010 1
9838976 13861369 1
9838976 13935669 1
9838976 14020991 1
9838976 14462043 1
9838976 19604841 1
9838976 24132732 1
9838976 24618332 1
9838976 26396332 1
9838976 26991122 1
9838976 28689662 1
9838976 28718182 1
9838976 28854592 1
9838976 28979992 1
12022649 12205942 1
12022649 12623746 1
12022649 12676658 1
12022649 12750278 1
12022649 13165921 1
12022649 13219418 1
12022649 13234784 1
12022649 13527104 1
12022649 13535010 1
12022649 13861369 1
12022649 13935669 1
12022649 14020991 1
12022649 14462043 1
12022649 19604841 1
12022649 21681081 1
12022649 24132732 1
12022649 24618332 1
12022649 26396332 1
12022649 26991122 1
12022649 28689662 1
12022649 28718182 1
12022649 28854592 1
12022649 28979992 1
12205942 12623746 1
12205942 12676658 1
12205942 12750278 1
12205942 13165921 1
12205942 13219418 1
12205942 13234784 1
12205942 13527104 1
12205942 13535010 1
12205942 13861369 1
12205942 13935669 1
12205942 14020991 1
12205942 14462043 1
12205942 19604841 1
12205942 21681081 1
12205942 24132732 1
12205942 24618332 1
12205942 26396332 1
12205942 26991122 1
12205942 28689662 1
12205942 28718182 1
12205942 28854592 1
12205942 28979992 1
12623746 12676658 1
12623746 12750278 1
12623746 13165921 1
12623746 13219418 1
12623746 13234784 1
12623746 13527104 1
12623746 13535010 1
12623746 13861369 1
12623746 13935669 1
12623746 14020991 1
12623746 14462043 1
12623746 19604841 1
12623746 21681081 1
12623746 24132732 1
12623746 24618332 1
12623746 26396332 1
12623746 26991122 1
12623746 28689662 1
12623746 28718182 1
12623746 28854592 1
12623746 28979992 1
12676658 12750278 1
12676658 13165921 1
12676658 13219418 1
12676658 13234784 1
12676658 13527104 1
12676658 13535010 1
12676658 13861369 1
12676658 13935669 1
12676658 14020991 1
12676658 14462043 1
12676658 19604841 1
12676658 21681081 1
12676658 24132732 1
12676658 24618332 1
12676658 26396332 1
12676658 26991122 1
12676658 28689662 1
12676658 28718182 1
12676658 28854592 1
12676658 28979992 1
12750278 13165921 1
12750278 13219418 1
12750278 13234784 1
12750278 13535010 1
12750278 13861369 1
12750278 13935669 1
12750278 14020991 1
12750278 14462043 1
12750278 19604841 1
12750278 24132732 1
12750278 24618332 1
12750278 26396332 1
12750278 26991122 1
12750278 28689662 1
12750278 28718182 1
12750278 28854592 1
12750278 28979992 1
13165921 13219418 1
13165921 13234784 1
13165921 13527104 1
13165921 13535010 1
13165921 13861369 1
13165921 13935669 1
13165921 14020991 1
13165921 14462043 1
13165921 19604841 1
13165921 21681081 1
13165921 24132732 1
13165921 24618332 1
13165921 26396332 1
13165921 26991122 1
13165921 28689662 1
13165921 28718182 1
13165921 28854592 1
13165921 28979992 1
13219418 13234784 1
13219418 13527104 1
13219418 13535010 1
13219418 13861369 1
13219418 13935669 1
13219418 14020991 1
13219418 14462043 1
13219418 19604841 1
13219418 21681081 1
13219418 24132732 1
13219418 24618332 1
13219418 26396332 1
13219418 26991122 1
13219418 28689662 1
13219418 28718182 1
13219418 28854592 1
13219418 28979992 1
13234784 13527104 1
13234784 13535010 1
13234784 13861369 1
13234784 13935669 1
13234784 14020991 1
13234784 14462043 1
13234784 19604841 1
13234784 21681081 1
13234784 24132732 1
13234784 24618332 1
13234784 26396332 1
13234784 26991122 1
13234784 28689662 1
13234784 28718182 1
13234784 28854592 1
13234784 28979992 1
13527104 13535010 1
13527104 13861369 1
13527104 13935669 1
13527104 14020991 1
13527104 14462043 1
13527104 19604841 1
13527104 21681081 1
13527104 24132732 1
13527104 24618332 1
13527104 26396332 1
13527104 26991122 1
13527104 28689662 1
13527104 28718182 1
13527104 28854592 1
13527104 28979992 1
13535010 13861369 1
13535010 13935669 1
13535010 14020991 1
13535010 14462043 1
13535010 19604841 1
13535010 21681081 1
13535010 24132732 1
13535010 24618332 1
13535010 26396332 1
13535010 26991122 1
13535010 28689662 1
13535010 28718182 1
13535010 28854592 1
13535010 28979992 1
13861369 13935669 1
13861369 14020991 1
13861369 14462043 1
13861369 19604841 1
13861369 21681081 1
13861369 24132732 1
13861369 24618332 1
13861369 26396332 1
13861369 26991122 1
13861369 28689662 1
13861369 28718182 1
13861369 28854592 1
13861369 28979992 1
13935669 14020991 1
13935669 14462043 1
13935669 19604841 1
13935669 21681081 1
13935669 24132732 1
13935669 24618332 1
13935669 26396332 1
13935669 26991122 1
13935669 28689662 1
13935669 28718182 1
13935669 28854592 1
13935669 28979992 1
14020991 14462043 1
14020991 19604841 1
14020991 21681081 1
14020991 24132732 1
14020991 24618332 1
14020991 26396332 1
14020991 26991122 1
14020991 28689662 1
14020991 28718182 1
14020991 28854592 1
14020991 28979992 1
14462043 19604841 1
14462043 21681081 1
14462043 24132732 1
14462043 24618332 1
14462043 26396332 1
14462043 26991122 1
14462043 28689662 1
14462043 28718182 1
14462043 28854592 1
14462043 28979992 1
19604841 21681081 1
19604841 24132732 1
19604841 24618332 1
19604841 26396332 1
19604841 26991122 1
19604841 28689662 1
19604841 28718182 1
19604841 28854592 1
19604841 28979992 1
21681081 24132732 1
21681081 24618332 1
21681081 26396332 1
21681081 26991122 1
21681081 28689662 1
21681081 28718182 1
21681081 28854592 1
21681081 28979992 1
24132732 24618332 1
24132732 26396332 1
24132732 26991122 1
24132732 28689662 1
24132732 28718182 1
24132732 28854592 1
24132732 28979992 1
24618332 26396332 1
24618332 26991122 1
24618332 28689662 1
24618332 28718182 1
24618332 28854592 1
24618332 28979992 1
26396332 26991122 1
26396332 28689662 1
26396332 28718182 1
26396332 28854592 1
26396332 28979992 1
26991122 28689662 1
26991122 28718182 1
26991122 28854592 1
26991122 28979992 1
28689662 28718182 1
28689662 28854592 1
28689662 28979992 1
28718182 28854592 1
28718182 28979992 1
28854592 28979992 1
2248391 3817173 1
2248391 10284643 1
2248391 11287816 1
2248391 29409552 1
2248391 29608172 1
2248391 30090742 1
3817173 10284643 1
3817173 11287816 1
3817173 29409552 1
3817173 29608172 1
3817173 30090742 1
10284643 11287816 1
10284643 29409552 1
10284643 29608172 1
10284643 30090742 1
11287816 29409552 1
11287816 29608172 1
11287816 30090742 1
29409552 29608172 1
29409552 30090742 1
29608172 30090742 1
