12495361 10257411 9262084 4448777 13195786 13220883 9142812 1651230 11035687 8302632 11753002 12676658 13115960 12666941 13527104 9735745 12302406 11250247 8285768 5256265 10302025 5042765 11940949 11030109 10553438 13234784 8794721 3881057 6013028 9938542 11342457 11304072 13181589 9579671 10449061 2052273 10362034 11274426 3233470 10549440 2248391 8571088 11476689 13278422 7994071 8840408 12297437 13211358 3934955 8806636 10969839 10756339 11072756 11441411 11287816 7738124 6952717 8380685 7779605 11998998 8438551 8642843 11388194 13535010 10474798 6719287 5241656 2028348 8763714 3278666 12654923 5651277 1104719 12608339 9630552 11756888 13165921 8252258 13594986 12388717 4253038 8046451 13004659 12205942 12022649 12545914 9838976 12731269 7917971 8729493 12895639 2744728 8354719 5212578 11439523 11820451 8347558 11780008 3940783 11543480 12750278 11665866 8822223 8807376 13296597 13030878 8049122 10434023 8048617 13150708 13530111
2248391 3940783 1
2248391 4253038 3
2248391 5256265 2
2248391 5651277 3
2248391 7738124 5
2248391 8049122 1
2248391 8252258 3
2248391 8302632 4
2248391 8347558 2
2248391 8763714 2
2248391 8794721 1
2248391 9630552 7
2248391 10434023 7
2248391 10549440 2
2248391 10756339 2
2248391 11274426 6
2248391 11287816 4
2248391 11388194 4
2248391 11439523 4
2248391 11476689 5
2248391 11543480 1
2248391 11756888 1
2248391 11940949 2
2248391 11998998 2
2248391 12022649 9
3940783 4253038 1
3940783 5256265 1
3940783 5651277 1
3940783 7738124 1
3940783 8049122 1
3940783 8252258 1
3940783 8302632 1
3940783 8347558 1
3940783 8763714 1
3940783 8794721 1
3940783 9630552 1
3940783 10434023 1
3940783 10549440 1
3940783 10756339 1
3940783 11274426 1
3940783 11287816 1
3940783 11388194 1
3940783 11439523 1
3940783 11476689 1
3940783 11543480 1
3940783 11756888 1
3940783 11940949 1
3940783 11998998 1
3940783 12022649 1
4253038 5256265 2
4253038 5651277 2
4253038 7738124 2
4253038 8049122 1
4253038 8252258 1
4253038 8302632 2
4253038 8347558 2
4253038 8763714 1
4253038 8794721 1
4253038 9630552 3
4253038 10434023 2
4253038 10549440 1
4253038 10756339 1
4253038 11274426 3
4253038 11287816 2
4253038 11388194 2
4253038 11439523 2
4253038 11476689 3
4253038 11543480 1
4253038 11756888 1
4253038 11940949 1
4253038 11998998 1
4253038 12022649 3
5256265 5651277 2
5256265 7738124 2
5256265 8049122 1
5256265 8252258 1
5256265 8302632 1
5256265 8347558 1
5256265 8763714 1
5256265 8794721 1
5256265 9630552 2
5256265 10434023 2
5256265 10549440 1
5256265 10756339 1
5256265 11274426 2
5256265 11287816 2
5256265 11388194 1
5256265 11439523 2
5256265 11476689 2
5256265 11543480 1
5256265 11756888 1
5256265 11940949 1
5256265 11998998 1
5256265 12022649 2
5651277 7738124 3
5651277 8049122 1
5651277 8252258 1
5651277 8302632 1
5651277 8347558 1
5651277 8763714 2
5651277 8794721 1
5651277 9630552 3
5651277 10434023 2
5651277 10549440 1
5651277 10756339 1
5651277 11274426 3
5651277 11287816 2
5651277 11388194 1
5651277 11439523 2
5651277 11476689 2
5651277 11543480 1
5651277 11756888 1
5651277 11940949 2
5651277 11998998 2
5651277 12022649 3
7738124 8049122 1
7738124 8252258 1
7738124 8302632 1
7738124 8347558 1
7738124 8763714 2
7738124 8794721 1
7738124 9630552 4
7738124 10434023 3
7738124 10549440 1
7738124 10756339 1
7738124 11274426 4
7738124 11287816 4
7738124 11388194 1
7738124 11439523 3
7738124 11476689 2
7738124 11543480 1
7738124 11756888 1
7738124 11940949 2
7738124 11998998 2
7738124 12022649 5
8049122 8252258 1
8049122 8302632 1
8049122 8347558 1
8049122 8763714 1
8049122 8794721 1
8049122 9630552 1
8049122 10434023 1
8049122 10549440 1
8049122 10756339 1
8049122 11274426 1
8049122 11287816 1
8049122 11388194 1
8049122 11439523 1
8049122 11476689 1
8049122 11543480 1
8049122 11756888 1
8049122 11940949 1
8049122 11998998 1
8049122 12022649 1
8252258 8302632 3
8252258 8347558 1
8252258 8763714 1
8252258 8794721 1
8252258 9630552 2
8252258 10434023 3
8252258 10549440 2
8252258 10756339 2
8252258 11274426 1
8252258 11287816 1
8252258 11388194 3
8252258 11439523 2
8252258 11476689 3
8252258 11543480 1
8252258 11756888 1
8252258 11940949 1
8252258 11998998 1
8252258 12022649 3
8302632 8347558 2
8302632 8763714 1
8302632 8794721 1
8302632 9630552 3
8302632 10434023 3
8302632 10549440 2
8302632 10756339 2
8302632 11274426 2
8302632 11287816 1
8302632 11388194 4
8302632 11439523 2
8302632 11476689 4
8302632 11543480 1
8302632 11756888 1
8302632 11940949 1
8302632 11998998 1
8302632 12022649 4
8347558 8763714 1
8347558 8794721 1
8347558 9630552 2
8347558 10434023 1
8347558 10549440 1
8347558 10756339 1
8347558 11274426 2
8347558 11287816 1
8347558 11388194 2
8347558 11439523 1
8347558 11476689 2
8347558 11543480 1
8347558 11756888 1
8347558 11940949 1
8347558 11998998 1
8347558 12022649 2
8763714 8794721 1
8763714 9630552 2
8763714 10434023 1
8763714 10549440 1
8763714 10756339 1
8763714 11274426 2
8763714 11287816 1
8763714 11388194 1
8763714 11439523 1
8763714 11476689 1
8763714 11543480 1
8763714 11756888 1
8763714 11940949 2
8763714 11998998 2
8763714 12022649 2
8794721 9630552 1
8794721 10434023 1
8794721 10549440 1
8794721 10756339 1
8794721 11274426 1
8794721 11287816 1
8794721 11388194 1
8794721 11439523 1
8794721 11476689 1
8794721 11543480 1
8794721 11756888 1
8794721 11940949 1
8794721 11998998 1
8794721 12022649 1
9630552 10434023 4
9630552 10549440 1
9630552 10756339 1
9630552 11274426 6
9630552 11287816 3
9630552 11388194 3
9630552 11439523 3
9630552 11476689 4
9630552 11543480 1
9630552 11756888 1
9630552 11940949 2
9630552 11998998 2
9630552 12022649 7
10434023 10549440 2
10434023 10756339 2
10434023 11274426 3
10434023 11287816 3
10434023 11388194 3
10434023 11439523 4
10434023 11476689 4
10434023 11543480 1
10434023 11756888 1
10434023 11940949 1
10434023 11998998 1
10434023 12022649 6
10549440 10756339 2
10549440 11274426 1
10549440 11287816 1
10549440 11388194 2
10549440 11439523 1
10549440 11476689 2
10549440 11543480 1
10549440 11756888 1
10549440 11940949 1
10549440 11998998 1
10549440 12022649 2
10756339 11274426 1
10756339 11287816 1
10756339 11388194 2
10756339 11439523 1
10756339 11476689 2
10756339 11543480 1
10756339 11756888 1
10756339 11940949 1
10756339 11998998 1
10756339 12022649 2
11274426 11287816 3
11274426 11388194 2
11274426 11439523 2
11274426 11476689 3
11274426 11543480 1
11274426 11756888 1
11274426 11940949 2
11274426 11998998 2
11274426 12022649 6
11287816 11388194 1
11287816 11439523 3
11287816 11476689 2
11287816 11543480 1
11287816 11756888 1
11287816 11940949 1
11287816 11998998 1
11287816 12022649 4
11388194 11439523 2
11388194 11476689 4
11388194 11543480 1
11388194 11756888 1
11388194 11940949 1
11388194 11998998 1
11388194 12022649 4
11439523 11476689 3
11439523 11543480 1
11439523 11756888 1
11439523 11940949 1
11439523 11998998 1
11439523 12022649 4
11476689 11543480 1
11476689 11756888 1
11476689 11940949 1
11476689 11998998 1
11476689 12022649 5
11543480 11756888 1
11543480 11940949 1
11543480 11998998 1
11543480 12022649 1
11756888 11940949 1
11756888 11998998 1
11756888 12022649 1
11940949 11998998 2
11940949 12022649 2
11998998 12022649 2
2248391 3881057 1
2248391 3934955 3
2248391 4448777 1
2248391 7779605 3
2248391 7994071 4
2248391 8285768 2
2248391 11342457 2
2248391 11820451 3
3881057 3934955 1
3881057 4448777 1
3881057 5651277 1
3881057 7738124 1
3881057 7779605 1
3881057 7994071 1
3881057 8285768 1
3881057 8763714 1
3881057 9630552 1
3881057 11274426 1
3881057 11342457 1
3881057 11820451 1
3881057 11940949 1
3881057 11998998 1
3881057 12022649 1
3934955 4448777 1
3934955 5651277 1
3934955 7738124 1
3934955 7779605 2
3934955 7994071 1
3934955 8285768 1
3934955 8763714 1
3934955 9630552 3
3934955 11274426 3
3934955 11342457 1
3934955 11820451 2
3934955 11940949 1
3934955 11998998 1
3934955 12022649 3
4448777 5651277 1
4448777 7738124 1
4448777 7779605 1
4448777 7994071 1
4448777 8285768 1
4448777 8763714 1
4448777 9630552 1
4448777 11274426 1
4448777 11342457 1
4448777 11820451 1
4448777 11940949 1
4448777 11998998 1
4448777 12022649 1
5651277 7779605 1
5651277 7994071 1
5651277 8285768 1
5651277 11342457 1
5651277 11820451 2
7738124 7779605 2
7738124 7994071 2
7738124 8285768 1
7738124 11342457 1
7738124 11820451 2
7779605 7994071 2
7779605 8285768 1
7779605 8763714 1
7779605 9630552 2
7779605 11274426 2
7779605 11342457 1
7779605 11820451 2
7779605 11940949 1
7779605 11998998 1
7779605 12022649 3
7994071 8285768 2
7994071 8763714 1
7994071 9630552 2
7994071 11274426 1
7994071 11342457 2
7994071 11820451 1
7994071 11940949 1
7994071 11998998 1
7994071 12022649 3
8285768 8763714 1
8285768 9630552 2
8285768 11274426 1
8285768 11342457 2
8285768 11820451 1
8285768 11940949 1
8285768 11998998 1
8285768 12022649 2
8763714 11342457 1
8763714 11820451 1
9630552 11342457 2
9630552 11820451 3
11274426 11342457 1
11274426 11820451 3
11342457 11820451 1
11342457 11940949 1
11342457 11998998 1
11342457 12022649 2
11820451 11940949 1
11820451 11998998 1
11820451 12022649 3
2028348 2248391 3
2028348 3233470 2
2028348 4253038 2
2028348 5212578 2
2028348 5256265 1
2028348 5651277 1
2028348 7738124 1
2028348 8048617 1
2028348 8438551 2
2028348 8571088 1
2028348 8822223 1
2028348 9630552 2
2028348 10257411 2
2028348 10362034 1
2028348 10434023 2
2028348 10474798 2
2028348 10553438 1
2028348 11030109 2
2028348 11274426 2
2028348 11287816 1
2028348 11439523 1
2028348 11476689 2
2028348 11820451 2
2028348 12022649 2
2028348 12205942 2
2028348 12297437 2
2028348 12302406 1
2248391 3233470 6
2248391 5212578 4
2248391 8048617 1
2248391 8438551 4
2248391 8571088 2
2248391 8822223 1
2248391 10257411 6
2248391 10362034 2
2248391 10474798 3
2248391 10553438 2
2248391 11030109 3
2248391 12205942 6
2248391 12297437 2
2248391 12302406 1
3233470 4253038 2
3233470 5212578 4
3233470 5256265 1
3233470 5651277 1
3233470 7738124 2
3233470 8048617 1
3233470 8438551 4
3233470 8571088 2
3233470 8822223 1
3233470 9630552 5
3233470 10257411 6
3233470 10362034 2
3233470 10434023 4
3233470 10474798 3
3233470 10553438 2
3233470 11030109 3
3233470 11274426 4
3233470 11287816 2
3233470 11439523 2
3233470 11476689 4
3233470 11820451 2
3233470 12022649 6
3233470 12205942 6
3233470 12297437 2
3233470 12302406 1
4253038 5212578 2
4253038 8048617 1
4253038 8438551 2
4253038 8571088 1
4253038 8822223 1
4253038 10257411 2
4253038 10362034 1
4253038 10474798 2
4253038 10553438 1
4253038 11030109 2
4253038 11820451 2
4253038 12205942 2
4253038 12297437 2
4253038 12302406 1
5212578 5256265 1
5212578 5651277 1
5212578 7738124 2
5212578 8048617 1
5212578 8438551 3
5212578 8571088 1
5212578 8822223 1
5212578 9630552 4
5212578 10257411 4
5212578 10362034 1
5212578 10434023 2
5212578 10474798 3
5212578 10553438 2
5212578 11030109 2
5212578 11274426 4
5212578 11287816 2
5212578 11439523 1
5212578 11476689 2
5212578 11820451 2
5212578 12022649 4
5212578 12205942 4
5212578 12297437 2
5212578 12302406 1
5256265 8048617 1
5256265 8438551 1
5256265 8571088 1
5256265 8822223 1
5256265 10257411 1
5256265 10362034 1
5256265 10474798 1
5256265 10553438 1
5256265 11030109 1
5256265 11820451 1
5256265 12205942 1
5256265 12297437 1
5256265 12302406 1
5651277 8048617 1
5651277 8438551 1
5651277 8571088 1
5651277 8822223 1
5651277 10257411 1
5651277 10362034 1
5651277 10474798 1
5651277 10553438 1
5651277 11030109 1
5651277 12205942 1
5651277 12297437 1
5651277 12302406 1
7738124 8048617 1
7738124 8438551 1
7738124 8571088 1
7738124 8822223 1
7738124 10257411 2
7738124 10362034 1
7738124 10474798 1
7738124 10553438 1
7738124 11030109 1
7738124 12205942 2
7738124 12297437 1
7738124 12302406 1
8048617 8438551 1
8048617 8571088 1
8048617 8822223 1
8048617 9630552 1
8048617 10257411 1
8048617 10362034 1
8048617 10434023 1
8048617 10474798 1
8048617 10553438 1
8048617 11030109 1
8048617 11274426 1
8048617 11287816 1
8048617 11439523 1
8048617 11476689 1
8048617 11820451 1
8048617 12022649 1
8048617 12205942 1
8048617 12297437 1
8048617 12302406 1
8438551 8571088 2
8438551 8822223 1
8438551 9630552 3
8438551 10257411 4
8438551 10362034 1
8438551 10434023 3
8438551 10474798 3
8438551 10553438 2
8438551 11030109 2
8438551 11274426 3
8438551 11287816 1
8438551 11439523 1
8438551 11476689 3
8438551 11820451 2
8438551 12022649 4
8438551 12205942 4
8438551 12297437 2
8438551 12302406 1
8571088 8822223 1
8571088 9630552 1
8571088 10257411 2
8571088 10362034 1
8571088 10434023 2
8571088 10474798 1
8571088 10553438 1
8571088 11030109 1
8571088 11274426 1
8571088 11287816 1
8571088 11439523 1
8571088 11476689 2
8571088 11820451 1
8571088 12022649 2
8571088 12205942 2
8571088 12297437 1
8571088 12302406 1
8822223 9630552 1
8822223 10257411 1
8822223 10362034 1
8822223 10434023 1
8822223 10474798 1
8822223 10553438 1
8822223 11030109 1
8822223 11274426 1
8822223 11287816 1
8822223 11439523 1
8822223 11476689 1
8822223 11820451 1
8822223 12022649 1
8822223 12205942 1
8822223 12297437 1
8822223 12302406 1
9630552 10257411 5
9630552 10362034 2
9630552 10474798 3
9630552 10553438 2
9630552 11030109 3
9630552 12205942 5
9630552 12297437 2
9630552 12302406 1
10257411 10362034 2
10257411 10434023 4
10257411 10474798 3
10257411 10553438 2
10257411 11030109 3
10257411 11274426 4
10257411 11287816 2
10257411 11439523 2
10257411 11476689 4
10257411 11820451 2
10257411 12022649 6
10257411 12205942 6
10257411 12297437 2
10257411 12302406 1
10362034 10434023 2
10362034 10474798 1
10362034 10553438 1
10362034 11030109 2
10362034 11274426 1
10362034 11287816 1
10362034 11439523 2
10362034 11476689 2
10362034 11820451 1
10362034 12022649 2
10362034 12205942 2
10362034 12297437 1
10362034 12302406 1
10434023 10474798 2
10434023 10553438 2
10434023 11030109 2
10434023 11820451 1
10434023 12205942 4
10434023 12297437 1
10434023 12302406 1
10474798 10553438 2
10474798 11030109 2
10474798 11274426 3
10474798 11287816 1
10474798 11439523 1
10474798 11476689 2
10474798 11820451 2
10474798 12022649 3
10474798 12205942 3
10474798 12297437 2
10474798 12302406 1
10553438 11030109 1
10553438 11274426 2
10553438 11287816 1
10553438 11439523 1
10553438 11476689 1
10553438 11820451 1
10553438 12022649 2
10553438 12205942 2
10553438 12297437 1
10553438 12302406 1
11030109 11274426 2
11030109 11287816 1
11030109 11439523 2
11030109 11476689 3
11030109 11820451 2
11030109 12022649 3
11030109 12205942 3
11030109 12297437 2
11030109 12302406 1
11274426 12205942 4
11274426 12297437 2
11274426 12302406 1
11287816 11820451 1
11287816 12205942 2
11287816 12297437 1
11287816 12302406 1
11439523 11820451 1
11439523 12205942 2
11439523 12297437 1
11439523 12302406 1
11476689 11820451 2
11476689 12205942 4
11476689 12297437 2
11476689 12302406 1
11820451 12205942 2
11820451 12297437 2
11820451 12302406 1
12022649 12205942 6
12022649 12297437 2
12022649 12302406 1
12205942 12297437 2
12205942 12302406 1
12297437 12302406 1
1651230 2028348 1
1651230 2248391 2
1651230 3233470 2
1651230 3934955 1
1651230 4253038 1
1651230 5042765 1
1651230 5212578 2
1651230 6013028 1
1651230 6952717 1
1651230 7779605 1
1651230 7917971 1
1651230 8302632 1
1651230 8347558 1
1651230 8354719 1
1651230 8438551 1
1651230 8642843 2
1651230 8729493 1
1651230 8806636 1
1651230 9630552 2
1651230 9735745 2
1651230 10257411 2
1651230 10474798 1
1651230 11030109 1
1651230 11250247 1
1651230 11274426 2
1651230 11304072 1
1651230 11388194 1
1651230 11476689 1
1651230 11753002 1
1651230 11820451 1
1651230 12022649 2
1651230 12205942 2
1651230 12297437 1
1651230 12495361 1
2028348 3934955 1
2028348 5042765 1
2028348 6013028 1
2028348 6952717 1
2028348 7779605 1
2028348 7917971 1
2028348 8302632 1
2028348 8347558 1
2028348 8354719 1
2028348 8642843 1
2028348 8729493 1
2028348 8806636 1
2028348 9735745 1
2028348 11250247 1
2028348 11304072 1
2028348 11388194 1
2028348 11753002 1
2028348 12495361 1
2248391 5042765 2
2248391 6013028 2
2248391 6952717 1
2248391 7917971 1
2248391 8354719 1
2248391 8642843 3
2248391 8729493 1
2248391 8806636 1
2248391 9735745 5
2248391 11250247 1
2248391 11304072 2
2248391 11753002 1
2248391 12495361 2
3233470 3934955 2
3233470 5042765 2
3233470 6013028 2
3233470 6952717 1
3233470 7779605 1
3233470 7917971 1
3233470 8302632 3
3233470 8347558 1
3233470 8354719 1
3233470 8642843 2
3233470 8729493 1
3233470 8806636 1
3233470 9735745 5
3233470 11250247 1
3233470 11304072 2
3233470 11388194 3
3233470 11753002 1
3233470 12495361 2
3934955 4253038 1
3934955 5042765 1
3934955 5212578 2
3934955 6013028 2
3934955 6952717 1
3934955 7917971 1
3934955 8302632 1
3934955 8347558 1
3934955 8354719 1
3934955 8438551 2
3934955 8642843 1
3934955 8729493 1
3934955 8806636 1
3934955 9735745 2
3934955 10257411 2
3934955 10474798 2
3934955 11030109 1
3934955 11250247 1
3934955 11304072 1
3934955 11388194 1
3934955 11476689 1
3934955 11753002 1
3934955 12205942 2
3934955 12297437 1
3934955 12495361 2
4253038 5042765 1
4253038 6013028 1
4253038 6952717 1
4253038 7779605 1
4253038 7917971 1
4253038 8354719 1
4253038 8642843 1
4253038 8729493 1
4253038 8806636 1
4253038 9735745 1
4253038 11250247 1
4253038 11304072 1
4253038 11753002 1
4253038 12495361 1
5042765 5212578 1
5042765 6013028 1
5042765 6952717 1
5042765 7779605 1
5042765 7917971 1
5042765 8302632 2
5042765 8347558 1
5042765 8354719 1
5042765 8438551 1
5042765 8642843 1
5042765 8729493 1
5042765 8806636 1
5042765 9630552 2
5042765 9735745 2
5042765 10257411 2
5042765 10474798 1
5042765 11030109 2
5042765 11250247 1
5042765 11274426 1
5042765 11304072 2
5042765 11388194 2
5042765 11476689 2
5042765 11753002 1
5042765 11820451 1
5042765 12022649 2
5042765 12205942 2
5042765 12297437 1
5042765 12495361 1
5212578 6013028 2
5212578 6952717 1
5212578 7779605 1
5212578 7917971 1
5212578 8302632 1
5212578 8347558 1
5212578 8354719 1
5212578 8642843 2
5212578 8729493 1
5212578 8806636 1
5212578 9735745 3
5212578 11250247 1
5212578 11304072 1
5212578 11388194 1
5212578 11753002 1
5212578 12495361 2
6013028 6952717 1
6013028 7779605 1
6013028 7917971 1
6013028 8302632 1
6013028 8347558 1
6013028 8354719 1
6013028 8438551 2
6013028 8642843 1
6013028 8729493 1
6013028 8806636 1
6013028 9630552 2
6013028 9735745 2
6013028 10257411 2
6013028 10474798 2
6013028 11030109 1
6013028 11250247 1
6013028 11274426 2
6013028 11304072 1
6013028 11388194 1
6013028 11476689 1
6013028 11753002 1
6013028 11820451 1
6013028 12022649 2
6013028 12205942 2
6013028 12297437 1
6013028 12495361 2
6952717 7779605 1
6952717 7917971 1
6952717 8302632 1
6952717 8347558 1
6952717 8354719 1
6952717 8438551 1
6952717 8642843 1
6952717 8729493 1
6952717 8806636 1
6952717 9630552 1
6952717 9735745 1
6952717 10257411 1
6952717 10474798 1
6952717 11030109 1
6952717 11250247 1
6952717 11274426 1
6952717 11304072 1
6952717 11388194 1
6952717 11476689 1
6952717 11753002 1
6952717 11820451 1
6952717 12022649 1
6952717 12205942 1
6952717 12297437 1
6952717 12495361 1
7779605 7917971 1
7779605 8302632 1
7779605 8347558 1
7779605 8354719 1
7779605 8438551 1
7779605 8642843 2
7779605 8729493 1
7779605 8806636 1
7779605 9735745 1
7779605 10257411 1
7779605 10474798 1
7779605 11030109 1
7779605 11250247 1
7779605 11304072 1
7779605 11388194 1
7779605 11476689 1
7779605 11753002 1
7779605 12205942 1
7779605 12297437 1
7779605 12495361 1
7917971 8302632 1
7917971 8347558 1
7917971 8354719 1
7917971 8438551 1
7917971 8642843 1
7917971 8729493 1
7917971 8806636 1
7917971 9630552 1
7917971 9735745 1
7917971 10257411 1
7917971 10474798 1
7917971 11030109 1
7917971 11250247 1
7917971 11274426 1
7917971 11304072 1
7917971 11388194 1
7917971 11476689 1
7917971 11753002 1
7917971 11820451 1
7917971 12022649 1
7917971 12205942 1
7917971 12297437 1
7917971 12495361 1
8302632 8354719 1
8302632 8438551 2
8302632 8642843 1
8302632 8729493 1
8302632 8806636 1
8302632 9735745 3
8302632 10257411 3
8302632 10474798 1
8302632 11030109 2
8302632 11250247 1
8302632 11304072 2
8302632 11753002 1
8302632 11820451 1
8302632 12205942 3
8302632 12297437 1
8302632 12495361 1
8347558 8354719 1
8347558 8438551 1
8347558 8642843 1
8347558 8729493 1
8347558 8806636 1
8347558 9735745 1
8347558 10257411 1
8347558 10474798 1
8347558 11030109 1
8347558 11250247 1
8347558 11304072 1
8347558 11753002 1
8347558 11820451 1
8347558 12205942 1
8347558 12297437 1
8347558 12495361 1
8354719 8438551 1
8354719 8642843 1
8354719 8729493 1
8354719 8806636 1
8354719 9630552 1
8354719 9735745 1
8354719 10257411 1
8354719 10474798 1
8354719 11030109 1
8354719 11250247 1
8354719 11274426 1
8354719 11304072 1
8354719 11388194 1
8354719 11476689 1
8354719 11753002 1
8354719 11820451 1
8354719 12022649 1
8354719 12205942 1
8354719 12297437 1
8354719 12495361 1
8438551 8642843 1
8438551 8729493 1
8438551 8806636 1
8438551 9735745 3
8438551 11250247 1
8438551 11304072 1
8438551 11388194 2
8438551 11753002 1
8438551 12495361 2
8642843 8729493 1
8642843 8806636 1
8642843 9630552 2
8642843 9735745 2
8642843 10257411 2
8642843 10474798 1
8642843 11030109 1
8642843 11250247 1
8642843 11274426 2
8642843 11304072 1
8642843 11388194 1
8642843 11476689 1
8642843 11753002 1
8642843 11820451 1
8642843 12022649 3
8642843 12205942 2
8642843 12297437 1
8642843 12495361 1
8729493 8806636 1
8729493 9630552 1
8729493 9735745 1
8729493 10257411 1
8729493 10474798 1
8729493 11030109 1
8729493 11250247 1
8729493 11274426 1
8729493 11304072 1
8729493 11388194 1
8729493 11476689 1
8729493 11753002 1
8729493 11820451 1
8729493 12022649 1
8729493 12205942 1
8729493 12297437 1
8729493 12495361 1
8806636 9630552 1
8806636 9735745 1
8806636 10257411 1
8806636 10474798 1
8806636 11030109 1
8806636 11250247 1
8806636 11274426 1
8806636 11304072 1
8806636 11388194 1
8806636 11476689 1
8806636 11753002 1
8806636 11820451 1
8806636 12022649 1
8806636 12205942 1
8806636 12297437 1
8806636 12495361 1
9630552 9735745 4
9630552 11250247 1
9630552 11304072 2
9630552 11753002 1
9630552 12495361 2
9735745 10257411 5
9735745 10474798 2
9735745 11030109 2
9735745 11250247 1
9735745 11274426 3
9735745 11304072 2
9735745 11388194 3
9735745 11476689 3
9735745 11753002 1
9735745 11820451 1
9735745 12022649 5
9735745 12205942 5
9735745 12297437 1
9735745 12495361 2
10257411 11250247 1
10257411 11304072 2
10257411 11388194 3
10257411 11753002 1
10257411 12495361 2
10474798 11250247 1
10474798 11304072 1
10474798 11388194 1
10474798 11753002 1
10474798 12495361 2
11030109 11250247 1
11030109 11304072 2
11030109 11388194 2
11030109 11753002 1
11030109 12495361 1
11250247 11274426 1
11250247 11304072 1
11250247 11388194 1
11250247 11476689 1
11250247 11753002 1
11250247 11820451 1
11250247 12022649 1
11250247 12205942 1
11250247 12297437 1
11250247 12495361 1
11274426 11304072 1
11274426 11753002 1
11274426 12495361 2
11304072 11388194 2
11304072 11476689 2
11304072 11753002 1
11304072 11820451 1
11304072 12022649 2
11304072 12205942 2
11304072 12297437 1
11304072 12495361 1
11388194 11753002 1
11388194 11820451 1
11388194 12205942 3
11388194 12297437 1
11388194 12495361 1
11476689 11753002 1
11476689 12495361 1
11753002 11820451 1
11753002 12022649 1
11753002 12205942 1
11753002 12297437 1
11753002 12495361 1
11820451 12495361 1
12022649 12495361 2
12205942 12495361 2
12297437 12495361 1
1651230 2052273 1
1651230 5241656 1
1651230 7738124 1
1651230 9262084 1
1651230 10969839 1
1651230 11035687 1
1651230 11287816 1
1651230 12388717 1
2052273 2248391 4
2052273 3233470 3
2052273 5212578 1
2052273 5241656 2
2052273 7738124 1
2052273 8642843 1
2052273 9262084 1
2052273 9630552 2
2052273 9735745 3
2052273 10257411 3
2052273 10969839 1
2052273 11035687 1
2052273 11274426 1
2052273 11287816 1
2052273 12022649 3
2052273 12205942 3
2052273 12388717 1
2248391 5241656 2
2248391 9262084 1
2248391 10969839 2
2248391 11035687 2
2248391 12388717 1
3233470 5241656 2
3233470 9262084 1
3233470 10969839 2
3233470 11035687 2
3233470 12388717 1
5212578 5241656 1
5212578 9262084 1
5212578 10969839 2
5212578 11035687 2
5212578 12388717 1
5241656 7738124 1
5241656 8642843 1
5241656 9262084 1
5241656 9630552 2
5241656 9735745 2
5241656 10257411 2
5241656 10969839 1
5241656 11035687 1
5241656 11274426 1
5241656 11287816 1
5241656 12022649 2
5241656 12205942 2
5241656 12388717 1
7738124 8642843 2
7738124 9262084 1
7738124 9735745 1
7738124 10969839 1
7738124 11035687 1
7738124 12388717 1
8642843 9262084 1
8642843 10969839 1
8642843 11035687 1
8642843 11287816 2
8642843 12388717 1
9262084 9630552 1
9262084 9735745 1
9262084 10257411 1
9262084 10969839 1
9262084 11035687 1
9262084 11274426 1
9262084 11287816 1
9262084 12022649 1
9262084 12205942 1
9262084 12388717 1
9630552 10969839 2
9630552 11035687 2
9630552 12388717 1
9735745 10969839 2
9735745 11035687 2
9735745 11287816 1
9735745 12388717 1
10257411 10969839 2
10257411 11035687 2
10257411 12388717 1
10969839 11035687 2
10969839 11274426 2
10969839 11287816 1
10969839 12022649 2
10969839 12205942 2
10969839 12388717 1
11035687 11274426 2
11035687 11287816 1
11035687 12022649 2
11035687 12205942 2
11035687 12388717 1
11274426 12388717 1
11287816 12388717 1
12022649 12388717 1
12205942 12388717 1
2248391 3278666 4
2248391 8840408 1
2248391 9838976 4
2248391 12545914 1
2248391 12608339 1
2248391 12654923 1
2248391 12666941 1
2248391 12676658 1
2248391 12731269 1
2248391 12750278 5
3233470 3278666 3
3233470 8840408 1
3233470 9838976 3
3233470 12545914 1
3233470 12608339 1
3233470 12654923 1
3233470 12666941 1
3233470 12676658 1
3233470 12731269 1
3233470 12750278 3
3278666 3934955 1
3278666 5212578 1
3278666 6013028 1
3278666 8438551 2
3278666 8840408 1
3278666 9630552 2
3278666 9735745 3
3278666 9838976 4
3278666 10257411 3
3278666 10434023 4
3278666 10474798 1
3278666 10553438 1
3278666 10969839 1
3278666 11035687 1
3278666 11274426 1
3278666 12022649 4
3278666 12205942 3
3278666 12495361 1
3278666 12545914 1
3278666 12608339 1
3278666 12654923 1
3278666 12666941 1
3278666 12676658 1
3278666 12731269 1
3278666 12750278 4
3934955 8840408 1
3934955 9838976 1
3934955 10434023 1
3934955 10553438 1
3934955 10969839 1
3934955 11035687 1
3934955 12545914 1
3934955 12608339 1
3934955 12654923 1
3934955 12666941 1
3934955 12676658 1
3934955 12731269 1
3934955 12750278 1
5212578 8840408 1
5212578 9838976 1
5212578 12545914 1
5212578 12608339 1
5212578 12654923 1
5212578 12666941 1
5212578 12676658 1
5212578 12731269 1
5212578 12750278 1
6013028 8840408 1
6013028 9838976 1
6013028 10434023 1
6013028 10553438 1
6013028 10969839 1
6013028 11035687 1
6013028 12545914 1
6013028 12608339 1
6013028 12654923 1
6013028 12666941 1
6013028 12676658 1
6013028 12731269 1
6013028 12750278 1
8438551 8840408 1
8438551 9838976 2
8438551 10969839 1
8438551 11035687 1
8438551 12545914 1
8438551 12608339 1
8438551 12654923 1
8438551 12666941 1
8438551 12676658 1
8438551 12731269 1
8438551 12750278 2
8840408 9630552 1
8840408 9735745 1
8840408 9838976 1
8840408 10257411 1
8840408 10434023 1
8840408 10474798 1
8840408 10553438 1
8840408 10969839 1
8840408 11035687 1
8840408 11274426 1
8840408 12022649 1
8840408 12205942 1
8840408 12495361 1
8840408 12545914 1
8840408 12608339 1
8840408 12654923 1
8840408 12666941 1
8840408 12676658 1
8840408 12731269 1
8840408 12750278 1
9630552 9838976 2
9630552 12545914 1
9630552 12608339 1
9630552 12654923 1
9630552 12666941 1
9630552 12676658 1
9630552 12731269 1
9630552 12750278 2
9735745 9838976 3
9735745 10434023 3
9735745 10553438 1
9735745 12545914 1
9735745 12608339 1
9735745 12654923 1
9735745 12666941 1
9735745 12676658 1
9735745 12731269 1
9735745 12750278 3
9838976 10257411 3
9838976 10434023 4
9838976 10474798 1
9838976 10553438 1
9838976 10969839 1
9838976 11035687 1
9838976 11274426 1
9838976 12022649 4
9838976 12205942 3
9838976 12495361 1
9838976 12545914 1
9838976 12608339 1
9838976 12654923 1
9838976 12666941 1
9838976 12676658 1
9838976 12731269 1
9838976 12750278 4
10257411 12545914 1
10257411 12608339 1
10257411 12654923 1
10257411 12666941 1
10257411 12676658 1
10257411 12731269 1
10257411 12750278 3
10434023 10969839 1
10434023 11035687 1
10434023 12495361 1
10434023 12545914 1
10434023 12608339 1
10434023 12654923 1
10434023 12666941 1
10434023 12676658 1
10434023 12731269 1
10434023 12750278 5
10474798 10969839 1
10474798 11035687 1
10474798 12545914 1
10474798 12608339 1
10474798 12654923 1
10474798 12666941 1
10474798 12676658 1
10474798 12731269 1
10474798 12750278 1
10553438 10969839 1
10553438 11035687 1
10553438 12495361 1
10553438 12545914 1
10553438 12608339 1
10553438 12654923 1
10553438 12666941 1
10553438 12676658 1
10553438 12731269 1
10553438 12750278 1
10969839 12495361 1
10969839 12545914 1
10969839 12608339 1
10969839 12654923 1
10969839 12666941 1
10969839 12676658 1
10969839 12731269 1
10969839 12750278 1
11035687 12495361 1
11035687 12545914 1
11035687 12608339 1
11035687 12654923 1
11035687 12666941 1
11035687 12676658 1
11035687 12731269 1
11035687 12750278 1
11274426 12545914 1
11274426 12608339 1
11274426 12654923 1
11274426 12666941 1
11274426 12676658 1
11274426 12731269 1
11274426 12750278 1
12022649 12545914 1
12022649 12608339 1
12022649 12654923 1
12022649 12666941 1
12022649 12676658 1
12022649 12731269 1
12022649 12750278 4
12205942 12545914 1
12205942 12608339 1
12205942 12654923 1
12205942 12666941 1
12205942 12676658 1
12205942 12731269 1
12205942 12750278 3
12495361 12545914 1
12495361 12608339 1
12495361 12654923 1
12495361 12666941 1
12495361 12676658 1
12495361 12731269 1
12495361 12750278 1
12545914 12608339 1
12545914 12654923 1
12545914 12666941 1
12545914 12676658 1
12545914 12731269 1
12545914 12750278 1
12608339 12654923 1
12608339 12666941 1
12608339 12676658 1
12608339 12731269 1
12608339 12750278 1
12654923 12666941 1
12654923 12676658 1
12654923 12731269 1
12654923 12750278 1
12666941 12676658 1
12666941 12731269 1
12666941 12750278 1
12676658 12731269 1
12676658 12750278 1
12731269 12750278 1
2028348 2052273 1
2028348 7994071 1
2028348 8807376 1
2028348 9142812 1
2028348 12750278 1
2028348 13030878 1
2052273 7994071 2
2052273 8807376 1
2052273 9142812 1
2052273 10434023 3
2052273 12750278 3
2052273 13030878 1
2248391 8807376 1
2248391 9142812 1
2248391 13030878 2
7994071 8807376 1
7994071 9142812 1
7994071 10434023 3
7994071 12750278 3
7994071 13030878 2
8807376 9142812 1
8807376 10434023 1
8807376 12750278 1
8807376 13030878 1
9142812 10434023 1
9142812 12750278 1
9142812 13030878 1
10434023 13030878 2
12750278 13030878 2
2248391 8046451 1
2248391 11072756 2
2248391 12895639 1
2248391 13004659 2
3278666 7738124 1
3278666 7779605 1
3278666 7994071 2
3278666 8046451 1
3278666 8642843 1
3278666 11072756 2
3278666 11287816 1
3278666 11439523 2
3278666 12895639 1
3278666 13004659 2
3278666 13030878 1
7738124 8046451 1
7738124 9838976 1
7738124 11072756 1
7738124 12750278 1
7738124 12895639 1
7738124 13004659 1
7738124 13030878 1
7779605 8046451 1
7779605 9838976 1
7779605 10434023 1
7779605 11072756 1
7779605 11287816 1
7779605 11439523 1
7779605 12750278 1
7779605 12895639 1
7779605 13004659 1
7779605 13030878 1
7994071 8046451 1
7994071 8642843 1
7994071 9838976 2
7994071 11072756 2
7994071 11287816 1
7994071 11439523 2
7994071 12895639 1
7994071 13004659 2
8046451 8642843 1
8046451 9838976 1
8046451 10434023 1
8046451 11072756 1
8046451 11287816 1
8046451 11439523 1
8046451 12022649 1
8046451 12750278 1
8046451 12895639 1
8046451 13004659 1
8046451 13030878 1
8642843 9838976 1
8642843 10434023 1
8642843 11072756 1
8642843 11439523 1
8642843 12750278 1
8642843 12895639 1
8642843 13004659 1
8642843 13030878 1
9838976 11072756 2
9838976 11287816 1
9838976 11439523 2
9838976 12895639 1
9838976 13004659 2
9838976 13030878 1
10434023 11072756 2
10434023 12895639 1
10434023 13004659 2
11072756 11287816 1
11072756 11439523 2
11072756 12022649 2
11072756 12750278 2
11072756 12895639 1
11072756 13004659 2
11072756 13030878 1
11287816 12750278 1
11287816 12895639 1
11287816 13004659 1
11287816 13030878 1
11439523 12750278 2
11439523 12895639 1
11439523 13004659 2
11439523 13030878 1
12022649 12895639 1
12022649 13004659 2
12022649 13030878 1
12750278 12895639 1
12750278 13004659 2
12895639 13004659 1
12895639 13030878 1
13004659 13030878 1
1104719 2052273 1
1104719 2248391 1
1104719 3233470 1
1104719 3278666 1
1104719 5042765 1
1104719 5241656 1
1104719 6719287 1
1104719 7994071 1
1104719 8252258 1
1104719 8285768 1
1104719 8302632 1
1104719 9579671 1
1104719 9630552 1
1104719 9735745 1
1104719 9838976 1
1104719 9938542 1
1104719 10257411 1
1104719 10302025 1
1104719 10362034 1
1104719 10434023 1
1104719 10449061 1
1104719 11030109 1
1104719 11072756 1
1104719 11304072 1
1104719 11342457 1
1104719 11388194 1
1104719 11439523 1
1104719 11476689 1
1104719 11665866 1
1104719 11780008 1
1104719 12022649 1
1104719 12205942 1
1104719 12750278 1
1104719 13004659 1
1104719 13115960 1
1104719 13150708 1
1104719 13181589 1
1104719 13195786 1
1104719 13211358 1
1104719 13220883 1
1104719 13234784 1
1104719 13278422 1
1104719 13296597 1
2052273 3278666 2
2052273 5042765 1
2052273 6719287 1
2052273 8252258 2
2052273 8285768 1
2052273 8302632 2
2052273 9579671 1
2052273 9838976 2
2052273 9938542 1
2052273 10302025 1
2052273 10362034 1
2052273 10449061 1
2052273 11030109 1
2052273 11072756 1
2052273 11304072 1
2052273 11342457 1
2052273 11388194 2
2052273 11439523 1
2052273 11476689 2
2052273 11665866 1
2052273 11780008 1
2052273 13004659 1
2052273 13115960 1
2052273 13150708 1
2052273 13181589 1
2052273 13195786 1
2052273 13211358 1
2052273 13220883 1
2052273 13234784 1
2052273 13278422 1
2052273 13296597 1
2248391 6719287 1
2248391 9579671 1
2248391 9938542 1
2248391 10302025 1
2248391 10449061 1
2248391 11665866 1
2248391 11780008 1
2248391 13115960 1
2248391 13150708 1
2248391 13181589 1
2248391 13195786 1
2248391 13211358 1
2248391 13220883 1
2248391 13234784 1
2248391 13278422 1
2248391 13296597 1
3233470 6719287 1
3233470 7994071 1
3233470 8252258 2
3233470 8285768 1
3233470 9579671 1
3233470 9938542 1
3233470 10302025 1
3233470 10449061 1
3233470 11072756 1
3233470 11342457 1
3233470 11665866 1
3233470 11780008 1
3233470 13004659 1
3233470 13115960 1
3233470 13150708 1
3233470 13181589 1
3233470 13195786 1
3233470 13211358 1
3233470 13220883 1
3233470 13234784 1
3233470 13278422 1
3233470 13296597 1
3278666 5042765 1
3278666 5241656 1
3278666 6719287 1
3278666 8252258 2
3278666 8285768 1
3278666 8302632 2
3278666 9579671 1
3278666 9938542 1
3278666 10302025 1
3278666 10362034 1
3278666 10449061 1
3278666 11030109 1
3278666 11304072 1
3278666 11342457 1
3278666 11388194 2
3278666 11476689 2
3278666 11665866 1
3278666 11780008 1
3278666 13115960 1
3278666 13150708 1
3278666 13181589 1
3278666 13195786 1
3278666 13211358 1
3278666 13220883 1
3278666 13234784 1
3278666 13278422 1
3278666 13296597 1
5042765 5241656 1
5042765 6719287 1
5042765 7994071 1
5042765 8252258 1
5042765 8285768 1
5042765 9579671 1
5042765 9838976 1
5042765 9938542 1
5042765 10302025 1
5042765 10362034 1
5042765 10434023 1
5042765 10449061 1
5042765 11072756 1
5042765 11342457 1
5042765 11439523 1
5042765 11665866 1
5042765 11780008 1
5042765 12750278 1
5042765 13004659 1
5042765 13115960 1
5042765 13150708 1
5042765 13181589 1
5042765 13195786 1
5042765 13211358 1
5042765 13220883 1
5042765 13234784 1
5042765 13278422 1
5042765 13296597 1
5241656 6719287 1
5241656 7994071 1
5241656 8252258 1
5241656 8285768 1
5241656 8302632 1
5241656 9579671 1
5241656 9838976 1
5241656 9938542 1
5241656 10302025 1
5241656 10362034 1
5241656 10434023 1
5241656 10449061 1
5241656 11030109 1
5241656 11072756 1
5241656 11304072 1
5241656 11342457 1
5241656 11388194 1
5241656 11439523 1
5241656 11476689 1
5241656 11665866 1
5241656 11780008 1
5241656 12750278 1
5241656 13004659 1
5241656 13115960 1
5241656 13150708 1
5241656 13181589 1
5241656 13195786 1
5241656 13211358 1
5241656 13220883 1
5241656 13234784 1
5241656 13278422 1
5241656 13296597 1
6719287 7994071 1
6719287 8252258 1
6719287 8285768 1
6719287 8302632 1
6719287 9579671 1
6719287 9630552 1
6719287 9735745 1
6719287 9838976 1
6719287 9938542 1
6719287 10257411 1
6719287 10302025 1
6719287 10362034 1
6719287 10434023 1
6719287 10449061 1
6719287 11030109 1
6719287 11072756 1
6719287 11304072 1
6719287 11342457 1
6719287 11388194 1
6719287 11439523 1
6719287 11476689 1
6719287 11665866 1
6719287 11780008 1
6719287 12022649 1
6719287 12205942 1
6719287 12750278 1
6719287 13004659 1
6719287 13115960 1
6719287 13150708 1
6719287 13181589 1
6719287 13195786 1
6719287 13211358 1
6719287 13220883 1
6719287 13234784 1
6719287 13278422 1
6719287 13296597 1
7994071 8252258 1
7994071 8302632 1
7994071 9579671 1
7994071 9735745 1
7994071 9938542 1
7994071 10257411 1
7994071 10302025 1
7994071 10362034 1
7994071 10449061 1
7994071 11030109 1
7994071 11304072 1
7994071 11388194 1
7994071 11476689 1
7994071 11665866 1
7994071 11780008 1
7994071 12205942 1
7994071 13115960 1
7994071 13150708 1
7994071 13181589 1
7994071 13195786 1
7994071 13211358 1
7994071 13220883 1
7994071 13234784 1
7994071 13278422 1
7994071 13296597 1
8252258 8285768 1
8252258 9579671 1
8252258 9735745 2
8252258 9838976 2
8252258 9938542 1
8252258 10257411 2
8252258 10302025 1
8252258 10362034 1
8252258 10449061 1
8252258 11030109 1
8252258 11072756 1
8252258 11304072 1
8252258 11342457 1
8252258 11665866 1
8252258 11780008 1
8252258 12205942 2
8252258 12750278 2
8252258 13004659 1
8252258 13115960 1
8252258 13150708 1
8252258 13181589 1
8252258 13195786 1
8252258 13211358 1
8252258 13220883 1
8252258 13234784 1
8252258 13278422 1
8252258 13296597 1
8285768 8302632 1
8285768 9579671 1
8285768 9735745 1
8285768 9838976 1
8285768 9938542 1
8285768 10257411 1
8285768 10302025 1
8285768 10362034 1
8285768 10434023 1
8285768 10449061 1
8285768 11030109 1
8285768 11072756 1
8285768 11304072 1
8285768 11388194 1
8285768 11439523 1
8285768 11476689 1
8285768 11665866 1
8285768 11780008 1
8285768 12205942 1
8285768 12750278 1
8285768 13004659 1
8285768 13115960 1
8285768 13150708 1
8285768 13181589 1
8285768 13195786 1
8285768 13211358 1
8285768 13220883 1
8285768 13234784 1
8285768 13278422 1
8285768 13296597 1
8302632 9579671 1
8302632 9838976 2
8302632 9938542 1
8302632 10302025 1
8302632 10362034 1
8302632 10449061 1
8302632 11072756 1
8302632 11342457 1
8302632 11665866 1
8302632 11780008 1
8302632 12750278 2
8302632 13004659 1
8302632 13115960 1
8302632 13150708 1
8302632 13181589 1
8302632 13195786 1
8302632 13211358 1
8302632 13220883 1
8302632 13234784 1
8302632 13278422 1
8302632 13296597 1
9579671 9630552 1
9579671 9735745 1
9579671 9838976 1
9579671 9938542 1
9579671 10257411 1
9579671 10302025 1
9579671 10362034 1
9579671 10434023 1
9579671 10449061 1
9579671 11030109 1
9579671 11072756 1
9579671 11304072 1
9579671 11342457 1
9579671 11388194 1
9579671 11439523 1
9579671 11476689 1
9579671 11665866 1
9579671 11780008 1
9579671 12022649 1
9579671 12205942 1
9579671 12750278 1
9579671 13004659 1
9579671 13115960 1
9579671 13150708 1
9579671 13181589 1
9579671 13195786 1
9579671 13211358 1
9579671 13220883 1
9579671 13234784 1
9579671 13278422 1
9579671 13296597 1
9630552 9938542 1
9630552 10302025 1
9630552 10449061 1
9630552 11072756 1
9630552 11665866 1
9630552 11780008 1
9630552 13004659 1
9630552 13115960 1
9630552 13150708 1
9630552 13181589 1
9630552 13195786 1
9630552 13211358 1
9630552 13220883 1
9630552 13234784 1
9630552 13278422 1
9630552 13296597 1
9735745 9938542 1
9735745 10302025 1
9735745 10362034 1
9735745 10449061 1
9735745 11072756 1
9735745 11342457 1
9735745 11439523 1
9735745 11665866 1
9735745 11780008 1
9735745 13004659 1
9735745 13115960 1
9735745 13150708 1
9735745 13181589 1
9735745 13195786 1
9735745 13211358 1
9735745 13220883 1
9735745 13234784 1
9735745 13278422 1
9735745 13296597 1
9838976 9938542 1
9838976 10302025 1
9838976 10362034 1
9838976 10449061 1
9838976 11030109 1
9838976 11304072 1
9838976 11342457 1
9838976 11388194 2
9838976 11476689 2
9838976 11665866 1
9838976 11780008 1
9838976 13115960 1
9838976 13150708 1
9838976 13181589 1
9838976 13195786 1
9838976 13211358 1
9838976 13220883 1
9838976 13234784 1
9838976 13278422 1
9838976 13296597 1
9938542 10257411 1
9938542 10302025 1
9938542 10362034 1
9938542 10434023 1
9938542 10449061 1
9938542 11030109 1
9938542 11072756 1
9938542 11304072 1
9938542 11342457 1
9938542 11388194 1
9938542 11439523 1
9938542 11476689 1
9938542 11665866 1
9938542 11780008 1
9938542 12022649 1
9938542 12205942 1
9938542 12750278 1
9938542 13004659 1
9938542 13115960 1
9938542 13150708 1
9938542 13181589 1
9938542 13195786 1
9938542 13211358 1
9938542 13220883 1
9938542 13234784 1
9938542 13278422 1
9938542 13296597 1
10257411 10302025 1
10257411 10449061 1
10257411 11072756 1
10257411 11342457 1
10257411 11665866 1
10257411 11780008 1
10257411 13004659 1
10257411 13115960 1
10257411 13150708 1
10257411 13181589 1
10257411 13195786 1
10257411 13211358 1
10257411 13220883 1
10257411 13234784 1
10257411 13278422 1
10257411 13296597 1
10302025 10362034 1
10302025 10434023 1
10302025 10449061 1
10302025 11030109 1
10302025 11072756 1
10302025 11304072 1
10302025 11342457 1
10302025 11388194 1
10302025 11439523 1
10302025 11476689 1
10302025 11665866 1
10302025 11780008 1
10302025 12022649 1
10302025 12205942 1
10302025 12750278 1
10302025 13004659 1
10302025 13115960 1
10302025 13150708 1
10302025 13181589 1
10302025 13195786 1
10302025 13211358 1
10302025 13220883 1
10302025 13234784 1
10302025 13278422 1
10302025 13296597 1
10362034 10449061 1
10362034 11072756 1
10362034 11304072 1
10362034 11342457 1
10362034 11388194 1
10362034 11665866 1
10362034 11780008 1
10362034 12750278 1
10362034 13004659 1
10362034 13115960 1
10362034 13150708 1
10362034 13181589 1
10362034 13195786 1
10362034 13211358 1
10362034 13220883 1
10362034 13234784 1
10362034 13278422 1
10362034 13296597 1
10434023 10449061 1
10434023 11304072 1
10434023 11342457 1
10434023 11665866 1
10434023 11780008 1
10434023 13115960 1
10434023 13150708 1
10434023 13181589 1
10434023 13195786 1
10434023 13211358 1
10434023 13220883 1
10434023 13234784 1
10434023 13278422 1
10434023 13296597 1
10449061 11030109 1
10449061 11072756 1
10449061 11304072 1
10449061 11342457 1
10449061 11388194 1
10449061 11439523 1
10449061 11476689 1
10449061 11665866 1
10449061 11780008 1
10449061 12022649 1
10449061 12205942 1
10449061 12750278 1
10449061 13004659 1
10449061 13115960 1
10449061 13150708 1
10449061 13181589 1
10449061 13195786 1
10449061 13211358 1
10449061 13220883 1
10449061 13234784 1
10449061 13278422 1
10449061 13296597 1
11030109 11072756 1
11030109 11342457 1
11030109 11665866 1
11030109 11780008 1
11030109 12750278 1
11030109 13004659 1
11030109 13115960 1
11030109 13150708 1
11030109 13181589 1
11030109 13195786 1
11030109 13211358 1
11030109 13220883 1
11030109 13234784 1
11030109 13278422 1
11030109 13296597 1
11072756 11304072 1
11072756 11342457 1
11072756 11388194 1
11072756 11476689 1
11072756 11665866 1
11072756 11780008 1
11072756 12205942 1
11072756 13115960 1
11072756 13150708 1
11072756 13181589 1
11072756 13195786 1
11072756 13211358 1
11072756 13220883 1
11072756 13234784 1
11072756 13278422 1
11072756 13296597 1
11304072 11342457 1
11304072 11439523 1
11304072 11665866 1
11304072 11780008 1
11304072 12750278 1
11304072 13004659 1
11304072 13115960 1
11304072 13150708 1
11304072 13181589 1
11304072 13195786 1
11304072 13211358 1
11304072 13220883 1
11304072 13234784 1
11304072 13278422 1
11304072 13296597 1
11342457 11388194 1
11342457 11439523 1
11342457 11476689 1
11342457 11665866 1
11342457 11780008 1
11342457 12205942 1
11342457 12750278 1
11342457 13004659 1
11342457 13115960 1
11342457 13150708 1
11342457 13181589 1
11342457 13195786 1
11342457 13211358 1
11342457 13220883 1
11342457 13234784 1
11342457 13278422 1
11342457 13296597 1
11388194 11665866 1
11388194 11780008 1
11388194 12750278 2
11388194 13004659 1
11388194 13115960 1
11388194 13150708 1
11388194 13181589 1
11388194 13195786 1
11388194 13211358 1
11388194 13220883 1
11388194 13234784 1
11388194 13278422 1
11388194 13296597 1
11439523 11665866 1
11439523 11780008 1
11439523 13115960 1
11439523 13150708 1
11439523 13181589 1
11439523 13195786 1
11439523 13211358 1
11439523 13220883 1
11439523 13234784 1
11439523 13278422 1
11439523 13296597 1
11476689 11665866 1
11476689 11780008 1
11476689 12750278 2
11476689 13004659 1
11476689 13115960 1
11476689 13150708 1
11476689 13181589 1
11476689 13195786 1
11476689 13211358 1
11476689 13220883 1
11476689 13234784 1
11476689 13278422 1
11476689 13296597 1
11665866 11780008 1
11665866 12022649 1
11665866 12205942 1
11665866 12750278 1
11665866 13004659 1
11665866 13115960 1
11665866 13150708 1
11665866 13181589 1
11665866 13195786 1
11665866 13211358 1
11665866 13220883 1
11665866 13234784 1
11665866 13278422 1
11665866 13296597 1
11780008 12022649 1
11780008 12205942 1
11780008 12750278 1
11780008 13004659 1
11780008 13115960 1
11780008 13150708 1
11780008 13181589 1
11780008 13195786 1
11780008 13211358 1
11780008 13220883 1
11780008 13234784 1
11780008 13278422 1
11780008 13296597 1
12022649 13115960 1
12022649 13150708 1
12022649 13181589 1
12022649 13195786 1
12022649 13211358 1
12022649 13220883 1
12022649 13234784 1
12022649 13278422 1
12022649 13296597 1
12205942 13004659 1
12205942 13115960 1
12205942 13150708 1
12205942 13181589 1
12205942 13195786 1
12205942 13211358 1
12205942 13220883 1
12205942 13234784 1
12205942 13278422 1
12205942 13296597 1
12750278 13115960 1
12750278 13150708 1
12750278 13181589 1
12750278 13195786 1
12750278 13211358 1
12750278 13220883 1
12750278 13234784 1
12750278 13278422 1
12750278 13296597 1
13004659 13115960 1
13004659 13150708 1
13004659 13181589 1
13004659 13195786 1
13004659 13211358 1
13004659 13220883 1
13004659 13234784 1
13004659 13278422 1
13004659 13296597 1
13115960 13150708 1
13115960 13181589 1
13115960 13195786 1
13115960 13211358 1
13115960 13220883 1
13115960 13234784 1
13115960 13278422 1
13115960 13296597 1
13150708 13181589 1
13150708 13195786 1
13150708 13211358 1
13150708 13220883 1
13150708 13234784 1
13150708 13278422 1
13150708 13296597 1
13181589 13195786 1
13181589 13211358 1
13181589 13220883 1
13181589 13234784 1
13181589 13278422 1
13181589 13296597 1
13195786 13211358 1
13195786 13220883 1
13195786 13234784 1
13195786 13278422 1
13195786 13296597 1
13211358 13220883 1
13211358 13234784 1
13211358 13278422 1
13211358 13296597 1
13220883 13234784 1
13220883 13278422 1
13220883 13296597 1
13234784 13278422 1
13234784 13296597 1
13278422 13296597 1
2052273 2744728 1
2052273 8380685 1
2052273 8438551 1
2052273 8571088 1
2052273 10549440 1
2052273 10756339 1
2052273 11441411 1
2052273 13165921 1
2052273 13527104 1
2052273 13530111 1
2052273 13535010 1
2052273 13594986 1
2248391 2744728 1
2248391 8380685 1
2248391 11441411 1
2248391 13165921 1
2248391 13527104 1
2248391 13530111 1
2248391 13535010 1
2248391 13594986 1
2744728 3233470 1
2744728 3278666 1
2744728 8252258 1
2744728 8302632 1
2744728 8380685 1
2744728 8438551 1
2744728 8571088 1
2744728 9735745 1
2744728 9838976 1
2744728 10257411 1
2744728 10434023 1
2744728 10549440 1
2744728 10756339 1
2744728 11388194 1
2744728 11441411 1
2744728 11476689 1
2744728 12022649 1
2744728 12205942 1
2744728 12750278 1
2744728 13165921 1
2744728 13527104 1
2744728 13530111 1
2744728 13535010 1
2744728 13594986 1
3233470 8380685 1
3233470 10549440 1
3233470 10756339 1
3233470 11441411 1
3233470 13165921 1
3233470 13527104 1
3233470 13530111 1
3233470 13535010 1
3233470 13594986 1
3278666 8380685 1
3278666 8571088 1
3278666 10549440 1
3278666 10756339 1
3278666 11441411 1
3278666 13165921 1
3278666 13527104 1
3278666 13530111 1
3278666 13535010 1
3278666 13594986 1
8252258 8380685 1
8252258 8438551 1
8252258 8571088 1
8252258 11441411 1
8252258 13165921 1
8252258 13527104 1
8252258 13530111 1
8252258 13535010 1
8252258 13594986 1
8302632 8380685 1
8302632 8571088 1
8302632 11441411 1
8302632 13165921 1
8302632 13527104 1
8302632 13530111 1
8302632 13535010 1
8302632 13594986 1
8380685 8438551 1
8380685 8571088 1
8380685 9735745 1
8380685 9838976 1
8380685 10257411 1
8380685 10434023 1
8380685 10549440 1
8380685 10756339 1
8380685 11388194 1
8380685 11441411 1
8380685 11476689 1
8380685 12022649 1
8380685 12205942 1
8380685 12750278 1
8380685 13165921 1
8380685 13527104 1
8380685 13530111 1
8380685 13535010 1
8380685 13594986 1
8438551 10549440 1
8438551 10756339 1
8438551 11441411 1
8438551 13165921 1
8438551 13527104 1
8438551 13530111 1
8438551 13535010 1
8438551 13594986 1
8571088 9735745 1
8571088 9838976 1
8571088 10549440 1
8571088 10756339 1
8571088 11388194 1
8571088 11441411 1
8571088 12750278 1
8571088 13165921 1
8571088 13527104 1
8571088 13530111 1
8571088 13535010 1
8571088 13594986 1
9735745 10549440 1
9735745 10756339 1
9735745 11441411 1
9735745 13165921 1
9735745 13527104 1
9735745 13530111 1
9735745 13535010 1
9735745 13594986 1
9838976 10549440 1
9838976 10756339 1
9838976 11441411 1
9838976 13165921 1
9838976 13527104 1
9838976 13530111 1
9838976 13535010 1
9838976 13594986 1
10257411 10549440 1
10257411 10756339 1
10257411 11441411 1
10257411 13165921 1
10257411 13527104 1
10257411 13530111 1
10257411 13535010 1
10257411 13594986 1
10434023 11441411 1
10434023 13165921 1
10434023 13527104 1
10434023 13530111 1
10434023 13535010 1
10434023 13594986 1
10549440 11441411 1
10549440 12205942 1
10549440 12750278 1
10549440 13165921 1
10549440 13527104 1
10549440 13530111 1
10549440 13535010 1
10549440 13594986 1
10756339 11441411 1
10756339 12205942 1
10756339 12750278 1
10756339 13165921 1
10756339 13527104 1
10756339 13530111 1
10756339 13535010 1
10756339 13594986 1
11388194 11441411 1
11388194 13165921 1
11388194 13527104 1
11388194 13530111 1
11388194 13535010 1
11388194 13594986 1
11441411 11476689 1
11441411 12022649 1
11441411 12205942 1
11441411 12750278 1
11441411 13165921 1
11441411 13527104 1
11441411 13530111 1
11441411 13535010 1
11441411 13594986 1
11476689 13165921 1
11476689 13527104 1
11476689 13530111 1
11476689 13535010 1
11476689 13594986 1
12022649 13165921 1
12022649 13527104 1
12022649 13530111 1
12022649 13535010 1
12022649 13594986 1
12205942 13165921 1
12205942 13527104 1
12205942 13530111 1
12205942 13535010 1
12205942 13594986 1
12750278 13165921 1
12750278 13527104 1
12750278 13530111 1
12750278 13535010 1
12750278 13594986 1
13165921 13527104 1
13165921 13530111 1
13165921 13535010 1
13165921 13594986 1
13527104 13530111 1
13527104 13535010 1
13527104 13594986 1
13530111 13535010 1
13530111 13594986 1
13535010 13594986 1
