50952192 7682820 3203460 28305412 60824072 150090632 7914256 80803092 6564759 10410650 122832922 5743135 166516222 25513002 173618602 2814764 186394413 4885240 187315634 120456372 186615610 182488383 23328961 100880072 116340682 126818122 53860812 6046031 149880402 80574162 159216342 186311383 143407062 4303579 8171484 20857181 9863901 162249312 100977762 49214692 73055722 33245932 24833262 183086577 186856562 12591091 33463672 10308218 12451323 63174142
7682820 10410650 1
7682820 53860812 6
7682820 159216342 5
7682820 182488383 5
10410650 53860812 1
10410650 159216342 1
10410650 182488383 1
53860812 159216342 4
53860812 182488383 5
159216342 182488383 4
7682820 12451323 2
7682820 80803092 1
7682820 100880072 2
7682820 186615610 1
12451323 53860812 2
12451323 80803092 1
12451323 100880072 2
12451323 159216342 2
12451323 182488383 2
12451323 186615610 1
53860812 80803092 1
53860812 100880072 2
53860812 186615610 1
80803092 100880072 1
80803092 159216342 1
80803092 182488383 1
80803092 186615610 1
100880072 159216342 2
100880072 182488383 2
100880072 186615610 1
159216342 186615610 1
182488383 186615610 1
4885240 7682820 1
4885240 53860812 1
2814764 24833262 1
2814764 53860812 1
2814764 149880402 1
24833262 53860812 1
24833262 149880402 1
53860812 149880402 3
7682820 10308218 1
7682820 23328961 1
7682820 25513002 1
7682820 33463672 1
7682820 49214692 2
7682820 73055722 1
7682820 186394413 2
10308218 23328961 1
10308218 25513002 1
10308218 33463672 1
10308218 49214692 1
10308218 53860812 1
10308218 73055722 1
10308218 182488383 1
10308218 186394413 1
23328961 25513002 1
23328961 33463672 1
23328961 49214692 1
23328961 53860812 1
23328961 73055722 1
23328961 182488383 1
23328961 186394413 1
25513002 33463672 1
25513002 49214692 1
25513002 53860812 1
25513002 73055722 1
25513002 182488383 1
25513002 186394413 1
33463672 49214692 1
33463672 53860812 1
33463672 73055722 1
33463672 182488383 1
33463672 186394413 1
49214692 53860812 1
49214692 73055722 1
49214692 182488383 1
49214692 186394413 3
53860812 73055722 1
53860812 186394413 1
73055722 182488383 1
73055722 186394413 1
182488383 186394413 1
3203460 4303579 1
3203460 5743135 1
3203460 6046031 1
3203460 6564759 1
3203460 50952192 1
3203460 60824072 2
3203460 63174142 2
3203460 173618602 1
3203460 182488383 1
3203460 186856562 1
4303579 5743135 1
4303579 6046031 1
4303579 6564759 1
4303579 50952192 1
4303579 60824072 1
4303579 63174142 1
4303579 173618602 1
4303579 182488383 1
4303579 186856562 1
5743135 6046031 1
5743135 6564759 1
5743135 50952192 1
5743135 60824072 1
5743135 63174142 1
5743135 173618602 1
5743135 182488383 1
5743135 186856562 1
6046031 6564759 1
6046031 50952192 1
6046031 60824072 1
6046031 63174142 1
6046031 173618602 1
6046031 182488383 1
6046031 186856562 1
6564759 50952192 1
6564759 60824072 1
6564759 63174142 1
6564759 173618602 1
6564759 182488383 1
6564759 186856562 1
50952192 60824072 1
50952192 63174142 1
50952192 173618602 1
50952192 182488383 1
50952192 186856562 1
60824072 63174142 2
60824072 173618602 1
60824072 182488383 1
60824072 186856562 1
63174142 173618602 1
63174142 182488383 1
63174142 186856562 1
173618602 182488383 1
173618602 186856562 1
182488383 186856562 1
7682820 7914256 1
7682820 12591091 2
7682820 20857181 3
7682820 33245932 2
7682820 100977762 1
7682820 149880402 2
7682820 150090632 2
7682820 186311383 2
7914256 12451323 1
7914256 12591091 1
7914256 20857181 1
7914256 33245932 1
7914256 53860812 1
7914256 100880072 1
7914256 100977762 1
7914256 149880402 1
7914256 150090632 1
7914256 159216342 1
7914256 182488383 1
7914256 186311383 1
12451323 12591091 1
12451323 20857181 1
12451323 33245932 1
12451323 100977762 1
12451323 149880402 1
12451323 150090632 1
12451323 186311383 1
12591091 20857181 2
12591091 33245932 2
12591091 53860812 2
12591091 100880072 1
12591091 100977762 1
12591091 149880402 2
12591091 150090632 2
12591091 159216342 2
12591091 182488383 2
12591091 186311383 2
20857181 33245932 2
20857181 53860812 2
20857181 100880072 1
20857181 100977762 1
20857181 149880402 2
20857181 150090632 2
20857181 159216342 3
20857181 182488383 2
20857181 186311383 2
33245932 53860812 2
33245932 100880072 1
33245932 100977762 1
33245932 149880402 2
33245932 150090632 2
33245932 159216342 2
33245932 182488383 2
33245932 186311383 2
53860812 100977762 1
53860812 150090632 2
53860812 186311383 2
100880072 100977762 1
100880072 149880402 1
100880072 150090632 1
100880072 186311383 1
100977762 149880402 1
100977762 150090632 1
100977762 159216342 1
100977762 182488383 1
100977762 186311383 1
149880402 150090632 2
149880402 159216342 2
149880402 182488383 2
149880402 186311383 2
150090632 159216342 2
150090632 182488383 2
150090632 186311383 2
159216342 186311383 2
182488383 186311383 2
3203460 8171484 1
3203460 9863901 1
3203460 24833262 1
3203460 28305412 1
3203460 49214692 1
3203460 116340682 1
3203460 120456372 1
3203460 186394413 1
8171484 9863901 1
8171484 24833262 1
8171484 28305412 1
8171484 49214692 1
8171484 60824072 1
8171484 63174142 1
8171484 116340682 1
8171484 120456372 1
8171484 186394413 1
9863901 24833262 1
9863901 28305412 1
9863901 49214692 1
9863901 60824072 1
9863901 63174142 1
9863901 116340682 1
9863901 120456372 1
9863901 186394413 1
24833262 28305412 1
24833262 49214692 1
24833262 60824072 1
24833262 63174142 1
24833262 116340682 1
24833262 120456372 1
24833262 186394413 1
28305412 49214692 1
28305412 60824072 1
28305412 63174142 1
28305412 116340682 1
28305412 120456372 1
28305412 186394413 1
49214692 60824072 1
49214692 63174142 1
49214692 116340682 2
49214692 120456372 1
60824072 116340682 1
60824072 120456372 1
60824072 186394413 1
63174142 116340682 1
63174142 120456372 1
63174142 186394413 1
116340682 120456372 1
116340682 186394413 2
120456372 186394413 1
7682820 122832922 1
7682820 126818122 1
7682820 143407062 2
7682820 162249312 2
7682820 183086577 1
12591091 122832922 1
12591091 126818122 1
12591091 143407062 1
12591091 162249312 1
12591091 183086577 1
20857181 122832922 1
20857181 126818122 1
20857181 143407062 2
20857181 162249312 2
20857181 183086577 1
33245932 122832922 1
33245932 126818122 1
33245932 143407062 1
33245932 162249312 1
33245932 183086577 1
53860812 122832922 1
53860812 126818122 1
53860812 143407062 1
53860812 162249312 1
53860812 183086577 1
122832922 126818122 1
122832922 143407062 1
122832922 149880402 1
122832922 150090632 1
122832922 159216342 1
122832922 162249312 1
122832922 182488383 1
122832922 183086577 1
122832922 186311383 1
126818122 143407062 1
126818122 149880402 1
126818122 150090632 1
126818122 159216342 1
126818122 162249312 1
126818122 182488383 1
126818122 183086577 1
126818122 186311383 1
143407062 149880402 1
143407062 150090632 1
143407062 159216342 2
143407062 162249312 2
143407062 182488383 1
143407062 183086577 1
143407062 186311383 1
149880402 162249312 1
149880402 183086577 1
150090632 162249312 1
150090632 183086577 1
159216342 162249312 2
159216342 183086577 1
162249312 182488383 1
162249312 183086577 1
162249312 186311383 1
182488383 183086577 1
183086577 186311383 1
7682820 80574162 1
7682820 116340682 1
7682820 166516222 1
7682820 187315634 1
20857181 49214692 1
20857181 80574162 1
20857181 116340682 1
20857181 166516222 1
20857181 186394413 1
20857181 187315634 1
49214692 80574162 1
49214692 143407062 1
49214692 159216342 1
49214692 162249312 1
49214692 166516222 1
49214692 187315634 1
80574162 116340682 1
80574162 143407062 1
80574162 159216342 1
80574162 162249312 1
80574162 166516222 1
80574162 186394413 1
80574162 187315634 1
116340682 143407062 1
116340682 159216342 1
116340682 162249312 1
116340682 166516222 1
116340682 187315634 1
143407062 166516222 1
143407062 186394413 1
143407062 187315634 1
159216342 166516222 1
159216342 186394413 1
159216342 187315634 1
162249312 166516222 1
162249312 186394413 1
162249312 187315634 1
166516222 186394413 1
166516222 187315634 1
186394413 187315634 1
