13163139 3203460 36087172 7682820 60824072 150090632 170856202 3133453 108643342 80803092 177242902 5335579 5743135 100712482 110050472 173618602 2814764 35278382 153506482 12653236 86203962 141930942 182488383 118985022 44952642 151105352 142343242 126818122 53860812 177420622 6046031 3018451 159216342 182532695 143407062 4303579 9863901 20857181 182680674 49214692 23253221 103852262 73055722 18588011 8471532 33245932 46747632 10185972 10143861 4338422 145125112 10308218 177660542
3018451 3203460 2
3018451 4338422 2
3018451 13163139 2
3018451 35278382 2
3018451 49214692 3
3018451 53860812 2
3018451 60824072 3
3018451 151105352 2
3018451 170856202 1
3018451 177242902 3
3203460 4338422 2
3203460 13163139 2
3203460 35278382 2
3203460 49214692 2
3203460 53860812 2
3203460 60824072 2
3203460 151105352 2
3203460 170856202 1
3203460 177242902 2
4338422 13163139 2
4338422 35278382 2
4338422 49214692 2
4338422 53860812 2
4338422 60824072 2
4338422 151105352 2
4338422 170856202 1
4338422 177242902 2
13163139 35278382 2
13163139 49214692 3
13163139 53860812 2
13163139 60824072 3
13163139 151105352 2
13163139 170856202 1
13163139 177242902 3
35278382 49214692 2
35278382 53860812 2
35278382 60824072 2
35278382 151105352 2
35278382 170856202 1
35278382 177242902 2
49214692 53860812 2
49214692 60824072 4
49214692 151105352 2
49214692 170856202 1
49214692 177242902 4
53860812 60824072 2
53860812 151105352 2
53860812 170856202 1
53860812 177242902 7
60824072 151105352 2
60824072 170856202 1
60824072 177242902 4
151105352 170856202 1
151105352 177242902 2
170856202 177242902 1
3018451 9863901 1
3018451 36087172 2
3018451 153506482 1
3018451 182680674 1
3203460 9863901 1
3203460 36087172 1
3203460 153506482 1
3203460 182680674 1
4338422 9863901 1
4338422 36087172 1
4338422 153506482 1
4338422 182680674 1
9863901 13163139 1
9863901 35278382 1
9863901 36087172 1
9863901 49214692 1
9863901 53860812 1
9863901 60824072 1
9863901 151105352 1
9863901 153506482 1
9863901 177242902 1
9863901 182680674 1
13163139 36087172 1
13163139 153506482 1
13163139 182680674 1
35278382 36087172 1
35278382 153506482 1
35278382 182680674 1
36087172 49214692 2
36087172 53860812 1
36087172 60824072 2
36087172 151105352 1
36087172 153506482 1
36087172 177242902 2
36087172 182680674 1
49214692 153506482 1
49214692 182680674 1
53860812 153506482 1
53860812 182680674 1
60824072 153506482 1
60824072 182680674 1
151105352 153506482 1
151105352 182680674 1
153506482 177242902 1
153506482 182680674 1
177242902 182680674 1
3133453 7682820 2
3133453 8471532 1
3133453 18588011 1
3133453 20857181 2
3133453 33245932 1
3133453 53860812 2
3133453 100712482 2
3133453 108643342 1
3133453 110050472 1
3133453 159216342 1
3133453 177242902 2
7682820 8471532 2
7682820 18588011 1
7682820 20857181 3
7682820 33245932 1
7682820 53860812 3
7682820 100712482 3
7682820 108643342 2
7682820 110050472 1
7682820 159216342 1
7682820 177242902 4
8471532 18588011 1
8471532 20857181 2
8471532 33245932 1
8471532 53860812 2
8471532 100712482 2
8471532 108643342 2
8471532 110050472 1
8471532 159216342 1
8471532 177242902 2
18588011 20857181 1
18588011 33245932 1
18588011 53860812 1
18588011 100712482 1
18588011 108643342 1
18588011 110050472 1
18588011 159216342 1
18588011 177242902 1
20857181 33245932 1
20857181 53860812 3
20857181 100712482 3
20857181 108643342 2
20857181 110050472 1
20857181 159216342 1
20857181 177242902 3
33245932 53860812 1
33245932 100712482 1
33245932 108643342 1
33245932 110050472 1
33245932 159216342 1
33245932 177242902 1
53860812 100712482 3
53860812 108643342 2
53860812 110050472 1
53860812 159216342 1
100712482 108643342 2
100712482 110050472 1
100712482 159216342 1
100712482 177242902 3
108643342 110050472 1
108643342 159216342 1
108643342 177242902 2
110050472 159216342 1
110050472 177242902 1
159216342 177242902 1
3133453 10185972 1
3133453 103852262 1
3133453 141930942 1
3133453 142343242 1
3133453 182488383 1
3133453 182532695 1
7682820 10185972 1
7682820 103852262 3
7682820 141930942 1
7682820 142343242 2
7682820 182488383 2
7682820 182532695 1
10185972 20857181 1
10185972 53860812 1
10185972 100712482 1
10185972 103852262 1
10185972 141930942 1
10185972 142343242 1
10185972 177242902 1
10185972 182488383 1
10185972 182532695 1
20857181 103852262 2
20857181 141930942 1
20857181 142343242 1
20857181 182488383 1
20857181 182532695 1
53860812 103852262 2
53860812 141930942 1
53860812 142343242 1
53860812 182488383 2
53860812 182532695 1
100712482 103852262 2
100712482 141930942 1
100712482 142343242 1
100712482 182488383 1
100712482 182532695 1
103852262 141930942 1
103852262 142343242 2
103852262 177242902 3
103852262 182488383 2
103852262 182532695 1
141930942 142343242 1
141930942 177242902 1
141930942 182488383 1
141930942 182532695 1
142343242 177242902 2
142343242 182488383 2
142343242 182532695 1
177242902 182488383 3
177242902 182532695 1
182488383 182532695 1
5743135 13163139 1
5743135 23253221 1
5743135 46747632 1
5743135 49214692 1
5743135 60824072 1
5743135 118985022 1
5743135 177242902 1
13163139 23253221 1
13163139 46747632 1
13163139 118985022 1
23253221 46747632 1
23253221 49214692 1
23253221 60824072 1
23253221 118985022 1
23253221 177242902 1
46747632 49214692 1
46747632 60824072 1
46747632 118985022 1
46747632 177242902 1
49214692 118985022 1
60824072 118985022 1
118985022 177242902 1
10308218 53860812 1
10308218 177242902 1
10308218 177660542 1
53860812 177660542 3
177242902 177660542 5
53860812 73055722 1
73055722 177242902 1
73055722 177660542 1
73055722 182488383 1
177660542 182488383 2
2814764 3018451 1
2814764 6046031 1
2814764 12653236 1
2814764 36087172 1
2814764 49214692 1
2814764 60824072 1
2814764 126818122 1
2814764 173618602 1
2814764 177242902 1
2814764 177420622 1
2814764 177660542 1
3018451 6046031 1
3018451 12653236 1
3018451 126818122 1
3018451 173618602 1
3018451 177420622 1
3018451 177660542 1
6046031 12653236 1
6046031 36087172 1
6046031 49214692 1
6046031 60824072 1
6046031 126818122 1
6046031 173618602 1
6046031 177242902 1
6046031 177420622 1
6046031 177660542 1
12653236 36087172 1
12653236 49214692 1
12653236 60824072 1
12653236 126818122 1
12653236 173618602 1
12653236 177242902 1
12653236 177420622 1
12653236 177660542 1
36087172 126818122 1
36087172 173618602 1
36087172 177420622 1
36087172 177660542 1
49214692 126818122 1
49214692 173618602 1
49214692 177420622 1
49214692 177660542 1
60824072 126818122 1
60824072 173618602 1
60824072 177420622 1
60824072 177660542 1
126818122 173618602 1
126818122 177242902 1
126818122 177420622 1
126818122 177660542 1
173618602 177242902 1
173618602 177420622 1
173618602 177660542 1
177242902 177420622 1
177420622 177660542 1
7682820 143407062 2
7682820 150090632 1
7682820 177660542 2
103852262 143407062 2
103852262 150090632 1
103852262 177660542 2
142343242 143407062 1
142343242 150090632 1
142343242 177660542 1
143407062 150090632 1
143407062 177242902 2
143407062 177660542 2
143407062 182488383 1
150090632 177242902 1
150090632 177660542 1
150090632 182488383 1
4303579 5335579 1
4303579 7682820 1
4303579 8471532 1
4303579 10143861 1
4303579 20857181 1
4303579 44952642 1
4303579 53860812 1
4303579 80803092 1
4303579 86203962 1
4303579 100712482 1
4303579 103852262 1
4303579 108643342 1
4303579 143407062 1
4303579 145125112 1
4303579 177242902 1
4303579 177660542 1
5335579 7682820 1
5335579 8471532 1
5335579 10143861 1
5335579 20857181 1
5335579 44952642 1
5335579 53860812 1
5335579 80803092 1
5335579 86203962 1
5335579 100712482 1
5335579 103852262 1
5335579 108643342 1
5335579 143407062 1
5335579 145125112 1
5335579 177242902 1
5335579 177660542 1
7682820 10143861 1
7682820 44952642 1
7682820 80803092 1
7682820 86203962 1
7682820 145125112 1
8471532 10143861 1
8471532 44952642 1
8471532 80803092 1
8471532 86203962 1
8471532 103852262 1
8471532 143407062 1
8471532 145125112 1
8471532 177660542 1
10143861 20857181 1
10143861 44952642 1
10143861 53860812 1
10143861 80803092 1
10143861 86203962 1
10143861 100712482 1
10143861 103852262 1
10143861 108643342 1
10143861 143407062 1
10143861 145125112 1
10143861 177242902 1
10143861 177660542 1
20857181 44952642 1
20857181 80803092 1
20857181 86203962 1
20857181 143407062 1
20857181 145125112 1
20857181 177660542 1
44952642 53860812 1
44952642 80803092 1
44952642 86203962 1
44952642 100712482 1
44952642 103852262 1
44952642 108643342 1
44952642 143407062 1
44952642 145125112 1
44952642 177242902 1
44952642 177660542 1
53860812 80803092 1
53860812 86203962 1
53860812 143407062 1
53860812 145125112 1
80803092 86203962 1
80803092 100712482 1
80803092 103852262 1
80803092 108643342 1
80803092 143407062 1
80803092 145125112 1
80803092 177242902 1
80803092 177660542 1
86203962 100712482 1
86203962 103852262 1
86203962 108643342 1
86203962 143407062 1
86203962 145125112 1
86203962 177242902 1
86203962 177660542 1
100712482 143407062 1
100712482 145125112 1
100712482 177660542 1
103852262 108643342 1
103852262 145125112 1
108643342 143407062 1
108643342 145125112 1
108643342 177660542 1
143407062 145125112 1
145125112 177242902 1
145125112 177660542 1
