8577562 7230365 8569888 7718068 8644021 7979702 5989563 8194495 8369731 8469327 8049116 6725343 4070239 8100831 2553827 2602596 7926628 8583665 3919477 8651900
2553827 8100831 1
2553827 8469327 3
8100831 8469327 1
2553827 2602596 2
2553827 3919477 2
2553827 5989563 2
2553827 8569888 2
2553827 8644021 2
2602596 3919477 4
2602596 5989563 3
2602596 8469327 2
2602596 8569888 3
2602596 8644021 1
3919477 5989563 4
3919477 8469327 4
3919477 8569888 3
3919477 8644021 2
5989563 8469327 1
5989563 8569888 2
5989563 8644021 1
8469327 8569888 2
8469327 8644021 3
8569888 8644021 1
3919477 7979702 1
3919477 8369731 4
3919477 8651900 2
7979702 8369731 1
7979702 8469327 1
7979702 8651900 1
8369731 8469327 2
8369731 8651900 3
8469327 8651900 2
2553827 8049116 1
2553827 8651900 1
8049116 8469327 1
8049116 8644021 1
8049116 8651900 1
8644021 8651900 1
8369731 8644021 1
2602596 8369731 1
2602596 8651900 1
5989563 8369731 2
5989563 8651900 1
2553827 6725343 1
2553827 7230365 1
2553827 7926628 1
2553827 8194495 1
2553827 8583665 1
2602596 6725343 2
2602596 7230365 1
2602596 7926628 1
2602596 8194495 2
2602596 8583665 1
3919477 6725343 3
3919477 7230365 2
3919477 7926628 1
3919477 8194495 2
3919477 8583665 2
5989563 6725343 2
5989563 7230365 2
5989563 7926628 1
5989563 8194495 1
5989563 8583665 2
6725343 7230365 2
6725343 7926628 1
6725343 8194495 2
6725343 8569888 2
6725343 8583665 2
7230365 7926628 1
7230365 8194495 1
7230365 8569888 1
7230365 8583665 2
7926628 8194495 1
7926628 8569888 1
7926628 8583665 1
8194495 8569888 2
8194495 8583665 1
8569888 8583665 1
2602596 4070239 1
2602596 8577562 1
3919477 4070239 2
3919477 8577562 1
4070239 6725343 2
4070239 8194495 1
4070239 8469327 1
4070239 8569888 1
4070239 8577562 1
6725343 8469327 1
6725343 8577562 1
8194495 8469327 1
8194495 8577562 1
8469327 8577562 1
8569888 8577562 1
3919477 7718068 1
4070239 5989563 1
4070239 7230365 1
4070239 7718068 1
4070239 8369731 1
4070239 8583665 1
5989563 7718068 1
6725343 7718068 1
6725343 8369731 1
7230365 7718068 1
7230365 8369731 1
7718068 8369731 1
7718068 8583665 1
8369731 8583665 1
