63952192 75315972 63932232 23387531 5981932 65901102 82195822 4840880 79705712 16754961 6242767 22632181 49000822 83721402
4840880 63932232 3
4840880 49000822 1
4840880 63952192 1
4840880 65901102 3
4840880 79705712 1
49000822 63952192 1
49000822 65901102 1
49000822 79705712 1
63952192 65901102 1
63952192 79705712 1
65901102 79705712 1
4840880 16754961 1
4840880 82195822 2
16754961 63932232 1
16754961 65901102 1
16754961 82195822 1
63932232 65901102 1
63932232 82195822 1
65901102 82195822 1
4840880 5981932 1
4840880 6242767 1
4840880 22632181 1
4840880 23387531 1
4840880 75315972 1
4840880 83721402 1
5981932 6242767 1
5981932 22632181 1
5981932 23387531 1
5981932 65901102 1
5981932 75315972 1
5981932 83721402 1
6242767 22632181 1
6242767 23387531 1
6242767 65901102 1
6242767 75315972 1
6242767 83721402 1
22632181 23387531 1
22632181 65901102 1
22632181 75315972 1
22632181 83721402 1
23387531 65901102 1
23387531 75315972 1
23387531 83721402 1
65901102 75315972 1
65901102 83721402 1
75315972 83721402 1
