14798081 18693891 9289603 7191179 8548109 12145165 7606287 10008976 27006102 2423577 11720859 833440 6009761 14274603 2424620 2670767 14367535 14063541 13986299 9323962 12146106 10269758 7745730 4911683 1791300 10295625 2609617 13420113 5220179 14900181 5062360 4735452 1901029 14285801 5014381 1404398 3386222 5262066 8742258 12523124 27007352 20244601 719099
1791300 2670767 1
1791300 4735452 1
1791300 4911683 1
1791300 7191179 1
1791300 8548109 1
1791300 12145165 1
1791300 12146106 1
1791300 14285801 1
2670767 4735452 1
2670767 4911683 1
2670767 7191179 1
2670767 8548109 1
2670767 12145165 1
2670767 12146106 1
2670767 14285801 1
4735452 4911683 1
4735452 7191179 1
4735452 8548109 1
4735452 12145165 1
4735452 12146106 1
4735452 14285801 1
4911683 7191179 1
4911683 8548109 1
4911683 12145165 1
4911683 12146106 2
4911683 14285801 1
7191179 8548109 1
7191179 12145165 1
7191179 12146106 1
7191179 14285801 1
8548109 12145165 1
8548109 12146106 2
8548109 14285801 1
12145165 12146106 1
12145165 14285801 1
12146106 14285801 1
719099 1404398 1
719099 2423577 2
719099 2424620 1
719099 3386222 1
719099 7606287 1
719099 8548109 1
719099 10008976 1
719099 12146106 1
719099 14900181 1
719099 20244601 1
1404398 2423577 1
1404398 2424620 1
1404398 3386222 1
1404398 7606287 1
1404398 8548109 1
1404398 10008976 1
1404398 12146106 1
1404398 14900181 1
1404398 20244601 1
2423577 2424620 1
2423577 3386222 1
2423577 7606287 1
2423577 8548109 1
2423577 10008976 1
2423577 12146106 1
2423577 14900181 1
2423577 20244601 1
2424620 3386222 1
2424620 7606287 1
2424620 8548109 1
2424620 10008976 1
2424620 12146106 1
2424620 14900181 1
2424620 20244601 1
3386222 7606287 1
3386222 8548109 1
3386222 10008976 1
3386222 12146106 1
3386222 14900181 1
3386222 20244601 1
7606287 8548109 1
7606287 10008976 1
7606287 12146106 1
7606287 14900181 1
7606287 20244601 1
8548109 10008976 1
8548109 14900181 1
8548109 20244601 1
10008976 12146106 1
10008976 14900181 1
10008976 20244601 1
12146106 14900181 1
12146106 20244601 1
14900181 20244601 1
719099 4911683 1
719099 9323962 1
719099 11720859 1
719099 12523124 1
719099 14367535 1
719099 18693891 1
2423577 4911683 1
2423577 9323962 1
2423577 11720859 1
2423577 12523124 1
2423577 14367535 1
2423577 18693891 1
4911683 9323962 1
4911683 11720859 1
4911683 12523124 1
4911683 14367535 2
4911683 18693891 1
9323962 11720859 1
9323962 12523124 1
9323962 14367535 1
9323962 18693891 1
11720859 12523124 1
11720859 14367535 1
11720859 18693891 1
12523124 14367535 1
12523124 18693891 1
14367535 18693891 1
4911683 5220179 1
4911683 14063541 3
5220179 14063541 1
5220179 14367535 1
14063541 14367535 2
833440 4911683 1
833440 7745730 1
833440 10295625 1
833440 14063541 1
4911683 7745730 3
4911683 10295625 1
7745730 10295625 1
7745730 14063541 1
10295625 14063541 1
2609617 4911683 1
2609617 14063541 1
2609617 14798081 1
2609617 27006102 1
2609617 27007352 1
4911683 14798081 1
4911683 27006102 1
4911683 27007352 1
14063541 14798081 1
14063541 27006102 1
14063541 27007352 1
14798081 27006102 1
14798081 27007352 1
27006102 27007352 1
1901029 5014381 1
1901029 5062360 1
1901029 6009761 1
1901029 14063541 1
1901029 14367535 1
5014381 5062360 1
5014381 6009761 2
5014381 14063541 2
5014381 14367535 1
5062360 6009761 1
5062360 14063541 1
5062360 14367535 1
6009761 14063541 2
6009761 14367535 1
4911683 10269758 1
4911683 14274603 1
7745730 10269758 1
7745730 12146106 1
7745730 14274603 1
10269758 12146106 1
10269758 14274603 1
12146106 14274603 1
5014381 5262066 1
5014381 8742258 1
5014381 9289603 1
5014381 10008976 1
5014381 13986299 1
5262066 6009761 1
5262066 8742258 1
5262066 9289603 1
5262066 10008976 1
5262066 13986299 1
5262066 14063541 1
6009761 8742258 1
6009761 9289603 1
6009761 10008976 1
6009761 13986299 1
8742258 9289603 1
8742258 10008976 1
8742258 13986299 1
8742258 14063541 1
9289603 10008976 1
9289603 13986299 1
9289603 14063541 1
10008976 13986299 1
10008976 14063541 1
13986299 14063541 1
3386222 4911683 1
3386222 7745730 1
3386222 13420113 1
4911683 13420113 1
7745730 13420113 1
