46043392 97383872 97772352 11211779 81311012 98671972 8321702 13717158 36457352 99071232 46654122 54080362 87376842 63082652 90711102 98128092 95914782 43794012
8321702 63082652 7
8321702 46043392 2
8321702 95914782 4
8321702 98128092 3
46043392 63082652 2
46043392 95914782 2
46043392 98128092 1
63082652 95914782 4
63082652 98128092 4
95914782 98128092 2
8321702 13717158 3
8321702 36457352 2
8321702 81311012 3
8321702 90711102 2
8321702 97383872 3
8321702 97772352 2
13717158 36457352 2
13717158 63082652 6
13717158 81311012 2
13717158 90711102 2
13717158 95914782 2
13717158 97383872 2
13717158 97772352 2
13717158 98128092 3
36457352 63082652 2
36457352 81311012 2
36457352 90711102 2
36457352 95914782 2
36457352 97383872 2
36457352 97772352 2
36457352 98128092 1
63082652 81311012 3
63082652 90711102 2
63082652 97383872 3
63082652 97772352 2
81311012 90711102 2
81311012 95914782 2
81311012 97383872 3
81311012 97772352 2
81311012 98128092 1
90711102 95914782 2
90711102 97383872 2
90711102 97772352 2
90711102 98128092 1
95914782 97383872 2
95914782 97772352 2
97383872 97772352 2
97383872 98128092 1
97772352 98128092 1
8321702 11211779 1
11211779 13717158 3
11211779 63082652 3
11211779 98128092 2
8321702 43794012 1
8321702 46654122 1
8321702 54080362 1
43794012 46043392 1
43794012 46654122 1
43794012 54080362 1
43794012 63082652 1
43794012 95914782 1
46043392 46654122 1
46043392 54080362 1
46654122 54080362 1
46654122 63082652 1
46654122 95914782 1
54080362 63082652 1
54080362 95914782 1
8321702 98671972 1
8321702 99071232 1
13717158 98671972 2
13717158 99071232 1
36457352 98671972 1
36457352 99071232 1
63082652 98671972 2
63082652 99071232 1
81311012 98671972 1
81311012 99071232 1
90711102 98671972 1
90711102 99071232 1
95914782 98671972 1
95914782 99071232 1
97383872 98671972 1
97383872 99071232 1
97772352 98671972 1
97772352 99071232 1
98671972 99071232 1
13717158 87376842 1
63082652 87376842 1
11211779 98671972 1
