11211779 98053512 131518732 63082652 81311012 13717158 8321702 1437737 129681332 104551732 33848762 97383872 122769862 87376842 117117272 43794012 54080362 14648556 127782012
8321702 13717158 3
8321702 33848762 3
13717158 33848762 3
11211779 13717158 3
11211779 129681332 1
13717158 129681332 1
43794012 54080362 1
43794012 122769862 1
54080362 122769862 1
81311012 97383872 1
81311012 98053512 1
81311012 104551732 1
81311012 117117272 2
97383872 98053512 1
97383872 104551732 1
97383872 117117272 1
98053512 104551732 1
98053512 117117272 1
104551732 117117272 1
13717158 43794012 1
13717158 63082652 1
13717158 127782012 1
13717158 131518732 1
43794012 63082652 1
43794012 127782012 1
43794012 131518732 1
63082652 127782012 1
63082652 131518732 1
127782012 131518732 1
1437737 8321702 1
1437737 11211779 1
1437737 13717158 1
1437737 14648556 1
1437737 33848762 1
1437737 81311012 1
1437737 87376842 1
1437737 117117272 1
8321702 11211779 1
8321702 14648556 1
8321702 81311012 1
8321702 87376842 1
8321702 117117272 1
11211779 14648556 1
11211779 33848762 1
11211779 81311012 1
11211779 87376842 1
11211779 117117272 1
13717158 14648556 1
13717158 81311012 1
13717158 87376842 1
13717158 117117272 1
14648556 33848762 1
14648556 81311012 1
14648556 87376842 1
14648556 117117272 1
33848762 81311012 1
33848762 87376842 1
33848762 117117272 1
81311012 87376842 1
87376842 117117272 1
