194798146 11211779 98671972 8321702 13717158 8299534 193795760 8682736 52346322 194445011 139322902 194955126 162951192 8638777 43794012
43794012 139322902 2
43794012 193795760 1
139322902 193795760 1
8299534 8638777 2
8299534 52346322 1
8638777 52346322 1
8321702 13717158 2
8321702 194955126 1
13717158 194955126 1
11211779 13717158 1
11211779 98671972 1
11211779 162951192 1
11211779 194445011 1
13717158 98671972 2
13717158 162951192 2
13717158 194445011 2
98671972 162951192 2
98671972 194445011 2
162951192 194445011 2
8299534 193795760 1
8321702 8682736 1
8321702 194798146 1
8682736 13717158 1
8682736 194798146 1
13717158 194798146 1
8638777 43794012 1
8638777 139322902 1
