4196353 8071937 3279622 6677256 5350154 1078799 12147731 3697050 6529062 3408806 11879207 7179061 4769350 10169806 11281359 10053587 9188823 11527515 11488099 12173817
3697050 6529062 1
3697050 9188823 1
6529062 9188823 1
4196353 5350154 1
4196353 7179061 6
4196353 10053587 1
4196353 10169806 2
4196353 11281359 1
5350154 7179061 1
5350154 10053587 1
5350154 10169806 1
5350154 11281359 1
7179061 10053587 1
7179061 10169806 2
7179061 11281359 1
10053587 10169806 1
10053587 11281359 1
10169806 11281359 1
1078799 4769350 1
1078799 6677256 1
1078799 11281359 1
1078799 11488099 1
1078799 11527515 1
4769350 6677256 1
4769350 11281359 1
4769350 11488099 1
4769350 11527515 1
6677256 11281359 1
6677256 11488099 1
6677256 11527515 1
11281359 11488099 1
11281359 11527515 1
11488099 11527515 1
3408806 4196353 1
3408806 7179061 1
3408806 8071937 1
3408806 10169806 1
3408806 11527515 1
3408806 11879207 1
4196353 8071937 1
4196353 11527515 2
4196353 11879207 1
7179061 8071937 1
7179061 11527515 2
7179061 11879207 1
8071937 10169806 1
8071937 11527515 1
8071937 11879207 1
10169806 11527515 1
10169806 11879207 1
11527515 11879207 1
4196353 12173817 2
7179061 12173817 2
3279622 4196353 1
3279622 7179061 1
3279622 11527515 1
3279622 12147731 1
3279622 12173817 1
4196353 12147731 1
7179061 12147731 1
11527515 12147731 1
11527515 12173817 1
12147731 12173817 1
