171950212 9932549 158555652 9940615 181596812 143132302 2442127 47108372 12573207 22774301 9484199 139632812 8312620 76770992 166493882 185983418 12465597 183987391 185077185 34886212 88595662 128128212 182682713 4409435 163455462 11543272 177368812 151125232 31545462 149630072 185254906 135810302
4409435 22774301 1
4409435 135810302 4
4409435 149630072 1
4409435 166493882 1
4409435 171950212 1
4409435 177368812 7
4409435 181596812 1
22774301 135810302 1
22774301 149630072 1
22774301 166493882 1
22774301 171950212 1
22774301 177368812 1
22774301 181596812 1
135810302 149630072 1
135810302 166493882 3
135810302 171950212 2
135810302 177368812 5
135810302 181596812 1
149630072 166493882 1
149630072 171950212 1
149630072 177368812 1
149630072 181596812 1
166493882 171950212 2
166493882 177368812 3
166493882 181596812 1
171950212 177368812 2
171950212 181596812 1
177368812 181596812 1
4409435 12465597 6
12465597 135810302 5
2442127 4409435 2
2442127 12465597 2
2442127 76770992 1
2442127 135810302 1
2442127 177368812 2
4409435 76770992 1
12465597 76770992 1
12465597 177368812 7
76770992 135810302 1
76770992 177368812 1
4409435 9484199 1
4409435 31545462 4
4409435 182682713 1
9484199 12465597 1
9484199 31545462 1
9484199 177368812 1
9484199 182682713 1
12465597 31545462 6
12465597 182682713 1
31545462 177368812 6
31545462 182682713 1
177368812 182682713 1
12465597 34886212 2
12465597 128128212 1
12465597 143132302 4
12465597 151125232 1
12465597 166493882 2
12465597 171950212 1
12465597 183987391 1
31545462 34886212 2
31545462 128128212 1
31545462 135810302 3
31545462 143132302 4
31545462 151125232 1
31545462 166493882 2
31545462 171950212 1
31545462 183987391 1
34886212 128128212 1
34886212 135810302 1
34886212 143132302 2
34886212 151125232 1
34886212 166493882 1
34886212 171950212 1
34886212 177368812 2
34886212 183987391 1
128128212 135810302 1
128128212 143132302 1
128128212 151125232 1
128128212 166493882 1
128128212 171950212 1
128128212 177368812 1
128128212 183987391 1
135810302 143132302 3
135810302 151125232 1
135810302 183987391 1
143132302 151125232 1
143132302 166493882 2
143132302 171950212 1
143132302 177368812 4
143132302 183987391 1
151125232 166493882 1
151125232 171950212 1
151125232 177368812 1
151125232 183987391 1
166493882 183987391 1
171950212 183987391 1
177368812 183987391 1
4409435 11543272 2
4409435 47108372 1
4409435 139632812 1
4409435 163455462 1
11543272 12465597 3
11543272 31545462 3
11543272 47108372 1
11543272 139632812 2
11543272 163455462 1
11543272 177368812 3
12465597 47108372 1
12465597 139632812 2
12465597 163455462 1
31545462 47108372 1
31545462 139632812 2
31545462 163455462 1
47108372 139632812 1
47108372 163455462 1
47108372 177368812 1
139632812 163455462 1
139632812 177368812 2
163455462 177368812 1
8312620 9940615 1
8312620 11543272 1
8312620 12465597 1
8312620 31545462 1
8312620 135810302 1
8312620 139632812 1
8312620 143132302 1
8312620 166493882 1
8312620 177368812 1
8312620 185077185 1
9940615 11543272 1
9940615 12465597 1
9940615 31545462 1
9940615 135810302 1
9940615 139632812 1
9940615 143132302 1
9940615 166493882 1
9940615 177368812 1
9940615 185077185 1
11543272 135810302 1
11543272 143132302 2
11543272 166493882 1
11543272 185077185 1
12465597 185077185 1
31545462 185077185 1
135810302 139632812 1
135810302 185077185 1
139632812 143132302 1
139632812 166493882 1
139632812 185077185 1
143132302 185077185 1
166493882 185077185 1
177368812 185077185 1
2442127 11543272 1
2442127 12573207 1
2442127 31545462 1
2442127 34886212 1
2442127 143132302 1
4409435 12573207 2
4409435 34886212 1
4409435 143132302 2
11543272 12573207 1
11543272 34886212 1
12465597 12573207 2
12573207 31545462 2
12573207 34886212 1
12573207 143132302 2
12573207 177368812 2
4409435 9932549 1
4409435 88595662 1
4409435 158555652 1
4409435 185254906 1
4409435 185983418 1
9932549 12465597 1
9932549 12573207 1
9932549 31545462 1
9932549 88595662 1
9932549 135810302 1
9932549 143132302 1
9932549 158555652 1
9932549 177368812 1
9932549 185254906 1
9932549 185983418 1
12465597 88595662 1
12465597 158555652 1
12465597 185254906 1
12465597 185983418 1
12573207 88595662 1
12573207 135810302 1
12573207 158555652 1
12573207 185254906 1
12573207 185983418 1
31545462 88595662 1
31545462 158555652 1
31545462 185254906 1
31545462 185983418 1
88595662 135810302 1
88595662 143132302 1
88595662 158555652 1
88595662 177368812 1
88595662 185254906 1
88595662 185983418 1
135810302 158555652 1
135810302 185254906 1
135810302 185983418 1
143132302 158555652 1
143132302 185254906 1
143132302 185983418 1
158555652 177368812 1
158555652 185254906 1
158555652 185983418 1
177368812 185254906 1
177368812 185983418 1
185254906 185983418 1
