78550082 52201702 107201772 8652877 13194286 13149935 17664111 4033167 72745682 95177202 40728372 1595922 110423062 80659992 38372252 87384382 5736479
13149935 13194286 10
13149935 38372252 4
13194286 38372252 4
13149935 52201702 1
13149935 72745682 2
13149935 78550082 1
13149935 87384382 2
13149935 95177202 1
13194286 52201702 1
13194286 72745682 2
13194286 78550082 1
13194286 87384382 2
13194286 95177202 1
52201702 72745682 1
52201702 78550082 1
52201702 87384382 1
52201702 95177202 1
72745682 78550082 1
72745682 87384382 1
72745682 95177202 1
78550082 87384382 1
78550082 95177202 1
87384382 95177202 1
5736479 13149935 1
5736479 13194286 1
5736479 38372252 1
5736479 87384382 1
38372252 87384382 1
38372252 72745682 1
8652877 13149935 1
8652877 13194286 1
13149935 40728372 1
13194286 40728372 1
1595922 13149935 1
1595922 13194286 1
1595922 38372252 1
13149935 17664111 1
13149935 107201772 1
13149935 110423062 1
13194286 17664111 1
13194286 107201772 1
13194286 110423062 1
17664111 107201772 1
17664111 110423062 1
107201772 110423062 1
4033167 13149935 1
4033167 13194286 1
13149935 80659992 1
13194286 80659992 1
