112246542 83654552 173895072 112498982 61498022 52122162 12795957 3719477 117906492 83548732 91840202 139735372 45315532 11635033 120556382 123626462 91119712 130823912 179886192 135624442
12795957 83548732 1
12795957 117906492 2
83548732 117906492 5
11635033 52122162 1
11635033 83548732 1
11635033 91119712 1
11635033 112498982 1
11635033 117906492 1
11635033 123626462 1
52122162 83548732 3
52122162 91119712 1
52122162 112498982 1
52122162 117906492 3
52122162 123626462 1
83548732 91119712 1
83548732 112498982 1
83548732 123626462 1
91119712 112498982 1
91119712 117906492 2
91119712 123626462 1
112498982 117906492 1
112498982 123626462 1
117906492 123626462 1
83548732 130823912 1
117906492 130823912 1
52122162 83654552 1
52122162 112246542 1
52122162 139735372 1
83548732 83654552 1
83548732 112246542 1
83548732 139735372 1
83654552 112246542 1
83654552 117906492 1
83654552 139735372 1
112246542 117906492 1
112246542 139735372 1
117906492 139735372 1
12795957 45315532 1
12795957 91119712 1
45315532 91119712 1
45315532 117906492 2
61498022 117906492 1
117906492 135624442 1
3719477 45315532 1
3719477 52122162 1
3719477 83548732 1
3719477 91840202 1
3719477 117906492 1
3719477 120556382 1
3719477 173895072 1
3719477 179886192 1
45315532 52122162 1
45315532 83548732 1
45315532 91840202 1
45315532 120556382 1
45315532 173895072 1
45315532 179886192 1
52122162 91840202 1
52122162 120556382 1
52122162 173895072 1
52122162 179886192 1
83548732 91840202 1
83548732 120556382 1
83548732 173895072 1
83548732 179886192 1
91840202 117906492 1
91840202 120556382 1
91840202 173895072 1
91840202 179886192 1
117906492 120556382 1
117906492 173895072 1
117906492 179886192 1
120556382 173895072 1
120556382 179886192 1
173895072 179886192 1
