9582944 10814496 9964900 6315876 8603241 5392493 10721261 8360912 10283698 2960725 4366459 5671516
4366459 9582944 1
9964900 10283698 2
4366459 5392493 1
4366459 9964900 1
5392493 9964900 1
9582944 10721261 1
2960725 8360912 1
2960725 8603241 1
2960725 9964900 1
2960725 10283698 1
2960725 10721261 1
8360912 8603241 1
8360912 9964900 1
8360912 10283698 1
8360912 10721261 1
8603241 9964900 1
8603241 10283698 1
8603241 10721261 1
9964900 10721261 2
10283698 10721261 1
4366459 10814496 1
5671516 6315876 1
