14168064 26885602 10515395 13149935 10565618 29995412 13078869 7790614 14611286 21779061 12273434 10477405 20105151
7790614 10515395 1
7790614 10565618 1
7790614 12273434 1
7790614 13078869 1
7790614 13149935 1
7790614 14611286 1
7790614 20105151 1
7790614 21779061 1
7790614 26885602 1
10515395 10565618 1
10515395 12273434 1
10515395 13078869 1
10515395 13149935 1
10515395 14611286 1
10515395 20105151 1
10515395 21779061 1
10515395 26885602 1
10565618 12273434 1
10565618 13078869 1
10565618 13149935 1
10565618 14611286 1
10565618 20105151 1
10565618 21779061 1
10565618 26885602 1
12273434 13078869 1
12273434 13149935 1
12273434 14611286 1
12273434 20105151 1
12273434 21779061 1
12273434 26885602 1
13078869 13149935 1
13078869 14611286 1
13078869 20105151 1
13078869 21779061 1
13078869 26885602 1
13149935 14611286 1
13149935 20105151 1
13149935 21779061 1
13149935 26885602 1
14611286 20105151 1
14611286 21779061 1
14611286 26885602 1
20105151 21779061 1
20105151 26885602 1
21779061 26885602 1
10477405 26885602 2
10477405 29995412 1
14168064 29995412 1
