182615937 13192892 182802236 192564552 183962089 194874571 117906492 194802864 188719378 192857492 97050452 7753142 37958452 48935732 193709401 83548732 65412542 193414655
83548732 117906492 4
83548732 192564552 1
83548732 192857492 1
83548732 193414655 1
117906492 192564552 1
117906492 192857492 1
117906492 193414655 1
192564552 192857492 1
192564552 193414655 1
192857492 193414655 1
7753142 65412542 1
7753142 83548732 1
7753142 97050452 1
7753142 117906492 1
7753142 188719378 1
7753142 193709401 1
7753142 194802864 1
65412542 83548732 1
65412542 97050452 1
65412542 117906492 1
65412542 188719378 1
65412542 193709401 1
65412542 194802864 1
83548732 97050452 2
83548732 188719378 3
83548732 193709401 2
83548732 194802864 1
97050452 117906492 1
97050452 188719378 2
97050452 193709401 2
97050452 194802864 1
117906492 188719378 1
117906492 193709401 1
117906492 194802864 1
188719378 193709401 2
188719378 194802864 1
193709401 194802864 1
13192892 37958452 1
13192892 83548732 1
13192892 97050452 1
13192892 182615937 1
13192892 182802236 1
13192892 183962089 1
13192892 188719378 1
13192892 193709401 1
37958452 83548732 1
37958452 97050452 1
37958452 182615937 1
37958452 182802236 1
37958452 183962089 1
37958452 188719378 1
37958452 193709401 1
83548732 182615937 1
83548732 182802236 1
83548732 183962089 1
97050452 182615937 1
97050452 182802236 1
97050452 183962089 1
182615937 182802236 1
182615937 183962089 1
182615937 188719378 1
182615937 193709401 1
182802236 183962089 1
182802236 188719378 1
182802236 193709401 1
183962089 188719378 1
183962089 193709401 1
48935732 83548732 1
48935732 117906492 1
83548732 194874571 1
117906492 194874571 1
