173612032 68391552 157985552 61541012 183846937 97455392 9855524 38995882 52122162 117906492 83548732 53065662 182493246 148508482 162845122 155368132 183902024 29179722 73683402 4357070 13620814 9591130 105597152 63207392 68003042 182898797 114101102 183268980 13547901 102082302
29179722 61541012 1
29179722 83548732 1
29179722 117906492 1
61541012 83548732 3
61541012 117906492 3
83548732 117906492 9
13547901 61541012 1
13547901 83548732 1
13547901 97455392 1
13547901 102082302 1
13547901 117906492 1
13547901 155368132 1
61541012 97455392 1
61541012 102082302 1
61541012 155368132 1
83548732 97455392 1
83548732 102082302 1
83548732 155368132 1
97455392 102082302 1
97455392 117906492 1
97455392 155368132 1
102082302 117906492 1
102082302 155368132 1
117906492 155368132 1
9591130 38995882 2
9591130 83548732 3
9591130 114101102 3
9591130 117906492 3
9591130 148508482 1
9591130 162845122 2
38995882 83548732 2
38995882 114101102 2
38995882 117906492 2
38995882 148508482 1
38995882 162845122 1
83548732 114101102 4
83548732 148508482 1
83548732 162845122 3
114101102 117906492 4
114101102 148508482 1
114101102 162845122 2
117906492 148508482 1
117906492 162845122 2
148508482 162845122 1
9855524 83548732 1
9855524 117906492 1
9591130 52122162 1
9591130 68003042 1
9591130 73683402 1
9591130 173612032 1
52122162 68003042 1
52122162 73683402 1
52122162 83548732 1
52122162 114101102 1
52122162 117906492 1
52122162 162845122 1
52122162 173612032 1
68003042 73683402 1
68003042 83548732 1
68003042 114101102 1
68003042 117906492 1
68003042 162845122 1
68003042 173612032 1
73683402 83548732 1
73683402 114101102 1
73683402 117906492 1
73683402 162845122 1
73683402 173612032 1
83548732 173612032 1
114101102 173612032 1
117906492 173612032 1
162845122 173612032 1
83548732 183268980 3
83548732 183846937 2
117906492 183268980 3
117906492 183846937 2
183268980 183846937 2
9591130 105597152 1
9591130 183268980 1
9591130 183902024 1
38995882 105597152 1
38995882 183268980 1
38995882 183902024 1
83548732 105597152 1
83548732 183902024 1
105597152 114101102 1
105597152 117906492 1
105597152 183268980 1
105597152 183902024 1
114101102 183268980 1
114101102 183902024 1
117906492 183902024 1
183268980 183902024 1
53065662 61541012 1
53065662 83548732 1
53065662 117906492 1
53065662 157985552 1
53065662 182493246 1
53065662 182898797 1
53065662 183268980 1
53065662 183846937 1
61541012 157985552 1
61541012 182493246 1
61541012 182898797 1
61541012 183268980 1
61541012 183846937 1
83548732 157985552 1
83548732 182493246 1
83548732 182898797 1
117906492 157985552 1
117906492 182493246 1
117906492 182898797 1
157985552 182493246 1
157985552 182898797 1
157985552 183268980 1
157985552 183846937 1
182493246 182898797 1
182493246 183268980 1
182493246 183846937 1
182898797 183268980 1
182898797 183846937 1
4357070 13620814 1
4357070 63207392 1
4357070 68391552 1
4357070 83548732 1
4357070 114101102 1
4357070 117906492 1
13620814 63207392 1
13620814 68391552 1
13620814 83548732 1
13620814 114101102 1
13620814 117906492 1
63207392 68391552 1
63207392 83548732 1
63207392 114101102 1
63207392 117906492 1
68391552 83548732 1
68391552 114101102 1
68391552 117906492 1
