9354370 9283458 9366276 9311495 6218632 9588743 8450442 2012811 2956298 6293134 7419406 9137040 8905617 11294352 7880723 8933907 9601429 9155607 9359770 9779995 9737372 9047069 9153570 8108579 11475746 2849829 6311847 10875560 7748906 10313131 9038636 8214443 9595055 9153713 9577267 11425460 2457781 10646327 2521533 9592769 9319236 9865289 9337293 11478607 9045584 7708113 9774420 3294809 9118042 9567325 8960478 3133534 9569760 2337889 8958946 9142242 9212000 9034337 9047911 11428972 9380592 6740341 5708026 11479420
2012811 2337889 1
2012811 2457781 1
2012811 6293134 1
2012811 7880723 1
2012811 8108579 1
2012811 8933907 1
2012811 8958946 1
2012811 8960478 1
2012811 9038636 1
2012811 9047069 1
2012811 9047911 1
2012811 9137040 1
2012811 9142242 1
2012811 9153570 1
2012811 9153713 1
2012811 9311495 1
2012811 9319236 1
2012811 9337293 1
2012811 9354370 1
2012811 9359770 1
2012811 9366276 1
2337889 2457781 3
2337889 6293134 1
2337889 7880723 10
2337889 8108579 4
2337889 8933907 10
2337889 8958946 8
2337889 8960478 5
2337889 9038636 10
2337889 9047069 10
2337889 9047911 4
2337889 9137040 8
2337889 9142242 1
2337889 9153570 6
2337889 9153713 8
2337889 9311495 1
2337889 9319236 1
2337889 9337293 1
2337889 9354370 2
2337889 9359770 3
2337889 9366276 1
2457781 6293134 1
2457781 7880723 3
2457781 8108579 2
2457781 8933907 3
2457781 8958946 2
2457781 8960478 1
2457781 9038636 3
2457781 9047069 3
2457781 9047911 1
2457781 9137040 2
2457781 9142242 1
2457781 9153570 3
2457781 9153713 2
2457781 9311495 1
2457781 9319236 1
2457781 9337293 1
2457781 9354370 1
2457781 9359770 1
2457781 9366276 1
6293134 7880723 1
6293134 8108579 1
6293134 8933907 1
6293134 8958946 1
6293134 8960478 1
6293134 9038636 1
6293134 9047069 1
6293134 9047911 1
6293134 9137040 1
6293134 9142242 1
6293134 9153570 1
6293134 9153713 1
6293134 9311495 1
6293134 9319236 1
6293134 9337293 1
6293134 9354370 1
6293134 9359770 1
6293134 9366276 1
7880723 8108579 4
7880723 8933907 10
7880723 8958946 8
7880723 8960478 5
7880723 9038636 10
7880723 9047069 10
7880723 9047911 4
7880723 9137040 8
7880723 9142242 1
7880723 9153570 6
7880723 9153713 8
7880723 9311495 1
7880723 9319236 1
7880723 9337293 1
7880723 9354370 2
7880723 9359770 3
7880723 9366276 1
8108579 8933907 4
8108579 8958946 3
8108579 8960478 3
8108579 9038636 4
8108579 9047069 4
8108579 9047911 1
8108579 9137040 3
8108579 9142242 1
8108579 9153570 2
8108579 9153713 4
8108579 9311495 1
8108579 9319236 1
8108579 9337293 1
8108579 9354370 1
8108579 9359770 1
8108579 9366276 1
8933907 8958946 8
8933907 8960478 5
8933907 9038636 10
8933907 9047069 10
8933907 9047911 4
8933907 9137040 8
8933907 9142242 1
8933907 9153570 6
8933907 9153713 8
8933907 9311495 1
8933907 9319236 1
8933907 9337293 1
8933907 9354370 2
8933907 9359770 3
8933907 9366276 1
8958946 8960478 4
8958946 9038636 8
8958946 9047069 8
8958946 9047911 4
8958946 9137040 6
8958946 9142242 1
8958946 9153570 5
8958946 9153713 7
8958946 9311495 1
8958946 9319236 1
8958946 9337293 1
8958946 9354370 2
8958946 9359770 3
8958946 9366276 1
8960478 9038636 5
8960478 9047069 5
8960478 9047911 2
8960478 9137040 5
8960478 9142242 1
8960478 9153570 2
8960478 9153713 4
8960478 9311495 1
8960478 9319236 1
8960478 9337293 1
8960478 9354370 2
8960478 9359770 2
8960478 9366276 1
9038636 9047069 10
9038636 9047911 4
9038636 9137040 8
9038636 9142242 1
9038636 9153570 6
9038636 9153713 8
9038636 9311495 1
9038636 9319236 1
9038636 9337293 1
9038636 9354370 2
9038636 9359770 3
9038636 9366276 1
9047069 9047911 4
9047069 9137040 8
9047069 9142242 1
9047069 9153570 6
9047069 9153713 8
9047069 9311495 1
9047069 9319236 1
9047069 9337293 1
9047069 9354370 2
9047069 9359770 3
9047069 9366276 1
9047911 9137040 3
9047911 9142242 1
9047911 9153570 4
9047911 9153713 4
9047911 9311495 1
9047911 9319236 1
9047911 9337293 1
9047911 9354370 2
9047911 9359770 3
9047911 9366276 1
9137040 9142242 1
9137040 9153570 4
9137040 9153713 6
9137040 9311495 1
9137040 9319236 1
9137040 9337293 1
9137040 9354370 2
9137040 9359770 2
9137040 9366276 1
9142242 9153570 1
9142242 9153713 1
9142242 9311495 1
9142242 9319236 1
9142242 9337293 1
9142242 9354370 1
9142242 9359770 1
9142242 9366276 1
9153570 9153713 5
9153570 9311495 1
9153570 9319236 1
9153570 9337293 1
9153570 9354370 2
9153570 9359770 3
9153570 9366276 1
9153713 9311495 1
9153713 9319236 1
9153713 9337293 1
9153713 9354370 2
9153713 9359770 3
9153713 9366276 1
9311495 9319236 1
9311495 9337293 1
9311495 9354370 1
9311495 9359770 1
9311495 9366276 1
9319236 9337293 1
9319236 9354370 1
9319236 9359770 1
9319236 9366276 1
9337293 9354370 1
9337293 9359770 1
9337293 9366276 1
9354370 9359770 2
9354370 9366276 1
9359770 9366276 1
2337889 5708026 2
2337889 6218632 9
2337889 6311847 1
2337889 9380592 7
2337889 9569760 6
2337889 9577267 1
2337889 9588743 1
2337889 9592769 3
2337889 9595055 1
2337889 9601429 1
5708026 6218632 2
5708026 6311847 1
5708026 7880723 2
5708026 8933907 2
5708026 8958946 1
5708026 8960478 2
5708026 9038636 2
5708026 9047069 2
5708026 9047911 1
5708026 9137040 2
5708026 9153570 1
5708026 9153713 2
5708026 9354370 1
5708026 9359770 1
5708026 9380592 2
5708026 9569760 2
5708026 9577267 1
5708026 9588743 1
5708026 9592769 2
5708026 9595055 1
5708026 9601429 1
6218632 6311847 1
6218632 7880723 9
6218632 8933907 9
6218632 8958946 7
6218632 8960478 4
6218632 9038636 9
6218632 9047069 9
6218632 9047911 3
6218632 9137040 7
6218632 9153570 5
6218632 9153713 7
6218632 9354370 1
6218632 9359770 2
6218632 9380592 7
6218632 9569760 6
6218632 9577267 1
6218632 9588743 1
6218632 9592769 3
6218632 9595055 1
6218632 9601429 1
6311847 7880723 1
6311847 8933907 1
6311847 8958946 1
6311847 8960478 1
6311847 9038636 1
6311847 9047069 1
6311847 9047911 1
6311847 9137040 1
6311847 9153570 1
6311847 9153713 1
6311847 9354370 1
6311847 9359770 1
6311847 9380592 1
6311847 9569760 1
6311847 9577267 1
6311847 9588743 1
6311847 9592769 1
6311847 9595055 1
6311847 9601429 1
7880723 9380592 7
7880723 9569760 6
7880723 9577267 1
7880723 9588743 1
7880723 9592769 3
7880723 9595055 1
7880723 9601429 1
8933907 9380592 7
8933907 9569760 6
8933907 9577267 1
8933907 9588743 1
8933907 9592769 3
8933907 9595055 1
8933907 9601429 1
8958946 9380592 5
8958946 9569760 5
8958946 9577267 1
8958946 9588743 1
8958946 9592769 2
8958946 9595055 1
8958946 9601429 1
8960478 9380592 4
8960478 9569760 4
8960478 9577267 1
8960478 9588743 1
8960478 9592769 3
8960478 9595055 1
8960478 9601429 1
9038636 9380592 7
9038636 9569760 6
9038636 9577267 1
9038636 9588743 1
9038636 9592769 3
9038636 9595055 1
9038636 9601429 1
9047069 9380592 7
9047069 9569760 6
9047069 9577267 1
9047069 9588743 1
9047069 9592769 3
9047069 9595055 1
9047069 9601429 1
9047911 9380592 2
9047911 9569760 1
9047911 9577267 1
9047911 9588743 1
9047911 9592769 1
9047911 9595055 1
9047911 9601429 1
9137040 9380592 7
9137040 9569760 5
9137040 9577267 1
9137040 9588743 1
9137040 9592769 3
9137040 9595055 1
9137040 9601429 1
9153570 9380592 3
9153570 9569760 2
9153570 9577267 1
9153570 9588743 1
9153570 9592769 1
9153570 9595055 1
9153570 9601429 1
9153713 9380592 5
9153713 9569760 5
9153713 9577267 1
9153713 9588743 1
9153713 9592769 3
9153713 9595055 1
9153713 9601429 1
9354370 9380592 1
9354370 9569760 1
9354370 9577267 1
9354370 9588743 1
9354370 9592769 1
9354370 9595055 1
9354370 9601429 1
9359770 9380592 1
9359770 9569760 1
9359770 9577267 1
9359770 9588743 1
9359770 9592769 1
9359770 9595055 1
9359770 9601429 1
9380592 9569760 5
9380592 9577267 1
9380592 9588743 1
9380592 9592769 3
9380592 9595055 1
9380592 9601429 1
9569760 9577267 1
9569760 9588743 1
9569760 9592769 3
9569760 9595055 1
9569760 9601429 1
9577267 9588743 1
9577267 9592769 1
9577267 9595055 1
9577267 9601429 1
9588743 9592769 1
9588743 9595055 1
9588743 9601429 1
9592769 9595055 1
9592769 9601429 1
9595055 9601429 1
2337889 9283458 4
2337889 9737372 2
2337889 9774420 1
2337889 9779995 1
6218632 8108579 3
6218632 9283458 4
6218632 9737372 2
6218632 9774420 1
6218632 9779995 1
7880723 9283458 4
7880723 9737372 2
7880723 9774420 1
7880723 9779995 1
8108579 9283458 2
8108579 9380592 2
8108579 9569760 3
8108579 9592769 2
8108579 9737372 2
8108579 9774420 1
8108579 9779995 1
8933907 9283458 4
8933907 9737372 2
8933907 9774420 1
8933907 9779995 1
8958946 9283458 4
8958946 9737372 1
8958946 9774420 1
8958946 9779995 1
8960478 9283458 1
8960478 9737372 2
8960478 9774420 1
8960478 9779995 1
9038636 9283458 4
9038636 9737372 2
9038636 9774420 1
9038636 9779995 1
9047069 9283458 4
9047069 9737372 2
9047069 9774420 1
9047069 9779995 1
9137040 9283458 2
9137040 9737372 2
9137040 9774420 1
9137040 9779995 1
9153713 9283458 4
9153713 9737372 2
9153713 9774420 1
9153713 9779995 1
9283458 9380592 2
9283458 9569760 3
9283458 9592769 1
9283458 9737372 1
9283458 9774420 1
9283458 9779995 1
9380592 9737372 2
9380592 9774420 1
9380592 9779995 1
9569760 9737372 2
9569760 9774420 1
9569760 9779995 1
9592769 9737372 2
9592769 9774420 1
9592769 9779995 1
9737372 9774420 1
9737372 9779995 1
9774420 9779995 1
2337889 7708113 2
2337889 7748906 1
2337889 8450442 1
2337889 9155607 4
2337889 9865289 5
5708026 7708113 1
5708026 7748906 1
5708026 8108579 1
5708026 8450442 1
5708026 9155607 1
5708026 9737372 1
5708026 9865289 1
6218632 7708113 2
6218632 7748906 1
6218632 8450442 1
6218632 9155607 4
6218632 9865289 5
7708113 7748906 1
7708113 7880723 2
7708113 8108579 1
7708113 8450442 1
7708113 8933907 2
7708113 8960478 1
7708113 9038636 2
7708113 9047069 2
7708113 9137040 2
7708113 9153713 2
7708113 9155607 2
7708113 9380592 2
7708113 9569760 2
7708113 9592769 1
7708113 9737372 1
7708113 9865289 1
7748906 7880723 1
7748906 8108579 1
7748906 8450442 1
7748906 8933907 1
7748906 8960478 1
7748906 9038636 1
7748906 9047069 1
7748906 9137040 1
7748906 9153713 1
7748906 9155607 1
7748906 9380592 1
7748906 9569760 1
7748906 9592769 1
7748906 9737372 1
7748906 9865289 1
7880723 8450442 1
7880723 9155607 4
7880723 9865289 5
8108579 8450442 1
8108579 9155607 2
8108579 9865289 2
8450442 8933907 1
8450442 8960478 1
8450442 9038636 1
8450442 9047069 1
8450442 9137040 1
8450442 9153713 1
8450442 9155607 1
8450442 9380592 1
8450442 9569760 1
8450442 9592769 1
8450442 9737372 1
8450442 9865289 1
8933907 9155607 4
8933907 9865289 5
8960478 9155607 1
8960478 9865289 1
9038636 9155607 4
9038636 9865289 5
9047069 9155607 4
9047069 9865289 5
9137040 9155607 3
9137040 9865289 3
9153713 9155607 4
9153713 9865289 4
9155607 9380592 3
9155607 9569760 3
9155607 9592769 1
9155607 9737372 1
9155607 9865289 3
9380592 9865289 3
9569760 9865289 2
9592769 9865289 1
9737372 9865289 1
2337889 3294809 2
2337889 9045584 1
2337889 9212000 6
3294809 6218632 2
3294809 7708113 1
3294809 7880723 2
3294809 8933907 2
3294809 8958946 2
3294809 9038636 2
3294809 9045584 1
3294809 9047069 2
3294809 9137040 1
3294809 9153713 2
3294809 9155607 1
3294809 9212000 2
3294809 9283458 2
3294809 9380592 1
3294809 9569760 1
6218632 9045584 1
6218632 9212000 6
7708113 8958946 1
7708113 9045584 1
7708113 9212000 1
7708113 9283458 1
7880723 9045584 1
7880723 9212000 6
8933907 9045584 1
8933907 9212000 6
8958946 9045584 1
8958946 9155607 3
8958946 9212000 5
9038636 9045584 1
9038636 9212000 6
9045584 9047069 1
9045584 9137040 1
9045584 9153713 1
9045584 9155607 1
9045584 9212000 1
9045584 9283458 1
9045584 9380592 1
9045584 9569760 1
9047069 9212000 6
9137040 9212000 4
9153713 9212000 4
9155607 9212000 3
9155607 9283458 2
9212000 9283458 3
9212000 9380592 4
9212000 9569760 3
2337889 9034337 3
2337889 9118042 1
2337889 9567325 4
2337889 10313131 2
6218632 9034337 3
6218632 9118042 1
6218632 9567325 4
6218632 10313131 2
7880723 9034337 3
7880723 9118042 1
7880723 9567325 4
7880723 10313131 2
8933907 9034337 3
8933907 9118042 1
8933907 9567325 4
8933907 10313131 2
8958946 9034337 3
8958946 9118042 1
8958946 9567325 4
8958946 10313131 2
8960478 9034337 1
8960478 9118042 1
8960478 9212000 1
8960478 9567325 1
8960478 10313131 1
9034337 9038636 3
9034337 9047069 3
9034337 9118042 1
9034337 9137040 2
9034337 9212000 3
9034337 9380592 2
9034337 9567325 3
9034337 9569760 1
9034337 10313131 2
9038636 9118042 1
9038636 9567325 4
9038636 10313131 2
9047069 9118042 1
9047069 9567325 4
9047069 10313131 2
9118042 9137040 1
9118042 9212000 1
9118042 9380592 1
9118042 9567325 1
9118042 9569760 1
9118042 10313131 1
9137040 9567325 2
9137040 10313131 2
9212000 9567325 4
9212000 10313131 2
9380592 9567325 2
9380592 10313131 2
9567325 9569760 2
9567325 10313131 2
9569760 10313131 1
2337889 2521533 3
2337889 2849829 1
2337889 6740341 4
2337889 10646327 4
2337889 10875560 3
2521533 2849829 1
2521533 6218632 3
2521533 6740341 3
2521533 7880723 3
2521533 8933907 3
2521533 8958946 2
2521533 9034337 1
2521533 9038636 3
2521533 9047069 3
2521533 9047911 1
2521533 9137040 2
2521533 9153570 3
2521533 9153713 2
2521533 9155607 2
2521533 9212000 3
2521533 9380592 2
2521533 9567325 2
2521533 9865289 3
2521533 10313131 1
2521533 10646327 3
2521533 10875560 3
2849829 6218632 1
2849829 6740341 1
2849829 7880723 1
2849829 8933907 1
2849829 8958946 1
2849829 9034337 1
2849829 9038636 1
2849829 9047069 1
2849829 9047911 1
2849829 9137040 1
2849829 9153570 1
2849829 9153713 1
2849829 9155607 1
2849829 9212000 1
2849829 9380592 1
2849829 9567325 1
2849829 9865289 1
2849829 10313131 1
2849829 10646327 1
2849829 10875560 1
6218632 6740341 4
6218632 10646327 4
6218632 10875560 3
6740341 7880723 4
6740341 8933907 4
6740341 8958946 3
6740341 9034337 2
6740341 9038636 4
6740341 9047069 4
6740341 9047911 2
6740341 9137040 2
6740341 9153570 4
6740341 9153713 3
6740341 9155607 2
6740341 9212000 4
6740341 9380592 2
6740341 9567325 3
6740341 9865289 4
6740341 10313131 1
6740341 10646327 4
6740341 10875560 3
7880723 10646327 4
7880723 10875560 3
8933907 10646327 4
8933907 10875560 3
8958946 9865289 3
8958946 10646327 3
8958946 10875560 2
9034337 9047911 2
9034337 9153570 2
9034337 9153713 2
9034337 9155607 1
9034337 9865289 2
9034337 10646327 2
9034337 10875560 1
9038636 10646327 4
9038636 10875560 3
9047069 10646327 4
9047069 10875560 3
9047911 9155607 1
9047911 9212000 2
9047911 9567325 2
9047911 9865289 2
9047911 10313131 1
9047911 10646327 2
9047911 10875560 1
9137040 10646327 2
9137040 10875560 2
9153570 9155607 2
9153570 9212000 4
9153570 9567325 3
9153570 9865289 4
9153570 10313131 1
9153570 10646327 4
9153570 10875560 3
9153713 9567325 3
9153713 10313131 1
9153713 10646327 3
9153713 10875560 2
9155607 9567325 2
9155607 10313131 1
9155607 10646327 2
9155607 10875560 2
9212000 9865289 4
9212000 10646327 4
9212000 10875560 3
9380592 10646327 2
9380592 10875560 2
9567325 9865289 3
9567325 10646327 3
9567325 10875560 2
9865289 10313131 1
9865289 10646327 4
9865289 10875560 3
10313131 10646327 1
10313131 10875560 1
10646327 10875560 3
2337889 2956298 2
2337889 3133534 1
2457781 2521533 2
2457781 2956298 1
2457781 3133534 1
2457781 6218632 2
2457781 6740341 2
2457781 9212000 2
2457781 9380592 1
2457781 9865289 2
2457781 10646327 2
2457781 10875560 2
2521533 2956298 1
2521533 3133534 1
2956298 3133534 1
2956298 6218632 2
2956298 6740341 2
2956298 7880723 2
2956298 8933907 2
2956298 9038636 2
2956298 9047069 2
2956298 9137040 1
2956298 9153570 2
2956298 9212000 2
2956298 9380592 1
2956298 9865289 2
2956298 10646327 2
2956298 10875560 1
3133534 6218632 1
3133534 6740341 1
3133534 7880723 1
3133534 8933907 1
3133534 9038636 1
3133534 9047069 1
3133534 9137040 1
3133534 9153570 1
3133534 9212000 1
3133534 9380592 1
3133534 9865289 1
3133534 10646327 1
3133534 10875560 1
2337889 8214443 1
2457781 8214443 1
2457781 9155607 1
2457781 9283458 1
2457781 9567325 1
2457781 9569760 1
2521533 8108579 1
2521533 8214443 1
2521533 9283458 1
2521533 9569760 1
6218632 8214443 1
6740341 8108579 1
6740341 8214443 1
6740341 9283458 2
6740341 9569760 1
7880723 8214443 1
8108579 8214443 1
8108579 9212000 1
8108579 9567325 1
8108579 10646327 1
8108579 10875560 1
8214443 8933907 1
8214443 8958946 1
8214443 9038636 1
8214443 9047069 1
8214443 9153570 1
8214443 9153713 1
8214443 9155607 1
8214443 9212000 1
8214443 9283458 1
8214443 9567325 1
8214443 9569760 1
8214443 9865289 1
8214443 10646327 1
8214443 10875560 1
9153570 9283458 2
9283458 9567325 2
9283458 9865289 2
9283458 10646327 2
9283458 10875560 1
9569760 10646327 1
9569760 10875560 1
2337889 7419406 1
2337889 8905617 1
2337889 11294352 1
2337889 11425460 1
2337889 11428972 1
2337889 11475746 1
2337889 11478607 1
2337889 11479420 1
2956298 3294809 1
2956298 7419406 1
2956298 8905617 1
2956298 8958946 1
2956298 9034337 1
2956298 9047911 1
2956298 9153713 1
2956298 9283458 1
2956298 9359770 1
2956298 9567325 1
2956298 11294352 1
2956298 11425460 1
2956298 11428972 1
2956298 11475746 1
2956298 11478607 1
2956298 11479420 1
3294809 6740341 1
3294809 7419406 1
3294809 8905617 1
3294809 9034337 1
3294809 9047911 1
3294809 9153570 1
3294809 9359770 1
3294809 9567325 1
3294809 9865289 1
3294809 10646327 1
3294809 11294352 1
3294809 11425460 1
3294809 11428972 1
3294809 11475746 1
3294809 11478607 1
3294809 11479420 1
6218632 7419406 1
6218632 8905617 1
6218632 11294352 1
6218632 11425460 1
6218632 11428972 1
6218632 11475746 1
6218632 11478607 1
6218632 11479420 1
6740341 7419406 1
6740341 8905617 1
6740341 9359770 1
6740341 11294352 1
6740341 11425460 1
6740341 11428972 1
6740341 11475746 1
6740341 11478607 1
6740341 11479420 1
7419406 7880723 1
7419406 8905617 1
7419406 8933907 1
7419406 8958946 1
7419406 9034337 1
7419406 9038636 1
7419406 9047069 1
7419406 9047911 1
7419406 9153570 1
7419406 9153713 1
7419406 9212000 1
7419406 9283458 1
7419406 9359770 1
7419406 9567325 1
7419406 9865289 1
7419406 10646327 1
7419406 11294352 1
7419406 11425460 1
7419406 11428972 1
7419406 11475746 1
7419406 11478607 1
7419406 11479420 1
7880723 8905617 1
7880723 11294352 1
7880723 11425460 1
7880723 11428972 1
7880723 11475746 1
7880723 11478607 1
7880723 11479420 1
8905617 8933907 1
8905617 8958946 1
8905617 9034337 1
8905617 9038636 1
8905617 9047069 1
8905617 9047911 1
8905617 9153570 1
8905617 9153713 1
8905617 9212000 1
8905617 9283458 1
8905617 9359770 1
8905617 9567325 1
8905617 9865289 1
8905617 10646327 1
8905617 11294352 1
8905617 11425460 1
8905617 11428972 1
8905617 11475746 1
8905617 11478607 1
8905617 11479420 1
8933907 11294352 1
8933907 11425460 1
8933907 11428972 1
8933907 11475746 1
8933907 11478607 1
8933907 11479420 1
8958946 11294352 1
8958946 11425460 1
8958946 11428972 1
8958946 11475746 1
8958946 11478607 1
8958946 11479420 1
9034337 9283458 1
9034337 9359770 1
9034337 11294352 1
9034337 11425460 1
9034337 11428972 1
9034337 11475746 1
9034337 11478607 1
9034337 11479420 1
9038636 11294352 1
9038636 11425460 1
9038636 11428972 1
9038636 11475746 1
9038636 11478607 1
9038636 11479420 1
9047069 11294352 1
9047069 11425460 1
9047069 11428972 1
9047069 11475746 1
9047069 11478607 1
9047069 11479420 1
9047911 9283458 1
9047911 11294352 1
9047911 11425460 1
9047911 11428972 1
9047911 11475746 1
9047911 11478607 1
9047911 11479420 1
9153570 11294352 1
9153570 11425460 1
9153570 11428972 1
9153570 11475746 1
9153570 11478607 1
9153570 11479420 1
9153713 11294352 1
9153713 11425460 1
9153713 11428972 1
9153713 11475746 1
9153713 11478607 1
9153713 11479420 1
9212000 9359770 1
9212000 11294352 1
9212000 11425460 1
9212000 11428972 1
9212000 11475746 1
9212000 11478607 1
9212000 11479420 1
9283458 9359770 1
9283458 11294352 1
9283458 11425460 1
9283458 11428972 1
9283458 11475746 1
9283458 11478607 1
9283458 11479420 1
9359770 9567325 1
9359770 9865289 1
9359770 10646327 1
9359770 11294352 1
9359770 11425460 1
9359770 11428972 1
9359770 11475746 1
9359770 11478607 1
9359770 11479420 1
9567325 11294352 1
9567325 11425460 1
9567325 11428972 1
9567325 11475746 1
9567325 11478607 1
9567325 11479420 1
9865289 11294352 1
9865289 11425460 1
9865289 11428972 1
9865289 11475746 1
9865289 11478607 1
9865289 11479420 1
10646327 11294352 1
10646327 11425460 1
10646327 11428972 1
10646327 11475746 1
10646327 11478607 1
10646327 11479420 1
11294352 11425460 1
11294352 11428972 1
11294352 11475746 1
11294352 11478607 1
11294352 11479420 1
11425460 11428972 1
11425460 11475746 1
11425460 11478607 1
11425460 11479420 1
11428972 11475746 1
11428972 11478607 1
11428972 11479420 1
11475746 11478607 1
11475746 11479420 1
11478607 11479420 1
