11150851 11833348 11974659 8350982 2412045 5164048 8827666 6770322 10428053 10797078 12470551 7626136 10428314 11257242 12093467 8084381 4882078 12115362 11853987 11994276 8785957 4162342 11320999 4628645 11368105 8532901 11973038 11152432 11159985 11305524 11960373 11720248 10516543 11049410 12065858 4054218 11596620 9133264 11986257 12482385 12182484 10921174 6996054 2982872 10773593 4116316 8912381 12220131 11825509 257766 11560042 3328497 9256946 11314547 9652212 10565492 3320182 9211384 3078265 10679677
257766 2412045 1
257766 2982872 1
257766 3078265 1
257766 4162342 2
257766 4882078 3
257766 7626136 1
257766 8084381 1
257766 8350982 3
257766 9133264 4
257766 9211384 4
257766 9256946 1
257766 9652212 4
257766 10428053 4
257766 10565492 4
257766 10679677 2
257766 11049410 1
257766 11150851 1
257766 11152432 4
257766 11159985 1
257766 11314547 3
257766 11320999 3
2412045 2982872 1
2412045 3078265 1
2412045 4162342 1
2412045 4882078 1
2412045 7626136 1
2412045 8084381 1
2412045 8350982 1
2412045 9133264 1
2412045 9211384 1
2412045 9256946 1
2412045 9652212 1
2412045 10428053 1
2412045 10565492 1
2412045 10679677 1
2412045 11049410 1
2412045 11150851 1
2412045 11152432 1
2412045 11159985 1
2412045 11314547 1
2412045 11320999 1
2982872 3078265 3
2982872 4162342 1
2982872 4882078 2
2982872 7626136 1
2982872 8084381 1
2982872 8350982 1
2982872 9133264 1
2982872 9211384 1
2982872 9256946 1
2982872 9652212 3
2982872 10428053 2
2982872 10565492 1
2982872 10679677 1
2982872 11049410 1
2982872 11150851 1
2982872 11152432 1
2982872 11159985 1
2982872 11314547 3
2982872 11320999 1
3078265 4162342 2
3078265 4882078 3
3078265 7626136 1
3078265 8084381 1
3078265 8350982 3
3078265 9133264 3
3078265 9211384 3
3078265 9256946 1
3078265 9652212 5
3078265 10428053 2
3078265 10565492 3
3078265 10679677 3
3078265 11049410 1
3078265 11150851 1
3078265 11152432 2
3078265 11159985 3
3078265 11314547 4
3078265 11320999 3
4162342 4882078 3
4162342 7626136 1
4162342 8084381 1
4162342 8350982 3
4162342 9133264 3
4162342 9211384 3
4162342 9256946 1
4162342 9652212 3
4162342 10428053 2
4162342 10565492 3
4162342 10679677 3
4162342 11049410 1
4162342 11150851 1
4162342 11152432 3
4162342 11159985 2
4162342 11314547 3
4162342 11320999 3
4882078 7626136 1
4882078 8084381 1
4882078 8350982 5
4882078 9133264 5
4882078 9211384 6
4882078 9256946 1
4882078 9652212 5
4882078 10428053 3
4882078 10565492 6
4882078 10679677 5
4882078 11049410 1
4882078 11150851 1
4882078 11152432 5
4882078 11159985 3
4882078 11314547 6
4882078 11320999 5
7626136 8084381 1
7626136 8350982 1
7626136 9133264 1
7626136 9211384 1
7626136 9256946 1
7626136 9652212 1
7626136 10428053 1
7626136 10565492 1
7626136 10679677 1
7626136 11049410 1
7626136 11150851 1
7626136 11152432 1
7626136 11159985 1
7626136 11314547 1
7626136 11320999 1
8084381 8350982 1
8084381 9133264 1
8084381 9211384 1
8084381 9256946 1
8084381 9652212 1
8084381 10428053 1
8084381 10565492 1
8084381 10679677 1
8084381 11049410 1
8084381 11150851 1
8084381 11152432 1
8084381 11159985 1
8084381 11314547 1
8084381 11320999 1
8350982 9133264 5
8350982 9211384 5
8350982 9256946 1
8350982 9652212 5
8350982 10428053 3
8350982 10565492 5
8350982 10679677 4
8350982 11049410 1
8350982 11150851 1
8350982 11152432 4
8350982 11159985 3
8350982 11314547 4
8350982 11320999 5
9133264 9211384 6
9133264 9256946 1
9133264 9652212 6
9133264 10428053 4
9133264 10565492 6
9133264 10679677 4
9133264 11049410 1
9133264 11150851 1
9133264 11152432 5
9133264 11159985 3
9133264 11314547 5
9133264 11320999 5
9211384 9256946 1
9211384 9652212 6
9211384 10428053 4
9211384 10565492 7
9211384 10679677 5
9211384 11049410 1
9211384 11150851 1
9211384 11152432 6
9211384 11159985 3
9211384 11314547 6
9211384 11320999 5
9256946 9652212 1
9256946 10428053 1
9256946 10565492 1
9256946 10679677 1
9256946 11049410 1
9256946 11150851 1
9256946 11152432 1
9256946 11159985 1
9256946 11314547 1
9256946 11320999 1
9652212 10428053 5
9652212 10565492 6
9652212 10679677 4
9652212 11049410 1
9652212 11150851 1
9652212 11152432 5
9652212 11159985 3
9652212 11314547 6
9652212 11320999 5
10428053 10565492 4
10428053 10679677 2
10428053 11049410 1
10428053 11150851 1
10428053 11152432 4
10428053 11159985 1
10428053 11314547 4
10428053 11320999 3
10565492 10679677 5
10565492 11049410 1
10565492 11150851 1
10565492 11152432 6
10565492 11159985 3
10565492 11314547 6
10565492 11320999 5
10679677 11049410 1
10679677 11150851 1
10679677 11152432 4
10679677 11159985 3
10679677 11314547 5
10679677 11320999 4
11049410 11150851 1
11049410 11152432 1
11049410 11159985 1
11049410 11314547 1
11049410 11320999 1
11150851 11152432 1
11150851 11159985 1
11150851 11314547 1
11150851 11320999 1
11152432 11159985 2
11152432 11314547 5
11152432 11320999 4
11159985 11314547 3
11159985 11320999 3
11314547 11320999 4
257766 4054218 3
257766 8912381 1
257766 10428314 1
257766 10516543 1
257766 11257242 2
257766 11305524 1
257766 11368105 2
4054218 4882078 6
4054218 8350982 4
4054218 8912381 2
4054218 9133264 5
4054218 9211384 6
4054218 9652212 6
4054218 10428053 4
4054218 10428314 1
4054218 10516543 1
4054218 10565492 6
4054218 11152432 5
4054218 11257242 3
4054218 11305524 1
4054218 11320999 4
4054218 11368105 2
4882078 8912381 2
4882078 10428314 1
4882078 10516543 1
4882078 11257242 2
4882078 11305524 1
4882078 11368105 2
8350982 8912381 2
8350982 10428314 1
8350982 10516543 1
8350982 11257242 1
8350982 11305524 1
8350982 11368105 2
8912381 9133264 2
8912381 9211384 2
8912381 9652212 2
8912381 10428053 1
8912381 10428314 1
8912381 10516543 1
8912381 10565492 2
8912381 11152432 2
8912381 11257242 1
8912381 11305524 1
8912381 11320999 2
8912381 11368105 1
9133264 10428314 1
9133264 10516543 1
9133264 11257242 2
9133264 11305524 1
9133264 11368105 2
9211384 10428314 1
9211384 10516543 1
9211384 11257242 2
9211384 11305524 1
9211384 11368105 2
9652212 10428314 1
9652212 10516543 1
9652212 11257242 2
9652212 11305524 1
9652212 11368105 2
10428053 10428314 1
10428053 10516543 1
10428053 11257242 2
10428053 11305524 1
10428053 11368105 2
10428314 10516543 1
10428314 10565492 1
10428314 11152432 1
10428314 11257242 1
10428314 11305524 1
10428314 11320999 1
10428314 11368105 1
10516543 10565492 1
10516543 11152432 1
10516543 11257242 1
10516543 11305524 1
10516543 11320999 1
10516543 11368105 1
10565492 11257242 2
10565492 11305524 1
10565492 11368105 2
11152432 11257242 2
11152432 11305524 1
11152432 11368105 2
11257242 11305524 1
11257242 11320999 1
11257242 11368105 1
11305524 11320999 1
11305524 11368105 1
11320999 11368105 2
257766 3328497 1
257766 8785957 1
257766 8827666 1
257766 10773593 1
257766 10797078 1
257766 10921174 2
257766 11596620 2
257766 11720248 1
257766 11833348 2
3328497 4054218 1
3328497 4162342 1
3328497 4882078 1
3328497 8350982 1
3328497 8785957 1
3328497 8827666 1
3328497 9133264 1
3328497 9211384 1
3328497 9652212 1
3328497 10428053 1
3328497 10565492 1
3328497 10679677 1
3328497 10773593 1
3328497 10797078 1
3328497 10921174 1
3328497 11152432 1
3328497 11314547 1
3328497 11320999 1
3328497 11368105 1
3328497 11596620 1
3328497 11720248 1
3328497 11833348 1
4054218 4162342 2
4054218 8785957 1
4054218 8827666 1
4054218 10679677 4
4054218 10773593 2
4054218 10797078 1
4054218 10921174 3
4054218 11314547 7
4054218 11596620 5
4054218 11720248 1
4054218 11833348 3
4162342 8785957 1
4162342 8827666 1
4162342 10773593 2
4162342 10797078 1
4162342 10921174 2
4162342 11368105 1
4162342 11596620 2
4162342 11720248 1
4162342 11833348 2
4882078 8785957 1
4882078 8827666 1
4882078 10773593 2
4882078 10797078 1
4882078 10921174 2
4882078 11596620 3
4882078 11720248 1
4882078 11833348 2
8350982 8785957 1
8350982 8827666 1
8350982 10773593 2
8350982 10797078 1
8350982 10921174 2
8350982 11596620 3
8350982 11720248 1
8350982 11833348 2
8785957 8827666 1
8785957 9133264 1
8785957 9211384 1
8785957 9652212 1
8785957 10428053 1
8785957 10565492 1
8785957 10679677 1
8785957 10773593 1
8785957 10797078 1
8785957 10921174 1
8785957 11152432 1
8785957 11314547 1
8785957 11320999 1
8785957 11368105 1
8785957 11596620 1
8785957 11720248 1
8785957 11833348 1
8827666 9133264 1
8827666 9211384 1
8827666 9652212 1
8827666 10428053 1
8827666 10565492 1
8827666 10679677 1
8827666 10773593 1
8827666 10797078 1
8827666 10921174 1
8827666 11152432 1
8827666 11314547 1
8827666 11320999 1
8827666 11368105 1
8827666 11596620 1
8827666 11720248 1
8827666 11833348 1
9133264 10773593 2
9133264 10797078 1
9133264 10921174 3
9133264 11596620 4
9133264 11720248 1
9133264 11833348 3
9211384 10773593 2
9211384 10797078 1
9211384 10921174 3
9211384 11596620 4
9211384 11720248 1
9211384 11833348 3
9652212 10773593 2
9652212 10797078 1
9652212 10921174 3
9652212 11596620 5
9652212 11720248 1
9652212 11833348 3
10428053 10773593 1
10428053 10797078 1
10428053 10921174 2
10428053 11596620 3
10428053 11720248 1
10428053 11833348 2
10565492 10773593 2
10565492 10797078 1
10565492 10921174 3
10565492 11596620 4
10565492 11720248 1
10565492 11833348 3
10679677 10773593 2
10679677 10797078 1
10679677 10921174 2
10679677 11368105 1
10679677 11596620 3
10679677 11720248 1
10679677 11833348 2
10773593 10797078 1
10773593 10921174 2
10773593 11152432 2
10773593 11314547 2
10773593 11320999 2
10773593 11368105 1
10773593 11596620 2
10773593 11720248 1
10773593 11833348 2
10797078 10921174 1
10797078 11152432 1
10797078 11314547 1
10797078 11320999 1
10797078 11368105 1
10797078 11596620 1
10797078 11720248 1
10797078 11833348 1
10921174 11152432 3
10921174 11314547 3
10921174 11320999 2
10921174 11368105 1
10921174 11596620 3
10921174 11720248 1
10921174 11833348 3
11152432 11596620 3
11152432 11720248 1
11152432 11833348 3
11314547 11368105 1
11314547 11596620 5
11314547 11720248 1
11314547 11833348 3
11320999 11596620 3
11320999 11720248 1
11320999 11833348 2
11368105 11596620 1
11368105 11720248 1
11368105 11833348 1
11596620 11720248 1
11596620 11833348 3
11720248 11833348 1
257766 3320182 1
257766 11560042 1
257766 11853987 1
3320182 4054218 3
3320182 9133264 1
3320182 9211384 1
3320182 9652212 3
3320182 10428053 2
3320182 10565492 1
3320182 10921174 1
3320182 11152432 1
3320182 11257242 2
3320182 11314547 3
3320182 11560042 4
3320182 11596620 2
3320182 11833348 1
3320182 11853987 2
4054218 11560042 6
4054218 11853987 1
9133264 11560042 3
9133264 11853987 1
9211384 11560042 4
9211384 11853987 1
9652212 11560042 5
9652212 11853987 2
10428053 11560042 2
10428053 11853987 1
10565492 11560042 4
10565492 11853987 1
10921174 11257242 1
10921174 11560042 2
10921174 11853987 1
11152432 11560042 3
11152432 11853987 1
11257242 11314547 2
11257242 11560042 2
11257242 11596620 1
11257242 11833348 1
11257242 11853987 1
11314547 11560042 6
11314547 11853987 1
11560042 11596620 4
11560042 11833348 2
11560042 11853987 2
11596620 11853987 1
11833348 11853987 1
3078265 4054218 3
3078265 4628645 1
3078265 6996054 1
3078265 8912381 1
3078265 10773593 1
3078265 10921174 1
3078265 11560042 4
3078265 11596620 3
3078265 11825509 1
3078265 11833348 1
3078265 11973038 1
3078265 11974659 3
3078265 11986257 2
3078265 11994276 1
4054218 4628645 1
4054218 6996054 1
4054218 11159985 2
4054218 11825509 2
4054218 11973038 1
4054218 11974659 4
4054218 11986257 1
4054218 11994276 1
4162342 4628645 1
4162342 6996054 1
4162342 8912381 1
4162342 11560042 1
4162342 11825509 1
4162342 11973038 1
4162342 11974659 1
4162342 11986257 1
4162342 11994276 1
4628645 4882078 1
4628645 6996054 1
4628645 8350982 1
4628645 8912381 1
4628645 9133264 1
4628645 9211384 1
4628645 9652212 1
4628645 10565492 1
4628645 10679677 1
4628645 10773593 1
4628645 10921174 1
4628645 11152432 1
4628645 11159985 1
4628645 11314547 1
4628645 11320999 1
4628645 11560042 1
4628645 11596620 1
4628645 11825509 1
4628645 11833348 1
4628645 11973038 1
4628645 11974659 1
4628645 11986257 1
4628645 11994276 1
4882078 6996054 1
4882078 11560042 4
4882078 11825509 2
4882078 11973038 1
4882078 11974659 4
4882078 11986257 1
4882078 11994276 1
6996054 8350982 1
6996054 8912381 1
6996054 9133264 1
6996054 9211384 1
6996054 9652212 1
6996054 10565492 1
6996054 10679677 1
6996054 10773593 1
6996054 10921174 1
6996054 11152432 1
6996054 11159985 1
6996054 11314547 1
6996054 11320999 1
6996054 11560042 1
6996054 11596620 1
6996054 11825509 1
6996054 11833348 1
6996054 11973038 1
6996054 11974659 1
6996054 11986257 1
6996054 11994276 1
8350982 11560042 2
8350982 11825509 1
8350982 11973038 1
8350982 11974659 2
8350982 11986257 1
8350982 11994276 1
8912381 10679677 1
8912381 10773593 1
8912381 10921174 1
8912381 11159985 1
8912381 11314547 1
8912381 11560042 1
8912381 11596620 1
8912381 11825509 1
8912381 11833348 1
8912381 11973038 1
8912381 11974659 1
8912381 11986257 1
8912381 11994276 1
9133264 11825509 1
9133264 11973038 1
9133264 11974659 2
9133264 11986257 1
9133264 11994276 1
9211384 11825509 2
9211384 11973038 1
9211384 11974659 3
9211384 11986257 1
9211384 11994276 1
9652212 11825509 1
9652212 11973038 1
9652212 11974659 3
9652212 11986257 2
9652212 11994276 1
10565492 11825509 2
10565492 11973038 1
10565492 11974659 3
10565492 11986257 1
10565492 11994276 1
10679677 11560042 3
10679677 11825509 2
10679677 11973038 1
10679677 11974659 3
10679677 11986257 1
10679677 11994276 1
10773593 11159985 1
10773593 11560042 1
10773593 11825509 1
10773593 11973038 1
10773593 11974659 1
10773593 11986257 1
10773593 11994276 1
10921174 11159985 1
10921174 11825509 1
10921174 11973038 1
10921174 11974659 1
10921174 11986257 1
10921174 11994276 1
11152432 11825509 2
11152432 11973038 1
11152432 11974659 2
11152432 11986257 1
11152432 11994276 1
11159985 11560042 2
11159985 11596620 2
11159985 11825509 1
11159985 11833348 1
11159985 11973038 1
11159985 11974659 2
11159985 11986257 1
11159985 11994276 1
11314547 11825509 2
11314547 11973038 1
11314547 11974659 4
11314547 11986257 1
11314547 11994276 1
11320999 11560042 2
11320999 11825509 1
11320999 11973038 1
11320999 11974659 2
11320999 11986257 1
11320999 11994276 1
11560042 11825509 2
11560042 11973038 1
11560042 11974659 5
11560042 11986257 2
11560042 11994276 1
11596620 11825509 1
11596620 11973038 1
11596620 11974659 2
11596620 11986257 1
11596620 11994276 1
11825509 11833348 1
11825509 11973038 1
11825509 11974659 2
11825509 11986257 1
11825509 11994276 1
11833348 11973038 1
11833348 11974659 1
11833348 11986257 1
11833348 11994276 1
11973038 11974659 1
11973038 11986257 1
11973038 11994276 1
11974659 11986257 2
11974659 11994276 1
11986257 11994276 1
2982872 3320182 3
2982872 4054218 2
2982872 8532901 2
2982872 11560042 3
2982872 11596620 1
2982872 12065858 3
2982872 12093467 2
3078265 3320182 2
3078265 8532901 2
3078265 12065858 2
3078265 12093467 3
3320182 8532901 2
3320182 12065858 3
3320182 12093467 2
4054218 8532901 4
4054218 12065858 2
4054218 12093467 2
8532901 9652212 2
8532901 10428053 1
8532901 11314547 4
8532901 11560042 4
8532901 11596620 2
8532901 12065858 2
8532901 12093467 2
9652212 12065858 2
9652212 12093467 3
10428053 12065858 1
10428053 12093467 1
11314547 12065858 2
11314547 12093467 2
11560042 12065858 3
11560042 12093467 3
11596620 12065858 1
11596620 12093467 2
12065858 12093467 2
3078265 5164048 1
3078265 12115362 1
3078265 12182484 2
4054218 5164048 1
4054218 12115362 1
4054218 12182484 1
4882078 5164048 1
4882078 8532901 3
4882078 12093467 1
4882078 12115362 1
4882078 12182484 1
5164048 8350982 1
5164048 8532901 1
5164048 9133264 1
5164048 9211384 1
5164048 9652212 1
5164048 10565492 1
5164048 10679677 1
5164048 11159985 1
5164048 11314547 1
5164048 11320999 1
5164048 11560042 1
5164048 11596620 1
5164048 11974659 1
5164048 12093467 1
5164048 12115362 1
5164048 12182484 1
8350982 8532901 1
8350982 12093467 1
8350982 12115362 1
8350982 12182484 1
8532901 9133264 1
8532901 9211384 2
8532901 10565492 2
8532901 10679677 2
8532901 11159985 1
8532901 11320999 1
8532901 11974659 3
8532901 12115362 1
8532901 12182484 1
9133264 12093467 1
9133264 12115362 1
9133264 12182484 1
9211384 12093467 1
9211384 12115362 1
9211384 12182484 1
9652212 12115362 1
9652212 12182484 2
10565492 12093467 1
10565492 12115362 1
10565492 12182484 1
10679677 12093467 1
10679677 12115362 1
10679677 12182484 1
11159985 12093467 1
11159985 12115362 1
11159985 12182484 1
11314547 12115362 1
11314547 12182484 1
11320999 12093467 1
11320999 12115362 1
11320999 12182484 1
11560042 12115362 1
11560042 12182484 2
11596620 12115362 1
11596620 12182484 1
11974659 12093467 2
11974659 12115362 1
11974659 12182484 2
12093467 12115362 1
12093467 12182484 2
12115362 12182484 1
2982872 11853987 1
2982872 11960373 1
2982872 11974659 2
2982872 11986257 1
2982872 12182484 1
2982872 12220131 1
3078265 11853987 1
3078265 11960373 1
3078265 12220131 1
3320182 11960373 1
3320182 11974659 2
3320182 11986257 1
3320182 12182484 1
3320182 12220131 1
9652212 11960373 1
9652212 12220131 1
11560042 11960373 1
11560042 12220131 1
11853987 11960373 1
11853987 11974659 1
11853987 11986257 1
11853987 12065858 1
11853987 12093467 1
11853987 12182484 1
11853987 12220131 1
11960373 11974659 1
11960373 11986257 1
11960373 12065858 1
11960373 12093467 1
11960373 12182484 1
11960373 12220131 1
11974659 12065858 2
11974659 12220131 1
11986257 12065858 1
11986257 12093467 1
11986257 12182484 1
11986257 12220131 1
12065858 12182484 1
12065858 12220131 1
12093467 12220131 1
12182484 12220131 1
4054218 6770322 1
4054218 12470551 1
4054218 12482385 1
4882078 6770322 1
4882078 12470551 1
4882078 12482385 1
6770322 8532901 1
6770322 9211384 1
6770322 10565492 1
6770322 10679677 1
6770322 11152432 1
6770322 11314547 1
6770322 11560042 1
6770322 11825509 1
6770322 11974659 1
6770322 12470551 1
6770322 12482385 1
8532901 11152432 1
8532901 11825509 1
8532901 12470551 1
8532901 12482385 1
9211384 12470551 1
9211384 12482385 1
10565492 12470551 1
10565492 12482385 1
10679677 12470551 1
10679677 12482385 1
11152432 12470551 1
11152432 12482385 1
11314547 12470551 1
11314547 12482385 1
11560042 12470551 1
11560042 12482385 1
11825509 12470551 1
11825509 12482385 1
11974659 12470551 1
11974659 12482385 1
12470551 12482385 1
2982872 4116316 1
2982872 11257242 1
3320182 4116316 1
3320182 4882078 1
4054218 4116316 1
4116316 4882078 1
4116316 8532901 1
4116316 11257242 1
4116316 11314547 1
4116316 11560042 1
4116316 11974659 1
4116316 12065858 1
4882078 12065858 1
8532901 11257242 1
11257242 11974659 1
11257242 12065858 1
