8195971 192690309 12044809 68915082 61541012 187676184 85735852 3551924 182140992 8576322 92673862 82698442 87871182 191086290 183056850 188692565 97906902 107531482 6612701 114324322 2978534 12428776 183575535 173664752 188128374 93525882 34617212
3551924 6612701 1
3551924 34617212 1
6612701 34617212 1
8195971 8576322 1
8195971 12044809 1
8195971 12428776 1
8195971 68915082 1
8195971 92673862 1
8195971 188128374 1
8576322 12044809 1
8576322 12428776 1
8576322 68915082 1
8576322 92673862 2
8576322 188128374 1
12044809 12428776 1
12044809 68915082 1
12044809 92673862 1
12044809 188128374 1
12428776 68915082 1
12428776 92673862 1
12428776 188128374 1
68915082 92673862 1
68915082 188128374 1
92673862 188128374 1
8576322 114324322 1
8576322 182140992 1
8576322 183575535 1
8576322 191086290 1
114324322 182140992 1
114324322 183575535 1
114324322 191086290 1
182140992 183575535 1
182140992 191086290 1
183575535 191086290 1
2978534 8576322 1
2978534 85735852 1
2978534 87871182 1
2978534 92673862 1
2978534 93525882 1
2978534 97906902 1
2978534 107531482 1
2978534 187676184 1
2978534 188692565 1
8576322 85735852 1
8576322 87871182 1
8576322 93525882 1
8576322 97906902 1
8576322 107531482 1
8576322 187676184 1
8576322 188692565 1
85735852 87871182 1
85735852 92673862 1
85735852 93525882 1
85735852 97906902 1
85735852 107531482 1
85735852 187676184 1
85735852 188692565 1
87871182 92673862 1
87871182 93525882 1
87871182 97906902 1
87871182 107531482 1
87871182 187676184 1
87871182 188692565 1
92673862 93525882 1
92673862 97906902 1
92673862 107531482 1
92673862 187676184 1
92673862 188692565 1
93525882 97906902 1
93525882 107531482 1
93525882 187676184 1
93525882 188692565 1
97906902 107531482 1
97906902 187676184 1
97906902 188692565 1
107531482 187676184 1
107531482 188692565 1
187676184 188692565 1
8576322 61541012 1
8576322 82698442 1
8576322 183056850 1
8576322 192690309 1
61541012 82698442 1
61541012 183056850 1
61541012 192690309 1
82698442 183056850 1
82698442 192690309 1
183056850 192690309 1
8576322 173664752 1
