144410872 58989282 144770342 137371142 14041160 184666219 4248113 104224632 181896692 183738581 152889752 182730361 13924926
4248113 152889752 1
4248113 144410872 5
4248113 144770342 1
144410872 144770342 1
4248113 104224632 2
104224632 144410872 1
4248113 181896692 2
4248113 182730361 6
181896692 182730361 2
104224632 181896692 1
104224632 182730361 1
4248113 14041160 2
4248113 137371142 1
4248113 183738581 4
14041160 137371142 1
14041160 144410872 1
14041160 182730361 1
14041160 183738581 1
137371142 144410872 1
137371142 182730361 1
137371142 183738581 1
144410872 182730361 3
144410872 183738581 3
182730361 183738581 4
4248113 13924926 3
4248113 58989282 1
13924926 58989282 1
13924926 182730361 3
13924926 183738581 3
58989282 182730361 1
58989282 183738581 1
13924926 144410872 2
4248113 184666219 1
13924926 184666219 1
144410872 184666219 1
182730361 184666219 1
183738581 184666219 1
