13364748 3350928 11961497 11220514 11344811 7039275 5318839 8779326 10357822 11630786 2571719 9624269 1417679 13609551 11998933 1996117 8574169 2381814 11260664 11286265
2381814 10357822 6
2381814 11260664 5
2381814 11286265 1
2381814 11344811 7
2381814 11998933 1
2381814 13364748 1
10357822 11260664 4
10357822 11286265 1
10357822 11344811 7
10357822 11998933 1
10357822 13364748 1
11260664 11286265 1
11260664 11344811 5
11260664 11998933 1
11260664 13364748 1
11286265 11344811 1
11286265 11998933 1
11286265 13364748 1
11344811 11998933 1
11344811 13364748 1
11998933 13364748 1
1417679 8779326 1
1417679 11344811 2
8779326 11344811 4
2381814 3350928 6
2381814 11630786 3
2381814 11961497 1
3350928 10357822 5
3350928 11260664 4
3350928 11344811 6
3350928 11630786 3
3350928 11961497 1
10357822 11630786 3
10357822 11961497 1
11260664 11630786 2
11260664 11961497 1
11344811 11630786 3
11344811 11961497 1
11630786 11961497 1
8779326 11220514 1
11220514 11344811 2
2381814 8779326 2
3350928 8779326 2
8779326 11260664 1
2381814 8574169 1
3350928 8574169 1
8574169 8779326 1
8574169 10357822 1
8574169 11344811 1
8779326 10357822 1
2381814 7039275 1
2381814 13609551 2
3350928 7039275 1
3350928 13609551 2
7039275 10357822 1
7039275 11260664 1
7039275 11344811 1
7039275 13609551 1
10357822 13609551 2
11260664 13609551 1
11344811 13609551 2
2381814 5318839 1
3350928 5318839 1
5318839 10357822 1
5318839 11260664 1
5318839 11344811 1
5318839 11630786 1
1417679 1996117 1
1417679 2381814 1
1417679 2571719 1
1417679 3350928 1
1417679 9624269 1
1417679 10357822 1
1417679 11220514 1
1417679 11630786 1
1417679 13609551 1
1996117 2381814 1
1996117 2571719 1
1996117 3350928 1
1996117 9624269 1
1996117 10357822 1
1996117 11220514 1
1996117 11344811 1
1996117 11630786 1
1996117 13609551 1
2381814 2571719 1
2381814 9624269 1
2381814 11220514 1
2571719 3350928 1
2571719 9624269 1
2571719 10357822 1
2571719 11220514 1
2571719 11344811 1
2571719 11630786 1
2571719 13609551 1
3350928 9624269 1
3350928 11220514 1
9624269 10357822 1
9624269 11220514 1
9624269 11344811 1
9624269 11630786 1
9624269 13609551 1
10357822 11220514 1
11220514 11630786 1
11220514 13609551 1
11630786 13609551 1
