6498432 38600072 13049101 5779470 2783891 7457047 109415192 9321243 12154011 23195931 7930654 97113372 25928992 8162598 74460462 546487 99120452 11776070 1944006 1869902 8299730 103339872 16484961 1324258 9724903 5705960 10233069 12577005 79260142 27145842 1205239 8488308 2173812 53078132 2388215 299259 101694462
299259 1324258 1
299259 1869902 1
299259 2388215 2
299259 5705960 1
299259 7930654 1
299259 8299730 2
299259 8488308 1
299259 9321243 1
299259 11776070 1
299259 101694462 1
1324258 1869902 1
1324258 2388215 1
1324258 5705960 1
1324258 7930654 1
1324258 8299730 1
1324258 8488308 1
1324258 9321243 1
1324258 11776070 1
1324258 101694462 1
1869902 2388215 2
1869902 5705960 1
1869902 7930654 1
1869902 8299730 2
1869902 8488308 1
1869902 9321243 2
1869902 11776070 1
1869902 101694462 2
2388215 5705960 2
2388215 7930654 1
2388215 8299730 4
2388215 8488308 4
2388215 9321243 2
2388215 11776070 1
2388215 101694462 2
5705960 7930654 1
5705960 8299730 2
5705960 8488308 1
5705960 9321243 1
5705960 11776070 1
5705960 101694462 1
7930654 8299730 1
7930654 8488308 1
7930654 9321243 1
7930654 11776070 1
7930654 101694462 1
8299730 8488308 1
8299730 9321243 2
8299730 11776070 1
8299730 101694462 2
8488308 9321243 1
8488308 11776070 1
8488308 101694462 1
9321243 11776070 1
9321243 101694462 2
11776070 101694462 1
1944006 2388215 1
1944006 8488308 1
1944006 99120452 1
2388215 99120452 1
8488308 99120452 1
8488308 12154011 2
8488308 23195931 2
12154011 23195931 2
2388215 10233069 1
2388215 12154011 1
2388215 23195931 2
8488308 10233069 1
10233069 12154011 1
10233069 23195931 1
2388215 6498432 3
2388215 103339872 3
6498432 103339872 3
2388215 13049101 1
8488308 13049101 1
546487 1205239 2
546487 1869902 1
546487 2388215 2
546487 5779470 1
546487 8299730 2
546487 9321243 1
546487 9724903 1
546487 12577005 1
546487 16484961 1
546487 38600072 1
546487 79260142 1
546487 101694462 1
546487 109415192 1
1205239 1869902 1
1205239 2388215 2
1205239 5779470 1
1205239 8299730 2
1205239 9321243 1
1205239 9724903 1
1205239 12577005 1
1205239 16484961 1
1205239 38600072 1
1205239 79260142 1
1205239 101694462 1
1205239 109415192 1
1869902 5779470 1
1869902 9724903 1
1869902 12577005 1
1869902 16484961 1
1869902 38600072 1
1869902 79260142 1
1869902 109415192 1
2388215 5779470 2
2388215 9724903 1
2388215 12577005 1
2388215 16484961 1
2388215 38600072 1
2388215 79260142 1
2388215 109415192 1
5779470 8299730 2
5779470 9321243 1
5779470 9724903 1
5779470 12577005 1
5779470 16484961 1
5779470 38600072 1
5779470 79260142 1
5779470 101694462 1
5779470 109415192 1
8299730 9724903 1
8299730 12577005 1
8299730 16484961 1
8299730 38600072 1
8299730 79260142 1
8299730 109415192 1
9321243 9724903 1
9321243 12577005 1
9321243 16484961 1
9321243 38600072 1
9321243 79260142 1
9321243 109415192 1
9724903 12577005 1
9724903 16484961 1
9724903 38600072 1
9724903 79260142 1
9724903 101694462 1
9724903 109415192 1
12577005 16484961 1
12577005 38600072 1
12577005 79260142 1
12577005 101694462 1
12577005 109415192 1
16484961 38600072 1
16484961 79260142 1
16484961 101694462 1
16484961 109415192 1
38600072 79260142 1
38600072 101694462 1
38600072 109415192 1
79260142 101694462 1
79260142 109415192 1
101694462 109415192 1
299259 2173812 1
299259 2783891 1
299259 5779470 1
299259 6498432 1
299259 7457047 1
299259 8162598 1
299259 25928992 1
299259 27145842 1
299259 53078132 1
299259 74460462 1
299259 97113372 1
299259 103339872 1
2173812 2388215 1
2173812 2783891 1
2173812 5779470 1
2173812 6498432 1
2173812 7457047 1
2173812 8162598 1
2173812 8299730 1
2173812 25928992 1
2173812 27145842 1
2173812 53078132 1
2173812 74460462 1
2173812 97113372 1
2173812 103339872 1
2388215 2783891 1
2388215 7457047 1
2388215 8162598 1
2388215 25928992 1
2388215 27145842 1
2388215 53078132 1
2388215 74460462 1
2388215 97113372 1
2783891 5779470 1
2783891 6498432 1
2783891 7457047 1
2783891 8162598 1
2783891 8299730 1
2783891 25928992 1
2783891 27145842 1
2783891 53078132 1
2783891 74460462 1
2783891 97113372 1
2783891 103339872 1
5779470 6498432 1
5779470 7457047 1
5779470 8162598 1
5779470 25928992 1
5779470 27145842 1
5779470 53078132 1
5779470 74460462 1
5779470 97113372 1
5779470 103339872 1
6498432 7457047 1
6498432 8162598 1
6498432 8299730 2
6498432 25928992 1
6498432 27145842 1
6498432 53078132 1
6498432 74460462 1
6498432 97113372 1
7457047 8162598 1
7457047 8299730 1
7457047 25928992 1
7457047 27145842 1
7457047 53078132 1
7457047 74460462 1
7457047 97113372 1
7457047 103339872 1
8162598 8299730 1
8162598 25928992 1
8162598 27145842 1
8162598 53078132 1
8162598 74460462 1
8162598 97113372 1
8162598 103339872 1
8299730 25928992 1
8299730 27145842 1
8299730 53078132 1
8299730 74460462 1
8299730 97113372 1
8299730 103339872 2
25928992 27145842 1
25928992 53078132 1
25928992 74460462 1
25928992 97113372 1
25928992 103339872 1
27145842 53078132 1
27145842 74460462 1
27145842 97113372 1
27145842 103339872 1
53078132 74460462 1
53078132 97113372 1
53078132 103339872 1
74460462 97113372 1
74460462 103339872 1
97113372 103339872 1
546487 5705960 1
546487 6498432 1
546487 23195931 1
546487 103339872 1
1205239 5705960 1
1205239 6498432 1
1205239 23195931 1
1205239 103339872 1
5705960 6498432 1
5705960 23195931 1
5705960 103339872 1
6498432 23195931 1
8299730 23195931 1
23195931 103339872 1
