6498432 9321243 1324258 3065027 482761 13049101 9688271 3805969 8299730 8488308 2388215 11401434 299259 4171388
6498432 11401434 1
1324258 4171388 1
1324258 9688271 1
1324258 13049101 1
4171388 9688271 1
4171388 13049101 4
9688271 13049101 1
2388215 8488308 2
482761 4171388 1
482761 6498432 2
482761 13049101 2
4171388 6498432 1
6498432 13049101 2
482761 2388215 1
482761 3065027 1
482761 3805969 1
482761 8488308 2
2388215 3065027 1
2388215 3805969 1
3065027 3805969 1
3065027 8488308 1
3805969 8488308 1
299259 482761 1
299259 6498432 1
299259 8299730 1
299259 8488308 1
299259 9321243 1
299259 13049101 1
482761 8299730 1
482761 9321243 1
6498432 8299730 1
6498432 8488308 1
6498432 9321243 1
8299730 8488308 1
8299730 9321243 1
8299730 13049101 1
8488308 9321243 1
8488308 13049101 1
9321243 13049101 1
