192824448 143126412 13900179 194733462 14394775 187515292 131166112 27890082 190672167 22709161 182934316 146812082 184718259 120792372 44229172 183406898 191792697 195135161 192950845 40576062 10749760 190498627 187892676 85128132 148205382 192213955 183134538 184170838 185688794 46331362 190845543 12370930 6649843 4547828 193910263 41817722 30561022
120792372 182934316 4
120792372 184170838 3
120792372 187515292 2
120792372 190672167 3
120792372 191792697 5
120792372 192950845 1
182934316 184170838 2
182934316 187515292 2
182934316 190672167 2
182934316 191792697 2
182934316 192950845 1
184170838 187515292 2
184170838 190672167 3
184170838 191792697 2
184170838 192950845 1
187515292 190672167 2
187515292 191792697 1
187515292 192950845 1
190672167 191792697 2
190672167 192950845 1
191792697 192950845 1
10749760 120792372 1
10749760 146812082 1
10749760 183134538 1
10749760 191792697 1
10749760 192824448 1
10749760 193910263 1
120792372 146812082 1
120792372 183134538 3
120792372 192824448 1
120792372 193910263 3
146812082 183134538 1
146812082 191792697 1
146812082 192824448 1
146812082 193910263 1
183134538 191792697 1
183134538 192824448 1
183134538 193910263 2
191792697 192824448 1
191792697 193910263 2
192824448 193910263 1
27890082 41817722 1
27890082 120792372 4
27890082 185688794 1
27890082 191792697 3
41817722 120792372 1
41817722 185688794 1
41817722 191792697 1
120792372 185688794 1
185688794 191792697 1
30561022 120792372 1
30561022 182934316 1
30561022 183134538 1
30561022 187892676 1
120792372 187892676 3
182934316 183134538 2
182934316 187892676 2
183134538 187892676 2
6649843 13900179 1
6649843 27890082 3
6649843 44229172 3
6649843 46331362 1
6649843 120792372 3
6649843 148205382 1
6649843 184170838 2
6649843 187892676 2
6649843 190672167 2
6649843 190845543 1
6649843 191792697 2
6649843 193910263 2
13900179 27890082 1
13900179 44229172 1
13900179 46331362 1
13900179 120792372 1
13900179 148205382 1
13900179 184170838 1
13900179 187892676 1
13900179 190672167 1
13900179 190845543 1
13900179 191792697 1
13900179 193910263 1
27890082 44229172 3
27890082 46331362 1
27890082 148205382 1
27890082 184170838 2
27890082 187892676 2
27890082 190672167 2
27890082 190845543 1
27890082 193910263 2
44229172 46331362 1
44229172 120792372 3
44229172 148205382 1
44229172 184170838 2
44229172 187892676 2
44229172 190672167 2
44229172 190845543 1
44229172 191792697 2
44229172 193910263 2
46331362 120792372 1
46331362 148205382 1
46331362 184170838 1
46331362 187892676 1
46331362 190672167 1
46331362 190845543 1
46331362 191792697 1
46331362 193910263 1
120792372 148205382 1
120792372 190845543 1
148205382 184170838 1
148205382 187892676 1
148205382 190672167 1
148205382 190845543 1
148205382 191792697 1
148205382 193910263 1
184170838 187892676 2
184170838 190845543 1
184170838 193910263 2
187892676 190672167 2
187892676 190845543 1
187892676 191792697 1
187892676 193910263 2
190672167 190845543 1
190672167 193910263 2
190845543 191792697 1
190845543 193910263 1
6649843 182934316 2
6649843 190498627 1
27890082 182934316 2
27890082 190498627 1
44229172 182934316 2
44229172 190498627 1
120792372 190498627 1
182934316 190498627 1
190498627 191792697 1
120792372 184718259 3
85128132 120792372 1
85128132 143126412 1
85128132 183406898 1
85128132 184718259 1
85128132 194733462 1
120792372 143126412 1
120792372 183406898 1
120792372 194733462 2
143126412 183406898 1
143126412 184718259 1
143126412 194733462 1
183406898 184718259 1
183406898 194733462 1
184718259 194733462 2
4547828 6649843 1
4547828 12370930 1
4547828 14394775 1
4547828 22709161 1
4547828 27890082 1
4547828 40576062 1
4547828 44229172 1
4547828 120792372 1
4547828 131166112 1
4547828 182934316 1
4547828 183134538 1
4547828 184170838 1
4547828 184718259 1
4547828 187515292 1
4547828 187892676 1
4547828 190672167 1
4547828 192213955 1
4547828 193910263 1
4547828 194733462 1
4547828 195135161 1
6649843 12370930 1
6649843 14394775 1
6649843 22709161 1
6649843 40576062 1
6649843 131166112 1
6649843 183134538 1
6649843 184718259 1
6649843 187515292 1
6649843 192213955 1
6649843 194733462 1
6649843 195135161 1
12370930 14394775 1
12370930 22709161 1
12370930 27890082 1
12370930 40576062 1
12370930 44229172 1
12370930 120792372 1
12370930 131166112 1
12370930 182934316 1
12370930 183134538 1
12370930 184170838 1
12370930 184718259 1
12370930 187515292 1
12370930 187892676 1
12370930 190672167 1
12370930 192213955 1
12370930 193910263 1
12370930 194733462 1
12370930 195135161 1
14394775 22709161 1
14394775 27890082 1
14394775 40576062 1
14394775 44229172 1
14394775 120792372 1
14394775 131166112 1
14394775 182934316 1
14394775 183134538 1
14394775 184170838 1
14394775 184718259 1
14394775 187515292 1
14394775 187892676 1
14394775 190672167 1
14394775 192213955 1
14394775 193910263 1
14394775 194733462 1
14394775 195135161 1
22709161 27890082 1
22709161 40576062 1
22709161 44229172 1
22709161 120792372 1
22709161 131166112 1
22709161 182934316 1
22709161 183134538 1
22709161 184170838 1
22709161 184718259 1
22709161 187515292 1
22709161 187892676 1
22709161 190672167 1
22709161 192213955 1
22709161 193910263 1
22709161 194733462 1
22709161 195135161 1
27890082 40576062 1
27890082 131166112 1
27890082 183134538 1
27890082 184718259 1
27890082 187515292 1
27890082 192213955 1
27890082 194733462 1
27890082 195135161 1
40576062 44229172 1
40576062 120792372 1
40576062 131166112 1
40576062 182934316 1
40576062 183134538 1
40576062 184170838 1
40576062 184718259 1
40576062 187515292 1
40576062 187892676 1
40576062 190672167 1
40576062 192213955 1
40576062 193910263 1
40576062 194733462 1
40576062 195135161 1
44229172 131166112 1
44229172 183134538 1
44229172 184718259 1
44229172 187515292 1
44229172 192213955 1
44229172 194733462 1
44229172 195135161 1
120792372 131166112 1
120792372 192213955 1
120792372 195135161 1
131166112 182934316 1
131166112 183134538 1
131166112 184170838 1
131166112 184718259 1
131166112 187515292 1
131166112 187892676 1
131166112 190672167 1
131166112 192213955 1
131166112 193910263 1
131166112 194733462 1
131166112 195135161 1
182934316 184718259 1
182934316 192213955 1
182934316 193910263 1
182934316 194733462 1
182934316 195135161 1
183134538 184170838 1
183134538 184718259 1
183134538 187515292 1
183134538 190672167 1
183134538 192213955 1
183134538 194733462 1
183134538 195135161 1
184170838 184718259 1
184170838 192213955 1
184170838 194733462 1
184170838 195135161 1
184718259 187515292 1
184718259 187892676 1
184718259 190672167 1
184718259 192213955 1
184718259 193910263 1
184718259 195135161 1
187515292 187892676 1
187515292 192213955 1
187515292 193910263 1
187515292 194733462 1
187515292 195135161 1
187892676 192213955 1
187892676 194733462 1
187892676 195135161 1
190672167 192213955 1
190672167 194733462 1
190672167 195135161 1
192213955 193910263 1
192213955 194733462 1
192213955 195135161 1
193910263 194733462 1
193910263 195135161 1
194733462 195135161 1
