13192707 2630533 12722182 8485127 25117192 10153994 115727 1304978 74288532 10508181 9921814 9508887 10098968 59488152 91912992 12407075 2921892 11820067 11094310 8344740 101086632 13541163 4469164 48097582 2670767 11044787 11141300 10713525 57236662 3872951 12532659 42600762 3697852 47716422 18050631 75253832 6072393 8404426 10051270 1089228 9412685 2568267 2604239 59547472 26584912 3613138 31075412 45133272 3077080 86807642 10256090 88153052 2548061 101003482 12327391 8402660 33249892 9616613 5200745 7922665 2525803 10117225 8496491 76389742 81783022 9413226 10766577 13734130 102922482 49012212 13986299 56482812 8435199
115727 1089228 1
115727 1304978 1
115727 2525803 1
115727 2548061 1
115727 2921892 1
115727 3872951 1
115727 4469164 1
115727 5200745 1
115727 8435199 1
115727 8485127 1
115727 9412685 1
115727 9508887 1
115727 9921814 1
115727 10098968 1
115727 10153994 1
115727 10766577 1
115727 11141300 1
115727 12407075 1
115727 13734130 1
115727 13986299 1
115727 18050631 1
115727 25117192 1
115727 45133272 1
115727 56482812 1
115727 57236662 1
115727 74288532 1
115727 76389742 1
115727 81783022 1
1089228 1304978 1
1089228 2525803 1
1089228 2548061 1
1089228 2921892 1
1089228 3872951 1
1089228 4469164 1
1089228 5200745 1
1089228 8435199 1
1089228 8485127 1
1089228 9412685 1
1089228 9508887 1
1089228 9921814 1
1089228 10098968 1
1089228 10153994 1
1089228 10766577 1
1089228 11141300 1
1089228 12407075 1
1089228 13734130 1
1089228 13986299 1
1089228 18050631 1
1089228 25117192 1
1089228 45133272 1
1089228 56482812 1
1089228 57236662 1
1089228 74288532 1
1089228 76389742 1
1089228 81783022 1
1304978 2525803 2
1304978 2548061 4
1304978 2921892 1
1304978 3872951 1
1304978 4469164 2
1304978 5200745 1
1304978 8435199 1
1304978 8485127 1
1304978 9412685 3
1304978 9508887 2
1304978 9921814 4
1304978 10098968 1
1304978 10153994 4
1304978 10766577 2
1304978 11141300 1
1304978 12407075 4
1304978 13734130 1
1304978 13986299 3
1304978 18050631 4
1304978 25117192 1
1304978 45133272 1
1304978 56482812 1
1304978 57236662 4
1304978 74288532 1
1304978 76389742 1
1304978 81783022 4
2525803 2548061 2
2525803 2921892 1
2525803 3872951 1
2525803 4469164 1
2525803 5200745 1
2525803 8435199 1
2525803 8485127 1
2525803 9412685 2
2525803 9508887 1
2525803 9921814 2
2525803 10098968 1
2525803 10153994 2
2525803 10766577 2
2525803 11141300 1
2525803 12407075 2
2525803 13734130 1
2525803 13986299 2
2525803 18050631 2
2525803 25117192 1
2525803 45133272 1
2525803 56482812 1
2525803 57236662 2
2525803 74288532 1
2525803 76389742 1
2525803 81783022 2
2548061 2921892 1
2548061 3872951 2
2548061 4469164 5
2548061 5200745 1
2548061 8435199 1
2548061 8485127 2
2548061 9412685 6
2548061 9508887 5
2548061 9921814 5
2548061 10098968 1
2548061 10153994 4
2548061 10766577 5
2548061 11141300 1
2548061 12407075 6
2548061 13734130 2
2548061 13986299 6
2548061 18050631 4
2548061 25117192 1
2548061 45133272 1
2548061 56482812 2
2548061 57236662 8
2548061 74288532 1
2548061 76389742 2
2548061 81783022 8
2921892 3872951 1
2921892 4469164 1
2921892 5200745 1
2921892 8435199 1
2921892 8485127 1
2921892 9412685 1
2921892 9508887 1
2921892 9921814 1
2921892 10098968 1
2921892 10153994 1
2921892 10766577 1
2921892 11141300 1
2921892 12407075 1
2921892 13734130 1
2921892 13986299 1
2921892 18050631 1
2921892 25117192 1
2921892 45133272 1
2921892 56482812 1
2921892 57236662 1
2921892 74288532 1
2921892 76389742 1
2921892 81783022 1
3872951 4469164 2
3872951 5200745 1
3872951 8435199 1
3872951 8485127 1
3872951 9412685 2
3872951 9508887 2
3872951 9921814 1
3872951 10098968 1
3872951 10153994 1
3872951 10766577 1
3872951 11141300 1
3872951 12407075 2
3872951 13734130 2
3872951 13986299 2
3872951 18050631 1
3872951 25117192 1
3872951 45133272 1
3872951 56482812 1
3872951 57236662 2
3872951 74288532 1
3872951 76389742 1
3872951 81783022 2
4469164 5200745 1
4469164 8435199 1
4469164 8485127 2
4469164 9412685 3
4469164 9508887 3
4469164 9921814 3
4469164 10098968 1
4469164 10153994 2
4469164 10766577 3
4469164 11141300 1
4469164 12407075 4
4469164 13734130 2
4469164 13986299 5
4469164 18050631 2
4469164 25117192 1
4469164 45133272 1
4469164 56482812 2
4469164 57236662 5
4469164 74288532 1
4469164 76389742 2
4469164 81783022 5
5200745 8435199 1
5200745 8485127 1
5200745 9412685 1
5200745 9508887 1
5200745 9921814 1
5200745 10098968 1
5200745 10153994 1
5200745 10766577 1
5200745 11141300 1
5200745 12407075 1
5200745 13734130 1
5200745 13986299 1
5200745 18050631 1
5200745 25117192 1
5200745 45133272 1
5200745 56482812 1
5200745 57236662 1
5200745 74288532 1
5200745 76389742 1
5200745 81783022 1
8435199 8485127 1
8435199 9412685 1
8435199 9508887 1
8435199 9921814 1
8435199 10098968 1
8435199 10153994 1
8435199 10766577 1
8435199 11141300 1
8435199 12407075 1
8435199 13734130 1
8435199 13986299 1
8435199 18050631 1
8435199 25117192 1
8435199 45133272 1
8435199 56482812 1
8435199 57236662 1
8435199 74288532 1
8435199 76389742 1
8435199 81783022 1
8485127 9412685 2
8485127 9508887 2
8485127 9921814 2
8485127 10098968 1
8485127 10153994 1
8485127 10766577 2
8485127 11141300 1
8485127 12407075 1
8485127 13734130 1
8485127 13986299 2
8485127 18050631 1
8485127 25117192 1
8485127 45133272 1
8485127 56482812 2
8485127 57236662 2
8485127 74288532 1
8485127 76389742 2
8485127 81783022 2
9412685 9508887 5
9412685 9921814 4
9412685 10098968 1
9412685 10153994 3
9412685 10766577 4
9412685 11141300 1
9412685 12407075 4
9412685 13734130 2
9412685 13986299 4
9412685 18050631 3
9412685 25117192 1
9412685 45133272 1
9412685 56482812 2
9412685 57236662 6
9412685 74288532 1
9412685 76389742 2
9412685 81783022 6
9508887 9921814 3
9508887 10098968 1
9508887 10153994 2
9508887 10766577 3
9508887 11141300 1
9508887 12407075 3
9508887 13734130 2
9508887 13986299 3
9508887 18050631 2
9508887 25117192 1
9508887 45133272 1
9508887 56482812 2
9508887 57236662 6
9508887 74288532 1
9508887 76389742 2
9508887 81783022 6
9921814 10098968 1
9921814 10153994 4
9921814 10766577 3
9921814 11141300 1
9921814 12407075 4
9921814 13734130 1
9921814 13986299 4
9921814 18050631 4
9921814 25117192 1
9921814 45133272 1
9921814 56482812 2
9921814 57236662 5
9921814 74288532 1
9921814 76389742 2
9921814 81783022 5
10098968 10153994 1
10098968 10766577 1
10098968 11141300 1
10098968 12407075 1
10098968 13734130 1
10098968 13986299 1
10098968 18050631 1
10098968 25117192 1
10098968 45133272 1
10098968 56482812 1
10098968 57236662 1
10098968 74288532 1
10098968 76389742 1
10098968 81783022 1
10153994 10766577 2
10153994 11141300 1
10153994 12407075 4
10153994 13734130 1
10153994 13986299 3
10153994 18050631 4
10153994 25117192 1
10153994 45133272 1
10153994 56482812 1
10153994 57236662 4
10153994 74288532 1
10153994 76389742 1
10153994 81783022 4
10766577 11141300 1
10766577 12407075 3
10766577 13734130 1
10766577 13986299 4
10766577 18050631 2
10766577 25117192 1
10766577 45133272 1
10766577 56482812 2
10766577 57236662 5
10766577 74288532 1
10766577 76389742 2
10766577 81783022 5
11141300 12407075 1
11141300 13734130 1
11141300 13986299 1
11141300 18050631 1
11141300 25117192 1
11141300 45133272 1
11141300 56482812 1
11141300 57236662 1
11141300 74288532 1
11141300 76389742 1
11141300 81783022 1
12407075 13734130 2
12407075 13986299 5
12407075 18050631 4
12407075 25117192 1
12407075 45133272 1
12407075 56482812 1
12407075 57236662 6
12407075 74288532 1
12407075 76389742 1
12407075 81783022 6
13734130 13986299 2
13734130 18050631 1
13734130 25117192 1
13734130 45133272 1
13734130 56482812 1
13734130 57236662 2
13734130 74288532 1
13734130 76389742 1
13734130 81783022 2
13986299 18050631 3
13986299 25117192 1
13986299 45133272 1
13986299 56482812 2
13986299 57236662 6
13986299 74288532 1
13986299 76389742 2
13986299 81783022 6
18050631 25117192 1
18050631 45133272 1
18050631 56482812 1
18050631 57236662 4
18050631 74288532 1
18050631 76389742 1
18050631 81783022 4
25117192 45133272 1
25117192 56482812 1
25117192 57236662 1
25117192 74288532 1
25117192 76389742 1
25117192 81783022 1
45133272 56482812 1
45133272 57236662 1
45133272 74288532 1
45133272 76389742 1
45133272 81783022 1
56482812 57236662 2
56482812 74288532 1
56482812 76389742 2
56482812 81783022 2
57236662 74288532 1
57236662 76389742 2
57236662 81783022 9
74288532 76389742 1
74288532 81783022 1
76389742 81783022 2
2548061 10508181 1
2548061 12327391 7
2548061 47716422 1
4469164 10508181 1
4469164 12327391 4
4469164 47716422 1
10508181 10766577 1
10508181 12327391 1
10508181 12407075 1
10508181 13986299 1
10508181 47716422 1
10508181 57236662 1
10508181 81783022 1
10766577 12327391 4
10766577 47716422 1
12327391 12407075 5
12327391 13986299 5
12327391 47716422 1
12327391 57236662 7
12327391 81783022 7
12407075 47716422 1
13986299 47716422 1
47716422 57236662 1
47716422 81783022 1
3697852 9508887 1
3697852 10713525 1
3697852 11820067 1
3697852 48097582 1
3697852 57236662 1
3697852 75253832 1
3697852 81783022 1
9508887 10713525 3
9508887 11820067 1
9508887 48097582 3
9508887 75253832 2
10713525 11820067 1
10713525 48097582 2
10713525 57236662 4
10713525 75253832 1
10713525 81783022 4
11820067 48097582 2
11820067 57236662 2
11820067 75253832 2
11820067 81783022 2
48097582 57236662 5
48097582 75253832 3
48097582 81783022 4
57236662 75253832 3
75253832 81783022 3
2548061 3613138 1
2548061 10713525 3
2548061 42600762 2
2548061 48097582 3
2548061 49012212 1
2548061 59547472 1
2548061 86807642 1
2548061 88153052 1
3613138 4469164 1
3613138 8485127 1
3613138 9412685 1
3613138 9508887 1
3613138 9921814 1
3613138 10713525 1
3613138 10766577 1
3613138 12327391 1
3613138 13986299 1
3613138 42600762 1
3613138 48097582 1
3613138 49012212 1
3613138 56482812 1
3613138 57236662 1
3613138 59547472 1
3613138 76389742 1
3613138 81783022 1
3613138 86807642 1
3613138 88153052 1
4469164 10713525 2
4469164 42600762 2
4469164 48097582 2
4469164 49012212 1
4469164 59547472 1
4469164 86807642 1
4469164 88153052 1
8485127 10713525 1
8485127 12327391 1
8485127 42600762 1
8485127 48097582 1
8485127 49012212 1
8485127 59547472 1
8485127 86807642 1
8485127 88153052 1
9412685 10713525 2
9412685 12327391 5
9412685 42600762 2
9412685 48097582 3
9412685 49012212 1
9412685 59547472 1
9412685 86807642 1
9412685 88153052 1
9508887 12327391 4
9508887 42600762 2
9508887 49012212 1
9508887 59547472 1
9508887 86807642 1
9508887 88153052 1
9921814 10713525 2
9921814 12327391 4
9921814 42600762 1
9921814 48097582 2
9921814 49012212 1
9921814 59547472 1
9921814 86807642 1
9921814 88153052 1
10713525 10766577 2
10713525 12327391 3
10713525 13986299 2
10713525 42600762 1
10713525 49012212 1
10713525 56482812 1
10713525 59547472 1
10713525 76389742 1
10713525 86807642 1
10713525 88153052 1
10766577 42600762 1
10766577 48097582 2
10766577 49012212 1
10766577 59547472 1
10766577 86807642 1
10766577 88153052 1
12327391 42600762 2
12327391 48097582 3
12327391 49012212 1
12327391 56482812 1
12327391 59547472 1
12327391 76389742 1
12327391 86807642 1
12327391 88153052 1
13986299 42600762 2
13986299 48097582 3
13986299 49012212 1
13986299 59547472 1
13986299 86807642 1
13986299 88153052 1
42600762 48097582 2
42600762 49012212 1
42600762 56482812 1
42600762 57236662 2
42600762 59547472 1
42600762 76389742 1
42600762 81783022 2
42600762 86807642 1
42600762 88153052 1
48097582 49012212 1
48097582 56482812 1
48097582 59547472 1
48097582 76389742 1
48097582 86807642 1
48097582 88153052 1
49012212 56482812 1
49012212 57236662 1
49012212 59547472 1
49012212 76389742 1
49012212 81783022 1
49012212 86807642 1
49012212 88153052 1
56482812 59547472 1
56482812 86807642 1
56482812 88153052 1
57236662 59547472 1
57236662 86807642 1
57236662 88153052 1
59547472 76389742 1
59547472 81783022 1
59547472 86807642 1
59547472 88153052 1
76389742 86807642 1
76389742 88153052 1
81783022 86807642 1
81783022 88153052 1
86807642 88153052 1
1304978 6072393 2
1304978 7922665 1
1304978 8402660 1
1304978 8404426 2
1304978 11094310 1
1304978 11820067 1
1304978 12327391 3
1304978 31075412 2
1304978 48097582 1
1304978 59488152 2
1304978 75253832 1
1304978 91912992 3
2525803 6072393 1
2525803 7922665 1
2525803 8402660 1
2525803 8404426 1
2525803 11094310 1
2525803 11820067 1
2525803 12327391 1
2525803 31075412 1
2525803 48097582 1
2525803 59488152 1
2525803 75253832 1
2525803 91912992 1
2548061 6072393 2
2548061 7922665 1
2548061 8402660 1
2548061 8404426 2
2548061 11094310 1
2548061 11820067 1
2548061 31075412 4
2548061 59488152 3
2548061 75253832 2
2548061 91912992 4
6072393 7922665 1
6072393 8402660 1
6072393 8404426 1
6072393 9412685 2
6072393 9921814 2
6072393 10153994 2
6072393 10766577 1
6072393 11094310 1
6072393 11820067 1
6072393 12327391 2
6072393 12407075 2
6072393 13986299 1
6072393 18050631 2
6072393 31075412 1
6072393 48097582 1
6072393 57236662 2
6072393 59488152 1
6072393 75253832 1
6072393 81783022 2
6072393 91912992 2
7922665 8402660 1
7922665 8404426 1
7922665 9412685 1
7922665 9921814 1
7922665 10153994 1
7922665 10766577 1
7922665 11094310 1
7922665 11820067 1
7922665 12327391 1
7922665 12407075 1
7922665 13986299 1
7922665 18050631 1
7922665 31075412 1
7922665 48097582 1
7922665 57236662 1
7922665 59488152 1
7922665 75253832 1
7922665 81783022 1
7922665 91912992 1
8402660 8404426 1
8402660 9412685 1
8402660 9921814 1
8402660 10153994 1
8402660 10766577 1
8402660 11094310 1
8402660 11820067 1
8402660 12327391 1
8402660 12407075 1
8402660 13986299 1
8402660 18050631 1
8402660 31075412 1
8402660 48097582 1
8402660 57236662 1
8402660 59488152 1
8402660 75253832 1
8402660 81783022 1
8402660 91912992 1
8404426 9412685 1
8404426 9921814 2
8404426 10153994 2
8404426 10766577 1
8404426 11094310 1
8404426 11820067 1
8404426 12327391 2
8404426 12407075 2
8404426 13986299 2
8404426 18050631 2
8404426 31075412 2
8404426 48097582 1
8404426 57236662 2
8404426 59488152 2
8404426 75253832 1
8404426 81783022 2
8404426 91912992 2
9412685 11094310 1
9412685 11820067 1
9412685 31075412 3
9412685 59488152 2
9412685 75253832 2
9412685 91912992 3
9921814 11094310 1
9921814 11820067 1
9921814 31075412 2
9921814 59488152 2
9921814 75253832 1
9921814 91912992 3
10153994 11094310 1
10153994 11820067 1
10153994 12327391 3
10153994 31075412 2
10153994 48097582 1
10153994 59488152 2
10153994 75253832 1
10153994 91912992 3
10766577 11094310 1
10766577 11820067 1
10766577 31075412 2
10766577 59488152 1
10766577 75253832 1
10766577 91912992 2
11094310 11820067 1
11094310 12327391 1
11094310 12407075 1
11094310 13986299 1
11094310 18050631 1
11094310 31075412 1
11094310 48097582 1
11094310 57236662 1
11094310 59488152 1
11094310 75253832 1
11094310 81783022 1
11094310 91912992 1
11820067 12327391 1
11820067 12407075 1
11820067 13986299 1
11820067 18050631 1
11820067 31075412 1
11820067 59488152 1
11820067 91912992 1
12327391 18050631 3
12327391 31075412 4
12327391 59488152 3
12327391 75253832 2
12327391 91912992 4
12407075 31075412 3
12407075 48097582 2
12407075 59488152 3
12407075 75253832 2
12407075 91912992 3
13986299 31075412 3
13986299 59488152 3
13986299 75253832 2
13986299 91912992 2
18050631 31075412 2
18050631 48097582 1
18050631 59488152 2
18050631 75253832 1
18050631 91912992 3
31075412 48097582 2
31075412 57236662 4
31075412 59488152 3
31075412 75253832 2
31075412 81783022 4
31075412 91912992 3
48097582 59488152 2
48097582 91912992 1
57236662 59488152 3
57236662 91912992 4
59488152 75253832 2
59488152 81783022 3
59488152 91912992 2
75253832 91912992 1
81783022 91912992 4
10051270 10117225 1
10051270 48097582 1
10051270 57236662 1
10117225 48097582 1
10117225 57236662 1
2548061 3077080 1
2548061 8496491 1
2548061 9413226 2
2548061 12722182 2
2548061 13541163 1
2548061 33249892 1
3077080 3872951 1
3077080 4469164 1
3077080 8496491 1
3077080 9412685 1
3077080 9413226 1
3077080 9508887 1
3077080 12327391 1
3077080 12407075 1
3077080 12722182 1
3077080 13541163 1
3077080 13734130 1
3077080 13986299 1
3077080 31075412 1
3077080 33249892 1
3077080 42600762 1
3077080 48097582 1
3077080 57236662 1
3077080 59488152 1
3077080 75253832 1
3077080 81783022 1
3872951 8496491 1
3872951 9413226 1
3872951 12327391 1
3872951 12722182 1
3872951 13541163 1
3872951 31075412 1
3872951 33249892 1
3872951 42600762 1
3872951 48097582 1
3872951 59488152 1
3872951 75253832 1
4469164 8496491 1
4469164 9413226 1
4469164 12722182 1
4469164 13541163 1
4469164 31075412 2
4469164 33249892 1
4469164 59488152 2
4469164 75253832 1
8496491 9412685 1
8496491 9413226 1
8496491 9508887 1
8496491 12327391 1
8496491 12407075 1
8496491 12722182 1
8496491 13541163 1
8496491 13734130 1
8496491 13986299 1
8496491 31075412 1
8496491 33249892 1
8496491 42600762 1
8496491 48097582 1
8496491 57236662 1
8496491 59488152 1
8496491 75253832 1
8496491 81783022 1
9412685 9413226 2
9412685 12722182 2
9412685 13541163 1
9412685 33249892 1
9413226 9508887 2
9413226 12327391 2
9413226 12407075 2
9413226 12722182 2
9413226 13541163 1
9413226 13734130 1
9413226 13986299 1
9413226 31075412 1
9413226 33249892 1
9413226 42600762 1
9413226 48097582 1
9413226 57236662 2
9413226 59488152 1
9413226 75253832 1
9413226 81783022 2
9508887 12722182 2
9508887 13541163 1
9508887 31075412 2
9508887 33249892 1
9508887 59488152 1
12327391 12722182 2
12327391 13541163 1
12327391 13734130 1
12327391 33249892 1
12407075 12722182 2
12407075 13541163 1
12407075 33249892 1
12407075 42600762 1
12722182 13541163 1
12722182 13734130 1
12722182 13986299 1
12722182 31075412 1
12722182 33249892 1
12722182 42600762 1
12722182 48097582 1
12722182 57236662 2
12722182 59488152 1
12722182 75253832 1
12722182 81783022 2
13541163 13734130 1
13541163 13986299 1
13541163 31075412 1
13541163 33249892 1
13541163 42600762 1
13541163 48097582 1
13541163 57236662 1
13541163 59488152 1
13541163 75253832 1
13541163 81783022 1
13734130 31075412 1
13734130 33249892 1
13734130 42600762 1
13734130 48097582 1
13734130 59488152 1
13734130 75253832 1
13986299 33249892 1
31075412 33249892 1
31075412 42600762 1
33249892 42600762 1
33249892 48097582 1
33249892 57236662 1
33249892 59488152 1
33249892 75253832 1
33249892 81783022 1
42600762 59488152 1
42600762 75253832 1
2548061 10256090 2
2548061 11044787 1
2548061 12532659 2
2548061 13192707 2
9412685 10256090 1
9412685 11044787 1
9412685 12532659 2
9412685 13192707 2
9508887 10256090 1
9508887 11044787 1
9508887 12532659 2
9508887 13192707 2
9508887 91912992 2
10256090 10713525 2
10256090 10766577 1
10256090 11044787 1
10256090 12327391 2
10256090 12532659 1
10256090 13192707 1
10256090 31075412 2
10256090 57236662 2
10256090 81783022 2
10256090 91912992 2
10713525 11044787 1
10713525 12532659 1
10713525 13192707 1
10713525 31075412 2
10713525 91912992 2
10766577 11044787 1
10766577 12532659 1
10766577 13192707 1
11044787 12327391 1
11044787 12532659 1
11044787 13192707 1
11044787 31075412 1
11044787 57236662 1
11044787 81783022 1
11044787 91912992 1
12327391 12532659 2
12327391 13192707 2
12532659 13192707 2
12532659 31075412 1
12532659 57236662 2
12532659 81783022 2
12532659 91912992 2
13192707 31075412 1
13192707 57236662 2
13192707 81783022 2
13192707 91912992 2
1304978 2604239 2
1304978 8344740 1
1304978 9413226 1
1304978 12532659 1
1304978 12722182 1
1304978 13192707 1
1304978 26584912 1
2548061 2604239 2
2548061 8344740 1
2548061 26584912 1
2604239 6072393 1
2604239 8344740 1
2604239 9412685 1
2604239 9413226 1
2604239 9508887 1
2604239 9921814 2
2604239 10153994 2
2604239 12327391 2
2604239 12407075 2
2604239 12532659 1
2604239 12722182 1
2604239 13192707 1
2604239 18050631 2
2604239 26584912 1
2604239 57236662 2
2604239 81783022 2
2604239 91912992 2
6072393 8344740 1
6072393 9413226 1
6072393 9508887 1
6072393 12532659 1
6072393 12722182 1
6072393 13192707 1
6072393 26584912 1
8344740 9412685 1
8344740 9413226 1
8344740 9508887 1
8344740 9921814 1
8344740 10153994 1
8344740 12327391 1
8344740 12407075 1
8344740 12532659 1
8344740 12722182 1
8344740 13192707 1
8344740 18050631 1
8344740 26584912 1
8344740 57236662 1
8344740 81783022 1
8344740 91912992 1
9412685 26584912 1
9413226 9921814 1
9413226 10153994 1
9413226 12532659 1
9413226 13192707 1
9413226 18050631 1
9413226 26584912 1
9413226 91912992 1
9508887 26584912 1
9921814 12532659 1
9921814 12722182 1
9921814 13192707 1
9921814 26584912 1
10153994 12532659 1
10153994 12722182 1
10153994 13192707 1
10153994 26584912 1
12327391 26584912 1
12407075 12532659 1
12407075 13192707 1
12407075 26584912 1
12532659 12722182 1
12532659 18050631 1
12532659 26584912 1
12722182 13192707 1
12722182 18050631 1
12722182 26584912 1
12722182 91912992 1
13192707 18050631 1
13192707 26584912 1
18050631 26584912 1
26584912 57236662 1
26584912 81783022 1
26584912 91912992 1
1304978 2568267 1
1304978 2630533 1
1304978 2670767 1
1304978 9616613 1
1304978 10256090 1
1304978 10713525 1
1304978 101003482 1
1304978 101086632 1
1304978 102922482 1
2548061 2568267 1
2548061 2630533 1
2548061 2670767 1
2548061 9616613 1
2548061 101003482 1
2548061 101086632 1
2548061 102922482 1
2568267 2604239 1
2568267 2630533 1
2568267 2670767 1
2568267 4469164 1
2568267 8404426 1
2568267 9616613 1
2568267 9921814 1
2568267 10153994 1
2568267 10256090 1
2568267 10713525 1
2568267 12327391 1
2568267 12407075 1
2568267 13986299 1
2568267 18050631 1
2568267 31075412 1
2568267 57236662 1
2568267 59488152 1
2568267 81783022 1
2568267 91912992 1
2568267 101003482 1
2568267 101086632 1
2568267 102922482 1
2604239 2630533 1
2604239 2670767 1
2604239 4469164 1
2604239 8404426 1
2604239 9616613 1
2604239 10256090 1
2604239 10713525 1
2604239 13986299 1
2604239 31075412 1
2604239 59488152 1
2604239 101003482 1
2604239 101086632 1
2604239 102922482 1
2630533 2670767 1
2630533 4469164 1
2630533 8404426 1
2630533 9616613 1
2630533 9921814 1
2630533 10153994 1
2630533 10256090 1
2630533 10713525 1
2630533 12327391 1
2630533 12407075 1
2630533 13986299 1
2630533 18050631 1
2630533 31075412 1
2630533 57236662 1
2630533 59488152 1
2630533 81783022 1
2630533 91912992 1
2630533 101003482 1
2630533 101086632 1
2630533 102922482 1
2670767 4469164 1
2670767 8404426 1
2670767 9616613 1
2670767 9921814 1
2670767 10153994 1
2670767 10256090 1
2670767 10713525 1
2670767 12327391 1
2670767 12407075 1
2670767 13986299 1
2670767 18050631 1
2670767 31075412 1
2670767 57236662 1
2670767 59488152 1
2670767 81783022 1
2670767 91912992 1
2670767 101003482 1
2670767 101086632 1
2670767 102922482 1
4469164 8404426 1
4469164 9616613 1
4469164 10256090 1
4469164 91912992 1
4469164 101003482 1
4469164 101086632 1
4469164 102922482 1
8404426 9616613 1
8404426 10256090 1
8404426 10713525 1
8404426 101003482 1
8404426 101086632 1
8404426 102922482 1
9616613 9921814 1
9616613 10153994 1
9616613 10256090 1
9616613 10713525 1
9616613 12327391 1
9616613 12407075 1
9616613 13986299 1
9616613 18050631 1
9616613 31075412 1
9616613 57236662 1
9616613 59488152 1
9616613 81783022 1
9616613 91912992 1
9616613 101003482 1
9616613 101086632 1
9616613 102922482 1
9921814 10256090 1
9921814 101003482 1
9921814 101086632 1
9921814 102922482 1
10153994 10256090 1
10153994 10713525 1
10153994 101003482 1
10153994 101086632 1
10153994 102922482 1
10256090 12407075 1
10256090 13986299 1
10256090 18050631 1
10256090 59488152 1
10256090 101003482 1
10256090 101086632 1
10256090 102922482 1
10713525 12407075 1
10713525 18050631 1
10713525 59488152 1
10713525 101003482 1
10713525 101086632 1
10713525 102922482 1
12327391 101003482 1
12327391 101086632 1
12327391 102922482 1
12407075 101003482 1
12407075 101086632 1
12407075 102922482 1
13986299 101003482 1
13986299 101086632 1
13986299 102922482 1
18050631 101003482 1
18050631 101086632 1
18050631 102922482 1
31075412 101003482 1
31075412 101086632 1
31075412 102922482 1
57236662 101003482 1
57236662 101086632 1
57236662 102922482 1
59488152 101003482 1
59488152 101086632 1
59488152 102922482 1
81783022 101003482 1
81783022 101086632 1
81783022 102922482 1
91912992 101003482 1
91912992 101086632 1
91912992 102922482 1
101003482 101086632 1
101003482 102922482 1
101086632 102922482 1
