10153994 9409806 5975439 1304978 9743635 9508887 12677275 4469164 10713525 11426358 14294849 11876549 1310152 9412685 3613138 12798422 10256090 12327391 9616613 9953005 9465330 14189301 471029 10171513 11811451
1304978 1310152 1
1304978 5975439 2
1304978 12327391 8
1310152 5975439 1
1310152 12327391 1
5975439 12327391 2
1304978 9412685 7
1304978 9508887 2
9412685 9508887 3
9412685 12327391 9
9508887 12327391 3
3613138 9412685 1
3613138 9465330 1
3613138 12327391 1
9412685 9465330 2
9465330 12327391 2
1304978 9409806 1
1304978 9465330 1
1304978 9743635 1
1304978 9953005 1
1304978 10171513 2
1304978 10256090 4
1304978 10713525 4
1304978 11426358 1
1304978 11876549 2
1304978 12798422 2
1304978 14189301 1
1304978 14294849 1
9409806 9412685 1
9409806 9465330 1
9409806 9743635 1
9409806 9953005 1
9409806 10171513 1
9409806 10256090 1
9409806 10713525 1
9409806 11426358 1
9409806 11876549 1
9409806 12327391 1
9409806 12798422 1
9409806 14189301 1
9409806 14294849 1
9412685 9743635 1
9412685 9953005 1
9412685 10171513 2
9412685 10256090 5
9412685 10713525 4
9412685 11426358 1
9412685 11876549 3
9412685 12798422 2
9412685 14189301 1
9412685 14294849 1
9465330 9743635 1
9465330 9953005 1
9465330 10171513 1
9465330 10256090 1
9465330 10713525 1
9465330 11426358 1
9465330 11876549 1
9465330 12798422 1
9465330 14189301 1
9465330 14294849 1
9743635 9953005 1
9743635 10171513 1
9743635 10256090 1
9743635 10713525 1
9743635 11426358 1
9743635 11876549 1
9743635 12327391 1
9743635 12798422 1
9743635 14189301 1
9743635 14294849 1
9953005 10171513 1
9953005 10256090 1
9953005 10713525 1
9953005 11426358 1
9953005 11876549 1
9953005 12327391 1
9953005 12798422 1
9953005 14189301 1
9953005 14294849 1
10171513 10256090 2
10171513 10713525 2
10171513 11426358 1
10171513 11876549 1
10171513 12327391 2
10171513 12798422 2
10171513 14189301 1
10171513 14294849 1
10256090 10713525 3
10256090 11426358 1
10256090 11876549 2
10256090 12327391 5
10256090 12798422 2
10256090 14189301 1
10256090 14294849 1
10713525 11426358 1
10713525 11876549 1
10713525 12327391 4
10713525 12798422 2
10713525 14189301 1
10713525 14294849 1
11426358 11876549 1
11426358 12327391 1
11426358 12798422 1
11426358 14189301 1
11426358 14294849 1
11876549 12327391 3
11876549 12798422 1
11876549 14189301 1
11876549 14294849 1
12327391 12798422 2
12327391 14189301 1
12327391 14294849 1
12798422 14189301 1
12798422 14294849 1
14189301 14294849 1
5975439 9412685 1
5975439 10256090 1
5975439 10713525 1
471029 1304978 1
471029 4469164 1
471029 9412685 1
471029 9616613 1
471029 10153994 1
471029 10171513 1
471029 10256090 1
471029 10713525 1
471029 12327391 1
471029 12677275 1
471029 12798422 1
1304978 4469164 1
1304978 9616613 2
1304978 10153994 1
1304978 12677275 1
4469164 9412685 1
4469164 9616613 1
4469164 10153994 1
4469164 10171513 1
4469164 10256090 1
4469164 10713525 1
4469164 12327391 1
4469164 12677275 1
4469164 12798422 1
9412685 9616613 3
9412685 10153994 2
9412685 12677275 2
9616613 10153994 2
9616613 10171513 1
9616613 10256090 3
9616613 10713525 1
9616613 12327391 3
9616613 12677275 2
9616613 12798422 1
10153994 10171513 1
10153994 10256090 2
10153994 10713525 1
10153994 12327391 2
10153994 12677275 2
10153994 12798422 1
10171513 12677275 1
10256090 12677275 2
10713525 12677275 1
12327391 12677275 2
12677275 12798422 1
9412685 11811451 1
9508887 9616613 1
9508887 10153994 1
9508887 10256090 1
9508887 11811451 1
9508887 11876549 1
9508887 12677275 1
9616613 11811451 1
9616613 11876549 1
10153994 11811451 1
10153994 11876549 1
10256090 11811451 1
11811451 11876549 1
11811451 12327391 1
11811451 12677275 1
11876549 12677275 1
9508887 10713525 1
