3197440 8406785 8350468 2877828 6449031 11788428 6899342 2876431 13380622 3423255 9373719 9123865 9600412 8772125 7643170 5345833 7756586 6348970 9629740 9646127 9460145 11145778 558260 413876 3325366 3408310 2597560 9595446 10294584 378295 2371002 3475648 3358153 9446349 13399245 5687247 1996117 2113499 10036316 9432159 615008 9572964 11631333 8296940 12559085 7444078 7235825 10694782
413876 558260 1
413876 2597560 1
413876 3197440 3
413876 3325366 3
413876 3408310 2
413876 3423255 2
413876 5345833 1
413876 5687247 1
413876 6899342 1
413876 7444078 1
413876 7756586 3
413876 8350468 1
413876 8406785 1
413876 9123865 1
413876 9432159 3
413876 9595446 1
413876 9600412 2
413876 9629740 2
413876 9646127 3
413876 10694782 1
413876 12559085 2
558260 2597560 1
558260 3197440 1
558260 3325366 1
558260 3408310 1
558260 3423255 1
558260 5345833 1
558260 5687247 1
558260 6899342 1
558260 7444078 1
558260 7756586 1
558260 8350468 1
558260 8406785 1
558260 9123865 1
558260 9432159 1
558260 9595446 1
558260 9600412 1
558260 9629740 1
558260 9646127 1
558260 10694782 1
558260 12559085 1
2597560 3197440 1
2597560 3325366 1
2597560 3408310 1
2597560 3423255 1
2597560 5345833 1
2597560 5687247 1
2597560 6899342 1
2597560 7444078 1
2597560 7756586 1
2597560 8350468 1
2597560 8406785 1
2597560 9123865 1
2597560 9432159 1
2597560 9595446 1
2597560 9600412 1
2597560 9629740 1
2597560 9646127 1
2597560 10694782 1
2597560 12559085 1
3197440 3325366 3
3197440 3408310 3
3197440 3423255 5
3197440 5345833 2
3197440 5687247 2
3197440 6899342 1
3197440 7444078 2
3197440 7756586 4
3197440 8350468 3
3197440 8406785 1
3197440 9123865 1
3197440 9432159 9
3197440 9595446 2
3197440 9600412 4
3197440 9629740 2
3197440 9646127 8
3197440 10694782 1
3197440 12559085 2
3325366 3408310 2
3325366 3423255 2
3325366 5345833 1
3325366 5687247 1
3325366 6899342 1
3325366 7444078 1
3325366 7756586 3
3325366 8350468 1
3325366 8406785 1
3325366 9123865 1
3325366 9432159 3
3325366 9595446 1
3325366 9600412 2
3325366 9629740 2
3325366 9646127 3
3325366 10694782 1
3325366 12559085 2
3408310 3423255 2
3408310 5345833 1
3408310 5687247 1
3408310 6899342 1
3408310 7444078 1
3408310 7756586 2
3408310 8350468 2
3408310 8406785 1
3408310 9123865 1
3408310 9432159 3
3408310 9595446 1
3408310 9600412 2
3408310 9629740 2
3408310 9646127 3
3408310 10694782 1
3408310 12559085 1
3423255 5345833 2
3423255 5687247 2
3423255 6899342 1
3423255 7444078 2
3423255 7756586 3
3423255 8350468 2
3423255 8406785 1
3423255 9123865 1
3423255 9432159 5
3423255 9595446 1
3423255 9600412 4
3423255 9629740 1
3423255 9646127 4
3423255 10694782 1
3423255 12559085 2
5345833 5687247 1
5345833 6899342 1
5345833 7444078 1
5345833 7756586 2
5345833 8350468 1
5345833 8406785 1
5345833 9123865 1
5345833 9432159 2
5345833 9595446 1
5345833 9600412 1
5345833 9629740 1
5345833 9646127 1
5345833 10694782 1
5345833 12559085 1
5687247 6899342 1
5687247 7444078 2
5687247 7756586 1
5687247 8350468 1
5687247 8406785 1
5687247 9123865 1
5687247 9432159 2
5687247 9595446 1
5687247 9600412 2
5687247 9629740 1
5687247 9646127 2
5687247 10694782 1
5687247 12559085 1
6899342 7444078 1
6899342 7756586 1
6899342 8350468 1
6899342 8406785 1
6899342 9123865 1
6899342 9432159 1
6899342 9595446 1
6899342 9600412 1
6899342 9629740 1
6899342 9646127 1
6899342 10694782 1
6899342 12559085 1
7444078 7756586 1
7444078 8350468 1
7444078 8406785 1
7444078 9123865 1
7444078 9432159 2
7444078 9595446 1
7444078 9600412 2
7444078 9629740 1
7444078 9646127 2
7444078 10694782 1
7444078 12559085 1
7756586 8350468 1
7756586 8406785 1
7756586 9123865 1
7756586 9432159 4
7756586 9595446 1
7756586 9600412 2
7756586 9629740 2
7756586 9646127 3
7756586 10694782 1
7756586 12559085 2
8350468 8406785 1
8350468 9123865 1
8350468 9432159 3
8350468 9595446 2
8350468 9600412 2
8350468 9629740 1
8350468 9646127 3
8350468 10694782 1
8350468 12559085 1
8406785 9123865 1
8406785 9432159 1
8406785 9595446 1
8406785 9600412 1
8406785 9629740 1
8406785 9646127 1
8406785 10694782 1
8406785 12559085 1
9123865 9432159 1
9123865 9595446 1
9123865 9600412 1
9123865 9629740 1
9123865 9646127 1
9123865 10694782 1
9123865 12559085 1
9432159 9595446 2
9432159 9600412 5
9432159 9629740 2
9432159 9646127 8
9432159 10694782 1
9432159 12559085 2
9595446 9600412 1
9595446 9629740 1
9595446 9646127 2
9595446 10694782 1
9595446 12559085 1
9600412 9629740 1
9600412 9646127 4
9600412 10694782 1
9600412 12559085 2
9629740 9646127 2
9629740 10694782 1
9629740 12559085 1
9646127 10694782 1
9646127 12559085 2
10694782 12559085 1
1996117 3197440 2
1996117 3358153 1
1996117 3423255 2
1996117 3475648 1
1996117 5687247 1
1996117 6348970 1
1996117 7444078 1
1996117 9373719 1
1996117 9432159 2
1996117 9446349 1
1996117 9600412 2
1996117 9646127 2
1996117 10036316 1
1996117 10294584 1
3197440 3358153 2
3197440 3475648 1
3197440 6348970 1
3197440 9373719 1
3197440 9446349 5
3197440 10036316 5
3197440 10294584 5
3358153 3423255 2
3358153 3475648 1
3358153 5687247 1
3358153 6348970 1
3358153 7444078 1
3358153 9373719 1
3358153 9432159 2
3358153 9446349 2
3358153 9600412 2
3358153 9646127 2
3358153 10036316 2
3358153 10294584 2
3423255 3475648 1
3423255 6348970 1
3423255 9373719 1
3423255 9446349 2
3423255 10036316 2
3423255 10294584 2
3475648 5687247 1
3475648 6348970 1
3475648 7444078 1
3475648 9373719 1
3475648 9432159 1
3475648 9446349 1
3475648 9600412 1
3475648 9646127 1
3475648 10036316 1
3475648 10294584 1
5687247 6348970 1
5687247 9373719 1
5687247 9446349 1
5687247 10036316 1
5687247 10294584 1
6348970 7444078 1
6348970 9373719 1
6348970 9432159 1
6348970 9446349 1
6348970 9600412 1
6348970 9646127 1
6348970 10036316 1
6348970 10294584 1
7444078 9373719 1
7444078 9446349 1
7444078 10036316 1
7444078 10294584 1
9373719 9432159 1
9373719 9446349 1
9373719 9600412 1
9373719 9646127 1
9373719 10036316 1
9373719 10294584 1
9432159 9446349 5
9432159 10036316 6
9432159 10294584 5
9446349 9600412 2
9446349 9646127 5
9446349 10036316 5
9446349 10294584 5
9600412 10036316 3
9600412 10294584 2
9646127 10036316 5
9646127 10294584 5
10036316 10294584 5
3197440 11631333 2
3197440 11788428 1
9432159 11631333 2
9432159 11788428 1
9446349 11631333 2
9446349 11788428 1
9646127 11631333 2
9646127 11788428 1
10036316 11631333 2
10036316 11788428 1
10294584 11631333 2
10294584 11788428 1
11631333 11788428 1
3358153 3408310 1
3358153 8350468 1
3358153 11631333 1
3408310 9446349 1
3408310 10036316 1
3408310 10294584 1
3408310 11631333 1
3423255 11631333 1
8350468 9446349 2
8350468 10036316 2
8350468 10294584 2
8350468 11631333 1
9600412 11631333 1
615008 3197440 3
615008 3423255 2
615008 5345833 1
615008 6449031 2
615008 7756586 3
615008 8772125 1
615008 9432159 3
615008 9572964 1
3197440 6449031 3
3197440 8772125 1
3197440 9572964 2
3423255 6449031 2
3423255 8772125 1
3423255 9572964 1
5345833 6449031 1
5345833 8772125 1
5345833 9572964 1
6449031 7756586 2
6449031 8772125 1
6449031 9432159 3
6449031 9572964 1
7756586 8772125 1
7756586 9572964 1
8772125 9432159 1
8772125 9572964 1
9432159 9572964 2
413876 615008 2
413876 1996117 1
413876 2876431 1
413876 2877828 1
413876 6449031 1
413876 7235825 1
413876 7643170 2
413876 8296940 1
413876 9460145 1
615008 1996117 1
615008 2876431 1
615008 2877828 1
615008 3325366 2
615008 7235825 1
615008 7643170 2
615008 8296940 1
615008 9460145 1
615008 9600412 1
615008 9646127 2
615008 12559085 1
1996117 2876431 1
1996117 2877828 1
1996117 3325366 1
1996117 6449031 1
1996117 7235825 1
1996117 7643170 1
1996117 7756586 1
1996117 8296940 1
1996117 9460145 1
1996117 12559085 1
2876431 2877828 1
2876431 3197440 1
2876431 3325366 1
2876431 3423255 1
2876431 6449031 1
2876431 7235825 1
2876431 7643170 1
2876431 7756586 1
2876431 8296940 1
2876431 9432159 1
2876431 9460145 1
2876431 9600412 1
2876431 9646127 1
2876431 12559085 1
2877828 3197440 1
2877828 3325366 1
2877828 3423255 1
2877828 6449031 1
2877828 7235825 1
2877828 7643170 1
2877828 7756586 1
2877828 8296940 1
2877828 9432159 1
2877828 9460145 1
2877828 9600412 1
2877828 9646127 1
2877828 12559085 1
3197440 7235825 1
3197440 7643170 2
3197440 8296940 1
3197440 9460145 1
3325366 6449031 1
3325366 7235825 1
3325366 7643170 2
3325366 8296940 1
3325366 9460145 1
3423255 7235825 1
3423255 7643170 1
3423255 8296940 1
3423255 9460145 1
6449031 7235825 1
6449031 7643170 1
6449031 8296940 1
6449031 9460145 1
6449031 9600412 1
6449031 9646127 2
6449031 12559085 1
7235825 7643170 1
7235825 7756586 1
7235825 8296940 1
7235825 9432159 1
7235825 9460145 1
7235825 9600412 1
7235825 9646127 1
7235825 12559085 1
7643170 7756586 2
7643170 8296940 1
7643170 9432159 2
7643170 9460145 1
7643170 9600412 1
7643170 9646127 2
7643170 12559085 1
7756586 8296940 1
7756586 9460145 1
8296940 9432159 1
8296940 9460145 1
8296940 9600412 1
8296940 9646127 1
8296940 12559085 1
9432159 9460145 1
9460145 9600412 1
9460145 9646127 1
9460145 12559085 1
378295 3197440 1
378295 6449031 1
378295 8350468 1
378295 9432159 1
378295 9446349 1
378295 9595446 1
378295 9646127 1
378295 10036316 1
378295 10294584 1
378295 13380622 1
378295 13399245 1
3197440 13380622 1
3197440 13399245 1
6449031 8350468 1
6449031 9446349 1
6449031 9595446 1
6449031 10036316 1
6449031 10294584 1
6449031 13380622 1
6449031 13399245 1
8350468 13380622 1
8350468 13399245 1
9432159 13380622 1
9432159 13399245 1
9446349 9595446 1
9446349 13380622 1
9446349 13399245 1
9595446 10036316 1
9595446 10294584 1
9595446 13380622 1
9595446 13399245 1
9646127 13380622 1
9646127 13399245 1
10036316 13380622 1
10036316 13399245 1
10294584 13380622 1
10294584 13399245 1
13380622 13399245 1
413876 2113499 1
413876 11145778 1
615008 2113499 1
615008 3408310 1
615008 9629740 1
615008 11145778 1
2113499 3197440 1
2113499 3325366 1
2113499 3408310 1
2113499 7643170 1
2113499 7756586 1
2113499 9432159 1
2113499 9629740 1
2113499 9646127 1
2113499 11145778 1
3197440 11145778 1
3325366 11145778 1
3408310 7643170 1
3408310 11145778 1
7643170 9629740 1
7643170 11145778 1
7756586 11145778 1
9432159 11145778 1
9629740 11145778 1
9646127 11145778 1
2371002 3197440 1
2371002 9432159 1
2371002 9446349 1
2371002 9572964 1
2371002 9646127 1
2371002 10036316 1
2371002 10294584 1
9446349 9572964 1
9572964 9646127 1
9572964 10036316 1
9572964 10294584 1
