147460832 14665128 1997421 177116592 18253681 8274420 2961208 158601692 9325373
1997421 2961208 2
1997421 8274420 1
1997421 9325373 2
2961208 8274420 6
2961208 9325373 7
8274420 9325373 3
1997421 14665128 1
2961208 14665128 2
9325373 14665128 1
8274420 14665128 1
2961208 158601692 2
8274420 158601692 2
9325373 158601692 1
2961208 18253681 1
2961208 147460832 1
2961208 177116592 1
8274420 18253681 1
8274420 147460832 1
8274420 177116592 1
18253681 147460832 1
18253681 177116592 1
147460832 177116592 1
