10872930 9748489 10245484 12110094 10519632 12108085 9604022 9555799 9487740
9487740 9555799 8
9487740 9604022 2
9487740 10519632 7
9487740 10872930 9
9487740 12108085 2
9487740 12110094 5
9555799 9604022 2
9555799 10519632 6
9555799 10872930 7
9555799 12108085 2
9555799 12110094 5
9604022 10519632 1
9604022 10872930 2
9604022 12108085 2
9604022 12110094 2
10519632 10872930 7
10519632 12108085 1
10519632 12110094 4
10872930 12108085 2
10872930 12110094 5
12108085 12110094 2
9487740 9748489 1
9555799 9748489 1
9748489 10519632 1
9748489 10872930 1
9748489 12110094 1
9487740 10245484 4
9555799 10245484 2
9604022 10245484 1
10245484 10872930 3
10245484 12108085 1
10245484 12110094 1
10245484 10519632 1
