14391426 11718916 11039493 13269000 10070922 14788491 4393868 15162001 12043794 13180437 33597722 12971422 5015841 8108579 9900069 2849829 12935207 10868648 8643498 13296813 2781869 9023025 10023858 9810993 18839601 5043125 29545012 14503864 9571385 13400638 11931455 8491845 13266246 10436423 2089797 11259337 33187272 13038541 7567438 9789261 14115150 26510292 9569877 15861461 10126167 10837079 16421591 7475547 9567325 8731743 13132128 10444133 10149222 2135400 10600424 13423594 12993516 13901805 12891631 25952112 11849464 14037371 11271804
2135400 8108579 5
2135400 8731743 3
2135400 9569877 10
2135400 10070922 2
2135400 10436423 9
2135400 10444133 8
8108579 8731743 3
8108579 9569877 5
8108579 10070922 1
8108579 10436423 5
8108579 10444133 4
8731743 9569877 3
8731743 10070922 1
8731743 10436423 3
8731743 10444133 3
9569877 10070922 2
9569877 10436423 9
9569877 10444133 8
10070922 10436423 2
10070922 10444133 2
10436423 10444133 8
2135400 10126167 1
2135400 11039493 1
8108579 10126167 1
8108579 11039493 1
9569877 10126167 1
9569877 11039493 1
10126167 10436423 1
10126167 10444133 1
10126167 11039493 1
10436423 11039493 1
10444133 11039493 1
2135400 4393868 1
2135400 5015841 2
2135400 5043125 1
2135400 7475547 1
2135400 9023025 1
2135400 9567325 5
2135400 9571385 1
2135400 9900069 6
2135400 10023858 1
2135400 10149222 3
2135400 10868648 1
2135400 11849464 2
4393868 5015841 1
4393868 5043125 1
4393868 7475547 1
4393868 8108579 1
4393868 8731743 1
4393868 9023025 1
4393868 9567325 1
4393868 9569877 1
4393868 9571385 1
4393868 9900069 1
4393868 10023858 1
4393868 10149222 1
4393868 10436423 1
4393868 10444133 1
4393868 10868648 1
4393868 11849464 1
5015841 5043125 1
5015841 7475547 1
5015841 8108579 2
5015841 8731743 2
5015841 9023025 1
5015841 9567325 2
5015841 9569877 2
5015841 9571385 1
5015841 9900069 2
5015841 10023858 1
5015841 10149222 2
5015841 10436423 2
5015841 10444133 2
5015841 10868648 1
5015841 11849464 2
5043125 7475547 1
5043125 8108579 1
5043125 8731743 1
5043125 9023025 1
5043125 9567325 1
5043125 9569877 1
5043125 9571385 1
5043125 9900069 1
5043125 10023858 1
5043125 10149222 1
5043125 10436423 1
5043125 10444133 1
5043125 10868648 1
5043125 11849464 1
7475547 8108579 1
7475547 8731743 1
7475547 9023025 1
7475547 9567325 1
7475547 9569877 1
7475547 9571385 1
7475547 9900069 1
7475547 10023858 1
7475547 10149222 1
7475547 10436423 1
7475547 10444133 1
7475547 10868648 1
7475547 11849464 1
8108579 9023025 1
8108579 9567325 3
8108579 9571385 1
8108579 9900069 3
8108579 10023858 1
8108579 10149222 2
8108579 10868648 1
8108579 11849464 2
8731743 9023025 1
8731743 9567325 2
8731743 9571385 1
8731743 9900069 2
8731743 10023858 1
8731743 10149222 2
8731743 10868648 1
8731743 11849464 2
9023025 9567325 1
9023025 9569877 1
9023025 9571385 1
9023025 9900069 1
9023025 10023858 1
9023025 10149222 1
9023025 10436423 1
9023025 10444133 1
9023025 10868648 1
9023025 11849464 1
9567325 9569877 5
9567325 9571385 1
9567325 9900069 5
9567325 10023858 1
9567325 10149222 3
9567325 10436423 5
9567325 10444133 4
9567325 10868648 1
9567325 11849464 2
9569877 9571385 1
9569877 9900069 6
9569877 10023858 1
9569877 10149222 3
9569877 10868648 1
9569877 11849464 2
9571385 9900069 1
9571385 10023858 1
9571385 10149222 1
9571385 10436423 1
9571385 10444133 1
9571385 10868648 1
9571385 11849464 1
9900069 10023858 1
9900069 10149222 3
9900069 10436423 6
9900069 10444133 5
9900069 10868648 1
9900069 11849464 2
10023858 10149222 1
10023858 10436423 1
10023858 10444133 1
10023858 10868648 1
10023858 11849464 1
10149222 10436423 3
10149222 10444133 3
10149222 10868648 1
10149222 11849464 2
10436423 10868648 1
10436423 11849464 2
10444133 10868648 1
10444133 11849464 2
10868648 11849464 1
2135400 10600424 1
2135400 12043794 7
9569877 10600424 1
9569877 12043794 7
10600424 12043794 1
2135400 8643498 2
2135400 9810993 4
2135400 10837079 1
2135400 11259337 2
2135400 11271804 1
2135400 11718916 3
2135400 12891631 1
2135400 12935207 1
2135400 12971422 1
2135400 12993516 2
2135400 13038541 1
2135400 13132128 1
2135400 13180437 1
2135400 13266246 1
2135400 13269000 1
5015841 8643498 1
5015841 9810993 1
5015841 10837079 1
5015841 11259337 1
5015841 11271804 1
5015841 11718916 1
5015841 12043794 1
5015841 12891631 1
5015841 12935207 1
5015841 12971422 1
5015841 12993516 1
5015841 13038541 1
5015841 13132128 1
5015841 13180437 1
5015841 13266246 1
5015841 13269000 1
8108579 8643498 1
8108579 9810993 2
8108579 10837079 1
8108579 11259337 1
8108579 11271804 1
8108579 11718916 1
8108579 12043794 2
8108579 12891631 1
8108579 12935207 1
8108579 12971422 1
8108579 12993516 1
8108579 13038541 1
8108579 13132128 1
8108579 13180437 1
8108579 13266246 1
8108579 13269000 1
8643498 8731743 1
8643498 9567325 2
8643498 9569877 2
8643498 9810993 2
8643498 9900069 2
8643498 10149222 1
8643498 10436423 2
8643498 10444133 2
8643498 10837079 1
8643498 11259337 1
8643498 11271804 1
8643498 11718916 2
8643498 11849464 1
8643498 12043794 2
8643498 12891631 1
8643498 12935207 1
8643498 12971422 1
8643498 12993516 1
8643498 13038541 1
8643498 13132128 1
8643498 13180437 1
8643498 13266246 1
8643498 13269000 1
8731743 9810993 1
8731743 10837079 1
8731743 11259337 1
8731743 11271804 1
8731743 11718916 1
8731743 12043794 1
8731743 12891631 1
8731743 12935207 1
8731743 12971422 1
8731743 12993516 1
8731743 13038541 1
8731743 13132128 1
8731743 13180437 1
8731743 13266246 1
8731743 13269000 1
9567325 9810993 4
9567325 10837079 1
9567325 11259337 2
9567325 11271804 1
9567325 11718916 3
9567325 12043794 4
9567325 12891631 1
9567325 12935207 1
9567325 12971422 1
9567325 12993516 2
9567325 13038541 1
9567325 13132128 1
9567325 13180437 1
9567325 13266246 1
9567325 13269000 1
9569877 9810993 4
9569877 10837079 1
9569877 11259337 2
9569877 11271804 1
9569877 11718916 3
9569877 12891631 1
9569877 12935207 1
9569877 12971422 1
9569877 12993516 2
9569877 13038541 1
9569877 13132128 1
9569877 13180437 1
9569877 13266246 1
9569877 13269000 1
9810993 9900069 4
9810993 10149222 2
9810993 10436423 4
9810993 10444133 3
9810993 10837079 1
9810993 11259337 2
9810993 11271804 1
9810993 11718916 3
9810993 11849464 1
9810993 12043794 4
9810993 12891631 1
9810993 12935207 1
9810993 12971422 1
9810993 12993516 2
9810993 13038541 1
9810993 13132128 1
9810993 13180437 1
9810993 13266246 1
9810993 13269000 1
9900069 10837079 1
9900069 11259337 2
9900069 11271804 1
9900069 11718916 3
9900069 12043794 5
9900069 12891631 1
9900069 12935207 1
9900069 12971422 1
9900069 12993516 2
9900069 13038541 1
9900069 13132128 1
9900069 13180437 1
9900069 13266246 1
9900069 13269000 1
10149222 10837079 1
10149222 11259337 2
10149222 11271804 1
10149222 11718916 2
10149222 12043794 2
10149222 12891631 1
10149222 12935207 1
10149222 12971422 1
10149222 12993516 2
10149222 13038541 1
10149222 13132128 1
10149222 13180437 1
10149222 13266246 1
10149222 13269000 1
10436423 10837079 1
10436423 11259337 2
10436423 11271804 1
10436423 11718916 3
10436423 12043794 6
10436423 12891631 1
10436423 12935207 1
10436423 12971422 1
10436423 12993516 2
10436423 13038541 1
10436423 13132128 1
10436423 13180437 1
10436423 13266246 1
10436423 13269000 1
10444133 10837079 1
10444133 11259337 2
10444133 11271804 1
10444133 11718916 3
10444133 12043794 5
10444133 12891631 1
10444133 12935207 1
10444133 12971422 1
10444133 12993516 2
10444133 13038541 1
10444133 13132128 1
10444133 13180437 1
10444133 13266246 1
10444133 13269000 1
10837079 11259337 1
10837079 11271804 1
10837079 11718916 1
10837079 11849464 1
10837079 12043794 1
10837079 12891631 1
10837079 12935207 1
10837079 12971422 1
10837079 12993516 1
10837079 13038541 1
10837079 13132128 1
10837079 13180437 1
10837079 13266246 1
10837079 13269000 1
11259337 11271804 1
11259337 11718916 2
11259337 11849464 1
11259337 12043794 2
11259337 12891631 1
11259337 12935207 1
11259337 12971422 1
11259337 12993516 2
11259337 13038541 1
11259337 13132128 1
11259337 13180437 1
11259337 13266246 1
11259337 13269000 1
11271804 11718916 1
11271804 11849464 1
11271804 12043794 1
11271804 12891631 1
11271804 12935207 1
11271804 12971422 1
11271804 12993516 1
11271804 13038541 1
11271804 13132128 1
11271804 13180437 1
11271804 13266246 1
11271804 13269000 1
11718916 11849464 1
11718916 12043794 3
11718916 12891631 1
11718916 12935207 1
11718916 12971422 1
11718916 12993516 2
11718916 13038541 1
11718916 13132128 1
11718916 13180437 1
11718916 13266246 1
11718916 13269000 1
11849464 12043794 1
11849464 12891631 1
11849464 12935207 1
11849464 12971422 1
11849464 12993516 1
11849464 13038541 1
11849464 13132128 1
11849464 13180437 1
11849464 13266246 1
11849464 13269000 1
12043794 12891631 1
12043794 12935207 1
12043794 12971422 1
12043794 12993516 2
12043794 13038541 1
12043794 13132128 1
12043794 13180437 1
12043794 13266246 1
12043794 13269000 1
12891631 12935207 1
12891631 12971422 1
12891631 12993516 1
12891631 13038541 1
12891631 13132128 1
12891631 13180437 1
12891631 13266246 1
12891631 13269000 1
12935207 12971422 1
12935207 12993516 1
12935207 13038541 1
12935207 13132128 1
12935207 13180437 1
12935207 13266246 1
12935207 13269000 1
12971422 12993516 1
12971422 13038541 1
12971422 13132128 1
12971422 13180437 1
12971422 13266246 1
12971422 13269000 1
12993516 13038541 1
12993516 13132128 1
12993516 13180437 1
12993516 13266246 1
12993516 13269000 1
13038541 13132128 1
13038541 13180437 1
13038541 13266246 1
13038541 13269000 1
13132128 13180437 1
13132128 13266246 1
13132128 13269000 1
13180437 13266246 1
13180437 13269000 1
13266246 13269000 1
2135400 2849829 2
2135400 7567438 1
2135400 9789261 1
2135400 11931455 2
2135400 13296813 4
2135400 13400638 2
2135400 13901805 2
2135400 14037371 3
2849829 7567438 1
2849829 9567325 2
2849829 9569877 2
2849829 9789261 1
2849829 9810993 2
2849829 9900069 2
2849829 10070922 1
2849829 10149222 1
2849829 10436423 2
2849829 10444133 1
2849829 11259337 1
2849829 11718916 1
2849829 11931455 2
2849829 12043794 2
2849829 12993516 1
2849829 13296813 2
2849829 13400638 1
2849829 13901805 1
2849829 14037371 2
7567438 9567325 1
7567438 9569877 1
7567438 9789261 1
7567438 9810993 1
7567438 9900069 1
7567438 10070922 1
7567438 10149222 1
7567438 10436423 1
7567438 10444133 1
7567438 11259337 1
7567438 11718916 1
7567438 11931455 1
7567438 12043794 1
7567438 12993516 1
7567438 13296813 1
7567438 13400638 1
7567438 13901805 1
7567438 14037371 1
9567325 9789261 1
9567325 10070922 1
9567325 11931455 2
9567325 13296813 3
9567325 13400638 2
9567325 13901805 2
9567325 14037371 3
9569877 9789261 1
9569877 11931455 2
9569877 13296813 4
9569877 13400638 2
9569877 13901805 2
9569877 14037371 3
9789261 9810993 1
9789261 9900069 1
9789261 10070922 1
9789261 10149222 1
9789261 10436423 1
9789261 10444133 1
9789261 11259337 1
9789261 11718916 1
9789261 11931455 1
9789261 12043794 1
9789261 12993516 1
9789261 13296813 1
9789261 13400638 1
9789261 13901805 1
9789261 14037371 1
9810993 10070922 1
9810993 11931455 2
9810993 13296813 3
9810993 13400638 2
9810993 13901805 2
9810993 14037371 3
9900069 10070922 1
9900069 11931455 2
9900069 13296813 4
9900069 13400638 2
9900069 13901805 2
9900069 14037371 3
10070922 10149222 1
10070922 11259337 1
10070922 11718916 1
10070922 11931455 1
10070922 12043794 1
10070922 12993516 1
10070922 13296813 1
10070922 13400638 1
10070922 13901805 1
10070922 14037371 1
10149222 11931455 1
10149222 13296813 1
10149222 13400638 1
10149222 13901805 1
10149222 14037371 1
10436423 11931455 2
10436423 13296813 4
10436423 13400638 2
10436423 13901805 2
10436423 14037371 3
10444133 11931455 1
10444133 13296813 3
10444133 13400638 2
10444133 13901805 2
10444133 14037371 2
11259337 11931455 1
11259337 13296813 1
11259337 13400638 1
11259337 13901805 1
11259337 14037371 1
11718916 11931455 1
11718916 13296813 2
11718916 13400638 2
11718916 13901805 2
11718916 14037371 2
11931455 12043794 2
11931455 12993516 1
11931455 13296813 2
11931455 13400638 1
11931455 13901805 1
11931455 14037371 2
12043794 13296813 4
12043794 13400638 2
12043794 13901805 2
12043794 14037371 3
12993516 13296813 1
12993516 13400638 1
12993516 13901805 1
12993516 14037371 1
13296813 13400638 2
13296813 13901805 2
13296813 14037371 3
13400638 13901805 2
13400638 14037371 2
13901805 14037371 2
2135400 8491845 1
2135400 14788491 2
2135400 15162001 2
2135400 15861461 1
2135400 16421591 1
8491845 8643498 1
8491845 9567325 1
8491845 9569877 1
8491845 9810993 1
8491845 9900069 1
8491845 10436423 1
8491845 10444133 1
8491845 11718916 1
8491845 12043794 1
8491845 13296813 1
8491845 13400638 1
8491845 13901805 1
8491845 14037371 1
8491845 14788491 1
8491845 15162001 1
8491845 15861461 1
8491845 16421591 1
8643498 13296813 1
8643498 13400638 1
8643498 13901805 1
8643498 14037371 1
8643498 14788491 1
8643498 15162001 1
8643498 15861461 1
8643498 16421591 1
9567325 14788491 2
9567325 15162001 1
9567325 15861461 1
9567325 16421591 1
9569877 14788491 2
9569877 15162001 2
9569877 15861461 1
9569877 16421591 1
9810993 14788491 2
9810993 15162001 1
9810993 15861461 1
9810993 16421591 1
9900069 14788491 2
9900069 15162001 1
9900069 15861461 1
9900069 16421591 1
10436423 14788491 2
10436423 15162001 2
10436423 15861461 1
10436423 16421591 1
10444133 14788491 1
10444133 15162001 2
10444133 15861461 1
10444133 16421591 1
11718916 14788491 1
11718916 15162001 1
11718916 15861461 1
11718916 16421591 1
12043794 14788491 2
12043794 15162001 2
12043794 15861461 1
12043794 16421591 1
13296813 14788491 2
13296813 15162001 1
13296813 15861461 1
13296813 16421591 1
13400638 14788491 1
13400638 15162001 1
13400638 15861461 1
13400638 16421591 1
13901805 14788491 1
13901805 15162001 1
13901805 15861461 1
13901805 16421591 1
14037371 14788491 2
14037371 15162001 1
14037371 15861461 1
14037371 16421591 1
14788491 15162001 1
14788491 15861461 1
14788491 16421591 1
15162001 15861461 1
15162001 16421591 1
15861461 16421591 1
2089797 2135400 1
2089797 2781869 1
2089797 2849829 1
2089797 8108579 1
2089797 9567325 1
2089797 9569877 1
2089797 9810993 1
2089797 9900069 1
2089797 10436423 1
2089797 11931455 1
2089797 12043794 1
2089797 13296813 1
2089797 13423594 1
2089797 14037371 1
2089797 14115150 1
2089797 14391426 1
2089797 14503864 1
2089797 14788491 1
2089797 18839601 1
2089797 25952112 1
2089797 29545012 1
2135400 2781869 1
2135400 13423594 1
2135400 14115150 1
2135400 14391426 1
2135400 14503864 1
2135400 18839601 1
2135400 25952112 1
2135400 29545012 1
2781869 2849829 1
2781869 8108579 1
2781869 9567325 1
2781869 9569877 1
2781869 9810993 1
2781869 9900069 1
2781869 10436423 1
2781869 11931455 1
2781869 12043794 1
2781869 13296813 1
2781869 13423594 1
2781869 14037371 1
2781869 14115150 1
2781869 14391426 1
2781869 14503864 1
2781869 14788491 1
2781869 18839601 1
2781869 25952112 1
2781869 29545012 1
2849829 8108579 1
2849829 13423594 1
2849829 14115150 1
2849829 14391426 1
2849829 14503864 1
2849829 14788491 1
2849829 18839601 1
2849829 25952112 1
2849829 29545012 1
8108579 11931455 1
8108579 13296813 1
8108579 13423594 1
8108579 14037371 1
8108579 14115150 1
8108579 14391426 1
8108579 14503864 1
8108579 14788491 1
8108579 18839601 1
8108579 25952112 1
8108579 29545012 1
9567325 13423594 1
9567325 14115150 1
9567325 14391426 1
9567325 14503864 1
9567325 18839601 1
9567325 25952112 1
9567325 29545012 1
9569877 13423594 1
9569877 14115150 1
9569877 14391426 1
9569877 14503864 1
9569877 18839601 1
9569877 25952112 1
9569877 29545012 1
9810993 13423594 1
9810993 14115150 1
9810993 14391426 1
9810993 14503864 1
9810993 18839601 1
9810993 25952112 1
9810993 29545012 1
9900069 13423594 1
9900069 14115150 1
9900069 14391426 1
9900069 14503864 1
9900069 18839601 1
9900069 25952112 1
9900069 29545012 1
10436423 13423594 1
10436423 14115150 1
10436423 14391426 1
10436423 14503864 1
10436423 18839601 1
10436423 25952112 1
10436423 29545012 1
11931455 13423594 1
11931455 14115150 1
11931455 14391426 1
11931455 14503864 1
11931455 14788491 1
11931455 18839601 1
11931455 25952112 1
11931455 29545012 1
12043794 13423594 1
12043794 14115150 1
12043794 14391426 1
12043794 14503864 1
12043794 18839601 1
12043794 25952112 1
12043794 29545012 1
13296813 13423594 1
13296813 14115150 1
13296813 14391426 1
13296813 14503864 1
13296813 18839601 1
13296813 25952112 1
13296813 29545012 1
13423594 14037371 1
13423594 14115150 1
13423594 14391426 1
13423594 14503864 1
13423594 14788491 1
13423594 18839601 1
13423594 25952112 1
13423594 29545012 1
14037371 14115150 1
14037371 14391426 1
14037371 14503864 1
14037371 18839601 1
14037371 25952112 1
14037371 29545012 1
14115150 14391426 1
14115150 14503864 1
14115150 14788491 1
14115150 18839601 1
14115150 25952112 1
14115150 29545012 1
14391426 14503864 1
14391426 14788491 1
14391426 18839601 1
14391426 25952112 1
14391426 29545012 1
14503864 14788491 1
14503864 18839601 1
14503864 25952112 1
14503864 29545012 1
14788491 18839601 1
14788491 25952112 1
14788491 29545012 1
18839601 25952112 1
18839601 29545012 1
25952112 29545012 1
2135400 26510292 1
2135400 33187272 1
2135400 33597722 1
9569877 26510292 1
9569877 33187272 1
9569877 33597722 1
10436423 26510292 1
10436423 33187272 1
10436423 33597722 1
10444133 26510292 1
10444133 33187272 1
10444133 33597722 1
12043794 26510292 1
12043794 33187272 1
12043794 33597722 1
15162001 26510292 1
15162001 33187272 1
15162001 33597722 1
26510292 33187272 1
26510292 33597722 1
33187272 33597722 1
