36978052 4166535 3417481 5006346 12145933 14005393 41124242 31546772 2650644 23937432 40943902 2253990 13278630 34103722 14521773 14619565 8131504 37887792 8088246 34326072 7371197 40457542 31626702 13794138 13800282 3942752 6565344 2322401 10859750 33216362
8131504 14521773 3
8131504 31546772 2
14521773 31546772 2
2253990 2650644 2
2253990 3942752 2
2253990 6565344 1
2253990 8088246 2
2253990 13794138 2
2253990 14619565 1
2253990 23937432 2
2253990 33216362 2
2650644 3942752 3
2650644 6565344 2
2650644 8088246 3
2650644 13794138 3
2650644 14619565 1
2650644 23937432 3
2650644 33216362 3
3942752 6565344 2
3942752 8088246 3
3942752 13794138 3
3942752 14619565 1
3942752 23937432 3
3942752 33216362 3
6565344 8088246 2
6565344 13794138 2
6565344 14619565 1
6565344 23937432 2
6565344 33216362 2
8088246 13794138 3
8088246 14619565 1
8088246 23937432 3
8088246 33216362 3
13794138 14619565 1
13794138 23937432 3
13794138 33216362 3
14619565 23937432 1
14619565 33216362 1
23937432 33216362 3
5006346 34103722 1
5006346 40457542 1
34103722 40457542 1
2322401 8088246 1
2322401 8131504 2
2322401 14521773 2
2322401 31546772 1
2322401 34103722 1
8088246 8131504 1
8088246 14521773 1
8088246 31546772 1
8088246 34103722 1
8131504 34103722 1
14521773 34103722 1
31546772 34103722 1
2650644 4166535 1
2650644 7371197 1
2650644 12145933 1
2650644 13800282 1
2650644 31626702 1
2650644 40457542 1
3942752 4166535 1
3942752 7371197 1
3942752 12145933 1
3942752 13800282 1
3942752 31626702 1
3942752 40457542 1
4166535 6565344 1
4166535 7371197 1
4166535 8088246 1
4166535 12145933 1
4166535 13794138 1
4166535 13800282 1
4166535 23937432 1
4166535 31626702 1
4166535 33216362 1
4166535 40457542 1
6565344 7371197 1
6565344 12145933 1
6565344 13800282 1
6565344 31626702 1
6565344 40457542 1
7371197 8088246 1
7371197 12145933 1
7371197 13794138 1
7371197 13800282 1
7371197 23937432 1
7371197 31626702 1
7371197 33216362 1
7371197 40457542 1
8088246 12145933 1
8088246 13800282 1
8088246 31626702 1
8088246 40457542 1
12145933 13794138 1
12145933 13800282 1
12145933 23937432 1
12145933 31626702 1
12145933 33216362 1
12145933 40457542 1
13794138 13800282 1
13794138 31626702 1
13794138 40457542 1
13800282 23937432 1
13800282 31626702 1
13800282 33216362 1
13800282 40457542 1
23937432 31626702 1
23937432 40457542 1
31626702 33216362 1
31626702 40457542 1
33216362 40457542 1
13278630 14005393 1
13278630 34326072 1
13278630 37887792 1
13278630 40943902 1
13278630 41124242 1
14005393 34326072 1
14005393 37887792 1
14005393 40943902 1
14005393 41124242 1
34326072 37887792 1
34326072 40943902 1
34326072 41124242 1
37887792 40943902 1
37887792 41124242 1
40943902 41124242 1
2322401 10859750 1
2322401 37887792 1
8131504 10859750 1
8131504 37887792 1
10859750 14521773 1
10859750 37887792 1
14521773 37887792 1
2253990 3417481 1
2253990 36978052 1
2650644 3417481 1
2650644 36978052 1
3417481 3942752 2
3417481 8088246 1
3417481 13794138 1
3417481 23937432 1
3417481 33216362 1
3417481 36978052 1
3942752 36978052 1
8088246 36978052 1
13794138 36978052 1
23937432 36978052 1
33216362 36978052 1
