13525120 110751872 9193220 13360147 2650644 7545237 2507671 60533532 40142492 110840992 33626272 4262434 71956772 2253990 46717222 12608683 11758508 14521773 8131504 3824176 7287603 1192501 821302 90224822 13893685 14285755 1675452 112743622 53721032 91679692 112750802 8867283 101541592 112738392 17833051 404702 58764512 2322401 3942752 72209252 103325672 2208745 33216362 7088876 26293612 7953389 104824172 111234672 4768627 12710644 2734325 4572791 4289534 173567
2253990 2650644 3
2253990 2734325 3
2253990 4289534 1
2253990 7088876 1
2253990 7287603 1
2253990 9193220 1
2253990 11758508 1
2253990 13525120 1
2253990 17833051 3
2253990 46717222 1
2253990 72209252 1
2253990 110751872 1
2253990 110840992 1
2253990 111234672 1
2650644 2734325 3
2650644 4289534 1
2650644 7088876 1
2650644 7287603 1
2650644 9193220 1
2650644 11758508 1
2650644 13525120 1
2650644 17833051 3
2650644 46717222 1
2650644 72209252 1
2650644 110751872 1
2650644 110840992 1
2650644 111234672 1
2734325 4289534 1
2734325 7088876 1
2734325 7287603 1
2734325 9193220 1
2734325 11758508 1
2734325 13525120 1
2734325 17833051 4
2734325 46717222 1
2734325 72209252 1
2734325 110751872 1
2734325 110840992 1
2734325 111234672 1
4289534 7088876 1
4289534 7287603 1
4289534 9193220 1
4289534 11758508 1
4289534 13525120 1
4289534 17833051 1
4289534 46717222 1
4289534 72209252 1
4289534 110751872 1
4289534 110840992 1
4289534 111234672 1
7088876 7287603 1
7088876 9193220 1
7088876 11758508 1
7088876 13525120 1
7088876 17833051 1
7088876 46717222 1
7088876 72209252 1
7088876 110751872 1
7088876 110840992 1
7088876 111234672 1
7287603 9193220 1
7287603 11758508 1
7287603 13525120 1
7287603 17833051 1
7287603 46717222 1
7287603 72209252 1
7287603 110751872 1
7287603 110840992 1
7287603 111234672 1
9193220 11758508 1
9193220 13525120 1
9193220 17833051 2
9193220 46717222 1
9193220 72209252 1
9193220 110751872 1
9193220 110840992 1
9193220 111234672 1
11758508 13525120 1
11758508 17833051 1
11758508 46717222 1
11758508 72209252 1
11758508 110751872 1
11758508 110840992 1
11758508 111234672 1
13525120 17833051 1
13525120 46717222 1
13525120 72209252 1
13525120 110751872 1
13525120 110840992 1
13525120 111234672 1
17833051 46717222 1
17833051 72209252 1
17833051 110751872 1
17833051 110840992 1
17833051 111234672 1
46717222 72209252 1
46717222 110751872 1
46717222 110840992 1
46717222 111234672 1
72209252 110751872 1
72209252 110840992 1
72209252 111234672 1
110751872 110840992 1
110751872 111234672 1
110840992 111234672 1
1675452 2322401 3
1675452 8131504 3
1675452 14521773 3
1675452 17833051 3
1675452 26293612 1
1675452 33626272 2
1675452 101541592 1
1675452 103325672 2
2322401 8131504 3
2322401 14521773 3
2322401 17833051 3
2322401 26293612 1
2322401 33626272 2
2322401 101541592 1
2322401 103325672 2
8131504 14521773 3
8131504 17833051 3
8131504 26293612 1
8131504 33626272 2
8131504 101541592 1
8131504 103325672 2
14521773 17833051 3
14521773 26293612 1
14521773 33626272 2
14521773 101541592 1
14521773 103325672 2
17833051 26293612 2
17833051 33626272 2
17833051 101541592 1
17833051 103325672 2
26293612 33626272 1
26293612 101541592 1
26293612 103325672 1
33626272 101541592 1
33626272 103325672 1
101541592 103325672 1
7953389 9193220 1
7953389 12608683 2
7953389 12710644 3
7953389 14285755 1
7953389 17833051 2
7953389 71956772 2
9193220 12608683 1
9193220 12710644 1
9193220 14285755 1
9193220 71956772 1
12608683 12710644 2
12608683 14285755 1
12608683 17833051 1
12608683 71956772 1
12710644 14285755 1
12710644 17833051 2
12710644 71956772 2
14285755 17833051 1
14285755 71956772 1
17833051 71956772 2
2253990 2507671 1
2253990 7545237 1
2253990 13360147 1
2253990 58764512 1
2507671 2650644 1
2507671 2734325 1
2507671 7545237 1
2507671 13360147 1
2507671 17833051 1
2507671 58764512 1
2650644 7545237 1
2650644 13360147 1
2650644 58764512 1
2734325 7545237 1
2734325 13360147 1
2734325 58764512 1
7545237 13360147 1
7545237 17833051 1
7545237 58764512 1
13360147 17833051 1
13360147 58764512 1
17833051 58764512 1
821302 1675452 1
821302 2322401 1
821302 4768627 1
821302 8131504 1
821302 14521773 1
821302 17833051 1
821302 33626272 1
821302 90224822 1
821302 91679692 1
1675452 4768627 1
1675452 90224822 1
1675452 91679692 2
2322401 4768627 1
2322401 90224822 1
2322401 91679692 2
4768627 8131504 1
4768627 14521773 1
4768627 17833051 1
4768627 33626272 1
4768627 90224822 1
4768627 91679692 1
8131504 90224822 1
8131504 91679692 2
14521773 90224822 1
14521773 91679692 2
17833051 90224822 1
17833051 91679692 2
33626272 90224822 1
33626272 91679692 1
90224822 91679692 1
173567 7953389 1
173567 8867283 1
173567 12608683 1
173567 12710644 1
173567 26293612 1
173567 112743622 1
173567 112750802 1
7953389 8867283 1
7953389 26293612 1
7953389 112743622 1
7953389 112750802 1
8867283 12608683 1
8867283 12710644 1
8867283 26293612 1
8867283 112743622 1
8867283 112750802 1
12608683 26293612 1
12608683 112743622 1
12608683 112750802 1
12710644 26293612 1
12710644 112743622 1
12710644 112750802 1
26293612 112743622 1
26293612 112750802 1
112743622 112750802 1
2253990 3942752 1
2253990 33216362 1
2253990 53721032 1
2253990 60533532 1
2253990 104824172 1
2650644 3942752 1
2650644 33216362 1
2650644 53721032 1
2650644 60533532 1
2650644 104824172 1
2734325 3942752 1
2734325 33216362 1
2734325 53721032 1
2734325 60533532 1
2734325 104824172 1
3942752 17833051 1
3942752 33216362 1
3942752 53721032 1
3942752 60533532 1
3942752 104824172 1
17833051 33216362 1
17833051 53721032 1
17833051 60533532 2
17833051 104824172 1
33216362 53721032 1
33216362 60533532 1
33216362 104824172 1
53721032 60533532 1
53721032 104824172 1
60533532 104824172 1
1675452 4572791 1
2322401 4572791 1
4572791 8131504 1
4572791 14521773 1
4572791 17833051 1
4572791 91679692 1
4572791 103325672 1
91679692 103325672 1
3824176 4262434 1
3824176 7953389 1
3824176 12710644 1
3824176 17833051 1
3824176 60533532 1
3824176 71956772 1
3824176 112738392 1
4262434 7953389 1
4262434 12710644 1
4262434 17833051 1
4262434 60533532 1
4262434 71956772 1
4262434 112738392 1
7953389 60533532 1
7953389 112738392 1
12710644 60533532 1
12710644 112738392 1
17833051 112738392 1
60533532 71956772 1
60533532 112738392 1
71956772 112738392 1
404702 1192501 1
404702 2208745 1
404702 2734325 1
404702 13893685 1
404702 17833051 1
404702 26293612 1
404702 40142492 1
1192501 2208745 1
1192501 2734325 1
1192501 13893685 1
1192501 17833051 1
1192501 26293612 1
1192501 40142492 1
2208745 2734325 1
2208745 13893685 1
2208745 17833051 1
2208745 26293612 1
2208745 40142492 1
2734325 13893685 1
2734325 26293612 1
2734325 40142492 1
13893685 17833051 1
13893685 26293612 1
13893685 40142492 1
17833051 40142492 1
26293612 40142492 1
