8826626 3203460 4166535 3259144 8649611 8791307 8812690 2710803 2650644 3910165 3886739 6448152 8061724 7393949 3902749 3394464 8581797 2253990 8076201 54185 5277229 8547761 7287603 3585845 8088246 3409975 3966523 584126 8844225 8854339 8599749 6705989 8112716 1819214 8700238 5439186 5147611 3271261 3942752 3322337 2322401 494432 2930148 8701413 1922019 8945768 2208745 8164202 4824555 8707306 8561517 3889904 8908274 1921523 2734325 7389048 8481401 7445754 4434043
2208745 2930148 1
2208745 3203460 2
2208745 3322337 4
2208745 3889904 1
2208745 3910165 1
2208745 4166535 9
2208745 4824555 1
2208745 5277229 10
2208745 7389048 5
2208745 8088246 3
2208745 8112716 2
2930148 3203460 1
2930148 3322337 1
2930148 3889904 1
2930148 3910165 1
2930148 4166535 1
2930148 4824555 1
2930148 5277229 1
2930148 7389048 1
2930148 8088246 1
2930148 8112716 1
3203460 3322337 1
3203460 3889904 1
3203460 3910165 1
3203460 4166535 1
3203460 4824555 1
3203460 5277229 2
3203460 7389048 1
3203460 8088246 1
3203460 8112716 2
3322337 3889904 1
3322337 3910165 1
3322337 4166535 4
3322337 4824555 1
3322337 5277229 4
3322337 7389048 3
3322337 8088246 3
3322337 8112716 1
3889904 3910165 1
3889904 4166535 1
3889904 4824555 1
3889904 5277229 1
3889904 7389048 1
3889904 8088246 1
3889904 8112716 1
3910165 4166535 1
3910165 4824555 1
3910165 5277229 1
3910165 7389048 1
3910165 8088246 1
3910165 8112716 1
4166535 4824555 1
4166535 5277229 9
4166535 7389048 5
4166535 8088246 3
4166535 8112716 1
4824555 5277229 1
4824555 7389048 1
4824555 8088246 1
4824555 8112716 1
5277229 7389048 5
5277229 8088246 3
5277229 8112716 2
7389048 8088246 2
7389048 8112716 1
8088246 8112716 1
584126 2208745 2
584126 2322401 2
584126 2650644 2
584126 3271261 1
584126 3322337 1
584126 4166535 2
584126 5277229 2
584126 6448152 2
584126 7393949 1
584126 8076201 1
584126 8088246 1
584126 8701413 1
584126 8812690 1
2208745 2322401 3
2208745 2650644 7
2208745 3271261 1
2208745 6448152 4
2208745 7393949 2
2208745 8076201 1
2208745 8701413 2
2208745 8812690 2
2322401 2650644 3
2322401 3271261 1
2322401 3322337 1
2322401 4166535 3
2322401 5277229 3
2322401 6448152 3
2322401 7393949 1
2322401 8076201 1
2322401 8088246 1
2322401 8701413 1
2322401 8812690 2
2650644 3271261 1
2650644 3322337 3
2650644 4166535 7
2650644 5277229 7
2650644 6448152 4
2650644 7393949 2
2650644 8076201 1
2650644 8088246 2
2650644 8701413 2
2650644 8812690 2
3271261 3322337 1
3271261 4166535 1
3271261 5277229 1
3271261 6448152 1
3271261 7393949 1
3271261 8076201 1
3271261 8088246 1
3271261 8701413 1
3271261 8812690 1
3322337 6448152 2
3322337 7393949 2
3322337 8076201 1
3322337 8701413 1
3322337 8812690 1
4166535 6448152 4
4166535 7393949 2
4166535 8076201 1
4166535 8701413 2
4166535 8812690 2
5277229 6448152 4
5277229 7393949 2
5277229 8076201 1
5277229 8701413 2
5277229 8812690 2
6448152 7393949 2
6448152 8076201 1
6448152 8088246 2
6448152 8701413 1
6448152 8812690 2
7393949 8076201 1
7393949 8088246 2
7393949 8701413 1
7393949 8812690 1
8076201 8088246 1
8076201 8701413 1
8076201 8812690 1
8088246 8701413 1
8088246 8812690 1
8701413 8812690 1
54185 2208745 3
54185 2253990 3
54185 2650644 3
54185 2710803 1
54185 2734325 2
54185 3322337 1
54185 3394464 1
54185 3942752 2
54185 3966523 2
54185 4166535 3
54185 5277229 3
54185 6448152 1
54185 7389048 3
54185 7393949 1
54185 8061724 3
54185 8088246 1
54185 8561517 1
54185 8599749 1
54185 8826626 1
2208745 2253990 4
2208745 2710803 1
2208745 2734325 2
2208745 3394464 1
2208745 3942752 3
2208745 3966523 3
2208745 8061724 5
2208745 8561517 1
2208745 8599749 1
2208745 8826626 4
2253990 2650644 4
2253990 2710803 1
2253990 2734325 2
2253990 3322337 2
2253990 3394464 1
2253990 3942752 3
2253990 3966523 2
2253990 4166535 4
2253990 5277229 4
2253990 6448152 1
2253990 7389048 4
2253990 7393949 1
2253990 8061724 3
2253990 8088246 1
2253990 8561517 1
2253990 8599749 1
2253990 8826626 2
2650644 2710803 1
2650644 2734325 2
2650644 3394464 1
2650644 3942752 3
2650644 3966523 2
2650644 7389048 4
2650644 8061724 4
2650644 8561517 1
2650644 8599749 1
2650644 8826626 3
2710803 2734325 1
2710803 3322337 1
2710803 3394464 1
2710803 3942752 1
2710803 3966523 1
2710803 4166535 1
2710803 5277229 1
2710803 6448152 1
2710803 7389048 1
2710803 7393949 1
2710803 8061724 1
2710803 8088246 1
2710803 8561517 1
2710803 8599749 1
2710803 8826626 1
2734325 3322337 1
2734325 3394464 1
2734325 3942752 1
2734325 3966523 1
2734325 4166535 2
2734325 5277229 2
2734325 6448152 1
2734325 7389048 2
2734325 7393949 1
2734325 8061724 2
2734325 8088246 1
2734325 8561517 1
2734325 8599749 1
2734325 8826626 1
3322337 3394464 1
3322337 3942752 2
3322337 3966523 1
3322337 8061724 1
3322337 8561517 1
3322337 8599749 1
3322337 8826626 2
3394464 3942752 1
3394464 3966523 1
3394464 4166535 1
3394464 5277229 1
3394464 6448152 1
3394464 7389048 1
3394464 7393949 1
3394464 8061724 1
3394464 8088246 1
3394464 8561517 1
3394464 8599749 1
3394464 8826626 1
3942752 3966523 2
3942752 4166535 3
3942752 5277229 3
3942752 6448152 1
3942752 7389048 3
3942752 7393949 1
3942752 8061724 2
3942752 8088246 1
3942752 8561517 1
3942752 8599749 1
3942752 8826626 2
3966523 4166535 3
3966523 5277229 3
3966523 6448152 1
3966523 7389048 2
3966523 7393949 1
3966523 8061724 3
3966523 8088246 1
3966523 8561517 1
3966523 8599749 1
3966523 8826626 1
4166535 8061724 5
4166535 8561517 1
4166535 8599749 1
4166535 8826626 3
5277229 8061724 5
5277229 8561517 1
5277229 8599749 1
5277229 8826626 4
6448152 7389048 1
6448152 8061724 2
6448152 8561517 1
6448152 8599749 1
6448152 8826626 2
7389048 7393949 1
7389048 8061724 3
7389048 8561517 1
7389048 8599749 1
7389048 8826626 2
7393949 8061724 1
7393949 8561517 1
7393949 8599749 1
7393949 8826626 1
8061724 8088246 1
8061724 8561517 1
8061724 8599749 1
8061724 8826626 2
8088246 8561517 1
8088246 8599749 1
8088246 8826626 1
8561517 8599749 1
8561517 8826626 1
8599749 8826626 1
494432 1819214 1
494432 2208745 1
494432 3966523 1
494432 4166535 1
494432 5277229 1
494432 8061724 1
494432 8481401 1
494432 8547761 1
494432 8649611 1
494432 8700238 1
494432 8854339 1
1819214 2208745 1
1819214 3966523 1
1819214 4166535 1
1819214 5277229 1
1819214 8061724 1
1819214 8481401 1
1819214 8547761 1
1819214 8649611 1
1819214 8700238 1
1819214 8854339 1
2208745 8481401 3
2208745 8547761 5
2208745 8649611 1
2208745 8700238 1
2208745 8854339 1
3966523 8481401 1
3966523 8547761 2
3966523 8649611 1
3966523 8700238 1
3966523 8854339 1
4166535 8481401 2
4166535 8547761 5
4166535 8649611 1
4166535 8700238 1
4166535 8854339 1
5277229 8481401 3
5277229 8547761 5
5277229 8649611 1
5277229 8700238 1
5277229 8854339 1
8061724 8481401 2
8061724 8547761 3
8061724 8649611 1
8061724 8700238 1
8061724 8854339 1
8481401 8547761 1
8481401 8649611 1
8481401 8700238 1
8481401 8854339 1
8547761 8649611 1
8547761 8700238 1
8547761 8854339 1
8649611 8700238 1
8649611 8854339 1
8700238 8854339 1
2208745 5439186 1
2208745 7287603 2
2208745 7445754 1
2208745 8581797 1
3203460 5439186 1
3203460 7287603 1
3203460 7445754 1
3203460 8481401 1
3203460 8581797 1
3203460 8826626 1
5277229 5439186 1
5277229 7287603 2
5277229 7445754 1
5277229 8581797 1
5439186 7287603 1
5439186 7445754 1
5439186 8112716 1
5439186 8481401 1
5439186 8581797 1
5439186 8826626 1
7287603 7445754 1
7287603 8112716 1
7287603 8481401 2
7287603 8581797 1
7287603 8826626 1
7445754 8112716 1
7445754 8481401 1
7445754 8581797 1
7445754 8826626 1
8112716 8481401 1
8112716 8581797 1
8112716 8826626 1
8481401 8581797 1
8481401 8826626 1
8581797 8826626 1
2208745 3902749 1
2208745 4434043 3
2208745 5147611 1
2208745 8844225 3
2253990 3902749 1
2253990 4434043 3
2253990 5147611 1
2253990 8547761 2
2253990 8844225 3
2650644 3902749 1
2650644 4434043 3
2650644 5147611 1
2650644 8547761 4
2650644 8844225 3
3322337 3902749 1
3322337 4434043 1
3322337 5147611 1
3322337 8547761 1
3322337 8844225 1
3902749 3942752 1
3902749 4166535 1
3902749 4434043 1
3902749 5147611 1
3902749 5277229 1
3902749 7389048 1
3902749 8547761 1
3902749 8826626 1
3902749 8844225 1
3942752 4434043 2
3942752 5147611 1
3942752 8547761 2
3942752 8844225 2
4166535 4434043 3
4166535 5147611 1
4166535 8844225 3
4434043 5147611 1
4434043 5277229 3
4434043 7389048 3
4434043 8547761 2
4434043 8826626 1
4434043 8844225 3
5147611 5277229 1
5147611 7389048 1
5147611 8547761 1
5147611 8826626 1
5147611 8844225 1
5277229 8844225 3
7389048 8547761 2
7389048 8844225 3
8547761 8826626 2
8547761 8844225 2
8826626 8844225 1
584126 1921523 1
584126 3259144 1
584126 3585845 1
584126 6705989 1
584126 8061724 1
584126 8164202 1
584126 8547761 1
584126 8826626 1
1921523 2208745 2
1921523 2322401 1
1921523 2650644 2
1921523 3259144 1
1921523 3585845 2
1921523 4166535 2
1921523 5277229 2
1921523 6448152 1
1921523 6705989 1
1921523 8061724 2
1921523 8164202 1
1921523 8547761 2
1921523 8826626 1
2208745 3259144 2
2208745 3585845 2
2208745 6705989 1
2208745 8164202 1
2322401 3259144 2
2322401 3585845 1
2322401 6705989 1
2322401 8061724 1
2322401 8164202 1
2322401 8547761 2
2322401 8826626 1
2650644 3259144 2
2650644 3585845 2
2650644 6705989 1
2650644 8164202 1
3259144 3585845 1
3259144 4166535 2
3259144 5277229 2
3259144 6448152 2
3259144 6705989 1
3259144 8061724 1
3259144 8164202 1
3259144 8547761 2
3259144 8826626 1
3585845 4166535 2
3585845 5277229 2
3585845 6448152 1
3585845 6705989 1
3585845 8061724 2
3585845 8164202 1
3585845 8547761 2
3585845 8826626 1
4166535 6705989 1
4166535 8164202 1
5277229 6705989 1
5277229 8164202 1
6448152 6705989 1
6448152 8164202 1
6448152 8547761 2
6705989 8061724 1
6705989 8164202 1
6705989 8547761 1
6705989 8826626 1
8061724 8164202 1
8164202 8547761 1
8164202 8826626 1
54185 1921523 1
54185 3409975 2
54185 3585845 1
54185 4434043 2
54185 8547761 1
54185 8701413 1
54185 8707306 2
54185 8791307 2
54185 8844225 2
54185 8908274 1
1921523 2253990 1
1921523 3409975 1
1921523 3942752 1
1921523 3966523 1
1921523 4434043 1
1921523 7389048 1
1921523 8701413 1
1921523 8707306 1
1921523 8791307 1
1921523 8844225 1
1921523 8908274 1
2208745 3409975 2
2208745 8707306 2
2208745 8791307 2
2208745 8908274 1
2253990 3409975 2
2253990 3585845 1
2253990 8701413 1
2253990 8707306 2
2253990 8791307 2
2253990 8908274 1
2650644 3409975 2
2650644 8707306 2
2650644 8791307 2
2650644 8908274 1
3409975 3585845 1
3409975 3942752 1
3409975 3966523 1
3409975 4166535 2
3409975 4434043 2
3409975 5277229 2
3409975 7389048 2
3409975 8061724 2
3409975 8547761 1
3409975 8701413 1
3409975 8707306 2
3409975 8791307 2
3409975 8844225 2
3409975 8908274 1
3585845 3942752 1
3585845 3966523 1
3585845 4434043 1
3585845 7389048 1
3585845 8701413 1
3585845 8707306 1
3585845 8791307 1
3585845 8844225 1
3585845 8908274 1
3942752 8701413 1
3942752 8707306 1
3942752 8791307 1
3942752 8908274 1
3966523 4434043 1
3966523 8701413 1
3966523 8707306 1
3966523 8791307 1
3966523 8844225 1
3966523 8908274 1
4166535 8707306 2
4166535 8791307 2
4166535 8908274 1
4434043 8061724 2
4434043 8701413 1
4434043 8707306 2
4434043 8791307 2
4434043 8908274 1
5277229 8707306 2
5277229 8791307 2
5277229 8908274 1
7389048 8701413 1
7389048 8707306 2
7389048 8791307 2
7389048 8908274 1
8061724 8701413 1
8061724 8707306 2
8061724 8791307 2
8061724 8844225 2
8061724 8908274 1
8547761 8701413 1
8547761 8707306 1
8547761 8791307 1
8547761 8908274 1
8701413 8707306 1
8701413 8791307 1
8701413 8844225 1
8701413 8908274 1
8707306 8791307 2
8707306 8844225 2
8707306 8908274 1
8791307 8844225 2
8791307 8908274 1
8844225 8908274 1
1922019 2208745 1
1922019 2322401 1
1922019 2650644 1
1922019 3259144 1
1922019 4166535 1
1922019 5277229 1
1922019 6448152 1
1922019 8547761 1
1922019 8812690 1
1922019 8945768 1
2208745 8945768 1
2322401 8945768 1
2650644 8945768 1
3259144 8812690 1
3259144 8945768 1
4166535 8945768 1
5277229 8945768 1
6448152 8945768 1
8547761 8812690 1
8547761 8945768 1
8812690 8945768 1
54185 3886739 1
54185 7287603 1
54185 8481401 1
2208745 3886739 1
2253990 3886739 1
2253990 7287603 1
2253990 8481401 1
2650644 3886739 1
2650644 7287603 1
2650644 8481401 1
2734325 3409975 1
2734325 3886739 1
2734325 4434043 1
2734325 7287603 1
2734325 8481401 1
2734325 8707306 1
2734325 8791307 1
2734325 8844225 1
3409975 3886739 1
3409975 7287603 1
3409975 8481401 1
3886739 4166535 1
3886739 4434043 1
3886739 5277229 1
3886739 7287603 1
3886739 7389048 1
3886739 8061724 1
3886739 8481401 1
3886739 8707306 1
3886739 8791307 1
3886739 8844225 1
4166535 7287603 1
4434043 7287603 1
4434043 8481401 1
7287603 7389048 1
7287603 8061724 1
7287603 8707306 1
7287603 8791307 1
7287603 8844225 1
7389048 8481401 1
8481401 8707306 1
8481401 8791307 1
8481401 8844225 1
