8071937 8826626 4166535 9756039 3904266 10257676 10248589 9683596 5977231 10510862 2650644 7092500 9676183 4837413 2253990 1850405 6197928 2692650 8312620 8379821 2440493 2478127 9490480 10466097 7287603 10495028 6590389 10347574 3966523 5803709 8844225 9147201 8599749 3775176 8112716 10050895 8908369 5439186 10304983 5147611 4591712 3942752 8097504 10367843 9877091 3906790 8331238 2208745 1797993 10503792 2563312 2734325 10449014 9985015 10346620 9477503
2208745 4166535 8
2208745 5439186 2
2208745 6590389 1
2208745 8112716 1
2208745 8379821 1
2208745 10466097 1
4166535 5439186 3
4166535 6590389 1
4166535 8112716 3
4166535 8379821 1
4166535 10466097 1
5439186 6590389 1
5439186 8112716 2
5439186 8379821 1
5439186 10466097 1
6590389 8112716 1
6590389 8379821 1
6590389 10466097 1
8112716 8379821 1
8112716 10466097 1
8379821 10466097 1
2440493 3775176 1
2440493 3904266 1
2440493 3906790 1
2440493 4166535 1
2440493 4591712 1
2440493 8112716 1
2440493 8312620 1
2440493 8844225 1
2440493 10257676 1
2440493 10304983 1
2440493 10347574 1
3775176 3904266 1
3775176 3906790 1
3775176 4166535 1
3775176 4591712 1
3775176 8112716 1
3775176 8312620 1
3775176 8844225 1
3775176 10257676 1
3775176 10304983 1
3775176 10347574 1
3904266 3906790 1
3904266 4166535 1
3904266 4591712 1
3904266 8112716 1
3904266 8312620 1
3904266 8844225 1
3904266 10257676 1
3904266 10304983 1
3904266 10347574 1
3906790 4166535 1
3906790 4591712 1
3906790 8112716 1
3906790 8312620 1
3906790 8844225 1
3906790 10257676 1
3906790 10304983 1
3906790 10347574 1
4166535 4591712 1
4166535 8312620 1
4166535 8844225 1
4166535 10257676 2
4166535 10304983 6
4166535 10347574 1
4591712 8112716 1
4591712 8312620 1
4591712 8844225 1
4591712 10257676 1
4591712 10304983 1
4591712 10347574 1
8112716 8312620 1
8112716 8844225 1
8112716 10257676 1
8112716 10304983 2
8112716 10347574 1
8312620 8844225 1
8312620 10257676 1
8312620 10304983 1
8312620 10347574 1
8844225 10257676 1
8844225 10304983 1
8844225 10347574 1
10257676 10304983 2
10257676 10347574 1
10304983 10347574 1
1797993 2208745 1
1797993 4166535 1
1797993 5803709 1
1797993 5977231 1
1797993 8826626 1
1797993 9147201 1
1797993 9756039 1
1797993 10248589 1
1797993 10449014 1
2208745 5803709 2
2208745 5977231 2
2208745 8826626 1
2208745 9147201 4
2208745 9756039 1
2208745 10248589 4
2208745 10449014 3
4166535 5803709 2
4166535 5977231 2
4166535 8826626 1
4166535 9147201 4
4166535 9756039 1
4166535 10248589 4
4166535 10449014 3
5803709 5977231 1
5803709 8826626 1
5803709 9147201 2
5803709 9756039 1
5803709 10248589 1
5803709 10449014 1
5977231 8826626 1
5977231 9147201 2
5977231 9756039 1
5977231 10248589 2
5977231 10449014 2
8826626 9147201 1
8826626 9756039 1
8826626 10248589 1
8826626 10449014 1
9147201 9756039 1
9147201 10248589 3
9147201 10449014 3
9756039 10248589 1
9756039 10449014 1
10248589 10449014 3
2208745 2253990 1
2208745 2478127 1
2208745 2650644 2
2208745 2692650 3
2208745 3942752 2
2208745 4837413 2
2208745 5147611 1
2208745 7287603 1
2208745 9985015 1
2208745 10503792 1
2253990 2478127 1
2253990 2650644 1
2253990 2692650 1
2253990 3942752 1
2253990 4166535 1
2253990 4837413 1
2253990 5147611 1
2253990 5439186 1
2253990 7287603 1
2253990 9985015 1
2253990 10503792 1
2478127 2650644 1
2478127 2692650 1
2478127 3942752 1
2478127 4166535 1
2478127 4837413 1
2478127 5147611 1
2478127 5439186 1
2478127 7287603 1
2478127 9985015 1
2478127 10503792 1
2650644 2692650 1
2650644 3942752 2
2650644 4166535 2
2650644 4837413 2
2650644 5147611 1
2650644 5439186 1
2650644 7287603 1
2650644 9985015 1
2650644 10503792 1
2692650 3942752 1
2692650 4166535 3
2692650 4837413 1
2692650 5147611 1
2692650 5439186 1
2692650 7287603 1
2692650 9985015 1
2692650 10503792 1
3942752 4166535 2
3942752 4837413 2
3942752 5147611 1
3942752 5439186 1
3942752 7287603 1
3942752 9985015 1
3942752 10503792 1
4166535 4837413 2
4166535 5147611 1
4166535 7287603 1
4166535 9985015 1
4166535 10503792 1
4837413 5147611 1
4837413 5439186 1
4837413 7287603 1
4837413 9985015 1
4837413 10503792 1
5147611 5439186 1
5147611 7287603 1
5147611 9985015 1
5147611 10503792 1
5439186 7287603 1
5439186 9985015 1
5439186 10503792 1
7287603 9985015 1
7287603 10503792 1
9985015 10503792 1
2208745 9490480 1
2208745 10257676 1
2208745 10304983 4
4166535 9490480 1
9490480 10257676 1
9490480 10304983 1
2208745 7092500 1
2208745 8071937 1
2208745 8331238 1
2208745 8599749 1
2208745 8908369 1
2208745 9683596 1
2208745 10050895 1
2208745 10346620 1
2208745 10367843 1
2692650 7092500 1
2692650 8071937 1
2692650 8331238 1
2692650 8599749 1
2692650 8908369 1
2692650 9147201 2
2692650 9683596 1
2692650 10050895 1
2692650 10248589 1
2692650 10346620 1
2692650 10367843 1
2692650 10449014 1
4166535 7092500 1
4166535 8071937 1
4166535 8331238 1
4166535 8599749 1
4166535 8908369 1
4166535 9683596 1
4166535 10050895 1
4166535 10346620 1
4166535 10367843 1
7092500 8071937 1
7092500 8331238 1
7092500 8599749 1
7092500 8908369 1
7092500 9147201 1
7092500 9683596 1
7092500 10050895 1
7092500 10248589 1
7092500 10346620 1
7092500 10367843 1
7092500 10449014 1
8071937 8331238 1
8071937 8599749 1
8071937 8908369 1
8071937 9147201 1
8071937 9683596 1
8071937 10050895 1
8071937 10248589 1
8071937 10346620 1
8071937 10367843 1
8071937 10449014 1
8331238 8599749 1
8331238 8908369 1
8331238 9147201 1
8331238 9683596 1
8331238 10050895 1
8331238 10248589 1
8331238 10346620 1
8331238 10367843 1
8331238 10449014 1
8599749 8908369 1
8599749 9147201 1
8599749 9683596 1
8599749 10050895 1
8599749 10248589 1
8599749 10346620 1
8599749 10367843 1
8599749 10449014 1
8908369 9147201 1
8908369 9683596 1
8908369 10050895 1
8908369 10248589 1
8908369 10346620 1
8908369 10367843 1
8908369 10449014 1
9147201 9683596 1
9147201 10050895 1
9147201 10346620 1
9147201 10367843 1
9683596 10050895 1
9683596 10248589 1
9683596 10346620 1
9683596 10367843 1
9683596 10449014 1
10050895 10248589 1
10050895 10346620 1
10050895 10367843 1
10050895 10449014 1
10248589 10346620 1
10248589 10367843 1
10346620 10367843 1
10346620 10449014 1
10367843 10449014 1
1850405 2563312 1
1850405 3966523 1
1850405 4166535 1
1850405 5439186 1
1850405 8112716 1
1850405 10304983 1
2563312 3966523 1
2563312 4166535 1
2563312 5439186 1
2563312 8112716 1
2563312 10304983 1
3966523 4166535 2
3966523 5439186 1
3966523 8112716 1
3966523 10304983 2
5439186 10304983 1
5977231 10304983 1
9147201 10304983 2
10248589 10304983 2
10304983 10449014 1
2208745 2734325 1
2208745 3966523 1
2208745 8097504 1
2208745 9676183 1
2208745 10495028 1
2208745 10510862 1
2650644 2734325 1
2650644 3966523 1
2650644 8097504 1
2650644 9676183 1
2650644 10248589 1
2650644 10304983 1
2650644 10495028 1
2650644 10510862 1
2734325 3942752 1
2734325 3966523 1
2734325 4166535 1
2734325 4837413 1
2734325 8097504 1
2734325 9676183 1
2734325 10248589 1
2734325 10304983 1
2734325 10495028 1
2734325 10510862 1
3942752 3966523 1
3942752 8097504 1
3942752 9676183 1
3942752 10248589 1
3942752 10304983 1
3942752 10495028 1
3942752 10510862 1
3966523 4837413 1
3966523 8097504 1
3966523 9676183 1
3966523 10248589 1
3966523 10495028 1
3966523 10510862 1
4166535 8097504 1
4166535 9676183 1
4166535 10495028 1
4166535 10510862 1
4837413 8097504 1
4837413 9676183 1
4837413 10248589 1
4837413 10304983 1
4837413 10495028 1
4837413 10510862 1
8097504 9676183 1
8097504 10248589 1
8097504 10304983 1
8097504 10495028 1
8097504 10510862 1
9676183 10248589 1
9676183 10304983 1
9676183 10495028 1
9676183 10510862 1
10248589 10495028 1
10248589 10510862 1
10304983 10495028 1
10304983 10510862 1
10495028 10510862 1
2208745 6197928 1
2208745 9477503 1
2208745 9877091 1
2692650 5803709 1
2692650 6197928 1
2692650 9477503 1
2692650 9877091 1
2692650 10304983 1
4166535 6197928 1
4166535 9477503 1
4166535 9877091 1
5803709 6197928 1
5803709 9477503 1
5803709 9877091 1
5803709 10304983 1
6197928 9147201 1
6197928 9477503 1
6197928 9877091 1
6197928 10304983 1
9147201 9477503 1
9147201 9877091 1
9477503 9877091 1
9477503 10304983 1
9877091 10304983 1
