3105029 13158280 9683596 12889363 2650644 14327699 19681561 15910171 10931611 2482081 2253990 7424048 8088246 7133624 20599231 8844225 12946244 4662214 11292104 14332365 7339854 13689045 12547669 655832 3942752 13407845 2208745 3393263 12686960 7258865
2482081 7424048 1
2482081 9683596 1
2482081 12946244 1
2482081 13689045 1
7424048 9683596 1
7424048 12946244 1
7424048 13689045 1
9683596 12946244 1
9683596 13689045 2
12946244 13689045 1
4662214 7339854 2
4662214 12889363 2
7339854 12889363 3
2253990 2650644 2
2253990 3105029 1
2253990 3942752 1
2253990 7133624 1
2253990 7258865 1
2253990 8088246 1
2253990 8844225 1
2253990 12547669 1
2650644 3105029 1
2650644 3942752 1
2650644 7133624 1
2650644 7258865 2
2650644 8088246 2
2650644 8844225 1
2650644 12547669 1
3105029 3942752 1
3105029 7133624 1
3105029 7258865 1
3105029 8088246 1
3105029 8844225 1
3105029 12547669 1
3942752 7133624 1
3942752 7258865 1
3942752 8088246 1
3942752 8844225 1
3942752 12547669 1
7133624 7258865 1
7133624 8088246 1
7133624 8844225 1
7133624 12547669 1
7258865 8088246 2
7258865 8844225 3
7258865 12547669 1
8088246 8844225 1
8088246 12547669 1
8844225 12547669 1
9683596 12686960 2
9683596 15910171 1
9683596 19681561 1
12686960 13689045 1
12686960 15910171 1
12686960 19681561 1
13689045 15910171 1
13689045 19681561 1
15910171 19681561 1
2208745 4662214 1
2208745 7258865 1
2208745 7339854 1
2208745 8844225 1
2208745 12889363 1
4662214 7258865 1
4662214 8844225 1
7258865 7339854 2
7258865 12889363 2
7339854 8844225 2
8844225 12889363 2
2650644 14327699 1
7258865 14327699 1
8088246 14327699 1
8088246 9683596 1
8088246 11292104 1
8088246 13158280 1
9683596 11292104 1
9683596 13158280 1
11292104 13158280 1
7258865 10931611 1
7339854 10931611 1
8844225 10931611 1
10931611 12889363 1
2253990 3393263 1
2253990 14332365 1
2650644 3393263 1
2650644 14332365 1
3393263 14332365 1
655832 9683596 1
655832 12686960 1
655832 13407845 1
655832 20599231 1
9683596 13407845 1
9683596 20599231 1
12686960 13407845 1
12686960 20599231 1
13407845 20599231 1
