8826626 8213762 3203460 4166535 3259144 8791307 8812690 3886739 2650644 6448152 8061724 3902749 1145890 8581797 2253990 54185 5277229 8131504 8547761 2330929 7287603 3585845 3409975 3966523 494432 5803709 584126 8225983 8844225 6132803 6705989 7825481 8112716 8347596 1819214 8908369 5439186 5147611 1886686 3942752 3322337 2322401 1922019 6757729 8701413 3558502 6593511 8945768 2208745 8164202 8707306 7984492 8331238 9002353 8908274 1921523 2734325 7389048 8481401 7445754 4434043
2208745 3203460 1
2208745 5277229 9
2208745 5439186 1
2208745 7287603 2
2208745 7445754 1
2208745 8112716 1
2208745 8481401 2
2208745 8581797 1
2208745 8826626 4
3203460 5277229 1
3203460 5439186 1
3203460 7287603 1
3203460 7445754 1
3203460 8112716 1
3203460 8481401 1
3203460 8581797 1
3203460 8826626 1
5277229 5439186 1
5277229 7287603 2
5277229 7445754 1
5277229 8112716 1
5277229 8481401 2
5277229 8581797 1
5277229 8826626 5
5439186 7287603 1
5439186 7445754 1
5439186 8112716 1
5439186 8481401 1
5439186 8581797 1
5439186 8826626 1
7287603 7445754 1
7287603 8112716 1
7287603 8481401 2
7287603 8581797 1
7287603 8826626 1
7445754 8112716 1
7445754 8481401 1
7445754 8581797 1
7445754 8826626 1
8112716 8481401 1
8112716 8581797 1
8112716 8826626 1
8481401 8581797 1
8481401 8826626 1
8581797 8826626 1
2208745 2253990 4
2208745 2650644 7
2208745 3322337 1
2208745 3902749 1
2208745 3942752 3
2208745 4166535 8
2208745 4434043 3
2208745 5147611 1
2208745 7389048 3
2208745 8547761 7
2208745 8844225 4
2253990 2650644 4
2253990 3322337 1
2253990 3902749 1
2253990 3942752 3
2253990 4166535 4
2253990 4434043 3
2253990 5147611 1
2253990 5277229 4
2253990 7389048 3
2253990 8547761 3
2253990 8826626 1
2253990 8844225 4
2650644 3322337 2
2650644 3902749 1
2650644 3942752 3
2650644 4166535 8
2650644 4434043 3
2650644 5147611 1
2650644 5277229 8
2650644 7389048 3
2650644 8547761 6
2650644 8826626 4
2650644 8844225 4
3322337 3902749 1
3322337 3942752 1
3322337 4166535 2
3322337 4434043 1
3322337 5147611 1
3322337 5277229 2
3322337 7389048 1
3322337 8547761 1
3322337 8826626 2
3322337 8844225 1
3902749 3942752 1
3902749 4166535 1
3902749 4434043 1
3902749 5147611 1
3902749 5277229 1
3902749 7389048 1
3902749 8547761 1
3902749 8826626 1
3902749 8844225 1
3942752 4166535 3
3942752 4434043 2
3942752 5147611 1
3942752 5277229 3
3942752 7389048 2
3942752 8547761 3
3942752 8826626 1
3942752 8844225 3
4166535 4434043 3
4166535 5147611 1
4166535 5277229 9
4166535 7389048 3
4166535 8547761 7
4166535 8826626 4
4166535 8844225 4
4434043 5147611 1
4434043 5277229 3
4434043 7389048 3
4434043 8547761 2
4434043 8826626 1
4434043 8844225 3
5147611 5277229 1
5147611 7389048 1
5147611 8547761 1
5147611 8826626 1
5147611 8844225 1
5277229 7389048 3
5277229 8547761 7
5277229 8844225 4
7389048 8547761 2
7389048 8826626 1
7389048 8844225 3
8547761 8826626 3
8547761 8844225 3
8826626 8844225 1
584126 1921523 1
584126 2208745 1
584126 2322401 1
584126 2650644 1
584126 3259144 1
584126 3585845 1
584126 4166535 1
584126 5277229 1
584126 6448152 1
584126 6705989 1
584126 8061724 1
584126 8164202 1
584126 8547761 1
584126 8826626 1
1921523 2208745 4
1921523 2322401 2
1921523 2650644 4
1921523 3259144 1
1921523 3585845 4
1921523 4166535 4
1921523 5277229 4
1921523 6448152 3
1921523 6705989 1
1921523 8061724 3
1921523 8164202 1
1921523 8547761 4
1921523 8826626 2
2208745 2322401 3
2208745 3259144 2
2208745 3585845 4
2208745 6448152 4
2208745 6705989 1
2208745 8061724 4
2208745 8164202 1
2322401 2650644 4
2322401 3259144 2
2322401 3585845 2
2322401 4166535 4
2322401 5277229 4
2322401 6448152 3
2322401 6705989 1
2322401 8061724 1
2322401 8164202 1
2322401 8547761 3
2322401 8826626 3
2650644 3259144 2
2650644 3585845 4
2650644 6448152 4
2650644 6705989 1
2650644 8061724 4
2650644 8164202 1
3259144 3585845 1
3259144 4166535 2
3259144 5277229 2
3259144 6448152 2
3259144 6705989 1
3259144 8061724 1
3259144 8164202 1
3259144 8547761 2
3259144 8826626 1
3585845 4166535 4
3585845 5277229 4
3585845 6448152 3
3585845 6705989 1
3585845 8061724 3
3585845 8164202 1
3585845 8547761 4
3585845 8826626 2
4166535 6448152 4
4166535 6705989 1
4166535 8061724 4
4166535 8164202 1
5277229 6448152 4
5277229 6705989 1
5277229 8061724 4
5277229 8164202 1
6448152 6705989 1
6448152 8061724 2
6448152 8164202 1
6448152 8547761 4
6448152 8826626 2
6705989 8061724 1
6705989 8164202 1
6705989 8547761 1
6705989 8826626 1
8061724 8164202 1
8061724 8547761 3
8061724 8826626 1
8164202 8547761 1
8164202 8826626 1
54185 1921523 2
54185 2208745 3
54185 2253990 3
54185 2650644 3
54185 3409975 2
54185 3585845 2
54185 3942752 2
54185 3966523 1
54185 4166535 3
54185 4434043 2
54185 5277229 3
54185 7389048 2
54185 8061724 3
54185 8547761 2
54185 8701413 1
54185 8707306 2
54185 8791307 2
54185 8844225 3
54185 8908274 1
1921523 2253990 2
1921523 3409975 2
1921523 3942752 2
1921523 3966523 1
1921523 4434043 1
1921523 7389048 1
1921523 8701413 1
1921523 8707306 1
1921523 8791307 1
1921523 8844225 2
1921523 8908274 1
2208745 3409975 3
2208745 3966523 1
2208745 8701413 1
2208745 8707306 2
2208745 8791307 2
2208745 8908274 1
2253990 3409975 2
2253990 3585845 2
2253990 3966523 1
2253990 8061724 3
2253990 8701413 1
2253990 8707306 2
2253990 8791307 2
2253990 8908274 1
2650644 3409975 3
2650644 3966523 1
2650644 8701413 2
2650644 8707306 2
2650644 8791307 2
2650644 8908274 1
3409975 3585845 2
3409975 3942752 1
3409975 3966523 1
3409975 4166535 3
3409975 4434043 2
3409975 5277229 3
3409975 7389048 2
3409975 8061724 2
3409975 8547761 2
3409975 8701413 1
3409975 8707306 2
3409975 8791307 2
3409975 8844225 2
3409975 8908274 1
3585845 3942752 2
3585845 3966523 1
3585845 4434043 1
3585845 7389048 1
3585845 8701413 1
3585845 8707306 1
3585845 8791307 1
3585845 8844225 2
3585845 8908274 1
3942752 3966523 1
3942752 8061724 2
3942752 8701413 1
3942752 8707306 1
3942752 8791307 1
3942752 8908274 1
3966523 4166535 1
3966523 4434043 1
3966523 5277229 1
3966523 7389048 1
3966523 8061724 1
3966523 8547761 1
3966523 8701413 1
3966523 8707306 1
3966523 8791307 1
3966523 8844225 1
3966523 8908274 1
4166535 8701413 2
4166535 8707306 2
4166535 8791307 2
4166535 8908274 1
4434043 8061724 2
4434043 8701413 1
4434043 8707306 2
4434043 8791307 2
4434043 8908274 1
5277229 8701413 2
5277229 8707306 2
5277229 8791307 2
5277229 8908274 1
7389048 8061724 2
7389048 8701413 1
7389048 8707306 2
7389048 8791307 2
7389048 8908274 1
8061724 8701413 1
8061724 8707306 2
8061724 8791307 2
8061724 8844225 3
8061724 8908274 1
8547761 8701413 1
8547761 8707306 1
8547761 8791307 1
8547761 8908274 1
8701413 8707306 1
8701413 8791307 1
8701413 8844225 1
8701413 8908274 1
8707306 8791307 2
8707306 8844225 2
8707306 8908274 1
8791307 8844225 2
8791307 8908274 1
8844225 8908274 1
1922019 2208745 1
1922019 2322401 1
1922019 2650644 1
1922019 3259144 1
1922019 4166535 1
1922019 5277229 1
1922019 6448152 1
1922019 8547761 1
1922019 8812690 1
1922019 8945768 1
2208745 8812690 1
2208745 8945768 3
2322401 8812690 1
2322401 8945768 3
2650644 8812690 1
2650644 8945768 3
3259144 8812690 1
3259144 8945768 1
4166535 8812690 1
4166535 8945768 4
5277229 8812690 1
5277229 8945768 4
6448152 8812690 1
6448152 8945768 2
8547761 8812690 1
8547761 8945768 3
8812690 8945768 1
54185 2734325 2
54185 3886739 2
54185 7287603 1
54185 8481401 1
2208745 2734325 3
2208745 3886739 2
2253990 2734325 2
2253990 3886739 2
2253990 7287603 1
2253990 8481401 1
2650644 2734325 2
2650644 3886739 2
2650644 7287603 1
2650644 8481401 1
2734325 3409975 1
2734325 3886739 2
2734325 4166535 3
2734325 4434043 1
2734325 5277229 3
2734325 7287603 1
2734325 7389048 1
2734325 8061724 2
2734325 8481401 1
2734325 8707306 1
2734325 8791307 1
2734325 8844225 2
3409975 3886739 1
3409975 7287603 1
3409975 8481401 1
3886739 4166535 2
3886739 4434043 1
3886739 5277229 2
3886739 7287603 1
3886739 7389048 1
3886739 8061724 2
3886739 8481401 1
3886739 8707306 1
3886739 8791307 1
3886739 8844225 2
4166535 7287603 1
4166535 8481401 1
4434043 7287603 1
4434043 8481401 1
7287603 7389048 1
7287603 8061724 1
7287603 8707306 1
7287603 8791307 1
7287603 8844225 1
7389048 8481401 1
8061724 8481401 1
8481401 8707306 1
8481401 8791307 1
8481401 8844225 1
1886686 1921523 1
1886686 2208745 1
1886686 2322401 2
1886686 2650644 2
1886686 3409975 1
1886686 3585845 1
1886686 4166535 2
1886686 5277229 2
1886686 5803709 1
1886686 6448152 1
1886686 8213762 1
1886686 8225983 1
1886686 8347596 1
1886686 8547761 1
1886686 8826626 2
1886686 8945768 2
1921523 5803709 1
1921523 8213762 1
1921523 8225983 1
1921523 8347596 1
1921523 8945768 1
2208745 5803709 1
2208745 8213762 1
2208745 8225983 1
2208745 8347596 1
2322401 3409975 1
2322401 5803709 1
2322401 8213762 1
2322401 8225983 1
2322401 8347596 1
2650644 5803709 1
2650644 8213762 1
2650644 8225983 1
2650644 8347596 1
3409975 5803709 1
3409975 6448152 1
3409975 8213762 1
3409975 8225983 1
3409975 8347596 1
3409975 8826626 1
3409975 8945768 1
3585845 5803709 1
3585845 8213762 1
3585845 8225983 1
3585845 8347596 1
3585845 8945768 1
4166535 5803709 1
4166535 8213762 1
4166535 8225983 1
4166535 8347596 1
5277229 5803709 1
5277229 8213762 1
5277229 8225983 1
5277229 8347596 1
5803709 6448152 1
5803709 8213762 1
5803709 8225983 1
5803709 8347596 1
5803709 8547761 1
5803709 8826626 1
5803709 8945768 1
6448152 8213762 1
6448152 8225983 1
6448152 8347596 1
8213762 8225983 1
8213762 8347596 1
8213762 8547761 1
8213762 8826626 1
8213762 8945768 1
8225983 8347596 1
8225983 8547761 1
8225983 8826626 1
8225983 8945768 1
8347596 8547761 1
8347596 8826626 1
8347596 8945768 1
8826626 8945768 2
54185 1145890 1
54185 3558502 1
54185 6132803 1
54185 6448152 1
54185 6593511 1
54185 6757729 1
54185 7984492 1
1145890 1921523 1
1145890 2208745 1
1145890 2253990 1
1145890 2650644 1
1145890 2734325 1
1145890 3558502 1
1145890 3585845 1
1145890 3886739 1
1145890 3942752 1
1145890 4166535 1
1145890 5277229 1
1145890 6132803 1
1145890 6448152 1
1145890 6593511 1
1145890 6757729 1
1145890 7984492 1
1145890 8061724 1
1145890 8547761 1
1145890 8844225 1
1921523 2734325 1
1921523 3558502 1
1921523 3886739 1
1921523 6132803 1
1921523 6593511 1
1921523 6757729 1
1921523 7984492 1
2208745 3558502 1
2208745 6132803 1
2208745 6593511 1
2208745 6757729 1
2208745 7984492 1
2253990 3558502 1
2253990 6132803 1
2253990 6448152 1
2253990 6593511 1
2253990 6757729 1
2253990 7984492 1
2650644 3558502 1
2650644 6132803 1
2650644 6593511 1
2650644 6757729 1
2650644 7984492 1
2734325 3558502 1
2734325 3585845 1
2734325 3942752 1
2734325 6132803 1
2734325 6448152 1
2734325 6593511 1
2734325 6757729 1
2734325 7984492 1
2734325 8547761 2
3558502 3585845 1
3558502 3886739 1
3558502 3942752 1
3558502 4166535 1
3558502 5277229 1
3558502 6132803 1
3558502 6448152 1
3558502 6593511 1
3558502 6757729 1
3558502 7984492 1
3558502 8061724 1
3558502 8547761 1
3558502 8844225 1
3585845 3886739 1
3585845 6132803 1
3585845 6593511 1
3585845 6757729 1
3585845 7984492 1
3886739 3942752 1
3886739 6132803 1
3886739 6448152 1
3886739 6593511 1
3886739 6757729 1
3886739 7984492 1
3886739 8547761 1
3942752 6132803 1
3942752 6448152 1
3942752 6593511 1
3942752 6757729 1
3942752 7984492 1
4166535 6132803 1
4166535 6593511 1
4166535 6757729 1
4166535 7984492 1
5277229 6132803 1
5277229 6593511 1
5277229 6757729 1
5277229 7984492 1
6132803 6448152 1
6132803 6593511 1
6132803 6757729 1
6132803 7984492 1
6132803 8061724 1
6132803 8547761 1
6132803 8844225 1
6448152 6593511 1
6448152 6757729 1
6448152 7984492 1
6448152 8844225 1
6593511 6757729 1
6593511 7984492 1
6593511 8061724 1
6593511 8547761 1
6593511 8844225 1
6757729 7984492 1
6757729 8061724 1
6757729 8547761 1
6757729 8844225 1
7984492 8061724 1
7984492 8547761 1
7984492 8844225 1
494432 1819214 1
494432 2208745 1
494432 2330929 1
494432 2734325 1
494432 4166535 1
494432 5277229 1
494432 7825481 1
494432 8131504 1
494432 8331238 1
494432 8547761 1
494432 8945768 1
494432 9002353 1
1819214 2208745 1
1819214 2330929 1
1819214 2734325 1
1819214 4166535 1
1819214 5277229 1
1819214 7825481 1
1819214 8131504 1
1819214 8331238 1
1819214 8547761 1
1819214 8945768 1
1819214 9002353 1
2208745 2330929 1
2208745 7825481 1
2208745 8131504 1
2208745 8331238 1
2208745 9002353 1
2330929 2734325 1
2330929 4166535 1
2330929 5277229 1
2330929 7825481 1
2330929 8131504 1
2330929 8331238 1
2330929 8547761 1
2330929 8945768 1
2330929 9002353 1
2734325 7825481 1
2734325 8131504 1
2734325 8331238 1
2734325 8945768 1
2734325 9002353 1
4166535 7825481 1
4166535 8131504 1
4166535 8331238 1
4166535 9002353 1
5277229 7825481 1
5277229 8131504 1
5277229 8331238 1
5277229 9002353 1
7825481 8131504 1
7825481 8331238 1
7825481 8547761 1
7825481 8945768 1
7825481 9002353 1
8131504 8331238 1
8131504 8547761 1
8131504 8945768 1
8131504 9002353 1
8331238 8547761 1
8331238 8945768 1
8331238 9002353 1
8547761 9002353 1
8945768 9002353 1
1886686 3322337 1
1886686 8701413 1
1886686 8908369 1
2322401 3322337 1
2322401 8701413 1
2322401 8908369 1
2650644 8908369 1
3322337 8701413 1
3322337 8908369 1
3322337 8945768 1
4166535 8908369 1
5277229 8908369 1
8701413 8826626 1
8701413 8908369 1
8701413 8945768 1
8826626 8908369 1
8908369 8945768 1
