1202787 547205 10540168 6980425 966412 668684 4195117 4053551 11343315 1040083 7337658 10423543 2278072 2554553 2852666 3439609 3264990 30303
547205 668684 2
547205 966412 1
547205 2852666 1
547205 3264990 1
547205 4053551 1
668684 966412 1
668684 2852666 1
668684 3264990 1
668684 4053551 1
966412 2852666 1
966412 3264990 1
966412 4053551 1
2852666 3264990 1
2852666 4053551 1
3264990 4053551 1
30303 547205 1
30303 2554553 1
30303 3439609 1
30303 4195117 1
30303 10423543 1
30303 10540168 1
547205 2554553 1
547205 3439609 4
547205 4195117 2
547205 10423543 2
547205 10540168 1
2554553 3439609 1
2554553 4195117 1
2554553 10423543 1
2554553 10540168 1
3439609 4195117 1
3439609 10423543 2
3439609 10540168 1
4195117 10423543 1
4195117 10540168 1
10423543 10540168 1
2852666 3439609 1
2852666 6980425 1
3439609 6980425 1
668684 3439609 1
668684 10423543 1
547205 1202787 1
1202787 3439609 1
547205 2278072 1
547205 11343315 3
2278072 4195117 1
2278072 11343315 1
4195117 11343315 1
547205 1040083 1
547205 7337658 1
1040083 7337658 1
1040083 11343315 1
7337658 11343315 1
