31434372 30285062 33421192 37274762 51372682 4302988 7716109 59448842 40605972 10935832 10730784 14461217 50235172 12052389 9592102 923307 9802673 10248627 29936832 30922182 31592662 3805532 9705949 7237345 3229925 5981932 13014636 10009589 44893562
3805532 7237345 1
3805532 7716109 1
3805532 9592102 1
3805532 9802673 1
3805532 30922182 1
3805532 31434372 1
3805532 31592662 1
3805532 37274762 1
3805532 40605972 1
3805532 51372682 1
7237345 7716109 1
7237345 9592102 1
7237345 9802673 1
7237345 30922182 2
7237345 31434372 1
7237345 31592662 1
7237345 37274762 1
7237345 40605972 2
7237345 51372682 1
7716109 9592102 1
7716109 9802673 1
7716109 30922182 1
7716109 31434372 1
7716109 31592662 1
7716109 37274762 1
7716109 40605972 1
7716109 51372682 1
9592102 9802673 1
9592102 30922182 1
9592102 31434372 1
9592102 31592662 1
9592102 37274762 1
9592102 40605972 1
9592102 51372682 1
9802673 30922182 2
9802673 31434372 1
9802673 31592662 2
9802673 37274762 3
9802673 40605972 2
9802673 51372682 2
30922182 31434372 1
30922182 31592662 2
30922182 37274762 2
30922182 40605972 2
30922182 51372682 3
31434372 31592662 1
31434372 37274762 1
31434372 40605972 1
31434372 51372682 1
31592662 37274762 2
31592662 40605972 2
31592662 51372682 2
37274762 40605972 2
37274762 51372682 2
40605972 51372682 2
7237345 10935832 1
7237345 12052389 1
7237345 29936832 1
10935832 12052389 1
10935832 29936832 1
10935832 40605972 1
12052389 29936832 1
12052389 40605972 1
29936832 40605972 1
923307 9802673 1
923307 37274762 1
923307 44893562 1
9802673 44893562 1
37274762 44893562 1
9705949 10009589 2
923307 7237345 1
923307 10009589 1
923307 10248627 1
923307 14461217 1
923307 30285062 1
923307 50235172 1
7237345 10009589 2
7237345 10248627 1
7237345 14461217 1
7237345 30285062 1
7237345 50235172 1
10009589 10248627 2
10009589 14461217 1
10009589 30285062 2
10009589 50235172 2
10248627 14461217 1
10248627 30285062 1
10248627 50235172 1
14461217 30285062 1
14461217 50235172 1
30285062 50235172 2
5981932 10009589 1
5981932 10248627 1
5981932 44893562 1
10009589 44893562 2
10248627 44893562 1
10009589 13014636 1
10009589 30922182 3
10009589 33421192 2
10009589 51372682 2
13014636 30922182 1
13014636 33421192 1
13014636 51372682 1
30922182 33421192 2
33421192 51372682 2
9705949 9802673 1
9705949 30285062 1
9705949 30922182 1
9705949 31592662 1
9705949 33421192 1
9705949 37274762 1
9705949 40605972 1
9705949 50235172 1
9705949 51372682 1
9802673 10009589 1
9802673 30285062 1
9802673 33421192 1
9802673 50235172 1
10009589 31592662 1
10009589 37274762 1
10009589 40605972 1
30285062 30922182 1
30285062 31592662 1
30285062 33421192 1
30285062 37274762 1
30285062 40605972 1
30285062 51372682 1
30922182 50235172 1
31592662 33421192 1
31592662 50235172 1
33421192 37274762 1
33421192 40605972 1
33421192 50235172 1
37274762 50235172 1
40605972 50235172 1
50235172 51372682 1
3229925 4302988 1
3229925 7237345 1
3229925 10009589 1
3229925 10730784 1
3229925 30922182 1
3229925 44893562 1
3229925 59448842 1
4302988 7237345 1
4302988 10009589 1
4302988 10730784 1
4302988 30922182 1
4302988 44893562 1
4302988 59448842 1
7237345 10730784 1
7237345 44893562 1
7237345 59448842 1
10009589 10730784 1
10009589 59448842 1
10730784 30922182 1
10730784 44893562 1
10730784 59448842 1
30922182 44893562 1
30922182 59448842 1
44893562 59448842 1
