9147201 5205922 3229925 6529062 30922182 33421192 21246311 37274762 923307 1991724 10765453 10009589 14397785 13528442
923307 1991724 1
923307 6529062 1
923307 9147201 1
923307 10009589 3
923307 10765453 1
923307 14397785 1
923307 30922182 2
1991724 6529062 1
1991724 9147201 1
1991724 10009589 1
1991724 10765453 1
1991724 14397785 1
1991724 30922182 1
6529062 9147201 1
6529062 10009589 1
6529062 10765453 1
6529062 14397785 1
6529062 30922182 1
9147201 10009589 1
9147201 10765453 1
9147201 14397785 1
9147201 30922182 1
10009589 10765453 1
10009589 14397785 1
10009589 30922182 4
10765453 14397785 1
10765453 30922182 1
14397785 30922182 1
923307 33421192 2
10009589 33421192 3
923307 5205922 1
5205922 10009589 1
5205922 30922182 1
5205922 33421192 1
30922182 33421192 1
3229925 10009589 1
3229925 21246311 1
3229925 30922182 1
10009589 21246311 1
21246311 30922182 1
10009589 13528442 2
10009589 37274762 1
13528442 37274762 1
