4949506 14204931 8472580 11174920 17892881 12666387 138966552 123715102 20421671 183176745 77364782 91429422 14237235 23437881 85392442 138786362 35865162 139657802 19634771 142390892 122215532 38805102 12130423 63322232 4231304 9156239 183100560 159885992 159339692 11900080 8976567 106180282 140006082 156081352 9907921 13454055 149401842 495349 182780661 3376376 108524282 8039675 142032642 186345222 40193802 39254802 10642198 129354522 185711405 25644352 67663682 12789059 3898700 61397842 107325272 11235674 151155042 7475561 118648682 21938551 8207736 185392504 126358912 182975896 99312542 70750622 50513822 7575969 94785442 185024935 48759722 89856432 51046332 8545736 10037711 158451152 7880148 77726682 93209052 97417182 2034142 49160672 124510182 186379240 125904362 184806384 185254906 21387261
4949506 8207736 1
4949506 8472580 4
4949506 9156239 4
4949506 11235674 1
4949506 11900080 4
4949506 14237235 2
4949506 20421671 1
4949506 35865162 1
4949506 77726682 4
4949506 106180282 1
4949506 185392504 1
8207736 8472580 1
8207736 9156239 1
8207736 11235674 1
8207736 11900080 1
8207736 14237235 1
8207736 20421671 1
8207736 35865162 1
8207736 77726682 1
8207736 106180282 1
8207736 185392504 1
8472580 9156239 7
8472580 11235674 1
8472580 11900080 5
8472580 14237235 4
8472580 20421671 2
8472580 35865162 1
8472580 77726682 7
8472580 106180282 1
8472580 185392504 1
9156239 11235674 1
9156239 11900080 7
9156239 14237235 6
9156239 20421671 2
9156239 35865162 1
9156239 77726682 10
9156239 106180282 2
9156239 185392504 1
11235674 11900080 1
11235674 14237235 1
11235674 20421671 1
11235674 35865162 1
11235674 77726682 1
11235674 106180282 1
11235674 185392504 1
11900080 14237235 4
11900080 20421671 1
11900080 35865162 1
11900080 77726682 7
11900080 106180282 2
11900080 185392504 1
14237235 20421671 1
14237235 35865162 1
14237235 77726682 6
14237235 106180282 2
14237235 185392504 1
20421671 35865162 1
20421671 77726682 2
20421671 106180282 1
20421671 185392504 1
35865162 77726682 1
35865162 106180282 1
35865162 185392504 1
77726682 106180282 2
77726682 185392504 1
106180282 185392504 1
495349 4231304 2
495349 4949506 2
495349 7880148 2
495349 8472580 2
495349 8545736 2
495349 9156239 2
495349 10037711 2
495349 10642198 1
495349 11900080 2
495349 12130423 1
495349 12666387 1
495349 14204931 1
495349 14237235 1
495349 25644352 1
495349 48759722 1
495349 51046332 2
495349 61397842 2
495349 77364782 1
495349 77726682 2
495349 99312542 1
495349 108524282 2
495349 124510182 1
495349 125904362 1
495349 142390892 1
495349 156081352 2
495349 159339692 1
4231304 4949506 3
4231304 7880148 3
4231304 8472580 3
4231304 8545736 3
4231304 9156239 5
4231304 10037711 3
4231304 10642198 3
4231304 11900080 5
4231304 12130423 2
4231304 12666387 1
4231304 14204931 1
4231304 14237235 2
4231304 25644352 3
4231304 48759722 1
4231304 51046332 5
4231304 61397842 2
4231304 77364782 3
4231304 77726682 5
4231304 99312542 1
4231304 108524282 5
4231304 124510182 2
4231304 125904362 2
4231304 142390892 1
4231304 156081352 5
4231304 159339692 4
4949506 7880148 2
4949506 8545736 2
4949506 10037711 2
4949506 10642198 2
4949506 12130423 1
4949506 12666387 1
4949506 14204931 1
4949506 25644352 2
4949506 48759722 1
4949506 51046332 3
4949506 61397842 2
4949506 77364782 2
4949506 99312542 1
4949506 108524282 3
4949506 124510182 1
4949506 125904362 1
4949506 142390892 1
4949506 156081352 3
4949506 159339692 2
7880148 8472580 2
7880148 8545736 3
7880148 9156239 3
7880148 10037711 3
7880148 10642198 1
7880148 11900080 3
7880148 12130423 2
7880148 12666387 1
7880148 14204931 1
7880148 14237235 1
7880148 25644352 1
7880148 48759722 1
7880148 51046332 3
7880148 61397842 2
7880148 77364782 2
7880148 77726682 3
7880148 99312542 1
7880148 108524282 3
7880148 124510182 2
7880148 125904362 2
7880148 142390892 1
7880148 156081352 3
7880148 159339692 2
8472580 8545736 2
8472580 10037711 2
8472580 10642198 3
8472580 12130423 1
8472580 12666387 1
8472580 14204931 1
8472580 25644352 3
8472580 48759722 2
8472580 51046332 4
8472580 61397842 2
8472580 77364782 2
8472580 99312542 1
8472580 108524282 3
8472580 124510182 1
8472580 125904362 1
8472580 142390892 1
8472580 156081352 3
8472580 159339692 4
8545736 9156239 3
8545736 10037711 3
8545736 10642198 1
8545736 11900080 3
8545736 12130423 2
8545736 12666387 1
8545736 14204931 1
8545736 14237235 1
8545736 25644352 1
8545736 48759722 1
8545736 51046332 3
8545736 61397842 2
8545736 77364782 2
8545736 77726682 3
8545736 99312542 1
8545736 108524282 3
8545736 124510182 2
8545736 125904362 2
8545736 142390892 1
8545736 156081352 3
8545736 159339692 2
9156239 10037711 3
9156239 10642198 5
9156239 12130423 2
9156239 12666387 1
9156239 14204931 1
9156239 25644352 5
9156239 48759722 2
9156239 51046332 6
9156239 61397842 2
9156239 77364782 3
9156239 99312542 2
9156239 108524282 5
9156239 124510182 2
9156239 125904362 2
9156239 142390892 1
9156239 156081352 5
9156239 159339692 6
10037711 10642198 1
10037711 11900080 3
10037711 12130423 2
10037711 12666387 1
10037711 14204931 1
10037711 14237235 1
10037711 25644352 1
10037711 48759722 1
10037711 51046332 3
10037711 61397842 2
10037711 77364782 2
10037711 77726682 3
10037711 99312542 1
10037711 108524282 3
10037711 124510182 2
10037711 125904362 2
10037711 142390892 1
10037711 156081352 3
10037711 159339692 2
10642198 11900080 3
10642198 12130423 1
10642198 12666387 1
10642198 14204931 1
10642198 14237235 4
10642198 25644352 5
10642198 48759722 1
10642198 51046332 3
10642198 61397842 1
10642198 77364782 2
10642198 77726682 5
10642198 99312542 2
10642198 108524282 3
10642198 124510182 1
10642198 125904362 1
10642198 142390892 1
10642198 156081352 3
10642198 159339692 3
11900080 12130423 2
11900080 12666387 1
11900080 14204931 1
11900080 25644352 3
11900080 48759722 1
11900080 51046332 5
11900080 61397842 2
11900080 77364782 3
11900080 99312542 1
11900080 108524282 5
11900080 124510182 2
11900080 125904362 2
11900080 142390892 1
11900080 156081352 5
11900080 159339692 5
12130423 12666387 1
12130423 14204931 1
12130423 14237235 1
12130423 25644352 1
12130423 48759722 1
12130423 51046332 2
12130423 61397842 1
12130423 77364782 2
12130423 77726682 2
12130423 99312542 1
12130423 108524282 2
12130423 124510182 2
12130423 125904362 2
12130423 142390892 1
12130423 156081352 2
12130423 159339692 2
12666387 14204931 1
12666387 14237235 1
12666387 25644352 1
12666387 48759722 1
12666387 51046332 1
12666387 61397842 1
12666387 77364782 1
12666387 77726682 1
12666387 99312542 1
12666387 108524282 1
12666387 124510182 1
12666387 125904362 1
12666387 142390892 1
12666387 156081352 1
12666387 159339692 1
14204931 14237235 1
14204931 25644352 1
14204931 48759722 1
14204931 51046332 1
14204931 61397842 1
14204931 77364782 1
14204931 77726682 1
14204931 99312542 1
14204931 108524282 1
14204931 124510182 1
14204931 125904362 1
14204931 142390892 1
14204931 156081352 1
14204931 159339692 1
14237235 25644352 4
14237235 48759722 1
14237235 51046332 2
14237235 61397842 1
14237235 77364782 1
14237235 99312542 2
14237235 108524282 2
14237235 124510182 1
14237235 125904362 1
14237235 142390892 1
14237235 156081352 2
14237235 159339692 3
25644352 48759722 1
25644352 51046332 3
25644352 61397842 1
25644352 77364782 2
25644352 77726682 5
25644352 99312542 2
25644352 108524282 3
25644352 124510182 1
25644352 125904362 1
25644352 142390892 1
25644352 156081352 3
25644352 159339692 3
48759722 51046332 2
48759722 61397842 1
48759722 77364782 1
48759722 77726682 2
48759722 99312542 1
48759722 108524282 1
48759722 124510182 1
48759722 125904362 1
48759722 142390892 1
48759722 156081352 1
48759722 159339692 2
51046332 61397842 2
51046332 77364782 3
51046332 77726682 6
51046332 99312542 1
51046332 108524282 5
51046332 124510182 2
51046332 125904362 2
51046332 142390892 1
51046332 156081352 5
51046332 159339692 5
61397842 77364782 1
61397842 77726682 2
61397842 99312542 1
61397842 108524282 2
61397842 124510182 1
61397842 125904362 1
61397842 142390892 1
61397842 156081352 2
61397842 159339692 1
77364782 77726682 3
77364782 99312542 1
77364782 108524282 3
77364782 124510182 2
77364782 125904362 2
77364782 142390892 1
77364782 156081352 3
77364782 159339692 3
77726682 99312542 2
77726682 108524282 5
77726682 124510182 2
77726682 125904362 2
77726682 142390892 1
77726682 156081352 5
77726682 159339692 6
99312542 108524282 1
99312542 124510182 1
99312542 125904362 1
99312542 142390892 1
99312542 156081352 1
99312542 159339692 1
108524282 124510182 2
108524282 125904362 2
108524282 142390892 1
108524282 156081352 5
108524282 159339692 4
124510182 125904362 2
124510182 142390892 1
124510182 156081352 2
124510182 159339692 2
125904362 142390892 1
125904362 156081352 2
125904362 159339692 2
142390892 156081352 1
142390892 159339692 1
156081352 159339692 4
4231304 7475561 1
4231304 8976567 1
4231304 9907921 2
4231304 11174920 2
4231304 12789059 3
4231304 13454055 2
4231304 21938551 1
4231304 23437881 1
4231304 49160672 3
4231304 70750622 2
4231304 85392442 1
4231304 89856432 2
4231304 93209052 1
4231304 106180282 1
4231304 118648682 1
4231304 122215532 2
4231304 123715102 1
4231304 129354522 1
4231304 151155042 3
4231304 159885992 2
4231304 182975896 2
4231304 183100560 2
4231304 185024935 1
4231304 185711405 2
7475561 8976567 1
7475561 9156239 1
7475561 9907921 1
7475561 10642198 1
7475561 11174920 1
7475561 11900080 1
7475561 12789059 1
7475561 13454055 1
7475561 14237235 1
7475561 21938551 1
7475561 23437881 1
7475561 25644352 1
7475561 49160672 1
7475561 51046332 1
7475561 70750622 1
7475561 77726682 1
7475561 85392442 1
7475561 89856432 1
7475561 93209052 1
7475561 106180282 1
7475561 108524282 1
7475561 118648682 1
7475561 122215532 1
7475561 123715102 1
7475561 129354522 1
7475561 151155042 1
7475561 156081352 1
7475561 159339692 1
7475561 159885992 1
7475561 182975896 1
7475561 183100560 1
7475561 185024935 1
7475561 185711405 1
8976567 9156239 2
8976567 9907921 1
8976567 10642198 2
8976567 11174920 2
8976567 11900080 1
8976567 12789059 1
8976567 13454055 1
8976567 14237235 2
8976567 21938551 1
8976567 23437881 1
8976567 25644352 2
8976567 49160672 1
8976567 51046332 1
8976567 70750622 1
8976567 77726682 2
8976567 85392442 1
8976567 89856432 2
8976567 93209052 1
8976567 106180282 1
8976567 108524282 1
8976567 118648682 1
8976567 122215532 1
8976567 123715102 1
8976567 129354522 1
8976567 151155042 1
8976567 156081352 1
8976567 159339692 1
8976567 159885992 1
8976567 182975896 1
8976567 183100560 1
8976567 185024935 1
8976567 185711405 1
9156239 9907921 2
9156239 11174920 4
9156239 12789059 3
9156239 13454055 2
9156239 21938551 1
9156239 23437881 1
9156239 49160672 3
9156239 70750622 2
9156239 85392442 1
9156239 89856432 4
9156239 93209052 1
9156239 118648682 1
9156239 122215532 2
9156239 123715102 1
9156239 129354522 1
9156239 151155042 4
9156239 159885992 2
9156239 182975896 2
9156239 183100560 2
9156239 185024935 1
9156239 185711405 2
9907921 10642198 2
9907921 11174920 1
9907921 11900080 2
9907921 12789059 2
9907921 13454055 2
9907921 14237235 1
9907921 21938551 1
9907921 23437881 1
9907921 25644352 2
9907921 49160672 2
9907921 51046332 2
9907921 70750622 2
9907921 77726682 2
9907921 85392442 1
9907921 89856432 2
9907921 93209052 1
9907921 106180282 1
9907921 108524282 2
9907921 118648682 1
9907921 122215532 2
9907921 123715102 1
9907921 129354522 1
9907921 151155042 2
9907921 156081352 2
9907921 159339692 2
9907921 159885992 2
9907921 182975896 2
9907921 183100560 2
9907921 185024935 1
9907921 185711405 2
10642198 11174920 2
10642198 12789059 2
10642198 13454055 2
10642198 21938551 1
10642198 23437881 1
10642198 49160672 2
10642198 70750622 2
10642198 85392442 1
10642198 89856432 4
10642198 93209052 1
10642198 106180282 1
10642198 118648682 1
10642198 122215532 2
10642198 123715102 1
10642198 129354522 1
10642198 151155042 2
10642198 159885992 2
10642198 182975896 2
10642198 183100560 2
10642198 185024935 1
10642198 185711405 2
11174920 11900080 2
11174920 12789059 1
11174920 13454055 1
11174920 14237235 2
11174920 21938551 1
11174920 23437881 1
11174920 25644352 2
11174920 49160672 1
11174920 51046332 3
11174920 70750622 1
11174920 77726682 4
11174920 85392442 1
11174920 89856432 2
11174920 93209052 1
11174920 106180282 1
11174920 108524282 2
11174920 118648682 1
11174920 122215532 1
11174920 123715102 1
11174920 129354522 1
11174920 151155042 2
11174920 156081352 2
11174920 159339692 2
11174920 159885992 1
11174920 182975896 1
11174920 183100560 1
11174920 185024935 1
11174920 185711405 1
11900080 12789059 3
11900080 13454055 2
11900080 21938551 1
11900080 23437881 1
11900080 49160672 3
11900080 70750622 2
11900080 85392442 1
11900080 89856432 2
11900080 93209052 1
11900080 118648682 1
11900080 122215532 2
11900080 123715102 1
11900080 129354522 1
11900080 151155042 4
11900080 159885992 2
11900080 182975896 2
11900080 183100560 2
11900080 185024935 1
11900080 185711405 2
12789059 13454055 2
12789059 14237235 1
12789059 21938551 1
12789059 23437881 1
12789059 25644352 2
12789059 49160672 3
12789059 51046332 3
12789059 70750622 2
12789059 77726682 3
12789059 85392442 1
12789059 89856432 2
12789059 93209052 1
12789059 106180282 1
12789059 108524282 3
12789059 118648682 1
12789059 122215532 2
12789059 123715102 1
12789059 129354522 1
12789059 151155042 2
12789059 156081352 3
12789059 159339692 3
12789059 159885992 2
12789059 182975896 2
12789059 183100560 2
12789059 185024935 1
12789059 185711405 2
13454055 14237235 1
13454055 21938551 1
13454055 23437881 1
13454055 25644352 2
13454055 49160672 2
13454055 51046332 2
13454055 70750622 2
13454055 77726682 2
13454055 85392442 1
13454055 89856432 2
13454055 93209052 1
13454055 106180282 1
13454055 108524282 2
13454055 118648682 1
13454055 122215532 2
13454055 123715102 1
13454055 129354522 1
13454055 151155042 2
13454055 156081352 2
13454055 159339692 2
13454055 159885992 2
13454055 182975896 2
13454055 183100560 2
13454055 185024935 1
13454055 185711405 2
14237235 21938551 1
14237235 23437881 1
14237235 49160672 1
14237235 70750622 1
14237235 85392442 1
14237235 89856432 3
14237235 93209052 1
14237235 118648682 1
14237235 122215532 1
14237235 123715102 1
14237235 129354522 1
14237235 151155042 2
14237235 159885992 1
14237235 182975896 1
14237235 183100560 1
14237235 185024935 1
14237235 185711405 1
21938551 23437881 1
21938551 25644352 1
21938551 49160672 1
21938551 51046332 1
21938551 70750622 1
21938551 77726682 1
21938551 85392442 1
21938551 89856432 1
21938551 93209052 1
21938551 106180282 1
21938551 108524282 1
21938551 118648682 1
21938551 122215532 1
21938551 123715102 1
21938551 129354522 1
21938551 151155042 1
21938551 156081352 1
21938551 159339692 1
21938551 159885992 1
21938551 182975896 1
21938551 183100560 1
21938551 185024935 1
21938551 185711405 1
23437881 25644352 1
23437881 49160672 1
23437881 51046332 1
23437881 70750622 1
23437881 77726682 1
23437881 85392442 1
23437881 89856432 1
23437881 93209052 1
23437881 106180282 1
23437881 108524282 1
23437881 118648682 1
23437881 122215532 1
23437881 123715102 1
23437881 129354522 1
23437881 151155042 1
23437881 156081352 1
23437881 159339692 1
23437881 159885992 1
23437881 182975896 1
23437881 183100560 1
23437881 185024935 1
23437881 185711405 1
25644352 49160672 2
25644352 70750622 2
25644352 85392442 1
25644352 89856432 4
25644352 93209052 1
25644352 106180282 1
25644352 118648682 1
25644352 122215532 2
25644352 123715102 1
25644352 129354522 1
25644352 151155042 2
25644352 159885992 2
25644352 182975896 2
25644352 183100560 2
25644352 185024935 1
25644352 185711405 2
49160672 51046332 3
49160672 70750622 2
49160672 77726682 3
49160672 85392442 1
49160672 89856432 2
49160672 93209052 1
49160672 106180282 1
49160672 108524282 3
49160672 118648682 1
49160672 122215532 2
49160672 123715102 1
49160672 129354522 1
49160672 151155042 2
49160672 156081352 3
49160672 159339692 3
49160672 159885992 2
49160672 182975896 2
49160672 183100560 2
49160672 185024935 1
49160672 185711405 2
51046332 70750622 2
51046332 85392442 1
51046332 89856432 2
51046332 93209052 1
51046332 106180282 1
51046332 118648682 1
51046332 122215532 2
51046332 123715102 1
51046332 129354522 1
51046332 151155042 3
51046332 159885992 2
51046332 182975896 2
51046332 183100560 2
51046332 185024935 1
51046332 185711405 2
70750622 77726682 2
70750622 85392442 1
70750622 89856432 2
70750622 93209052 1
70750622 106180282 1
70750622 108524282 2
70750622 118648682 1
70750622 122215532 2
70750622 123715102 1
70750622 129354522 1
70750622 151155042 2
70750622 156081352 2
70750622 159339692 2
70750622 159885992 2
70750622 182975896 2
70750622 183100560 2
70750622 185024935 1
70750622 185711405 2
77726682 85392442 1
77726682 89856432 4
77726682 93209052 1
77726682 118648682 1
77726682 122215532 2
77726682 123715102 1
77726682 129354522 1
77726682 151155042 4
77726682 159885992 2
77726682 182975896 2
77726682 183100560 2
77726682 185024935 1
77726682 185711405 2
85392442 89856432 1
85392442 93209052 1
85392442 106180282 1
85392442 108524282 1
85392442 118648682 1
85392442 122215532 1
85392442 123715102 1
85392442 129354522 1
85392442 151155042 1
85392442 156081352 1
85392442 159339692 1
85392442 159885992 1
85392442 182975896 1
85392442 183100560 1
85392442 185024935 1
85392442 185711405 1
89856432 93209052 1
89856432 106180282 1
89856432 108524282 2
89856432 118648682 1
89856432 122215532 2
89856432 123715102 1
89856432 129354522 1
89856432 151155042 2
89856432 156081352 2
89856432 159339692 2
89856432 159885992 2
89856432 182975896 2
89856432 183100560 2
89856432 185024935 1
89856432 185711405 2
93209052 106180282 1
93209052 108524282 1
93209052 118648682 1
93209052 122215532 1
93209052 123715102 1
93209052 129354522 1
93209052 151155042 1
93209052 156081352 1
93209052 159339692 1
93209052 159885992 1
93209052 182975896 1
93209052 183100560 1
93209052 185024935 1
93209052 185711405 1
106180282 108524282 1
106180282 118648682 1
106180282 122215532 1
106180282 123715102 1
106180282 129354522 1
106180282 151155042 1
106180282 156081352 1
106180282 159339692 1
106180282 159885992 1
106180282 182975896 1
106180282 183100560 1
106180282 185024935 1
106180282 185711405 1
108524282 118648682 1
108524282 122215532 2
108524282 123715102 1
108524282 129354522 1
108524282 151155042 3
108524282 159885992 2
108524282 182975896 2
108524282 183100560 2
108524282 185024935 1
108524282 185711405 2
118648682 122215532 1
118648682 123715102 1
118648682 129354522 1
118648682 151155042 1
118648682 156081352 1
118648682 159339692 1
118648682 159885992 1
118648682 182975896 1
118648682 183100560 1
118648682 185024935 1
118648682 185711405 1
122215532 123715102 1
122215532 129354522 1
122215532 151155042 2
122215532 156081352 2
122215532 159339692 2
122215532 159885992 2
122215532 182975896 2
122215532 183100560 2
122215532 185024935 1
122215532 185711405 2
123715102 129354522 1
123715102 151155042 1
123715102 156081352 1
123715102 159339692 1
123715102 159885992 1
123715102 182975896 1
123715102 183100560 1
123715102 185024935 1
123715102 185711405 1
129354522 151155042 1
129354522 156081352 1
129354522 159339692 1
129354522 159885992 1
129354522 182975896 1
129354522 183100560 1
129354522 185024935 1
129354522 185711405 1
151155042 156081352 3
151155042 159339692 3
151155042 159885992 2
151155042 182975896 2
151155042 183100560 2
151155042 185024935 1
151155042 185711405 2
156081352 159885992 2
156081352 182975896 2
156081352 183100560 2
156081352 185024935 1
156081352 185711405 2
159339692 159885992 2
159339692 182975896 2
159339692 183100560 2
159339692 185024935 1
159339692 185711405 2
159885992 182975896 2
159885992 183100560 2
159885992 185024935 1
159885992 185711405 2
182975896 183100560 2
182975896 185024935 1
182975896 185711405 2
183100560 185024935 1
183100560 185711405 2
185024935 185711405 1
8472580 8976567 1
8472580 11174920 3
8472580 89856432 2
8472580 94785442 2
8472580 149401842 1
8976567 94785442 1
8976567 149401842 1
9156239 94785442 4
9156239 149401842 2
10642198 94785442 2
10642198 149401842 2
11174920 94785442 2
11174920 149401842 1
14237235 94785442 2
14237235 149401842 2
25644352 94785442 2
25644352 149401842 2
77726682 94785442 4
77726682 149401842 2
89856432 94785442 2
89856432 149401842 2
94785442 149401842 2
8472580 17892881 1
8472580 38805102 1
8472580 63322232 1
8472580 138786362 1
8472580 138966552 1
8472580 139657802 1
8472580 140006082 1
8472580 182780661 2
9156239 17892881 2
9156239 38805102 2
9156239 63322232 1
9156239 138786362 1
9156239 138966552 1
9156239 139657802 1
9156239 140006082 1
9156239 182780661 2
11174920 17892881 1
11174920 20421671 1
11174920 38805102 1
11174920 48759722 1
11174920 63322232 1
11174920 138786362 1
11174920 138966552 1
11174920 139657802 1
11174920 140006082 1
11174920 182780661 1
17892881 20421671 1
17892881 38805102 2
17892881 48759722 1
17892881 51046332 2
17892881 63322232 1
17892881 77726682 2
17892881 94785442 2
17892881 138786362 1
17892881 138966552 1
17892881 139657802 1
17892881 140006082 1
17892881 159339692 2
17892881 182780661 1
20421671 38805102 1
20421671 48759722 1
20421671 51046332 1
20421671 63322232 1
20421671 94785442 1
20421671 138786362 1
20421671 138966552 1
20421671 139657802 1
20421671 140006082 1
20421671 159339692 1
20421671 182780661 1
38805102 48759722 1
38805102 51046332 2
38805102 63322232 1
38805102 77726682 2
38805102 94785442 2
38805102 138786362 1
38805102 138966552 1
38805102 139657802 1
38805102 140006082 1
38805102 159339692 2
38805102 182780661 1
48759722 63322232 1
48759722 94785442 1
48759722 138786362 1
48759722 138966552 1
48759722 139657802 1
48759722 140006082 1
48759722 182780661 1
51046332 63322232 1
51046332 94785442 2
51046332 138786362 1
51046332 138966552 1
51046332 139657802 1
51046332 140006082 1
51046332 182780661 2
63322232 77726682 1
63322232 94785442 1
63322232 138786362 1
63322232 138966552 1
63322232 139657802 1
63322232 140006082 1
63322232 159339692 1
63322232 182780661 1
77726682 138786362 1
77726682 138966552 1
77726682 139657802 1
77726682 140006082 1
77726682 182780661 2
94785442 138786362 1
94785442 138966552 1
94785442 139657802 1
94785442 140006082 1
94785442 159339692 2
94785442 182780661 1
138786362 138966552 1
138786362 139657802 1
138786362 140006082 1
138786362 159339692 1
138786362 182780661 1
138966552 139657802 1
138966552 140006082 1
138966552 159339692 1
138966552 182780661 1
139657802 140006082 1
139657802 159339692 1
139657802 182780661 1
140006082 159339692 1
140006082 182780661 1
159339692 182780661 2
495349 3898700 1
495349 7575969 1
495349 8039675 1
495349 11174920 1
495349 39254802 1
495349 67663682 1
495349 107325272 1
495349 151155042 1
3898700 4231304 1
3898700 4949506 1
3898700 7575969 1
3898700 7880148 1
3898700 8039675 1
3898700 8472580 1
3898700 8545736 1
3898700 9156239 1
3898700 10037711 1
3898700 11174920 1
3898700 11900080 1
3898700 39254802 1
3898700 51046332 1
3898700 61397842 1
3898700 67663682 1
3898700 77726682 1
3898700 107325272 1
3898700 108524282 1
3898700 151155042 1
3898700 156081352 1
4231304 7575969 1
4231304 8039675 1
4231304 39254802 1
4231304 67663682 2
4231304 107325272 2
4949506 7575969 1
4949506 8039675 1
4949506 11174920 1
4949506 39254802 1
4949506 67663682 2
4949506 107325272 1
4949506 151155042 2
7575969 7880148 1
7575969 8039675 1
7575969 8472580 1
7575969 8545736 1
7575969 9156239 1
7575969 10037711 1
7575969 11174920 1
7575969 11900080 1
7575969 39254802 1
7575969 51046332 1
7575969 61397842 1
7575969 67663682 1
7575969 77726682 1
7575969 107325272 1
7575969 108524282 1
7575969 151155042 1
7575969 156081352 1
7880148 8039675 1
7880148 11174920 1
7880148 39254802 1
7880148 67663682 1
7880148 107325272 2
7880148 151155042 1
8039675 8472580 1
8039675 8545736 1
8039675 9156239 1
8039675 10037711 1
8039675 11174920 1
8039675 11900080 1
8039675 39254802 1
8039675 51046332 1
8039675 61397842 1
8039675 67663682 1
8039675 77726682 1
8039675 107325272 1
8039675 108524282 1
8039675 151155042 1
8039675 156081352 1
8472580 39254802 1
8472580 67663682 2
8472580 107325272 1
8472580 151155042 3
8545736 11174920 1
8545736 39254802 1
8545736 67663682 1
8545736 107325272 2
8545736 151155042 1
9156239 39254802 1
9156239 67663682 2
9156239 107325272 2
10037711 11174920 1
10037711 39254802 1
10037711 67663682 1
10037711 107325272 2
10037711 151155042 1
11174920 39254802 1
11174920 61397842 1
11174920 67663682 1
11174920 107325272 1
11900080 39254802 1
11900080 67663682 2
11900080 107325272 2
39254802 51046332 1
39254802 61397842 1
39254802 67663682 1
39254802 77726682 1
39254802 107325272 1
39254802 108524282 1
39254802 151155042 1
39254802 156081352 1
51046332 67663682 2
51046332 107325272 2
61397842 67663682 1
61397842 107325272 1
61397842 151155042 1
67663682 77726682 2
67663682 107325272 1
67663682 108524282 2
67663682 151155042 2
67663682 156081352 2
77726682 107325272 2
107325272 108524282 2
107325272 151155042 1
107325272 156081352 2
3376376 4231304 1
3376376 4949506 1
3376376 8472580 1
3376376 9156239 1
3376376 9907921 1
3376376 10642198 1
3376376 11900080 1
3376376 12789059 1
3376376 13454055 1
3376376 25644352 1
3376376 49160672 1
3376376 50513822 1
3376376 51046332 1
3376376 67663682 1
3376376 70750622 1
3376376 77364782 1
3376376 77726682 1
3376376 89856432 1
3376376 97417182 1
3376376 108524282 1
3376376 122215532 1
3376376 151155042 1
3376376 156081352 1
3376376 159339692 1
3376376 159885992 1
3376376 182780661 1
3376376 182975896 1
3376376 183100560 1
3376376 183176745 1
3376376 185254906 1
3376376 185711405 1
4231304 50513822 1
4231304 97417182 1
4231304 182780661 1
4231304 183176745 1
4231304 185254906 2
4949506 9907921 1
4949506 12789059 1
4949506 13454055 1
4949506 49160672 1
4949506 50513822 1
4949506 70750622 1
4949506 89856432 1
4949506 97417182 1
4949506 122215532 1
4949506 159885992 1
4949506 182780661 1
4949506 182975896 1
4949506 183100560 1
4949506 183176745 1
4949506 185254906 1
4949506 185711405 1
8472580 9907921 1
8472580 12789059 1
8472580 13454055 1
8472580 49160672 1
8472580 50513822 1
8472580 70750622 1
8472580 97417182 1
8472580 122215532 1
8472580 159885992 1
8472580 182975896 1
8472580 183100560 1
8472580 183176745 1
8472580 185254906 1
8472580 185711405 1
9156239 50513822 1
9156239 97417182 1
9156239 183176745 1
9156239 185254906 2
9907921 50513822 1
9907921 67663682 1
9907921 77364782 1
9907921 97417182 1
9907921 182780661 1
9907921 183176745 1
9907921 185254906 1
10642198 50513822 1
10642198 67663682 1
10642198 97417182 1
10642198 182780661 1
10642198 183176745 1
10642198 185254906 1
11900080 50513822 1
11900080 97417182 1
11900080 182780661 1
11900080 183176745 1
11900080 185254906 2
12789059 50513822 1
12789059 67663682 1
12789059 77364782 2
12789059 97417182 1
12789059 182780661 1
12789059 183176745 1
12789059 185254906 2
13454055 50513822 1
13454055 67663682 1
13454055 77364782 1
13454055 97417182 1
13454055 182780661 1
13454055 183176745 1
13454055 185254906 1
25644352 50513822 1
25644352 67663682 1
25644352 97417182 1
25644352 182780661 1
25644352 183176745 1
25644352 185254906 1
49160672 50513822 1
49160672 67663682 1
49160672 77364782 2
49160672 97417182 1
49160672 182780661 1
49160672 183176745 1
49160672 185254906 2
50513822 51046332 1
50513822 67663682 1
50513822 70750622 1
50513822 77364782 1
50513822 77726682 1
50513822 89856432 1
50513822 97417182 1
50513822 108524282 1
50513822 122215532 1
50513822 151155042 1
50513822 156081352 1
50513822 159339692 1
50513822 159885992 1
50513822 182780661 1
50513822 182975896 1
50513822 183100560 1
50513822 183176745 1
50513822 185254906 1
50513822 185711405 1
51046332 97417182 1
51046332 183176745 1
51046332 185254906 2
67663682 70750622 1
67663682 77364782 1
67663682 89856432 1
67663682 97417182 1
67663682 122215532 1
67663682 159339692 1
67663682 159885992 1
67663682 182780661 1
67663682 182975896 1
67663682 183100560 1
67663682 183176745 1
67663682 185254906 1
67663682 185711405 1
70750622 77364782 1
70750622 97417182 1
70750622 182780661 1
70750622 183176745 1
70750622 185254906 1
77364782 89856432 1
77364782 97417182 1
77364782 122215532 1
77364782 151155042 1
77364782 159885992 1
77364782 182780661 1
77364782 182975896 1
77364782 183100560 1
77364782 183176745 1
77364782 185254906 2
77364782 185711405 1
77726682 97417182 1
77726682 183176745 1
77726682 185254906 2
89856432 97417182 1
89856432 182780661 1
89856432 183176745 1
89856432 185254906 1
97417182 108524282 1
97417182 122215532 1
97417182 151155042 1
97417182 156081352 1
97417182 159339692 1
97417182 159885992 1
97417182 182780661 1
97417182 182975896 1
97417182 183100560 1
97417182 183176745 1
97417182 185254906 1
97417182 185711405 1
108524282 182780661 1
108524282 183176745 1
108524282 185254906 2
122215532 182780661 1
122215532 183176745 1
122215532 185254906 1
151155042 182780661 1
151155042 183176745 1
151155042 185254906 1
156081352 182780661 1
156081352 183176745 1
156081352 185254906 2
159339692 183176745 1
159339692 185254906 2
159885992 182780661 1
159885992 183176745 1
159885992 185254906 1
182780661 182975896 1
182780661 183100560 1
182780661 183176745 1
182780661 185254906 1
182780661 185711405 1
182975896 183176745 1
182975896 185254906 1
183100560 183176745 1
183100560 185254906 1
183176745 185254906 1
183176745 185711405 1
185254906 185711405 1
9156239 158451152 2
10642198 158451152 1
14237235 158451152 2
25644352 158451152 1
77726682 158451152 2
89856432 99312542 1
89856432 158451152 1
94785442 99312542 1
94785442 158451152 1
99312542 149401842 1
99312542 158451152 1
149401842 158451152 1
8472580 21387261 1
8472580 126358912 1
8472580 142032642 1
8472580 158451152 1
8472580 186345222 1
9156239 21387261 1
9156239 126358912 1
9156239 142032642 1
9156239 186345222 1
11900080 21387261 1
11900080 126358912 1
11900080 142032642 1
11900080 158451152 1
11900080 186345222 1
14237235 21387261 1
14237235 126358912 1
14237235 142032642 1
14237235 186345222 1
21387261 77726682 1
21387261 126358912 1
21387261 142032642 1
21387261 151155042 1
21387261 158451152 1
21387261 159339692 1
21387261 186345222 1
77726682 126358912 1
77726682 142032642 1
77726682 186345222 1
126358912 142032642 1
126358912 151155042 1
126358912 158451152 1
126358912 159339692 1
126358912 186345222 1
142032642 151155042 1
142032642 158451152 1
142032642 159339692 1
142032642 186345222 1
151155042 158451152 1
151155042 186345222 1
158451152 159339692 1
158451152 186345222 1
159339692 186345222 1
2034142 4231304 1
2034142 7880148 1
2034142 8545736 1
2034142 9156239 1
2034142 10037711 1
2034142 11900080 1
2034142 12130423 1
2034142 12789059 1
2034142 17892881 1
2034142 19634771 1
2034142 38805102 1
2034142 40193802 1
2034142 49160672 1
2034142 51046332 1
2034142 77364782 1
2034142 77726682 1
2034142 91429422 1
2034142 94785442 1
2034142 107325272 1
2034142 108524282 1
2034142 124510182 1
2034142 125904362 1
2034142 156081352 1
2034142 159339692 1
2034142 184806384 1
2034142 185254906 1
2034142 186379240 1
4231304 17892881 1
4231304 19634771 1
4231304 38805102 1
4231304 40193802 1
4231304 91429422 1
4231304 94785442 1
4231304 184806384 1
4231304 186379240 1
7880148 12789059 1
7880148 17892881 1
7880148 19634771 1
7880148 38805102 1
7880148 40193802 1
7880148 49160672 1
7880148 91429422 1
7880148 94785442 1
7880148 184806384 1
7880148 185254906 1
7880148 186379240 1
8545736 12789059 1
8545736 17892881 1
8545736 19634771 1
8545736 38805102 1
8545736 40193802 1
8545736 49160672 1
8545736 91429422 1
8545736 94785442 1
8545736 184806384 1
8545736 185254906 1
8545736 186379240 1
9156239 19634771 1
9156239 40193802 1
9156239 91429422 1
9156239 184806384 1
9156239 186379240 1
10037711 12789059 1
10037711 17892881 1
10037711 19634771 1
10037711 38805102 1
10037711 40193802 1
10037711 49160672 1
10037711 91429422 1
10037711 94785442 1
10037711 184806384 1
10037711 185254906 1
10037711 186379240 1
11900080 17892881 1
11900080 19634771 1
11900080 38805102 1
11900080 40193802 1
11900080 91429422 1
11900080 94785442 1
11900080 184806384 1
11900080 186379240 1
12130423 12789059 1
12130423 17892881 1
12130423 19634771 1
12130423 38805102 1
12130423 40193802 1
12130423 49160672 1
12130423 91429422 1
12130423 94785442 1
12130423 107325272 1
12130423 184806384 1
12130423 185254906 1
12130423 186379240 1
12789059 17892881 1
12789059 19634771 1
12789059 38805102 1
12789059 40193802 1
12789059 91429422 1
12789059 94785442 1
12789059 107325272 1
12789059 124510182 1
12789059 125904362 1
12789059 184806384 1
12789059 186379240 1
17892881 19634771 1
17892881 40193802 1
17892881 49160672 1
17892881 77364782 1
17892881 91429422 1
17892881 107325272 1
17892881 108524282 1
17892881 124510182 1
17892881 125904362 1
17892881 156081352 1
17892881 184806384 1
17892881 185254906 1
17892881 186379240 1
19634771 38805102 1
19634771 40193802 1
19634771 49160672 1
19634771 51046332 1
19634771 77364782 1
19634771 77726682 1
19634771 91429422 1
19634771 94785442 1
19634771 107325272 1
19634771 108524282 1
19634771 124510182 1
19634771 125904362 1
19634771 156081352 1
19634771 159339692 1
19634771 184806384 1
19634771 185254906 1
19634771 186379240 1
38805102 40193802 1
38805102 49160672 1
38805102 77364782 1
38805102 91429422 1
38805102 107325272 1
38805102 108524282 1
38805102 124510182 1
38805102 125904362 1
38805102 156081352 1
38805102 184806384 1
38805102 185254906 1
38805102 186379240 1
40193802 49160672 1
40193802 51046332 1
40193802 77364782 1
40193802 77726682 1
40193802 91429422 1
40193802 94785442 1
40193802 107325272 1
40193802 108524282 1
40193802 124510182 1
40193802 125904362 1
40193802 156081352 1
40193802 159339692 1
40193802 184806384 1
40193802 185254906 1
40193802 186379240 1
49160672 91429422 1
49160672 94785442 1
49160672 107325272 1
49160672 124510182 1
49160672 125904362 1
49160672 184806384 1
49160672 186379240 1
51046332 91429422 1
51046332 184806384 1
51046332 186379240 1
77364782 91429422 1
77364782 94785442 1
77364782 107325272 1
77364782 184806384 1
77364782 186379240 1
77726682 91429422 1
77726682 184806384 1
77726682 186379240 1
91429422 94785442 1
91429422 107325272 1
91429422 108524282 1
91429422 124510182 1
91429422 125904362 1
91429422 156081352 1
91429422 159339692 1
91429422 184806384 1
91429422 185254906 1
91429422 186379240 1
94785442 107325272 1
94785442 108524282 1
94785442 124510182 1
94785442 125904362 1
94785442 156081352 1
94785442 184806384 1
94785442 185254906 1
94785442 186379240 1
107325272 124510182 1
107325272 125904362 1
107325272 159339692 1
107325272 184806384 1
107325272 185254906 1
107325272 186379240 1
108524282 184806384 1
108524282 186379240 1
124510182 184806384 1
124510182 185254906 1
124510182 186379240 1
125904362 184806384 1
125904362 185254906 1
125904362 186379240 1
156081352 184806384 1
156081352 186379240 1
159339692 184806384 1
159339692 186379240 1
184806384 185254906 1
184806384 186379240 1
185254906 186379240 1
