12999681 4949506 8472580 11174920 11364874 17892881 138966552 10146331 6989851 123715102 186169889 16315941 183176745 77364782 91429422 14237235 184251958 92151352 23437881 136266812 130211902 187031103 139657802 19634771 22192731 187492963 131059302 100407922 12130423 186001542 4231304 9156239 183100560 114693282 159885992 159339692 12561583 11900080 8976567 145832122 106180282 185389250 187440324 156081352 185190089 9907921 98939602 11287779 149401842 182780661 3376376 108524282 8039675 143308542 142032642 186345222 39254802 10642198 185711405 91663662 55398192 117139262 25644352 12789059 3898700 61397842 11235674 123171162 43015012 7475561 21938551 187624315 126358912 4842371 4295059 70750622 7575969 94785442 185024935 48759722 89856432 187483061 51046332 8545736 10037711 158451152 7880148 150063572 77726682 49160672 9549796 76013542 9724903 186379240 124510182 155930602 125904362 49012212 60223482
3376376 4295059 3
3376376 4949506 1
3376376 7475561 1
3376376 7575969 1
3376376 9156239 5
3376376 9907921 1
3376376 10146331 1
3376376 10642198 2
3376376 11174920 4
3376376 11235674 1
3376376 11364874 2
3376376 11900080 4
3376376 12561583 1
3376376 12789059 2
3376376 12999681 1
3376376 14237235 2
3376376 16315941 2
3376376 19634771 1
3376376 23437881 1
3376376 25644352 2
3376376 49160672 2
3376376 51046332 4
3376376 70750622 3
3376376 77364782 2
3376376 77726682 5
3376376 89856432 2
3376376 108524282 2
3376376 117139262 1
3376376 123171162 2
3376376 123715102 2
3376376 149401842 1
3376376 156081352 3
3376376 159339692 4
3376376 183176745 2
3376376 185024935 1
3376376 185190089 2
3376376 185389250 1
3376376 185711405 5
3376376 186001542 1
4295059 4949506 1
4295059 7475561 1
4295059 7575969 1
4295059 9156239 3
4295059 9907921 1
4295059 10146331 1
4295059 10642198 2
4295059 11174920 3
4295059 11235674 1
4295059 11364874 2
4295059 11900080 3
4295059 12561583 1
4295059 12789059 2
4295059 12999681 1
4295059 14237235 1
4295059 16315941 2
4295059 19634771 1
4295059 23437881 1
4295059 25644352 2
4295059 49160672 2
4295059 51046332 3
4295059 70750622 3
4295059 77364782 2
4295059 77726682 3
4295059 89856432 2
4295059 108524282 2
4295059 117139262 1
4295059 123171162 2
4295059 123715102 2
4295059 149401842 1
4295059 156081352 3
4295059 159339692 2
4295059 183176745 2
4295059 185024935 1
4295059 185190089 1
4295059 185389250 1
4295059 185711405 3
4295059 186001542 1
4949506 7475561 1
4949506 7575969 1
4949506 9156239 1
4949506 9907921 1
4949506 10146331 1
4949506 10642198 1
4949506 11174920 1
4949506 11235674 1
4949506 11364874 1
4949506 11900080 1
4949506 12561583 1
4949506 12789059 1
4949506 12999681 1
4949506 14237235 1
4949506 16315941 1
4949506 19634771 1
4949506 23437881 1
4949506 25644352 1
4949506 49160672 1
4949506 51046332 1
4949506 70750622 1
4949506 77364782 1
4949506 77726682 1
4949506 89856432 1
4949506 108524282 1
4949506 117139262 1
4949506 123171162 1
4949506 123715102 1
4949506 149401842 1
4949506 156081352 1
4949506 159339692 1
4949506 183176745 1
4949506 185024935 1
4949506 185190089 1
4949506 185389250 1
4949506 185711405 1
4949506 186001542 1
7475561 7575969 1
7475561 9156239 2
7475561 9907921 1
7475561 10146331 1
7475561 10642198 1
7475561 11174920 1
7475561 11235674 1
7475561 11364874 2
7475561 11900080 2
7475561 12561583 2
7475561 12789059 2
7475561 12999681 1
7475561 14237235 1
7475561 16315941 1
7475561 19634771 1
7475561 23437881 1
7475561 25644352 2
7475561 49160672 1
7475561 51046332 2
7475561 70750622 1
7475561 77364782 2
7475561 77726682 2
7475561 89856432 2
7475561 108524282 2
7475561 117139262 1
7475561 123171162 1
7475561 123715102 1
7475561 149401842 1
7475561 156081352 2
7475561 159339692 1
7475561 183176745 1
7475561 185024935 1
7475561 185190089 1
7475561 185389250 1
7475561 185711405 2
7475561 186001542 1
7575969 9156239 1
7575969 9907921 1
7575969 10146331 1
7575969 10642198 1
7575969 11174920 1
7575969 11235674 1
7575969 11364874 1
7575969 11900080 1
7575969 12561583 1
7575969 12789059 1
7575969 12999681 1
7575969 14237235 1
7575969 16315941 1
7575969 19634771 1
7575969 23437881 1
7575969 25644352 1
7575969 49160672 1
7575969 51046332 1
7575969 70750622 1
7575969 77364782 1
7575969 77726682 1
7575969 89856432 1
7575969 108524282 1
7575969 117139262 1
7575969 123171162 1
7575969 123715102 1
7575969 149401842 1
7575969 156081352 1
7575969 159339692 1
7575969 183176745 1
7575969 185024935 1
7575969 185190089 1
7575969 185389250 1
7575969 185711405 1
7575969 186001542 1
9156239 9907921 1
9156239 10146331 1
9156239 10642198 2
9156239 11174920 7
9156239 11235674 1
9156239 11364874 3
9156239 11900080 6
9156239 12561583 2
9156239 12789059 3
9156239 12999681 1
9156239 14237235 2
9156239 16315941 2
9156239 19634771 1
9156239 23437881 1
9156239 25644352 5
9156239 49160672 2
9156239 51046332 6
9156239 70750622 3
9156239 77364782 4
9156239 77726682 9
9156239 89856432 4
9156239 108524282 3
9156239 117139262 1
9156239 123171162 2
9156239 123715102 2
9156239 149401842 3
9156239 156081352 5
9156239 159339692 5
9156239 183176745 2
9156239 185024935 1
9156239 185190089 2
9156239 185389250 1
9156239 185711405 7
9156239 186001542 1
9907921 10146331 1
9907921 10642198 1
9907921 11174920 1
9907921 11235674 1
9907921 11364874 1
9907921 11900080 1
9907921 12561583 1
9907921 12789059 1
9907921 12999681 1
9907921 14237235 1
9907921 16315941 1
9907921 19634771 1
9907921 23437881 1
9907921 25644352 1
9907921 49160672 1
9907921 51046332 1
9907921 70750622 1
9907921 77364782 1
9907921 77726682 1
9907921 89856432 1
9907921 108524282 1
9907921 117139262 1
9907921 123171162 1
9907921 123715102 1
9907921 149401842 1
9907921 156081352 1
9907921 159339692 1
9907921 183176745 1
9907921 185024935 1
9907921 185190089 1
9907921 185389250 1
9907921 185711405 1
9907921 186001542 1
10146331 10642198 1
10146331 11174920 1
10146331 11235674 1
10146331 11364874 1
10146331 11900080 1
10146331 12561583 1
10146331 12789059 1
10146331 12999681 1
10146331 14237235 1
10146331 16315941 1
10146331 19634771 1
10146331 23437881 1
10146331 25644352 1
10146331 49160672 1
10146331 51046332 1
10146331 70750622 1
10146331 77364782 1
10146331 77726682 1
10146331 89856432 1
10146331 108524282 1
10146331 117139262 1
10146331 123171162 1
10146331 123715102 1
10146331 149401842 1
10146331 156081352 1
10146331 159339692 1
10146331 183176745 1
10146331 185024935 1
10146331 185190089 1
10146331 185389250 1
10146331 185711405 1
10146331 186001542 1
10642198 11174920 2
10642198 11235674 1
10642198 11364874 2
10642198 11900080 2
10642198 12561583 1
10642198 12789059 2
10642198 12999681 1
10642198 14237235 1
10642198 16315941 2
10642198 19634771 1
10642198 23437881 1
10642198 25644352 2
10642198 49160672 2
10642198 51046332 2
10642198 70750622 2
10642198 77364782 2
10642198 77726682 2
10642198 89856432 2
10642198 108524282 2
10642198 117139262 1
10642198 123171162 1
10642198 123715102 2
10642198 149401842 1
10642198 156081352 2
10642198 159339692 1
10642198 183176745 2
10642198 185024935 1
10642198 185190089 1
10642198 185389250 1
10642198 185711405 2
10642198 186001542 1
11174920 11235674 1
11174920 11364874 2
11174920 11900080 4
11174920 12561583 1
11174920 12789059 2
11174920 12999681 1
11174920 14237235 1
11174920 16315941 2
11174920 19634771 1
11174920 23437881 1
11174920 25644352 4
11174920 49160672 2
11174920 51046332 5
11174920 70750622 3
11174920 77364782 3
11174920 77726682 7
11174920 89856432 3
11174920 108524282 2
11174920 117139262 1
11174920 123171162 2
11174920 123715102 2
11174920 149401842 3
11174920 156081352 4
11174920 159339692 4
11174920 183176745 2
11174920 185024935 1
11174920 185190089 2
11174920 185389250 1
11174920 185711405 5
11174920 186001542 1
11235674 11364874 1
11235674 11900080 1
11235674 12561583 1
11235674 12789059 1
11235674 12999681 1
11235674 14237235 1
11235674 16315941 1
11235674 19634771 1
11235674 23437881 1
11235674 25644352 1
11235674 49160672 1
11235674 51046332 1
11235674 70750622 1
11235674 77364782 1
11235674 77726682 1
11235674 89856432 1
11235674 108524282 1
11235674 117139262 1
11235674 123171162 1
11235674 123715102 1
11235674 149401842 1
11235674 156081352 1
11235674 159339692 1
11235674 183176745 1
11235674 185024935 1
11235674 185190089 1
11235674 185389250 1
11235674 185711405 1
11235674 186001542 1
11364874 11900080 3
11364874 12561583 2
11364874 12789059 3
11364874 12999681 1
11364874 14237235 1
11364874 16315941 2
11364874 19634771 1
11364874 23437881 1
11364874 25644352 3
11364874 49160672 2
11364874 51046332 3
11364874 70750622 2
11364874 77364782 3
11364874 77726682 3
11364874 89856432 3
11364874 108524282 3
11364874 117139262 1
11364874 123171162 1
11364874 123715102 2
11364874 149401842 1
11364874 156081352 3
11364874 159339692 1
11364874 183176745 2
11364874 185024935 1
11364874 185190089 1
11364874 185389250 1
11364874 185711405 3
11364874 186001542 1
11900080 12561583 2
11900080 12789059 3
11900080 12999681 1
11900080 14237235 2
11900080 16315941 2
11900080 19634771 1
11900080 23437881 1
11900080 25644352 3
11900080 49160672 2
11900080 51046332 5
11900080 70750622 3
11900080 77364782 4
11900080 77726682 6
11900080 89856432 3
11900080 108524282 3
11900080 117139262 1
11900080 123171162 2
11900080 123715102 2
11900080 149401842 1
11900080 156081352 5
11900080 159339692 3
11900080 183176745 2
11900080 185024935 1
11900080 185190089 1
11900080 185389250 1
11900080 185711405 6
11900080 186001542 1
12561583 12789059 2
12561583 12999681 1
12561583 14237235 1
12561583 16315941 1
12561583 19634771 1
12561583 23437881 1
12561583 25644352 2
12561583 49160672 1
12561583 51046332 2
12561583 70750622 1
12561583 77364782 2
12561583 77726682 2
12561583 89856432 2
12561583 108524282 2
12561583 117139262 1
12561583 123171162 1
12561583 123715102 1
12561583 149401842 1
12561583 156081352 2
12561583 159339692 1
12561583 183176745 1
12561583 185024935 1
12561583 185190089 1
12561583 185389250 1
12561583 185711405 2
12561583 186001542 1
12789059 12999681 1
12789059 14237235 1
12789059 16315941 2
12789059 19634771 1
12789059 23437881 1
12789059 25644352 3
12789059 49160672 2
12789059 51046332 3
12789059 70750622 2
12789059 77364782 3
12789059 77726682 3
12789059 89856432 3
12789059 108524282 3
12789059 117139262 1
12789059 123171162 1
12789059 123715102 2
12789059 149401842 1
12789059 156081352 3
12789059 159339692 1
12789059 183176745 2
12789059 185024935 1
12789059 185190089 1
12789059 185389250 1
12789059 185711405 3
12789059 186001542 1
12999681 14237235 1
12999681 16315941 1
12999681 19634771 1
12999681 23437881 1
12999681 25644352 1
12999681 49160672 1
12999681 51046332 1
12999681 70750622 1
12999681 77364782 1
12999681 77726682 1
12999681 89856432 1
12999681 108524282 1
12999681 117139262 1
12999681 123171162 1
12999681 123715102 1
12999681 149401842 1
12999681 156081352 1
12999681 159339692 1
12999681 183176745 1
12999681 185024935 1
12999681 185190089 1
12999681 185389250 1
12999681 185711405 1
12999681 186001542 1
14237235 16315941 1
14237235 19634771 1
14237235 23437881 1
14237235 25644352 1
14237235 49160672 1
14237235 51046332 1
14237235 70750622 1
14237235 77364782 1
14237235 77726682 2
14237235 89856432 1
14237235 108524282 1
14237235 117139262 1
14237235 123171162 1
14237235 123715102 1
14237235 149401842 1
14237235 156081352 1
14237235 159339692 2
14237235 183176745 1
14237235 185024935 1
14237235 185190089 1
14237235 185389250 1
14237235 185711405 2
14237235 186001542 1
16315941 19634771 1
16315941 23437881 1
16315941 25644352 2
16315941 49160672 2
16315941 51046332 2
16315941 70750622 2
16315941 77364782 2
16315941 77726682 2
16315941 89856432 2
16315941 108524282 2
16315941 117139262 1
16315941 123171162 1
16315941 123715102 2
16315941 149401842 1
16315941 156081352 2
16315941 159339692 1
16315941 183176745 2
16315941 185024935 1
16315941 185190089 1
16315941 185389250 1
16315941 185711405 2
16315941 186001542 1
19634771 23437881 1
19634771 25644352 1
19634771 49160672 1
19634771 51046332 1
19634771 70750622 1
19634771 77364782 1
19634771 77726682 1
19634771 89856432 1
19634771 108524282 1
19634771 117139262 1
19634771 123171162 1
19634771 123715102 1
19634771 149401842 1
19634771 156081352 1
19634771 159339692 1
19634771 183176745 1
19634771 185024935 1
19634771 185190089 1
19634771 185389250 1
19634771 185711405 1
19634771 186001542 1
23437881 25644352 1
23437881 49160672 1
23437881 51046332 1
23437881 70750622 1
23437881 77364782 1
23437881 77726682 1
23437881 89856432 1
23437881 108524282 1
23437881 117139262 1
23437881 123171162 1
23437881 123715102 1
23437881 149401842 1
23437881 156081352 1
23437881 159339692 1
23437881 183176745 1
23437881 185024935 1
23437881 185190089 1
23437881 185389250 1
23437881 185711405 1
23437881 186001542 1
25644352 49160672 2
25644352 51046332 3
25644352 70750622 2
25644352 77364782 3
25644352 77726682 5
25644352 89856432 4
25644352 108524282 3
25644352 117139262 1
25644352 123171162 1
25644352 123715102 2
25644352 149401842 3
25644352 156081352 3
25644352 159339692 2
25644352 183176745 2
25644352 185024935 1
25644352 185190089 1
25644352 185389250 1
25644352 185711405 3
25644352 186001542 1
49160672 51046332 2
49160672 70750622 2
49160672 77364782 2
49160672 77726682 2
49160672 89856432 2
49160672 108524282 2
49160672 117139262 1
49160672 123171162 1
49160672 123715102 2
49160672 149401842 1
49160672 156081352 2
49160672 159339692 1
49160672 183176745 2
49160672 185024935 1
49160672 185190089 1
49160672 185389250 1
49160672 185711405 2
49160672 186001542 1
51046332 70750622 3
51046332 77364782 4
51046332 77726682 6
51046332 89856432 3
51046332 108524282 3
51046332 117139262 1
51046332 123171162 2
51046332 123715102 2
51046332 149401842 1
51046332 156081352 5
51046332 159339692 3
51046332 183176745 2
51046332 185024935 1
51046332 185190089 2
51046332 185389250 1
51046332 185711405 6
51046332 186001542 1
70750622 77364782 2
70750622 77726682 3
70750622 89856432 2
70750622 108524282 2
70750622 117139262 1
70750622 123171162 2
70750622 123715102 2
70750622 149401842 1
70750622 156081352 3
70750622 159339692 2
70750622 183176745 2
70750622 185024935 1
70750622 185190089 1
70750622 185389250 1
70750622 185711405 3
70750622 186001542 1
77364782 77726682 4
77364782 89856432 3
77364782 108524282 3
77364782 117139262 1
77364782 123171162 1
77364782 123715102 2
77364782 149401842 1
77364782 156081352 4
77364782 159339692 1
77364782 183176745 2
77364782 185024935 1
77364782 185190089 1
77364782 185389250 1
77364782 185711405 4
77364782 186001542 1
77726682 89856432 4
77726682 108524282 3
77726682 117139262 1
77726682 123171162 2
77726682 123715102 2
77726682 149401842 3
77726682 156081352 5
77726682 159339692 5
77726682 183176745 2
77726682 185024935 1
77726682 185190089 2
77726682 185389250 1
77726682 185711405 7
77726682 186001542 1
89856432 108524282 3
89856432 117139262 1
89856432 123171162 1
89856432 123715102 2
89856432 149401842 2
89856432 156081352 3
89856432 159339692 2
89856432 183176745 2
89856432 185024935 1
89856432 185190089 1
89856432 185389250 1
89856432 185711405 3
89856432 186001542 1
108524282 117139262 1
108524282 123171162 1
108524282 123715102 2
108524282 149401842 1
108524282 156081352 3
108524282 159339692 1
108524282 183176745 2
108524282 185024935 1
108524282 185190089 1
108524282 185389250 1
108524282 185711405 3
108524282 186001542 1
117139262 123171162 1
117139262 123715102 1
117139262 149401842 1
117139262 156081352 1
117139262 159339692 1
117139262 183176745 1
117139262 185024935 1
117139262 185190089 1
117139262 185389250 1
117139262 185711405 1
117139262 186001542 1
123171162 123715102 1
123171162 149401842 1
123171162 156081352 2
123171162 159339692 2
123171162 183176745 1
123171162 185024935 1
123171162 185190089 1
123171162 185389250 1
123171162 185711405 2
123171162 186001542 1
123715102 149401842 1
123715102 156081352 2
123715102 159339692 1
123715102 183176745 2
123715102 185024935 1
123715102 185190089 1
123715102 185389250 1
123715102 185711405 2
123715102 186001542 1
149401842 156081352 1
149401842 159339692 2
149401842 183176745 1
149401842 185024935 1
149401842 185190089 1
149401842 185389250 1
149401842 185711405 1
149401842 186001542 1
156081352 159339692 2
156081352 183176745 2
156081352 185024935 1
156081352 185190089 1
156081352 185389250 1
156081352 185711405 5
156081352 186001542 1
159339692 183176745 1
159339692 185024935 1
159339692 185190089 2
159339692 185389250 1
159339692 185711405 4
159339692 186001542 1
183176745 185024935 1
183176745 185190089 1
183176745 185389250 1
183176745 185711405 2
183176745 186001542 1
185024935 185190089 1
185024935 185389250 1
185024935 185711405 1
185024935 186001542 1
185190089 185389250 1
185190089 185711405 2
185190089 186001542 1
185389250 185711405 1
185389250 186001542 1
185711405 186001542 1
4842371 9156239 1
4842371 11174920 1
4842371 22192731 1
4842371 25644352 1
4842371 77726682 1
4842371 89856432 1
4842371 94785442 1
4842371 149401842 1
4842371 158451152 1
4842371 159339692 1
4842371 187031103 1
9156239 22192731 2
9156239 94785442 3
9156239 158451152 4
9156239 187031103 1
11174920 22192731 2
11174920 94785442 3
11174920 158451152 3
11174920 187031103 1
22192731 25644352 2
22192731 77726682 2
22192731 89856432 1
22192731 94785442 2
22192731 149401842 2
22192731 158451152 1
22192731 159339692 1
22192731 187031103 1
25644352 94785442 2
25644352 158451152 3
25644352 187031103 1
77726682 94785442 3
77726682 158451152 4
77726682 187031103 1
89856432 94785442 1
89856432 158451152 3
89856432 187031103 1
94785442 149401842 2
94785442 158451152 1
94785442 159339692 2
94785442 187031103 1
149401842 158451152 1
149401842 187031103 1
158451152 159339692 2
158451152 187031103 1
159339692 187031103 1
3376376 8472580 2
3376376 8976567 1
3376376 17892881 1
3376376 48759722 1
3376376 94785442 1
3376376 138966552 1
3376376 155930602 1
8472580 8976567 1
8472580 9156239 2
8472580 11174920 1
8472580 17892881 1
8472580 48759722 1
8472580 51046332 1
8472580 77726682 2
8472580 94785442 1
8472580 138966552 1
8472580 155930602 1
8472580 159339692 2
8472580 185190089 1
8472580 185711405 2
8976567 9156239 2
8976567 11174920 2
8976567 17892881 1
8976567 48759722 1
8976567 51046332 1
8976567 77726682 2
8976567 94785442 2
8976567 138966552 1
8976567 155930602 1
8976567 159339692 1
8976567 185190089 1
8976567 185711405 1
9156239 17892881 2
9156239 48759722 1
9156239 138966552 1
9156239 155930602 1
11174920 17892881 2
11174920 48759722 1
11174920 138966552 1
11174920 155930602 1
17892881 48759722 1
17892881 51046332 2
17892881 77726682 2
17892881 94785442 1
17892881 138966552 1
17892881 155930602 1
17892881 159339692 1
17892881 185190089 1
17892881 185711405 2
48759722 51046332 1
48759722 77726682 1
48759722 94785442 1
48759722 138966552 1
48759722 155930602 1
48759722 159339692 1
48759722 185190089 1
48759722 185711405 1
51046332 94785442 1
51046332 138966552 1
51046332 155930602 1
77726682 138966552 1
77726682 155930602 1
94785442 138966552 1
94785442 155930602 1
94785442 185190089 1
94785442 185711405 1
138966552 155930602 1
138966552 159339692 1
138966552 185190089 1
138966552 185711405 1
155930602 159339692 1
155930602 185190089 1
155930602 185711405 1
3376376 6989851 1
3376376 7880148 1
3376376 8545736 1
3376376 10037711 1
3376376 12130423 1
3376376 21938551 1
3376376 39254802 1
3376376 60223482 1
3376376 61397842 2
3376376 91429422 1
3376376 100407922 1
3376376 136266812 1
3376376 158451152 2
3376376 186379240 1
4295059 6989851 1
4295059 7880148 1
4295059 8545736 1
4295059 10037711 1
4295059 12130423 1
4295059 21938551 1
4295059 39254802 1
4295059 60223482 1
4295059 61397842 2
4295059 91429422 1
4295059 100407922 1
4295059 136266812 1
4295059 158451152 2
4295059 186379240 1
6989851 7880148 1
6989851 8545736 1
6989851 9156239 1
6989851 10037711 1
6989851 11174920 1
6989851 11900080 1
6989851 12130423 1
6989851 21938551 1
6989851 39254802 1
6989851 51046332 1
6989851 60223482 1
6989851 61397842 1
6989851 70750622 1
6989851 77726682 1
6989851 91429422 1
6989851 100407922 1
6989851 123171162 1
6989851 136266812 1
6989851 156081352 1
6989851 158451152 1
6989851 159339692 1
6989851 185711405 1
6989851 186379240 1
7880148 8545736 2
7880148 9156239 2
7880148 10037711 2
7880148 11174920 2
7880148 11900080 2
7880148 12130423 2
7880148 21938551 1
7880148 39254802 2
7880148 51046332 2
7880148 60223482 1
7880148 61397842 2
7880148 70750622 1
7880148 77726682 2
7880148 91429422 2
7880148 100407922 1
7880148 123171162 1
7880148 136266812 2
7880148 156081352 2
7880148 158451152 1
7880148 159339692 1
7880148 185711405 2
7880148 186379240 1
8545736 9156239 2
8545736 10037711 2
8545736 11174920 2
8545736 11900080 2
8545736 12130423 2
8545736 21938551 1
8545736 39254802 2
8545736 51046332 2
8545736 60223482 1
8545736 61397842 2
8545736 70750622 1
8545736 77726682 2
8545736 91429422 2
8545736 100407922 1
8545736 123171162 1
8545736 136266812 2
8545736 156081352 2
8545736 158451152 1
8545736 159339692 1
8545736 185711405 2
8545736 186379240 1
9156239 10037711 2
9156239 12130423 2
9156239 21938551 1
9156239 39254802 2
9156239 60223482 1
9156239 61397842 3
9156239 91429422 2
9156239 100407922 2
9156239 136266812 3
9156239 186379240 2
10037711 11174920 2
10037711 11900080 2
10037711 12130423 2
10037711 21938551 1
10037711 39254802 2
10037711 51046332 2
10037711 60223482 1
10037711 61397842 2
10037711 70750622 1
10037711 77726682 2
10037711 91429422 2
10037711 100407922 1
10037711 123171162 1
10037711 136266812 2
10037711 156081352 2
10037711 158451152 1
10037711 159339692 1
10037711 185711405 2
10037711 186379240 1
11174920 12130423 2
11174920 21938551 1
11174920 39254802 2
11174920 60223482 1
11174920 61397842 3
11174920 91429422 2
11174920 100407922 1
11174920 136266812 2
11174920 186379240 2
11900080 12130423 2
11900080 21938551 1
11900080 39254802 2
11900080 60223482 1
11900080 61397842 3
11900080 91429422 2
11900080 100407922 2
11900080 136266812 3
11900080 158451152 3
11900080 186379240 1
12130423 21938551 1
12130423 39254802 2
12130423 51046332 2
12130423 60223482 1
12130423 61397842 2
12130423 70750622 1
12130423 77726682 2
12130423 91429422 2
12130423 100407922 1
12130423 123171162 1
12130423 136266812 2
12130423 156081352 2
12130423 158451152 1
12130423 159339692 1
12130423 185711405 2
12130423 186379240 1
21938551 39254802 1
21938551 51046332 1
21938551 60223482 1
21938551 61397842 1
21938551 70750622 1
21938551 77726682 1
21938551 91429422 1
21938551 100407922 1
21938551 123171162 1
21938551 136266812 1
21938551 156081352 1
21938551 158451152 1
21938551 159339692 1
21938551 185711405 1
21938551 186379240 1
39254802 51046332 2
39254802 60223482 1
39254802 61397842 2
39254802 70750622 1
39254802 77726682 2
39254802 91429422 2
39254802 100407922 1
39254802 123171162 1
39254802 136266812 2
39254802 156081352 2
39254802 158451152 1
39254802 159339692 1
39254802 185711405 2
39254802 186379240 1
51046332 60223482 1
51046332 61397842 3
51046332 91429422 2
51046332 100407922 2
51046332 136266812 3
51046332 158451152 3
51046332 186379240 1
60223482 61397842 1
60223482 70750622 1
60223482 77726682 1
60223482 91429422 1
60223482 100407922 1
60223482 123171162 1
60223482 136266812 1
60223482 156081352 1
60223482 158451152 1
60223482 159339692 1
60223482 185711405 1
60223482 186379240 1
61397842 70750622 2
61397842 77726682 3
61397842 91429422 2
61397842 100407922 1
61397842 123171162 1
61397842 136266812 2
61397842 156081352 3
61397842 158451152 2
61397842 159339692 1
61397842 185711405 3
61397842 186379240 1
70750622 91429422 1
70750622 100407922 1
70750622 136266812 1
70750622 158451152 2
70750622 186379240 1
77726682 91429422 2
77726682 100407922 2
77726682 136266812 3
77726682 186379240 2
91429422 100407922 1
91429422 123171162 1
91429422 136266812 2
91429422 156081352 2
91429422 158451152 1
91429422 159339692 1
91429422 185711405 2
91429422 186379240 1
100407922 123171162 1
100407922 136266812 2
100407922 156081352 2
100407922 158451152 2
100407922 159339692 1
100407922 185711405 2
100407922 186379240 1
123171162 136266812 1
123171162 158451152 1
123171162 186379240 1
136266812 156081352 3
136266812 158451152 2
136266812 159339692 1
136266812 185711405 3
136266812 186379240 1
156081352 158451152 3
156081352 186379240 1
158451152 185711405 3
158451152 186379240 1
159339692 186379240 1
185711405 186379240 1
3376376 3898700 1
3376376 4231304 1
3376376 8039675 1
3376376 9549796 1
3376376 43015012 1
3376376 49012212 1
3376376 76013542 1
3376376 92151352 1
3376376 98939602 1
3376376 114693282 1
3376376 131059302 1
3376376 143308542 1
3376376 159885992 1
3376376 183100560 1
3898700 4231304 1
3898700 4295059 1
3898700 8039675 1
3898700 9156239 1
3898700 9549796 1
3898700 10642198 1
3898700 11174920 1
3898700 11364874 1
3898700 11900080 1
3898700 12789059 1
3898700 16315941 1
3898700 25644352 1
3898700 43015012 1
3898700 49012212 1
3898700 49160672 1
3898700 51046332 1
3898700 61397842 1
3898700 70750622 1
3898700 76013542 1
3898700 77364782 1
3898700 77726682 1
3898700 89856432 1
3898700 92151352 1
3898700 98939602 1
3898700 108524282 1
3898700 114693282 1
3898700 123715102 1
3898700 131059302 1
3898700 143308542 1
3898700 156081352 1
3898700 158451152 1
3898700 159885992 1
3898700 183100560 1
3898700 183176745 1
3898700 185711405 1
4231304 4295059 1
4231304 8039675 1
4231304 9156239 2
4231304 9549796 1
4231304 10642198 1
4231304 11174920 2
4231304 11364874 1
4231304 11900080 2
4231304 12789059 1
4231304 16315941 1
4231304 25644352 1
4231304 43015012 1
4231304 49012212 2
4231304 49160672 1
4231304 51046332 2
4231304 61397842 2
4231304 70750622 1
4231304 76013542 1
4231304 77364782 2
4231304 77726682 2
4231304 89856432 1
4231304 92151352 1
4231304 98939602 1
4231304 108524282 1
4231304 114693282 1
4231304 123715102 1
4231304 131059302 1
4231304 143308542 1
4231304 156081352 2
4231304 158451152 1
4231304 159885992 1
4231304 183100560 1
4231304 183176745 1
4231304 185711405 2
4295059 8039675 1
4295059 9549796 1
4295059 43015012 1
4295059 49012212 1
4295059 76013542 1
4295059 92151352 1
4295059 98939602 1
4295059 114693282 1
4295059 131059302 1
4295059 143308542 1
4295059 159885992 1
4295059 183100560 1
8039675 9156239 1
8039675 9549796 1
8039675 10642198 1
8039675 11174920 1
8039675 11364874 1
8039675 11900080 1
8039675 12789059 1
8039675 16315941 1
8039675 25644352 1
8039675 43015012 1
8039675 49012212 1
8039675 49160672 1
8039675 51046332 1
8039675 61397842 1
8039675 70750622 1
8039675 76013542 1
8039675 77364782 1
8039675 77726682 1
8039675 89856432 1
8039675 92151352 1
8039675 98939602 1
8039675 108524282 1
8039675 114693282 1
8039675 123715102 1
8039675 131059302 1
8039675 143308542 1
8039675 156081352 1
8039675 158451152 1
8039675 159885992 1
8039675 183100560 1
8039675 183176745 1
8039675 185711405 1
9156239 9549796 1
9156239 43015012 2
9156239 49012212 2
9156239 76013542 1
9156239 92151352 1
9156239 98939602 1
9156239 114693282 1
9156239 131059302 2
9156239 143308542 1
9156239 159885992 2
9156239 183100560 1
9549796 10642198 1
9549796 11174920 1
9549796 11364874 1
9549796 11900080 1
9549796 12789059 1
9549796 16315941 1
9549796 25644352 1
9549796 43015012 1
9549796 49012212 1
9549796 49160672 1
9549796 51046332 1
9549796 61397842 1
9549796 70750622 1
9549796 76013542 1
9549796 77364782 1
9549796 77726682 1
9549796 89856432 1
9549796 92151352 1
9549796 98939602 1
9549796 108524282 1
9549796 114693282 1
9549796 123715102 1
9549796 131059302 1
9549796 143308542 1
9549796 156081352 1
9549796 158451152 1
9549796 159885992 1
9549796 183100560 1
9549796 183176745 1
9549796 185711405 1
10642198 43015012 1
10642198 49012212 1
10642198 61397842 1
10642198 76013542 1
10642198 92151352 1
10642198 98939602 1
10642198 114693282 1
10642198 131059302 1
10642198 143308542 1
10642198 158451152 1
10642198 159885992 1
10642198 183100560 1
11174920 43015012 1
11174920 49012212 2
11174920 76013542 1
11174920 92151352 1
11174920 98939602 1
11174920 114693282 1
11174920 131059302 1
11174920 143308542 1
11174920 159885992 1
11174920 183100560 1
11364874 43015012 2
11364874 49012212 1
11364874 61397842 1
11364874 76013542 1
11364874 92151352 1
11364874 98939602 1
11364874 114693282 1
11364874 131059302 2
11364874 143308542 1
11364874 158451152 2
11364874 159885992 2
11364874 183100560 1
11900080 43015012 2
11900080 49012212 2
11900080 76013542 1
11900080 92151352 1
11900080 98939602 1
11900080 114693282 1
11900080 131059302 2
11900080 143308542 1
11900080 159885992 2
11900080 183100560 1
12789059 43015012 2
12789059 49012212 1
12789059 61397842 1
12789059 76013542 1
12789059 92151352 1
12789059 98939602 1
12789059 114693282 1
12789059 131059302 2
12789059 143308542 1
12789059 158451152 2
12789059 159885992 2
12789059 183100560 1
16315941 43015012 1
16315941 49012212 1
16315941 61397842 1
16315941 76013542 1
16315941 92151352 1
16315941 98939602 1
16315941 114693282 1
16315941 131059302 1
16315941 143308542 1
16315941 158451152 1
16315941 159885992 1
16315941 183100560 1
25644352 43015012 2
25644352 49012212 1
25644352 61397842 1
25644352 76013542 1
25644352 92151352 1
25644352 98939602 1
25644352 114693282 1
25644352 131059302 2
25644352 143308542 1
25644352 159885992 2
25644352 183100560 1
43015012 49012212 1
43015012 49160672 1
43015012 51046332 2
43015012 61397842 1
43015012 70750622 1
43015012 76013542 1
43015012 77364782 2
43015012 77726682 2
43015012 89856432 2
43015012 92151352 1
43015012 98939602 1
43015012 108524282 2
43015012 114693282 1
43015012 123715102 1
43015012 131059302 2
43015012 143308542 1
43015012 156081352 2
43015012 158451152 2
43015012 159885992 2
43015012 183100560 1
43015012 183176745 1
43015012 185711405 2
49012212 49160672 1
49012212 51046332 2
49012212 61397842 2
49012212 70750622 1
49012212 76013542 1
49012212 77364782 2
49012212 77726682 2
49012212 89856432 1
49012212 92151352 1
49012212 98939602 1
49012212 108524282 1
49012212 114693282 1
49012212 123715102 1
49012212 131059302 1
49012212 143308542 1
49012212 156081352 2
49012212 158451152 1
49012212 159885992 1
49012212 183100560 1
49012212 183176745 1
49012212 185711405 2
49160672 61397842 1
49160672 76013542 1
49160672 92151352 1
49160672 98939602 1
49160672 114693282 1
49160672 131059302 1
49160672 143308542 1
49160672 158451152 1
49160672 159885992 1
49160672 183100560 1
51046332 76013542 1
51046332 92151352 1
51046332 98939602 1
51046332 114693282 1
51046332 131059302 2
51046332 143308542 1
51046332 159885992 2
51046332 183100560 1
61397842 76013542 1
61397842 77364782 2
61397842 89856432 1
61397842 92151352 1
61397842 98939602 1
61397842 108524282 1
61397842 114693282 1
61397842 123715102 1
61397842 131059302 1
61397842 143308542 1
61397842 159885992 1
61397842 183100560 1
61397842 183176745 1
70750622 76013542 1
70750622 92151352 1
70750622 98939602 1
70750622 114693282 1
70750622 131059302 1
70750622 143308542 1
70750622 159885992 1
70750622 183100560 1
76013542 77364782 1
76013542 77726682 1
76013542 89856432 1
76013542 92151352 1
76013542 98939602 1
76013542 108524282 1
76013542 114693282 1
76013542 123715102 1
76013542 131059302 1
76013542 143308542 1
76013542 156081352 1
76013542 158451152 1
76013542 159885992 1
76013542 183100560 1
76013542 183176745 1
76013542 185711405 1
77364782 92151352 1
77364782 98939602 1
77364782 114693282 1
77364782 131059302 2
77364782 143308542 1
77364782 158451152 2
77364782 159885992 2
77364782 183100560 1
77726682 92151352 1
77726682 98939602 1
77726682 114693282 1
77726682 131059302 2
77726682 143308542 1
77726682 159885992 2
77726682 183100560 1
89856432 92151352 1
89856432 98939602 1
89856432 114693282 1
89856432 131059302 2
89856432 143308542 1
89856432 159885992 2
89856432 183100560 1
92151352 98939602 1
92151352 108524282 1
92151352 114693282 1
92151352 123715102 1
92151352 131059302 1
92151352 143308542 1
92151352 156081352 1
92151352 158451152 1
92151352 159885992 1
92151352 183100560 1
92151352 183176745 1
92151352 185711405 1
98939602 108524282 1
98939602 114693282 1
98939602 123715102 1
98939602 131059302 1
98939602 143308542 1
98939602 156081352 1
98939602 158451152 1
98939602 159885992 1
98939602 183100560 1
98939602 183176745 1
98939602 185711405 1
108524282 114693282 1
108524282 131059302 2
108524282 143308542 1
108524282 158451152 2
108524282 159885992 2
108524282 183100560 1
114693282 123715102 1
114693282 131059302 1
114693282 143308542 1
114693282 156081352 1
114693282 158451152 1
114693282 159885992 1
114693282 183100560 1
114693282 183176745 1
114693282 185711405 1
123715102 131059302 1
123715102 143308542 1
123715102 158451152 1
123715102 159885992 1
123715102 183100560 1
131059302 143308542 1
131059302 156081352 2
131059302 158451152 2
131059302 159885992 2
131059302 183100560 1
131059302 183176745 1
131059302 185711405 2
143308542 156081352 1
143308542 158451152 1
143308542 159885992 1
143308542 183100560 1
143308542 183176745 1
143308542 185711405 1
156081352 159885992 2
156081352 183100560 1
158451152 159885992 2
158451152 183100560 1
158451152 183176745 1
159885992 183100560 1
159885992 183176745 1
159885992 185711405 2
183100560 183176745 1
183100560 185711405 1
3376376 126358912 1
3376376 186345222 1
3376376 187440324 1
3376376 187492963 1
8472580 11900080 1
8472580 14237235 1
8472580 126358912 1
8472580 186345222 1
8472580 187440324 1
8472580 187492963 1
9156239 126358912 1
9156239 186345222 1
9156239 187440324 2
9156239 187492963 1
11900080 126358912 1
11900080 186345222 1
11900080 187440324 2
11900080 187492963 1
14237235 126358912 1
14237235 186345222 1
14237235 187440324 1
14237235 187492963 1
77726682 126358912 1
77726682 186345222 1
77726682 187440324 2
77726682 187492963 1
126358912 159339692 1
126358912 185711405 1
126358912 186345222 1
126358912 187440324 1
126358912 187492963 1
159339692 186345222 1
159339692 187440324 1
159339692 187492963 1
185711405 186345222 1
185711405 187440324 2
185711405 187492963 1
186345222 187440324 1
186345222 187492963 1
187440324 187492963 1
4231304 7880148 1
4231304 8545736 1
4231304 9724903 1
4231304 10037711 1
4231304 11287779 1
4231304 12130423 1
4231304 17892881 1
4231304 39254802 1
4231304 55398192 1
4231304 91429422 1
4231304 124510182 1
4231304 125904362 1
4231304 136266812 1
4231304 182780661 1
4231304 186169889 1
4231304 187624315 1
7880148 9724903 1
7880148 11287779 1
7880148 17892881 1
7880148 49012212 1
7880148 55398192 1
7880148 77364782 1
7880148 124510182 1
7880148 125904362 1
7880148 182780661 1
7880148 186169889 1
7880148 187624315 1
8545736 9724903 1
8545736 11287779 1
8545736 17892881 1
8545736 49012212 1
8545736 55398192 1
8545736 77364782 1
8545736 124510182 1
8545736 125904362 1
8545736 182780661 1
8545736 186169889 1
8545736 187624315 1
9156239 9724903 1
9156239 11287779 2
9156239 55398192 1
9156239 124510182 1
9156239 125904362 1
9156239 182780661 1
9156239 186169889 1
9156239 187624315 1
9724903 10037711 1
9724903 11174920 1
9724903 11287779 1
9724903 11900080 1
9724903 12130423 1
9724903 17892881 1
9724903 39254802 1
9724903 49012212 1
9724903 51046332 1
9724903 55398192 1
9724903 61397842 1
9724903 77364782 1
9724903 77726682 1
9724903 91429422 1
9724903 124510182 1
9724903 125904362 1
9724903 136266812 1
9724903 156081352 1
9724903 182780661 1
9724903 185711405 1
9724903 186169889 1
9724903 187624315 1
10037711 11287779 1
10037711 17892881 1
10037711 49012212 1
10037711 55398192 1
10037711 77364782 1
10037711 124510182 1
10037711 125904362 1
10037711 182780661 1
10037711 186169889 1
10037711 187624315 1
11174920 11287779 1
11174920 55398192 1
11174920 124510182 1
11174920 125904362 1
11174920 182780661 1
11174920 186169889 1
11174920 187624315 1
11287779 11900080 2
11287779 12130423 1
11287779 17892881 1
11287779 39254802 1
11287779 49012212 1
11287779 51046332 2
11287779 55398192 1
11287779 61397842 1
11287779 77364782 2
11287779 77726682 2
11287779 91429422 1
11287779 124510182 1
11287779 125904362 1
11287779 136266812 2
11287779 156081352 2
11287779 182780661 1
11287779 185711405 2
11287779 186169889 1
11287779 187624315 1
11900080 17892881 1
11900080 55398192 1
11900080 124510182 1
11900080 125904362 1
11900080 182780661 1
11900080 186169889 1
11900080 187624315 1
12130423 17892881 1
12130423 49012212 1
12130423 55398192 1
12130423 77364782 1
12130423 124510182 1
12130423 125904362 1
12130423 182780661 1
12130423 186169889 1
12130423 187624315 1
17892881 39254802 1
17892881 49012212 1
17892881 55398192 1
17892881 61397842 1
17892881 77364782 1
17892881 91429422 1
17892881 124510182 1
17892881 125904362 1
17892881 136266812 1
17892881 156081352 1
17892881 182780661 1
17892881 186169889 1
17892881 187624315 1
39254802 49012212 1
39254802 55398192 1
39254802 77364782 1
39254802 124510182 1
39254802 125904362 1
39254802 182780661 1
39254802 186169889 1
39254802 187624315 1
49012212 55398192 1
49012212 91429422 1
49012212 124510182 1
49012212 125904362 1
49012212 136266812 1
49012212 182780661 1
49012212 186169889 1
49012212 187624315 1
51046332 55398192 1
51046332 124510182 1
51046332 125904362 1
51046332 182780661 1
51046332 186169889 1
51046332 187624315 1
55398192 61397842 1
55398192 77364782 1
55398192 77726682 1
55398192 91429422 1
55398192 124510182 1
55398192 125904362 1
55398192 136266812 1
55398192 156081352 1
55398192 182780661 1
55398192 185711405 1
55398192 186169889 1
55398192 187624315 1
61397842 124510182 1
61397842 125904362 1
61397842 182780661 1
61397842 186169889 1
61397842 187624315 1
77364782 91429422 1
77364782 124510182 1
77364782 125904362 1
77364782 136266812 2
77364782 182780661 1
77364782 186169889 1
77364782 187624315 1
77726682 124510182 1
77726682 125904362 1
77726682 182780661 1
77726682 186169889 1
77726682 187624315 1
91429422 124510182 1
91429422 125904362 1
91429422 182780661 1
91429422 186169889 1
91429422 187624315 1
124510182 125904362 1
124510182 136266812 1
124510182 156081352 1
124510182 182780661 1
124510182 185711405 1
124510182 186169889 1
124510182 187624315 1
125904362 136266812 1
125904362 156081352 1
125904362 182780661 1
125904362 185711405 1
125904362 186169889 1
125904362 187624315 1
136266812 182780661 1
136266812 186169889 1
136266812 187624315 1
156081352 182780661 1
156081352 186169889 1
156081352 187624315 1
182780661 185711405 1
182780661 186169889 1
182780661 187624315 1
185711405 186169889 1
185711405 187624315 1
186169889 187624315 1
7475561 11287779 1
7475561 43015012 1
7475561 91663662 1
7475561 100407922 1
7475561 131059302 1
7475561 136266812 1
7475561 142032642 1
7475561 158451152 1
7475561 159885992 1
7475561 187440324 1
9156239 91663662 1
9156239 142032642 1
11287779 11364874 1
11287779 12561583 1
11287779 12789059 1
11287779 25644352 1
11287779 43015012 1
11287779 89856432 1
11287779 91663662 1
11287779 100407922 1
11287779 108524282 1
11287779 131059302 1
11287779 142032642 1
11287779 158451152 1
11287779 159885992 1
11287779 187440324 1
11364874 91663662 1
11364874 100407922 1
11364874 136266812 1
11364874 142032642 1
11364874 187440324 1
11900080 91663662 1
11900080 142032642 1
12561583 43015012 1
12561583 91663662 1
12561583 100407922 1
12561583 131059302 1
12561583 136266812 1
12561583 142032642 1
12561583 158451152 1
12561583 159885992 1
12561583 187440324 1
12789059 91663662 1
12789059 100407922 1
12789059 136266812 1
12789059 142032642 1
12789059 187440324 1
25644352 91663662 1
25644352 100407922 1
25644352 136266812 1
25644352 142032642 1
25644352 187440324 1
43015012 91663662 1
43015012 100407922 1
43015012 136266812 1
43015012 142032642 1
43015012 187440324 1
51046332 91663662 1
51046332 142032642 1
51046332 187440324 1
77364782 91663662 1
77364782 100407922 1
77364782 142032642 1
77364782 187440324 1
77726682 91663662 1
77726682 142032642 1
89856432 91663662 1
89856432 100407922 1
89856432 136266812 1
89856432 142032642 1
89856432 187440324 1
91663662 100407922 1
91663662 108524282 1
91663662 131059302 1
91663662 136266812 1
91663662 142032642 1
91663662 156081352 1
91663662 158451152 1
91663662 159885992 1
91663662 185711405 1
91663662 187440324 1
100407922 108524282 1
100407922 131059302 1
100407922 142032642 1
100407922 159885992 1
100407922 187440324 1
108524282 136266812 1
108524282 142032642 1
108524282 187440324 1
131059302 136266812 1
131059302 142032642 1
131059302 187440324 1
136266812 142032642 1
136266812 159885992 1
136266812 187440324 1
142032642 156081352 1
142032642 158451152 1
142032642 159885992 1
142032642 185711405 1
142032642 187440324 1
156081352 187440324 1
158451152 187440324 1
159885992 187440324 1
8976567 22192731 1
8976567 25644352 1
8976567 130211902 1
8976567 139657802 1
8976567 145832122 1
8976567 149401842 1
8976567 150063572 1
8976567 184251958 1
8976567 186379240 1
8976567 187483061 1
9156239 130211902 1
9156239 139657802 1
9156239 145832122 1
9156239 150063572 1
9156239 184251958 1
9156239 187483061 1
11174920 130211902 1
11174920 139657802 1
11174920 145832122 1
11174920 150063572 1
11174920 184251958 1
11174920 187483061 1
22192731 130211902 1
22192731 139657802 1
22192731 145832122 1
22192731 150063572 1
22192731 184251958 1
22192731 186379240 1
22192731 187483061 1
25644352 130211902 1
25644352 139657802 1
25644352 145832122 1
25644352 150063572 1
25644352 184251958 1
25644352 186379240 1
25644352 187483061 1
77726682 130211902 1
77726682 139657802 1
77726682 145832122 1
77726682 150063572 1
77726682 184251958 1
77726682 187483061 1
94785442 130211902 1
94785442 139657802 1
94785442 145832122 1
94785442 150063572 1
94785442 184251958 1
94785442 186379240 1
94785442 187483061 1
130211902 139657802 1
130211902 145832122 1
130211902 149401842 1
130211902 150063572 1
130211902 184251958 1
130211902 186379240 1
130211902 187483061 1
139657802 145832122 1
139657802 149401842 1
139657802 150063572 1
139657802 184251958 1
139657802 186379240 1
139657802 187483061 1
145832122 149401842 1
145832122 150063572 1
145832122 184251958 1
145832122 186379240 1
145832122 187483061 1
149401842 150063572 1
149401842 184251958 1
149401842 186379240 1
149401842 187483061 1
150063572 184251958 1
150063572 186379240 1
150063572 187483061 1
184251958 186379240 1
184251958 187483061 1
186379240 187483061 1
11900080 106180282 1
