187172992 36690432 192927713 193177675 65783852 19453361 12391864 188427708 14340124 97014782
14340124 19453361 5
14340124 65783852 4
19453361 65783852 7
19453361 97014782 4
19453361 187172992 1
97014782 187172992 1
14340124 36690432 1
14340124 97014782 1
14340124 192927713 2
14340124 193177675 4
19453361 36690432 1
19453361 192927713 3
19453361 193177675 7
36690432 65783852 1
36690432 97014782 1
36690432 192927713 1
36690432 193177675 1
65783852 97014782 3
65783852 192927713 2
65783852 193177675 6
97014782 192927713 2
97014782 193177675 3
192927713 193177675 3
12391864 19453361 2
12391864 65783852 2
12391864 97014782 2
12391864 192927713 1
12391864 193177675 2
12391864 188427708 1
19453361 188427708 2
65783852 188427708 2
97014782 188427708 1
188427708 193177675 2
