683011 1760779 37818382 11201040 83982352 13139482 9377831 73602092 54672942 4422710 78722622 10507839 54666312 6266442 30013012 18055261 3085929 4287593 14172266 48487022 82578032 3233394 40986742 5795454 61312642 74864772 83543172 7118474 5874319 73662102 55081622 9171097 8778395 73075872 49289892 7559854 82566832 5216947 13930171 13179073 10744006 83202262 13778650 2245850 19768541 64851172 6717687 11878651 3480319 39101702 75807502 8075029 29939482 39997222 32269102 12473142 61135162 83291452 2167102 7814985 10354506 4311884 8074077 42750302 44650852 3597159 80161642 80842612 9694583 37047172 60030852 2518918 66764172 12950926 81129872 83549072 6033811 79004052 79382422 69574552 71077272 3697050 33513392 13606323 10777012 17106361 13877187 38218182 75432902 11106780 59508192 82601442 39781862 7113713 6765559 12679678
3085929 3697050 2
3085929 5216947 1
3085929 9694583 1
3085929 13778650 1
3085929 19768541 8
3085929 42750302 7
3085929 48487022 1
3085929 49289892 4
3085929 54666312 1
3085929 74864772 1
3697050 5216947 1
3697050 9694583 1
3697050 13778650 1
3697050 19768541 2
3697050 42750302 1
3697050 48487022 1
3697050 49289892 2
3697050 54666312 1
3697050 74864772 1
5216947 9694583 1
5216947 13778650 1
5216947 19768541 1
5216947 42750302 1
5216947 48487022 1
5216947 49289892 1
5216947 54666312 1
5216947 74864772 1
9694583 13778650 1
9694583 19768541 1
9694583 42750302 1
9694583 48487022 1
9694583 49289892 1
9694583 54666312 1
9694583 74864772 1
13778650 19768541 1
13778650 42750302 1
13778650 48487022 1
13778650 49289892 1
13778650 54666312 1
13778650 74864772 1
19768541 42750302 7
19768541 48487022 1
19768541 49289892 4
19768541 54666312 1
19768541 74864772 1
42750302 48487022 1
42750302 49289892 3
42750302 54666312 1
42750302 74864772 1
48487022 49289892 1
48487022 54666312 1
48487022 74864772 1
49289892 54666312 1
49289892 74864772 1
54666312 74864772 1
3085929 3480319 1
3085929 9377831 3
3085929 11106780 2
3085929 13179073 3
3085929 37047172 3
3085929 39781862 1
3085929 60030852 1
3085929 73602092 1
3085929 73662102 1
3480319 9377831 1
3480319 11106780 1
3480319 13179073 1
3480319 19768541 1
3480319 37047172 1
3480319 39781862 1
3480319 42750302 1
3480319 60030852 1
3480319 73602092 1
3480319 73662102 1
9377831 11106780 1
9377831 13179073 2
9377831 19768541 3
9377831 37047172 2
9377831 39781862 1
9377831 42750302 3
9377831 60030852 1
9377831 73602092 1
9377831 73662102 1
11106780 13179073 1
11106780 19768541 2
11106780 37047172 2
11106780 39781862 1
11106780 42750302 2
11106780 60030852 1
11106780 73602092 1
11106780 73662102 1
13179073 19768541 3
13179073 37047172 1
13179073 39781862 1
13179073 42750302 2
13179073 60030852 1
13179073 73602092 1
13179073 73662102 1
19768541 37047172 5
19768541 39781862 1
19768541 60030852 1
19768541 73602092 1
19768541 73662102 1
37047172 39781862 1
37047172 42750302 3
37047172 60030852 1
37047172 73602092 1
37047172 73662102 1
39781862 42750302 1
39781862 60030852 1
39781862 73602092 1
39781862 73662102 1
42750302 60030852 1
42750302 73602092 1
42750302 73662102 1
60030852 73602092 1
60030852 73662102 1
73602092 73662102 1
3085929 5874319 1
3085929 7814985 1
3085929 13139482 2
5874319 7814985 1
5874319 9377831 1
5874319 13139482 1
5874319 13179073 1
5874319 19768541 1
5874319 42750302 1
5874319 49289892 1
7814985 9377831 1
7814985 13139482 1
7814985 13179073 1
7814985 19768541 1
7814985 42750302 1
7814985 49289892 1
9377831 13139482 1
9377831 49289892 1
13139482 13179073 2
13139482 19768541 2
13139482 42750302 1
13139482 49289892 2
13179073 49289892 2
3085929 80161642 2
9377831 80161642 1
19768541 80161642 2
37047172 80161642 2
42750302 80161642 2
683011 1760779 1
683011 2245850 1
683011 2518918 1
683011 3085929 1
683011 3597159 1
683011 3697050 1
683011 4287593 1
683011 4422710 1
683011 6033811 1
683011 6266442 1
683011 6765559 1
683011 7113713 1
683011 7118474 1
683011 7559854 1
683011 8074077 1
683011 8075029 1
683011 8778395 1
683011 10354506 1
683011 10507839 1
683011 10744006 1
683011 11201040 1
683011 11878651 1
683011 12473142 1
683011 12950926 1
683011 13139482 1
683011 13179073 1
683011 13606323 1
683011 13930171 1
683011 17106361 1
683011 18055261 1
683011 19768541 1
683011 29939482 1
683011 30013012 1
683011 32269102 1
683011 37818382 1
683011 38218182 1
683011 39101702 1
683011 39997222 1
683011 40986742 1
683011 44650852 1
683011 49289892 1
683011 54672942 1
683011 55081622 1
683011 59508192 1
683011 61135162 1
683011 64851172 1
683011 66764172 1
683011 69574552 1
683011 73075872 1
683011 75432902 1
683011 75807502 1
683011 78722622 1
683011 79004052 1
683011 81129872 1
683011 82566832 1
683011 82578032 1
683011 82601442 1
683011 83291452 1
683011 83549072 1
1760779 2245850 1
1760779 2518918 1
1760779 3085929 1
1760779 3597159 1
1760779 3697050 1
1760779 4287593 1
1760779 4422710 1
1760779 6033811 1
1760779 6266442 1
1760779 6765559 1
1760779 7113713 1
1760779 7118474 1
1760779 7559854 1
1760779 8074077 1
1760779 8075029 1
1760779 8778395 1
1760779 10354506 1
1760779 10507839 1
1760779 10744006 1
1760779 11201040 1
1760779 11878651 1
1760779 12473142 1
1760779 12950926 1
1760779 13139482 1
1760779 13179073 1
1760779 13606323 1
1760779 13930171 1
1760779 17106361 1
1760779 18055261 1
1760779 19768541 1
1760779 29939482 1
1760779 30013012 1
1760779 32269102 1
1760779 37818382 1
1760779 38218182 1
1760779 39101702 1
1760779 39997222 1
1760779 40986742 1
1760779 44650852 1
1760779 49289892 1
1760779 54672942 1
1760779 55081622 1
1760779 59508192 1
1760779 61135162 1
1760779 64851172 1
1760779 66764172 1
1760779 69574552 1
1760779 73075872 1
1760779 75432902 1
1760779 75807502 1
1760779 78722622 1
1760779 79004052 1
1760779 81129872 1
1760779 82566832 1
1760779 82578032 1
1760779 82601442 1
1760779 83291452 1
1760779 83549072 1
2245850 2518918 1
2245850 3085929 1
2245850 3597159 1
2245850 3697050 1
2245850 4287593 1
2245850 4422710 1
2245850 6033811 1
2245850 6266442 1
2245850 6765559 1
2245850 7113713 1
2245850 7118474 1
2245850 7559854 1
2245850 8074077 1
2245850 8075029 1
2245850 8778395 1
2245850 10354506 1
2245850 10507839 1
2245850 10744006 1
2245850 11201040 1
2245850 11878651 1
2245850 12473142 1
2245850 12950926 1
2245850 13139482 1
2245850 13179073 1
2245850 13606323 1
2245850 13930171 1
2245850 17106361 1
2245850 18055261 1
2245850 19768541 1
2245850 29939482 1
2245850 30013012 1
2245850 32269102 1
2245850 37818382 1
2245850 38218182 1
2245850 39101702 1
2245850 39997222 1
2245850 40986742 1
2245850 44650852 1
2245850 49289892 1
2245850 54672942 1
2245850 55081622 1
2245850 59508192 1
2245850 61135162 1
2245850 64851172 1
2245850 66764172 1
2245850 69574552 1
2245850 73075872 1
2245850 75432902 1
2245850 75807502 1
2245850 78722622 1
2245850 79004052 1
2245850 81129872 1
2245850 82566832 1
2245850 82578032 1
2245850 82601442 1
2245850 83291452 1
2245850 83549072 1
2518918 3085929 1
2518918 3597159 1
2518918 3697050 1
2518918 4287593 1
2518918 4422710 1
2518918 6033811 1
2518918 6266442 1
2518918 6765559 1
2518918 7113713 1
2518918 7118474 1
2518918 7559854 1
2518918 8074077 1
2518918 8075029 1
2518918 8778395 1
2518918 10354506 1
2518918 10507839 1
2518918 10744006 1
2518918 11201040 1
2518918 11878651 1
2518918 12473142 1
2518918 12950926 1
2518918 13139482 1
2518918 13179073 1
2518918 13606323 1
2518918 13930171 1
2518918 17106361 1
2518918 18055261 1
2518918 19768541 1
2518918 29939482 1
2518918 30013012 1
2518918 32269102 1
2518918 37818382 1
2518918 38218182 1
2518918 39101702 1
2518918 39997222 1
2518918 40986742 1
2518918 44650852 1
2518918 49289892 1
2518918 54672942 1
2518918 55081622 1
2518918 59508192 1
2518918 61135162 1
2518918 64851172 1
2518918 66764172 1
2518918 69574552 1
2518918 73075872 1
2518918 75432902 1
2518918 75807502 1
2518918 78722622 1
2518918 79004052 1
2518918 81129872 1
2518918 82566832 1
2518918 82578032 1
2518918 82601442 1
2518918 83291452 1
2518918 83549072 1
3085929 3597159 1
3085929 4287593 1
3085929 4422710 1
3085929 6033811 1
3085929 6266442 1
3085929 6765559 1
3085929 7113713 1
3085929 7118474 1
3085929 7559854 1
3085929 8074077 1
3085929 8075029 1
3085929 8778395 1
3085929 10354506 1
3085929 10507839 1
3085929 10744006 1
3085929 11201040 1
3085929 11878651 1
3085929 12473142 1
3085929 12950926 1
3085929 13606323 1
3085929 13930171 1
3085929 17106361 1
3085929 18055261 1
3085929 29939482 1
3085929 30013012 1
3085929 32269102 1
3085929 37818382 1
3085929 38218182 1
3085929 39101702 1
3085929 39997222 1
3085929 40986742 1
3085929 44650852 1
3085929 54672942 1
3085929 55081622 1
3085929 59508192 1
3085929 61135162 1
3085929 64851172 1
3085929 66764172 1
3085929 69574552 1
3085929 73075872 1
3085929 75432902 1
3085929 75807502 1
3085929 78722622 1
3085929 79004052 1
3085929 81129872 1
3085929 82566832 1
3085929 82578032 1
3085929 82601442 1
3085929 83291452 1
3085929 83549072 1
3597159 3697050 1
3597159 4287593 1
3597159 4422710 1
3597159 6033811 1
3597159 6266442 1
3597159 6765559 1
3597159 7113713 1
3597159 7118474 1
3597159 7559854 1
3597159 8074077 1
3597159 8075029 1
3597159 8778395 1
3597159 10354506 1
3597159 10507839 1
3597159 10744006 1
3597159 11201040 1
3597159 11878651 1
3597159 12473142 1
3597159 12950926 1
3597159 13139482 1
3597159 13179073 1
3597159 13606323 1
3597159 13930171 1
3597159 17106361 1
3597159 18055261 1
3597159 19768541 1
3597159 29939482 1
3597159 30013012 1
3597159 32269102 1
3597159 37818382 1
3597159 38218182 1
3597159 39101702 1
3597159 39997222 1
3597159 40986742 1
3597159 44650852 1
3597159 49289892 1
3597159 54672942 1
3597159 55081622 1
3597159 59508192 1
3597159 61135162 1
3597159 64851172 1
3597159 66764172 1
3597159 69574552 1
3597159 73075872 1
3597159 75432902 1
3597159 75807502 1
3597159 78722622 1
3597159 79004052 1
3597159 81129872 1
3597159 82566832 1
3597159 82578032 1
3597159 82601442 1
3597159 83291452 1
3597159 83549072 1
3697050 4287593 1
3697050 4422710 1
3697050 6033811 1
3697050 6266442 1
3697050 6765559 1
3697050 7113713 1
3697050 7118474 1
3697050 7559854 1
3697050 8074077 1
3697050 8075029 1
3697050 8778395 1
3697050 10354506 1
3697050 10507839 1
3697050 10744006 1
3697050 11201040 1
3697050 11878651 1
3697050 12473142 1
3697050 12950926 1
3697050 13139482 1
3697050 13179073 1
3697050 13606323 1
3697050 13930171 1
3697050 17106361 1
3697050 18055261 1
3697050 29939482 1
3697050 30013012 1
3697050 32269102 1
3697050 37818382 1
3697050 38218182 1
3697050 39101702 1
3697050 39997222 1
3697050 40986742 1
3697050 44650852 1
3697050 54672942 1
3697050 55081622 1
3697050 59508192 1
3697050 61135162 1
3697050 64851172 1
3697050 66764172 1
3697050 69574552 1
3697050 73075872 1
3697050 75432902 1
3697050 75807502 1
3697050 78722622 1
3697050 79004052 1
3697050 81129872 1
3697050 82566832 1
3697050 82578032 1
3697050 82601442 1
3697050 83291452 1
3697050 83549072 1
4287593 4422710 1
4287593 6033811 1
4287593 6266442 1
4287593 6765559 1
4287593 7113713 1
4287593 7118474 1
4287593 7559854 1
4287593 8074077 1
4287593 8075029 1
4287593 8778395 1
4287593 10354506 1
4287593 10507839 1
4287593 10744006 1
4287593 11201040 1
4287593 11878651 1
4287593 12473142 1
4287593 12950926 1
4287593 13139482 1
4287593 13179073 1
4287593 13606323 1
4287593 13930171 1
4287593 17106361 1
4287593 18055261 1
4287593 19768541 1
4287593 29939482 1
4287593 30013012 1
4287593 32269102 1
4287593 37818382 1
4287593 38218182 1
4287593 39101702 1
4287593 39997222 1
4287593 40986742 1
4287593 44650852 1
4287593 49289892 1
4287593 54672942 1
4287593 55081622 1
4287593 59508192 1
4287593 61135162 1
4287593 64851172 1
4287593 66764172 1
4287593 69574552 1
4287593 73075872 1
4287593 75432902 1
4287593 75807502 1
4287593 78722622 1
4287593 79004052 1
4287593 81129872 1
4287593 82566832 1
4287593 82578032 1
4287593 82601442 1
4287593 83291452 1
4287593 83549072 1
4422710 6033811 1
4422710 6266442 1
4422710 6765559 1
4422710 7113713 1
4422710 7118474 1
4422710 7559854 1
4422710 8074077 1
4422710 8075029 1
4422710 8778395 1
4422710 10354506 1
4422710 10507839 1
4422710 10744006 1
4422710 11201040 1
4422710 11878651 1
4422710 12473142 1
4422710 12950926 1
4422710 13139482 1
4422710 13179073 1
4422710 13606323 1
4422710 13930171 1
4422710 17106361 1
4422710 18055261 1
4422710 19768541 1
4422710 29939482 1
4422710 30013012 1
4422710 32269102 1
4422710 37818382 1
4422710 38218182 1
4422710 39101702 1
4422710 39997222 1
4422710 40986742 1
4422710 44650852 1
4422710 49289892 1
4422710 54672942 1
4422710 55081622 1
4422710 59508192 1
4422710 61135162 1
4422710 64851172 1
4422710 66764172 1
4422710 69574552 1
4422710 73075872 1
4422710 75432902 1
4422710 75807502 1
4422710 78722622 1
4422710 79004052 1
4422710 81129872 1
4422710 82566832 1
4422710 82578032 1
4422710 82601442 1
4422710 83291452 1
4422710 83549072 1
6033811 6266442 1
6033811 6765559 1
6033811 7113713 1
6033811 7118474 1
6033811 7559854 1
6033811 8074077 1
6033811 8075029 1
6033811 8778395 1
6033811 10354506 1
6033811 10507839 1
6033811 10744006 1
6033811 11201040 1
6033811 11878651 1
6033811 12473142 1
6033811 12950926 1
6033811 13139482 1
6033811 13179073 1
6033811 13606323 1
6033811 13930171 1
6033811 17106361 1
6033811 18055261 1
6033811 19768541 1
6033811 29939482 1
6033811 30013012 1
6033811 32269102 1
6033811 37818382 1
6033811 38218182 1
6033811 39101702 1
6033811 39997222 1
6033811 40986742 1
6033811 44650852 1
6033811 49289892 1
6033811 54672942 1
6033811 55081622 1
6033811 59508192 1
6033811 61135162 1
6033811 64851172 1
6033811 66764172 1
6033811 69574552 1
6033811 73075872 1
6033811 75432902 1
6033811 75807502 1
6033811 78722622 1
6033811 79004052 1
6033811 81129872 1
6033811 82566832 1
6033811 82578032 1
6033811 82601442 1
6033811 83291452 1
6033811 83549072 1
6266442 6765559 1
6266442 7113713 1
6266442 7118474 1
6266442 7559854 1
6266442 8074077 1
6266442 8075029 1
6266442 8778395 1
6266442 10354506 1
6266442 10507839 1
6266442 10744006 1
6266442 11201040 1
6266442 11878651 1
6266442 12473142 1
6266442 12950926 1
6266442 13139482 1
6266442 13179073 1
6266442 13606323 1
6266442 13930171 1
6266442 17106361 1
6266442 18055261 1
6266442 19768541 1
6266442 29939482 1
6266442 30013012 1
6266442 32269102 1
6266442 37818382 1
6266442 38218182 1
6266442 39101702 1
6266442 39997222 1
6266442 40986742 1
6266442 44650852 1
6266442 49289892 1
6266442 54672942 1
6266442 55081622 1
6266442 59508192 1
6266442 61135162 1
6266442 64851172 1
6266442 66764172 1
6266442 69574552 1
6266442 73075872 1
6266442 75432902 1
6266442 75807502 1
6266442 78722622 1
6266442 79004052 1
6266442 81129872 1
6266442 82566832 1
6266442 82578032 1
6266442 82601442 1
6266442 83291452 1
6266442 83549072 1
6765559 7113713 1
6765559 7118474 1
6765559 7559854 1
6765559 8074077 1
6765559 8075029 1
6765559 8778395 1
6765559 10354506 1
6765559 10507839 1
6765559 10744006 1
6765559 11201040 1
6765559 11878651 1
6765559 12473142 1
6765559 12950926 1
6765559 13139482 1
6765559 13179073 1
6765559 13606323 1
6765559 13930171 1
6765559 17106361 1
6765559 18055261 1
6765559 19768541 1
6765559 29939482 1
6765559 30013012 1
6765559 32269102 1
6765559 37818382 1
6765559 38218182 1
6765559 39101702 1
6765559 39997222 1
6765559 40986742 1
6765559 44650852 1
6765559 49289892 1
6765559 54672942 1
6765559 55081622 1
6765559 59508192 1
6765559 61135162 1
6765559 64851172 1
6765559 66764172 1
6765559 69574552 1
6765559 73075872 1
6765559 75432902 1
6765559 75807502 1
6765559 78722622 1
6765559 79004052 1
6765559 81129872 1
6765559 82566832 1
6765559 82578032 1
6765559 82601442 1
6765559 83291452 1
6765559 83549072 1
7113713 7118474 1
7113713 7559854 1
7113713 8074077 1
7113713 8075029 1
7113713 8778395 1
7113713 10354506 1
7113713 10507839 1
7113713 10744006 1
7113713 11201040 1
7113713 11878651 1
7113713 12473142 1
7113713 12950926 1
7113713 13139482 1
7113713 13179073 1
7113713 13606323 1
7113713 13930171 1
7113713 17106361 1
7113713 18055261 1
7113713 19768541 1
7113713 29939482 1
7113713 30013012 1
7113713 32269102 1
7113713 37818382 1
7113713 38218182 1
7113713 39101702 1
7113713 39997222 1
7113713 40986742 1
7113713 44650852 1
7113713 49289892 1
7113713 54672942 1
7113713 55081622 1
7113713 59508192 1
7113713 61135162 1
7113713 64851172 1
7113713 66764172 1
7113713 69574552 1
7113713 73075872 1
7113713 75432902 1
7113713 75807502 1
7113713 78722622 1
7113713 79004052 1
7113713 81129872 1
7113713 82566832 1
7113713 82578032 1
7113713 82601442 1
7113713 83291452 1
7113713 83549072 1
7118474 7559854 1
7118474 8074077 1
7118474 8075029 1
7118474 8778395 1
7118474 10354506 1
7118474 10507839 1
7118474 10744006 1
7118474 11201040 1
7118474 11878651 1
7118474 12473142 1
7118474 12950926 1
7118474 13139482 1
7118474 13179073 1
7118474 13606323 1
7118474 13930171 1
7118474 17106361 1
7118474 18055261 1
7118474 19768541 1
7118474 29939482 1
7118474 30013012 1
7118474 32269102 1
7118474 37818382 1
7118474 38218182 1
7118474 39101702 1
7118474 39997222 1
7118474 40986742 1
7118474 44650852 1
7118474 49289892 1
7118474 54672942 1
7118474 55081622 1
7118474 59508192 1
7118474 61135162 1
7118474 64851172 1
7118474 66764172 1
7118474 69574552 1
7118474 73075872 1
7118474 75432902 1
7118474 75807502 1
7118474 78722622 1
7118474 79004052 1
7118474 81129872 1
7118474 82566832 1
7118474 82578032 1
7118474 82601442 1
7118474 83291452 1
7118474 83549072 1
7559854 8074077 1
7559854 8075029 1
7559854 8778395 1
7559854 10354506 1
7559854 10507839 1
7559854 10744006 1
7559854 11201040 1
7559854 11878651 1
7559854 12473142 1
7559854 12950926 1
7559854 13139482 1
7559854 13179073 1
7559854 13606323 1
7559854 13930171 1
7559854 17106361 1
7559854 18055261 1
7559854 19768541 1
7559854 29939482 1
7559854 30013012 1
7559854 32269102 1
7559854 37818382 1
7559854 38218182 1
7559854 39101702 1
7559854 39997222 1
7559854 40986742 1
7559854 44650852 1
7559854 49289892 1
7559854 54672942 1
7559854 55081622 1
7559854 59508192 1
7559854 61135162 1
7559854 64851172 1
7559854 66764172 1
7559854 69574552 1
7559854 73075872 1
7559854 75432902 1
7559854 75807502 1
7559854 78722622 1
7559854 79004052 1
7559854 81129872 1
7559854 82566832 1
7559854 82578032 1
7559854 82601442 1
7559854 83291452 1
7559854 83549072 1
8074077 8075029 1
8074077 8778395 1
8074077 10354506 1
8074077 10507839 1
8074077 10744006 1
8074077 11201040 1
8074077 11878651 1
8074077 12473142 1
8074077 12950926 1
8074077 13139482 1
8074077 13179073 1
8074077 13606323 1
8074077 13930171 1
8074077 17106361 1
8074077 18055261 1
8074077 19768541 1
8074077 29939482 1
8074077 30013012 1
8074077 32269102 1
8074077 37818382 1
8074077 38218182 1
8074077 39101702 1
8074077 39997222 1
8074077 40986742 1
8074077 44650852 1
8074077 49289892 1
8074077 54672942 1
8074077 55081622 1
8074077 59508192 1
8074077 61135162 1
8074077 64851172 1
8074077 66764172 1
8074077 69574552 1
8074077 73075872 1
8074077 75432902 1
8074077 75807502 1
8074077 78722622 1
8074077 79004052 1
8074077 81129872 1
8074077 82566832 1
8074077 82578032 1
8074077 82601442 1
8074077 83291452 1
8074077 83549072 1
8075029 8778395 1
8075029 10354506 1
8075029 10507839 1
8075029 10744006 1
8075029 11201040 1
8075029 11878651 1
8075029 12473142 1
8075029 12950926 1
8075029 13139482 1
8075029 13179073 1
8075029 13606323 1
8075029 13930171 1
8075029 17106361 1
8075029 18055261 1
8075029 19768541 1
8075029 29939482 1
8075029 30013012 1
8075029 32269102 1
8075029 37818382 1
8075029 38218182 1
8075029 39101702 1
8075029 39997222 1
8075029 40986742 1
8075029 44650852 1
8075029 49289892 1
8075029 54672942 1
8075029 55081622 1
8075029 59508192 1
8075029 61135162 1
8075029 64851172 1
8075029 66764172 1
8075029 69574552 1
8075029 73075872 1
8075029 75432902 1
8075029 75807502 1
8075029 78722622 1
8075029 79004052 1
8075029 81129872 1
8075029 82566832 1
8075029 82578032 1
8075029 82601442 1
8075029 83291452 1
8075029 83549072 1
8778395 10354506 1
8778395 10507839 1
8778395 10744006 1
8778395 11201040 1
8778395 11878651 1
8778395 12473142 1
8778395 12950926 1
8778395 13139482 1
8778395 13179073 1
8778395 13606323 1
8778395 13930171 1
8778395 17106361 1
8778395 18055261 1
8778395 19768541 1
8778395 29939482 1
8778395 30013012 1
8778395 32269102 1
8778395 37818382 1
8778395 38218182 1
8778395 39101702 1
8778395 39997222 1
8778395 40986742 1
8778395 44650852 1
8778395 49289892 1
8778395 54672942 1
8778395 55081622 1
8778395 59508192 1
8778395 61135162 1
8778395 64851172 1
8778395 66764172 1
8778395 69574552 1
8778395 73075872 1
8778395 75432902 1
8778395 75807502 1
8778395 78722622 1
8778395 79004052 1
8778395 81129872 1
8778395 82566832 1
8778395 82578032 1
8778395 82601442 1
8778395 83291452 1
8778395 83549072 1
10354506 10507839 1
10354506 10744006 1
10354506 11201040 1
10354506 11878651 1
10354506 12473142 1
10354506 12950926 1
10354506 13139482 1
10354506 13179073 1
10354506 13606323 1
10354506 13930171 1
10354506 17106361 1
10354506 18055261 1
10354506 19768541 1
10354506 29939482 1
10354506 30013012 1
10354506 32269102 1
10354506 37818382 1
10354506 38218182 1
10354506 39101702 1
10354506 39997222 1
10354506 40986742 1
10354506 44650852 1
10354506 49289892 1
10354506 54672942 1
10354506 55081622 1
10354506 59508192 1
10354506 61135162 1
10354506 64851172 1
10354506 66764172 1
10354506 69574552 1
10354506 73075872 1
10354506 75432902 1
10354506 75807502 1
10354506 78722622 1
10354506 79004052 1
10354506 81129872 1
10354506 82566832 1
10354506 82578032 1
10354506 82601442 1
10354506 83291452 1
10354506 83549072 1
10507839 10744006 1
10507839 11201040 1
10507839 11878651 1
10507839 12473142 1
10507839 12950926 1
10507839 13139482 1
10507839 13179073 1
10507839 13606323 1
10507839 13930171 1
10507839 17106361 1
10507839 18055261 1
10507839 19768541 1
10507839 29939482 1
10507839 30013012 1
10507839 32269102 1
10507839 37818382 1
10507839 38218182 1
10507839 39101702 1
10507839 39997222 1
10507839 40986742 1
10507839 44650852 1
10507839 49289892 1
10507839 54672942 1
10507839 55081622 1
10507839 59508192 1
10507839 61135162 1
10507839 64851172 1
10507839 66764172 1
10507839 69574552 1
10507839 73075872 1
10507839 75432902 1
10507839 75807502 1
10507839 78722622 1
10507839 79004052 1
10507839 81129872 1
10507839 82566832 1
10507839 82578032 1
10507839 82601442 1
10507839 83291452 1
10507839 83549072 1
10744006 11201040 1
10744006 11878651 1
10744006 12473142 1
10744006 12950926 1
10744006 13139482 1
10744006 13179073 1
10744006 13606323 1
10744006 13930171 1
10744006 17106361 1
10744006 18055261 1
10744006 19768541 1
10744006 29939482 1
10744006 30013012 1
10744006 32269102 1
10744006 37818382 1
10744006 38218182 1
10744006 39101702 1
10744006 39997222 1
10744006 40986742 1
10744006 44650852 1
10744006 49289892 1
10744006 54672942 1
10744006 55081622 1
10744006 59508192 1
10744006 61135162 1
10744006 64851172 1
10744006 66764172 1
10744006 69574552 1
10744006 73075872 1
10744006 75432902 1
10744006 75807502 1
10744006 78722622 1
10744006 79004052 1
10744006 81129872 1
10744006 82566832 1
10744006 82578032 1
10744006 82601442 1
10744006 83291452 1
10744006 83549072 1
11201040 11878651 1
11201040 12473142 1
11201040 12950926 1
11201040 13139482 1
11201040 13179073 1
11201040 13606323 1
11201040 13930171 1
11201040 17106361 1
11201040 18055261 1
11201040 19768541 1
11201040 29939482 1
11201040 30013012 1
11201040 32269102 1
11201040 37818382 1
11201040 38218182 1
11201040 39101702 1
11201040 39997222 1
11201040 40986742 1
11201040 44650852 1
11201040 49289892 1
11201040 54672942 1
11201040 55081622 1
11201040 59508192 1
11201040 61135162 1
11201040 64851172 1
11201040 66764172 1
11201040 69574552 1
11201040 73075872 1
11201040 75432902 1
11201040 75807502 1
11201040 78722622 1
11201040 79004052 1
11201040 81129872 1
11201040 82566832 1
11201040 82578032 1
11201040 82601442 1
11201040 83291452 1
11201040 83549072 1
11878651 12473142 1
11878651 12950926 1
11878651 13139482 1
11878651 13179073 1
11878651 13606323 1
11878651 13930171 1
11878651 17106361 1
11878651 18055261 1
11878651 19768541 1
11878651 29939482 1
11878651 30013012 1
11878651 32269102 1
11878651 37818382 1
11878651 38218182 1
11878651 39101702 1
11878651 39997222 1
11878651 40986742 1
11878651 44650852 1
11878651 49289892 1
11878651 54672942 1
11878651 55081622 1
11878651 59508192 1
11878651 61135162 1
11878651 64851172 1
11878651 66764172 1
11878651 69574552 1
11878651 73075872 1
11878651 75432902 1
11878651 75807502 1
11878651 78722622 1
11878651 79004052 1
11878651 81129872 1
11878651 82566832 1
11878651 82578032 1
11878651 82601442 1
11878651 83291452 1
11878651 83549072 1
12473142 12950926 1
12473142 13139482 1
12473142 13179073 1
12473142 13606323 1
12473142 13930171 1
12473142 17106361 1
12473142 18055261 1
12473142 19768541 1
12473142 29939482 1
12473142 30013012 1
12473142 32269102 1
12473142 37818382 1
12473142 38218182 1
12473142 39101702 1
12473142 39997222 1
12473142 40986742 1
12473142 44650852 1
12473142 49289892 1
12473142 54672942 1
12473142 55081622 1
12473142 59508192 1
12473142 61135162 1
12473142 64851172 1
12473142 66764172 1
12473142 69574552 1
12473142 73075872 1
12473142 75432902 1
12473142 75807502 1
12473142 78722622 1
12473142 79004052 1
12473142 81129872 1
12473142 82566832 1
12473142 82578032 1
12473142 82601442 1
12473142 83291452 1
12473142 83549072 1
12950926 13139482 1
12950926 13179073 1
12950926 13606323 1
12950926 13930171 1
12950926 17106361 1
12950926 18055261 1
12950926 19768541 1
12950926 29939482 1
12950926 30013012 1
12950926 32269102 1
12950926 37818382 1
12950926 38218182 1
12950926 39101702 1
12950926 39997222 1
12950926 40986742 1
12950926 44650852 1
12950926 49289892 1
12950926 54672942 1
12950926 55081622 1
12950926 59508192 1
12950926 61135162 1
12950926 64851172 1
12950926 66764172 1
12950926 69574552 1
12950926 73075872 1
12950926 75432902 1
12950926 75807502 1
12950926 78722622 1
12950926 79004052 1
12950926 81129872 1
12950926 82566832 1
12950926 82578032 1
12950926 82601442 1
12950926 83291452 1
12950926 83549072 1
13139482 13606323 1
13139482 13930171 1
13139482 17106361 1
13139482 18055261 1
13139482 29939482 1
13139482 30013012 1
13139482 32269102 1
13139482 37818382 1
13139482 38218182 1
13139482 39101702 1
13139482 39997222 1
13139482 40986742 1
13139482 44650852 1
13139482 54672942 1
13139482 55081622 1
13139482 59508192 1
13139482 61135162 1
13139482 64851172 1
13139482 66764172 1
13139482 69574552 1
13139482 73075872 1
13139482 75432902 1
13139482 75807502 1
13139482 78722622 1
13139482 79004052 1
13139482 81129872 1
13139482 82566832 1
13139482 82578032 1
13139482 82601442 1
13139482 83291452 1
13139482 83549072 1
13179073 13606323 1
13179073 13930171 1
13179073 17106361 1
13179073 18055261 1
13179073 29939482 1
13179073 30013012 1
13179073 32269102 1
13179073 37818382 1
13179073 38218182 1
13179073 39101702 1
13179073 39997222 1
13179073 40986742 1
13179073 44650852 1
13179073 54672942 1
13179073 55081622 1
13179073 59508192 1
13179073 61135162 1
13179073 64851172 1
13179073 66764172 1
13179073 69574552 1
13179073 73075872 1
13179073 75432902 1
13179073 75807502 1
13179073 78722622 1
13179073 79004052 1
13179073 81129872 1
13179073 82566832 1
13179073 82578032 1
13179073 82601442 1
13179073 83291452 1
13179073 83549072 1
13606323 13930171 1
13606323 17106361 1
13606323 18055261 1
13606323 19768541 1
13606323 29939482 1
13606323 30013012 1
13606323 32269102 1
13606323 37818382 1
13606323 38218182 1
13606323 39101702 1
13606323 39997222 1
13606323 40986742 1
13606323 44650852 1
13606323 49289892 1
13606323 54672942 1
13606323 55081622 1
13606323 59508192 1
13606323 61135162 1
13606323 64851172 1
13606323 66764172 1
13606323 69574552 1
13606323 73075872 1
13606323 75432902 1
13606323 75807502 1
13606323 78722622 1
13606323 79004052 1
13606323 81129872 1
13606323 82566832 1
13606323 82578032 1
13606323 82601442 1
13606323 83291452 1
13606323 83549072 1
13930171 17106361 1
13930171 18055261 1
13930171 19768541 1
13930171 29939482 1
13930171 30013012 1
13930171 32269102 1
13930171 37818382 1
13930171 38218182 1
13930171 39101702 1
13930171 39997222 1
13930171 40986742 1
13930171 44650852 1
13930171 49289892 1
13930171 54672942 1
13930171 55081622 1
13930171 59508192 1
13930171 61135162 1
13930171 64851172 1
13930171 66764172 1
13930171 69574552 1
13930171 73075872 1
13930171 75432902 1
13930171 75807502 1
13930171 78722622 1
13930171 79004052 1
13930171 81129872 1
13930171 82566832 1
13930171 82578032 1
13930171 82601442 1
13930171 83291452 1
13930171 83549072 1
17106361 18055261 1
17106361 19768541 1
17106361 29939482 1
17106361 30013012 1
17106361 32269102 1
17106361 37818382 1
17106361 38218182 1
17106361 39101702 1
17106361 39997222 1
17106361 40986742 1
17106361 44650852 1
17106361 49289892 1
17106361 54672942 1
17106361 55081622 1
17106361 59508192 1
17106361 61135162 1
17106361 64851172 1
17106361 66764172 1
17106361 69574552 1
17106361 73075872 1
17106361 75432902 1
17106361 75807502 1
17106361 78722622 1
17106361 79004052 1
17106361 81129872 1
17106361 82566832 1
17106361 82578032 1
17106361 82601442 1
17106361 83291452 1
17106361 83549072 1
18055261 19768541 1
18055261 29939482 1
18055261 30013012 1
18055261 32269102 1
18055261 37818382 1
18055261 38218182 1
18055261 39101702 1
18055261 39997222 1
18055261 40986742 1
18055261 44650852 1
18055261 49289892 1
18055261 54672942 1
18055261 55081622 1
18055261 59508192 1
18055261 61135162 1
18055261 64851172 1
18055261 66764172 1
18055261 69574552 1
18055261 73075872 1
18055261 75432902 1
18055261 75807502 1
18055261 78722622 1
18055261 79004052 1
18055261 81129872 1
18055261 82566832 1
18055261 82578032 1
18055261 82601442 1
18055261 83291452 1
18055261 83549072 1
19768541 29939482 1
19768541 30013012 1
19768541 32269102 1
19768541 37818382 1
19768541 38218182 1
19768541 39101702 1
19768541 39997222 1
19768541 40986742 1
19768541 44650852 1
19768541 54672942 1
19768541 55081622 1
19768541 59508192 1
19768541 61135162 1
19768541 64851172 1
19768541 66764172 1
19768541 69574552 1
19768541 73075872 2
19768541 75432902 1
19768541 75807502 1
19768541 78722622 1
19768541 79004052 1
19768541 81129872 1
19768541 82566832 1
19768541 82578032 1
19768541 82601442 1
19768541 83291452 1
19768541 83549072 1
29939482 30013012 1
29939482 32269102 1
29939482 37818382 1
29939482 38218182 1
29939482 39101702 1
29939482 39997222 1
29939482 40986742 1
29939482 44650852 1
29939482 49289892 1
29939482 54672942 1
29939482 55081622 1
29939482 59508192 1
29939482 61135162 1
29939482 64851172 1
29939482 66764172 1
29939482 69574552 1
29939482 73075872 1
29939482 75432902 1
29939482 75807502 1
29939482 78722622 1
29939482 79004052 1
29939482 81129872 1
29939482 82566832 1
29939482 82578032 1
29939482 82601442 1
29939482 83291452 1
29939482 83549072 1
30013012 32269102 1
30013012 37818382 1
30013012 38218182 1
30013012 39101702 1
30013012 39997222 1
30013012 40986742 1
30013012 44650852 1
30013012 49289892 1
30013012 54672942 1
30013012 55081622 1
30013012 59508192 1
30013012 61135162 1
30013012 64851172 1
30013012 66764172 1
30013012 69574552 1
30013012 73075872 1
30013012 75432902 1
30013012 75807502 1
30013012 78722622 1
30013012 79004052 1
30013012 81129872 1
30013012 82566832 1
30013012 82578032 1
30013012 82601442 1
30013012 83291452 1
30013012 83549072 1
32269102 37818382 1
32269102 38218182 1
32269102 39101702 1
32269102 39997222 1
32269102 40986742 1
32269102 44650852 1
32269102 49289892 1
32269102 54672942 1
32269102 55081622 1
32269102 59508192 1
32269102 61135162 1
32269102 64851172 1
32269102 66764172 1
32269102 69574552 1
32269102 73075872 1
32269102 75432902 1
32269102 75807502 1
32269102 78722622 1
32269102 79004052 1
32269102 81129872 1
32269102 82566832 1
32269102 82578032 1
32269102 82601442 1
32269102 83291452 1
32269102 83549072 1
37818382 38218182 1
37818382 39101702 1
37818382 39997222 1
37818382 40986742 1
37818382 44650852 1
37818382 49289892 1
37818382 54672942 1
37818382 55081622 1
37818382 59508192 1
37818382 61135162 1
37818382 64851172 1
37818382 66764172 1
37818382 69574552 1
37818382 73075872 1
37818382 75432902 1
37818382 75807502 1
37818382 78722622 1
37818382 79004052 1
37818382 81129872 1
37818382 82566832 1
37818382 82578032 1
37818382 82601442 1
37818382 83291452 1
37818382 83549072 1
38218182 39101702 1
38218182 39997222 1
38218182 40986742 1
38218182 44650852 1
38218182 49289892 1
38218182 54672942 1
38218182 55081622 1
38218182 59508192 1
38218182 61135162 1
38218182 64851172 1
38218182 66764172 1
38218182 69574552 1
38218182 73075872 1
38218182 75432902 1
38218182 75807502 1
38218182 78722622 1
38218182 79004052 1
38218182 81129872 1
38218182 82566832 1
38218182 82578032 1
38218182 82601442 1
38218182 83291452 1
38218182 83549072 1
39101702 39997222 1
39101702 40986742 1
39101702 44650852 1
39101702 49289892 1
39101702 54672942 1
39101702 55081622 1
39101702 59508192 1
39101702 61135162 1
39101702 64851172 1
39101702 66764172 1
39101702 69574552 1
39101702 73075872 1
39101702 75432902 1
39101702 75807502 1
39101702 78722622 1
39101702 79004052 1
39101702 81129872 1
39101702 82566832 1
39101702 82578032 1
39101702 82601442 1
39101702 83291452 1
39101702 83549072 1
39997222 40986742 1
39997222 44650852 1
39997222 49289892 1
39997222 54672942 1
39997222 55081622 1
39997222 59508192 1
39997222 61135162 1
39997222 64851172 1
39997222 66764172 1
39997222 69574552 1
39997222 73075872 1
39997222 75432902 1
39997222 75807502 1
39997222 78722622 1
39997222 79004052 1
39997222 81129872 1
39997222 82566832 1
39997222 82578032 1
39997222 82601442 1
39997222 83291452 1
39997222 83549072 1
40986742 44650852 1
40986742 49289892 1
40986742 54672942 1
40986742 55081622 1
40986742 59508192 1
40986742 61135162 1
40986742 64851172 1
40986742 66764172 1
40986742 69574552 1
40986742 73075872 1
40986742 75432902 1
40986742 75807502 1
40986742 78722622 1
40986742 79004052 1
40986742 81129872 1
40986742 82566832 1
40986742 82578032 1
40986742 82601442 1
40986742 83291452 1
40986742 83549072 1
44650852 49289892 1
44650852 54672942 1
44650852 55081622 1
44650852 59508192 1
44650852 61135162 1
44650852 64851172 1
44650852 66764172 1
44650852 69574552 1
44650852 73075872 1
44650852 75432902 1
44650852 75807502 1
44650852 78722622 1
44650852 79004052 1
44650852 81129872 1
44650852 82566832 1
44650852 82578032 1
44650852 82601442 1
44650852 83291452 1
44650852 83549072 1
49289892 54672942 1
49289892 55081622 1
49289892 59508192 1
49289892 61135162 1
49289892 64851172 1
49289892 66764172 1
49289892 69574552 1
49289892 73075872 1
49289892 75432902 1
49289892 75807502 1
49289892 78722622 1
49289892 79004052 1
49289892 81129872 1
49289892 82566832 1
49289892 82578032 1
49289892 82601442 1
49289892 83291452 1
49289892 83549072 1
54672942 55081622 1
54672942 59508192 1
54672942 61135162 1
54672942 64851172 1
54672942 66764172 1
54672942 69574552 1
54672942 73075872 1
54672942 75432902 1
54672942 75807502 1
54672942 78722622 1
54672942 79004052 1
54672942 81129872 1
54672942 82566832 1
54672942 82578032 1
54672942 82601442 1
54672942 83291452 1
54672942 83549072 1
55081622 59508192 1
55081622 61135162 1
55081622 64851172 1
55081622 66764172 1
55081622 69574552 1
55081622 73075872 1
55081622 75432902 1
55081622 75807502 1
55081622 78722622 1
55081622 79004052 1
55081622 81129872 1
55081622 82566832 1
55081622 82578032 1
55081622 82601442 1
55081622 83291452 1
55081622 83549072 1
59508192 61135162 1
59508192 64851172 1
59508192 66764172 1
59508192 69574552 1
59508192 73075872 1
59508192 75432902 1
59508192 75807502 1
59508192 78722622 1
59508192 79004052 1
59508192 81129872 1
59508192 82566832 1
59508192 82578032 1
59508192 82601442 1
59508192 83291452 1
59508192 83549072 1
61135162 64851172 1
61135162 66764172 1
61135162 69574552 1
61135162 73075872 1
61135162 75432902 1
61135162 75807502 1
61135162 78722622 1
61135162 79004052 1
61135162 81129872 1
61135162 82566832 1
61135162 82578032 1
61135162 82601442 1
61135162 83291452 1
61135162 83549072 1
64851172 66764172 1
64851172 69574552 1
64851172 73075872 1
64851172 75432902 1
64851172 75807502 1
64851172 78722622 1
64851172 79004052 1
64851172 81129872 1
64851172 82566832 1
64851172 82578032 1
64851172 82601442 1
64851172 83291452 1
64851172 83549072 1
66764172 69574552 1
66764172 73075872 1
66764172 75432902 1
66764172 75807502 1
66764172 78722622 1
66764172 79004052 1
66764172 81129872 1
66764172 82566832 1
66764172 82578032 1
66764172 82601442 1
66764172 83291452 1
66764172 83549072 1
69574552 73075872 1
69574552 75432902 1
69574552 75807502 1
69574552 78722622 1
69574552 79004052 1
69574552 81129872 1
69574552 82566832 1
69574552 82578032 1
69574552 82601442 1
69574552 83291452 1
69574552 83549072 1
73075872 75432902 1
73075872 75807502 1
73075872 78722622 1
73075872 79004052 1
73075872 81129872 1
73075872 82566832 1
73075872 82578032 1
73075872 82601442 1
73075872 83291452 1
73075872 83549072 1
75432902 75807502 1
75432902 78722622 1
75432902 79004052 1
75432902 81129872 1
75432902 82566832 1
75432902 82578032 1
75432902 82601442 1
75432902 83291452 1
75432902 83549072 1
75807502 78722622 1
75807502 79004052 1
75807502 81129872 1
75807502 82566832 1
75807502 82578032 1
75807502 82601442 1
75807502 83291452 1
75807502 83549072 1
78722622 79004052 1
78722622 81129872 1
78722622 82566832 1
78722622 82578032 1
78722622 82601442 1
78722622 83291452 1
78722622 83549072 1
79004052 81129872 1
79004052 82566832 1
79004052 82578032 1
79004052 82601442 1
79004052 83291452 1
79004052 83549072 1
81129872 82566832 1
81129872 82578032 1
81129872 82601442 1
81129872 83291452 1
81129872 83549072 1
82566832 82578032 1
82566832 82601442 1
82566832 83291452 1
82566832 83549072 1
82578032 82601442 1
82578032 83291452 1
82578032 83549072 1
82601442 83291452 1
82601442 83549072 1
83291452 83549072 1
19768541 33513392 1
19768541 71077272 3
19768541 83202262 4
19768541 83982352 1
33513392 37047172 1
33513392 71077272 1
33513392 73075872 1
33513392 83202262 1
33513392 83982352 1
37047172 71077272 3
37047172 73075872 1
37047172 83202262 3
37047172 83982352 1
71077272 73075872 1
71077272 83202262 3
71077272 83982352 1
73075872 83202262 1
73075872 83982352 1
83202262 83982352 1
2167102 3085929 1
2167102 3233394 1
2167102 5795454 1
2167102 9171097 1
2167102 13877187 1
2167102 14172266 1
2167102 19768541 1
2167102 42750302 1
2167102 49289892 1
2167102 61312642 1
2167102 80842612 1
2167102 83202262 1
3085929 3233394 1
3085929 5795454 1
3085929 9171097 1
3085929 13877187 1
3085929 14172266 1
3085929 61312642 1
3085929 80842612 1
3085929 83202262 2
3233394 5795454 1
3233394 9171097 1
3233394 13877187 1
3233394 14172266 1
3233394 19768541 1
3233394 42750302 1
3233394 49289892 1
3233394 61312642 1
3233394 80842612 1
3233394 83202262 1
5795454 9171097 1
5795454 13877187 1
5795454 14172266 1
5795454 19768541 1
5795454 42750302 1
5795454 49289892 1
5795454 61312642 1
5795454 80842612 1
5795454 83202262 1
9171097 13877187 1
9171097 14172266 1
9171097 19768541 1
9171097 42750302 1
9171097 49289892 1
9171097 61312642 1
9171097 80842612 1
9171097 83202262 1
13877187 14172266 1
13877187 19768541 1
13877187 42750302 1
13877187 49289892 1
13877187 61312642 1
13877187 80842612 1
13877187 83202262 1
14172266 19768541 1
14172266 42750302 1
14172266 49289892 1
14172266 61312642 1
14172266 80842612 1
14172266 83202262 1
19768541 61312642 1
19768541 80842612 1
42750302 61312642 1
42750302 80842612 1
42750302 83202262 2
49289892 61312642 1
49289892 80842612 1
49289892 83202262 1
61312642 80842612 1
61312642 83202262 1
80842612 83202262 1
3085929 4311884 1
3085929 6717687 1
3085929 12679678 1
4311884 6717687 1
4311884 12679678 1
4311884 19768541 1
4311884 42750302 1
6717687 12679678 1
6717687 19768541 1
6717687 42750302 1
12679678 19768541 1
12679678 42750302 1
3085929 10777012 1
3085929 71077272 1
3085929 79382422 1
3085929 83543172 1
10777012 11106780 1
10777012 19768541 1
10777012 37047172 1
10777012 42750302 1
10777012 71077272 1
10777012 79382422 1
10777012 80161642 1
10777012 83202262 1
10777012 83543172 1
11106780 71077272 1
11106780 79382422 1
11106780 80161642 1
11106780 83202262 1
11106780 83543172 1
19768541 79382422 1
19768541 83543172 1
37047172 79382422 1
37047172 83543172 1
42750302 71077272 1
42750302 79382422 1
42750302 83543172 1
71077272 79382422 1
71077272 80161642 1
71077272 83543172 1
79382422 80161642 1
79382422 83202262 1
79382422 83543172 1
80161642 83202262 1
80161642 83543172 1
83202262 83543172 1
