118277122 174297092 189834756 158555652 1754635 9696781 99737102 189018638 189740048 9521172 191059476 2358808 190577688 72122912 14701091 186878499 191072294 14524973 190683185 186005042 185666101 144215612 55485502 190614078 186301504 190750786 119443532 24817232 127388242 70115412 141233752 87074392 22192731 190024796 100932702 146425952 190845543 176539752 3085929 185421930 188802667 190982256 187731572 182967414 120504952 190096508 188634237 5795454 189803648 184398469 188238479 49399952 12715665 38035602 189690004 44895892 61541012 189781142 5354645 186232992 38385322 61754542 185793199 162410672 144018612 72390842 190966458 89795772 50517692 111232702 188930749 68000762 187293890 178558662 8248518 163617992 13442249 150835402 191061195 152703692 101840082 11825362 5600980 190399702 186311383 184224472 12019933 190984934 190125287 142420712 40356592 173393652 153880312 190171385 190336250 126504702 143308542 183814912 130530562 188193538 160761092 1063172 189393163 4897039 161251602 185217298 189982996 107670292 188966678 3975955 3268377 3529497 75085602 56410402 187610404 52526382 11209523 25711412 183120183 184137016 191042361 190605629 190276415 190648639 189980480 136809792 187204933 182781255 4083528 186293075 190269783 83360602 8074077 161879902 13108061 184875361 187714403 190146407 188736364 187892591 102710642 89260402 66818932 99655542 189368697 103200122 189397374 187203967 182993794 37047172 119678852 189996426 32495502 191051665 182957562 184399765 101027222 189347227 137761182 191152030 185459110 8111014 187060648 11081126 153417642 4961709 151542702 190942639 163071412 187496373 187269570 13877187 191164873 29225932 157269452 183175121 136416722 189123539 160488922 174933982 173086182 13431790 7452143 185370608 139035632 188897264 12859892 183667189 139826682 10510844 183982078
5795454 8074077 2
5795454 12019933 1
5795454 13877187 1
5795454 14524973 1
5795454 29225932 2
5795454 38035602 1
5795454 38385322 1
5795454 70115412 1
5795454 72390842 1
5795454 89795772 1
5795454 99655542 1
5795454 137761182 1
5795454 144215612 1
5795454 150835402 2
5795454 173086182 1
5795454 174297092 1
5795454 174933982 1
5795454 183175121 2
5795454 183982078 2
5795454 185370608 1
5795454 186301504 1
5795454 187204933 1
5795454 187269570 1
5795454 187892591 1
5795454 189690004 1
5795454 190125287 1
5795454 190146407 1
5795454 190269783 1
8074077 12019933 1
8074077 13877187 1
8074077 14524973 1
8074077 29225932 1
8074077 38035602 1
8074077 38385322 1
8074077 70115412 1
8074077 72390842 1
8074077 89795772 1
8074077 99655542 1
8074077 137761182 1
8074077 144215612 1
8074077 150835402 2
8074077 173086182 1
8074077 174297092 1
8074077 174933982 1
8074077 183175121 1
8074077 183982078 2
8074077 185370608 1
8074077 186301504 1
8074077 187204933 1
8074077 187269570 1
8074077 187892591 1
8074077 189690004 1
8074077 190125287 1
8074077 190146407 1
8074077 190269783 1
12019933 13877187 1
12019933 14524973 1
12019933 29225932 1
12019933 38035602 1
12019933 38385322 1
12019933 70115412 1
12019933 72390842 1
12019933 89795772 1
12019933 99655542 1
12019933 137761182 1
12019933 144215612 1
12019933 150835402 1
12019933 173086182 1
12019933 174297092 1
12019933 174933982 1
12019933 183175121 1
12019933 183982078 1
12019933 185370608 1
12019933 186301504 1
12019933 187204933 1
12019933 187269570 1
12019933 187892591 1
12019933 189690004 1
12019933 190125287 1
12019933 190146407 1
12019933 190269783 1
13877187 14524973 1
13877187 29225932 1
13877187 38035602 1
13877187 38385322 1
13877187 70115412 1
13877187 72390842 1
13877187 89795772 1
13877187 99655542 1
13877187 137761182 1
13877187 144215612 1
13877187 150835402 1
13877187 173086182 1
13877187 174297092 1
13877187 174933982 1
13877187 183175121 1
13877187 183982078 1
13877187 185370608 1
13877187 186301504 1
13877187 187204933 1
13877187 187269570 1
13877187 187892591 1
13877187 189690004 1
13877187 190125287 1
13877187 190146407 1
13877187 190269783 1
14524973 29225932 1
14524973 38035602 1
14524973 38385322 1
14524973 70115412 1
14524973 72390842 1
14524973 89795772 1
14524973 99655542 1
14524973 137761182 1
14524973 144215612 1
14524973 150835402 1
14524973 173086182 1
14524973 174297092 1
14524973 174933982 1
14524973 183175121 1
14524973 183982078 1
14524973 185370608 1
14524973 186301504 1
14524973 187204933 1
14524973 187269570 1
14524973 187892591 1
14524973 189690004 1
14524973 190125287 1
14524973 190146407 1
14524973 190269783 1
29225932 38035602 1
29225932 38385322 1
29225932 70115412 1
29225932 72390842 1
29225932 89795772 1
29225932 99655542 1
29225932 137761182 1
29225932 144215612 1
29225932 150835402 1
29225932 173086182 1
29225932 174297092 1
29225932 174933982 1
29225932 183175121 1
29225932 183982078 1
29225932 185370608 1
29225932 186301504 1
29225932 187204933 1
29225932 187269570 1
29225932 187892591 1
29225932 189690004 1
29225932 190125287 1
29225932 190146407 1
29225932 190269783 1
38035602 38385322 1
38035602 70115412 1
38035602 72390842 1
38035602 89795772 1
38035602 99655542 1
38035602 137761182 1
38035602 144215612 1
38035602 150835402 1
38035602 173086182 1
38035602 174297092 1
38035602 174933982 1
38035602 183175121 1
38035602 183982078 1
38035602 185370608 1
38035602 186301504 1
38035602 187204933 1
38035602 187269570 1
38035602 187892591 1
38035602 189690004 1
38035602 190125287 1
38035602 190146407 1
38035602 190269783 1
38385322 70115412 1
38385322 72390842 1
38385322 89795772 1
38385322 99655542 1
38385322 137761182 1
38385322 144215612 1
38385322 150835402 1
38385322 173086182 1
38385322 174297092 1
38385322 174933982 1
38385322 183175121 1
38385322 183982078 1
38385322 185370608 1
38385322 186301504 1
38385322 187204933 1
38385322 187269570 1
38385322 187892591 1
38385322 189690004 1
38385322 190125287 1
38385322 190146407 1
38385322 190269783 1
70115412 72390842 1
70115412 89795772 1
70115412 99655542 1
70115412 137761182 1
70115412 144215612 1
70115412 150835402 1
70115412 173086182 1
70115412 174297092 1
70115412 174933982 1
70115412 183175121 1
70115412 183982078 1
70115412 185370608 1
70115412 186301504 1
70115412 187204933 1
70115412 187269570 1
70115412 187892591 1
70115412 189690004 1
70115412 190125287 1
70115412 190146407 1
70115412 190269783 1
72390842 89795772 1
72390842 99655542 1
72390842 137761182 1
72390842 144215612 1
72390842 150835402 1
72390842 173086182 1
72390842 174297092 1
72390842 174933982 1
72390842 183175121 1
72390842 183982078 1
72390842 185370608 1
72390842 186301504 1
72390842 187204933 1
72390842 187269570 1
72390842 187892591 1
72390842 189690004 1
72390842 190125287 1
72390842 190146407 1
72390842 190269783 1
89795772 99655542 1
89795772 137761182 1
89795772 144215612 1
89795772 150835402 1
89795772 173086182 1
89795772 174297092 1
89795772 174933982 1
89795772 183175121 1
89795772 183982078 1
89795772 185370608 1
89795772 186301504 1
89795772 187204933 1
89795772 187269570 1
89795772 187892591 1
89795772 189690004 1
89795772 190125287 1
89795772 190146407 1
89795772 190269783 1
99655542 137761182 1
99655542 144215612 1
99655542 150835402 1
99655542 173086182 1
99655542 174297092 1
99655542 174933982 1
99655542 183175121 1
99655542 183982078 1
99655542 185370608 1
99655542 186301504 1
99655542 187204933 1
99655542 187269570 1
99655542 187892591 1
99655542 189690004 1
99655542 190125287 1
99655542 190146407 1
99655542 190269783 1
137761182 144215612 1
137761182 150835402 1
137761182 173086182 1
137761182 174297092 1
137761182 174933982 1
137761182 183175121 1
137761182 183982078 1
137761182 185370608 1
137761182 186301504 1
137761182 187204933 1
137761182 187269570 1
137761182 187892591 1
137761182 189690004 1
137761182 190125287 1
137761182 190146407 1
137761182 190269783 1
144215612 150835402 1
144215612 173086182 1
144215612 174297092 1
144215612 174933982 1
144215612 183175121 1
144215612 183982078 1
144215612 185370608 1
144215612 186301504 1
144215612 187204933 1
144215612 187269570 1
144215612 187892591 1
144215612 189690004 1
144215612 190125287 1
144215612 190146407 1
144215612 190269783 1
150835402 173086182 1
150835402 174297092 1
150835402 174933982 1
150835402 183175121 1
150835402 183982078 2
150835402 185370608 1
150835402 186301504 1
150835402 187204933 1
150835402 187269570 1
150835402 187892591 1
150835402 189690004 1
150835402 190125287 1
150835402 190146407 1
150835402 190269783 1
173086182 174297092 1
173086182 174933982 1
173086182 183175121 1
173086182 183982078 1
173086182 185370608 1
173086182 186301504 1
173086182 187204933 1
173086182 187269570 1
173086182 187892591 1
173086182 189690004 1
173086182 190125287 1
173086182 190146407 1
173086182 190269783 1
174297092 174933982 1
174297092 183175121 1
174297092 183982078 1
174297092 185370608 1
174297092 186301504 1
174297092 187204933 1
174297092 187269570 1
174297092 187892591 1
174297092 189690004 1
174297092 190125287 1
174297092 190146407 1
174297092 190269783 1
174933982 183175121 1
174933982 183982078 1
174933982 185370608 1
174933982 186301504 1
174933982 187204933 1
174933982 187269570 1
174933982 187892591 1
174933982 189690004 1
174933982 190125287 1
174933982 190146407 1
174933982 190269783 1
183175121 183982078 1
183175121 185370608 1
183175121 186301504 1
183175121 187204933 1
183175121 187269570 1
183175121 187892591 1
183175121 189690004 1
183175121 190125287 1
183175121 190146407 1
183175121 190269783 1
183982078 185370608 1
183982078 186301504 1
183982078 187204933 1
183982078 187269570 1
183982078 187892591 1
183982078 189690004 1
183982078 190125287 1
183982078 190146407 1
183982078 190269783 1
185370608 186301504 1
185370608 187204933 1
185370608 187269570 1
185370608 187892591 1
185370608 189690004 1
185370608 190125287 1
185370608 190146407 2
185370608 190269783 1
186301504 187204933 1
186301504 187269570 1
186301504 187892591 1
186301504 189690004 1
186301504 190125287 1
186301504 190146407 1
186301504 190269783 1
187204933 187269570 1
187204933 187892591 1
187204933 189690004 1
187204933 190125287 1
187204933 190146407 1
187204933 190269783 1
187269570 187892591 1
187269570 189690004 1
187269570 190125287 1
187269570 190146407 1
187269570 190269783 1
187892591 189690004 1
187892591 190125287 1
187892591 190146407 1
187892591 190269783 1
189690004 190125287 1
189690004 190146407 1
189690004 190269783 1
190125287 190146407 1
190125287 190269783 1
190146407 190269783 1
2358808 5795454 1
2358808 29225932 1
2358808 37047172 1
2358808 44895892 1
2358808 61541012 1
2358808 102710642 1
2358808 103200122 1
2358808 118277122 1
2358808 119443532 1
2358808 152703692 1
2358808 161251602 1
2358808 173393652 1
2358808 183667189 1
2358808 188966678 1
2358808 189740048 1
2358808 189803648 1
2358808 189982996 1
2358808 190096508 1
5795454 37047172 3
5795454 44895892 1
5795454 61541012 1
5795454 102710642 1
5795454 103200122 1
5795454 118277122 1
5795454 119443532 1
5795454 152703692 1
5795454 161251602 1
5795454 173393652 1
5795454 183667189 2
5795454 188966678 2
5795454 189740048 2
5795454 189803648 1
5795454 189982996 1
5795454 190096508 2
29225932 37047172 1
29225932 44895892 1
29225932 61541012 1
29225932 102710642 1
29225932 103200122 1
29225932 118277122 1
29225932 119443532 1
29225932 152703692 1
29225932 161251602 1
29225932 173393652 1
29225932 183667189 1
29225932 188966678 1
29225932 189740048 1
29225932 189803648 1
29225932 189982996 1
29225932 190096508 1
37047172 44895892 1
37047172 61541012 3
37047172 102710642 1
37047172 103200122 1
37047172 118277122 1
37047172 119443532 1
37047172 152703692 1
37047172 161251602 2
37047172 173393652 2
37047172 183667189 4
37047172 188966678 3
37047172 189740048 1
37047172 189803648 1
37047172 189982996 1
37047172 190096508 2
44895892 61541012 1
44895892 102710642 1
44895892 103200122 1
44895892 118277122 1
44895892 119443532 1
44895892 152703692 1
44895892 161251602 1
44895892 173393652 1
44895892 183667189 1
44895892 188966678 1
44895892 189740048 1
44895892 189803648 1
44895892 189982996 1
44895892 190096508 1
61541012 102710642 1
61541012 103200122 1
61541012 118277122 1
61541012 119443532 1
61541012 152703692 1
61541012 161251602 1
61541012 173393652 1
61541012 183667189 2
61541012 188966678 1
61541012 189740048 1
61541012 189803648 1
61541012 189982996 1
61541012 190096508 1
102710642 103200122 1
102710642 118277122 1
102710642 119443532 1
102710642 152703692 1
102710642 161251602 1
102710642 173393652 1
102710642 183667189 1
102710642 188966678 1
102710642 189740048 1
102710642 189803648 1
102710642 189982996 1
102710642 190096508 1
103200122 118277122 1
103200122 119443532 1
103200122 152703692 1
103200122 161251602 1
103200122 173393652 1
103200122 183667189 1
103200122 188966678 1
103200122 189740048 1
103200122 189803648 1
103200122 189982996 1
103200122 190096508 1
118277122 119443532 1
118277122 152703692 1
118277122 161251602 1
118277122 173393652 1
118277122 183667189 1
118277122 188966678 1
118277122 189740048 1
118277122 189803648 1
118277122 189982996 1
118277122 190096508 1
119443532 152703692 1
119443532 161251602 1
119443532 173393652 1
119443532 183667189 1
119443532 188966678 1
119443532 189740048 1
119443532 189803648 1
119443532 189982996 1
119443532 190096508 1
152703692 161251602 1
152703692 173393652 1
152703692 183667189 1
152703692 188966678 1
152703692 189740048 1
152703692 189803648 1
152703692 189982996 1
152703692 190096508 1
161251602 173393652 1
161251602 183667189 1
161251602 188966678 1
161251602 189740048 1
161251602 189803648 1
161251602 189982996 1
161251602 190096508 1
173393652 183667189 2
173393652 188966678 1
173393652 189740048 1
173393652 189803648 1
173393652 189982996 1
173393652 190096508 1
183667189 188966678 2
183667189 189740048 1
183667189 189803648 1
183667189 189982996 1
183667189 190096508 2
188966678 189740048 1
188966678 189803648 1
188966678 189982996 1
188966678 190096508 2
189740048 189803648 1
189740048 189982996 1
189740048 190096508 1
189803648 189982996 1
189803648 190096508 1
189982996 190096508 1
9521172 14701091 1
9521172 24817232 1
9521172 37047172 1
9521172 89260402 1
9521172 107670292 1
9521172 141233752 1
9521172 185370608 1
9521172 185421930 1
9521172 185666101 1
9521172 186232992 1
9521172 187060648 1
9521172 188802667 1
9521172 188966678 1
9521172 190146407 1
14701091 24817232 1
14701091 37047172 1
14701091 89260402 1
14701091 107670292 1
14701091 141233752 1
14701091 185370608 1
14701091 185421930 1
14701091 185666101 1
14701091 186232992 1
14701091 187060648 1
14701091 188802667 1
14701091 188966678 1
14701091 190146407 1
24817232 37047172 1
24817232 89260402 1
24817232 107670292 1
24817232 141233752 1
24817232 185370608 1
24817232 185421930 1
24817232 185666101 1
24817232 186232992 1
24817232 187060648 1
24817232 188802667 1
24817232 188966678 1
24817232 190146407 1
37047172 89260402 2
37047172 107670292 1
37047172 141233752 1
37047172 185370608 1
37047172 185421930 1
37047172 185666101 1
37047172 186232992 1
37047172 187060648 2
37047172 188802667 1
37047172 190146407 1
89260402 107670292 1
89260402 141233752 1
89260402 185370608 1
89260402 185421930 1
89260402 185666101 1
89260402 186232992 1
89260402 187060648 1
89260402 188802667 1
89260402 188966678 1
89260402 190146407 1
107670292 141233752 1
107670292 185370608 1
107670292 185421930 1
107670292 185666101 1
107670292 186232992 1
107670292 187060648 1
107670292 188802667 1
107670292 188966678 1
107670292 190146407 1
141233752 185370608 1
141233752 185421930 1
141233752 185666101 1
141233752 186232992 1
141233752 187060648 1
141233752 188802667 1
141233752 188966678 1
141233752 190146407 1
185370608 185421930 1
185370608 185666101 1
185370608 186232992 1
185370608 187060648 1
185370608 188802667 1
185370608 188966678 1
185421930 185666101 1
185421930 186232992 1
185421930 187060648 1
185421930 188802667 1
185421930 188966678 1
185421930 190146407 1
185666101 186232992 1
185666101 187060648 1
185666101 188802667 1
185666101 188966678 1
185666101 190146407 1
186232992 187060648 1
186232992 188802667 1
186232992 188966678 1
186232992 190146407 1
187060648 188802667 1
187060648 188966678 1
187060648 190146407 1
188802667 188966678 1
188802667 190146407 1
188966678 190146407 1
5795454 9696781 1
5795454 10510844 1
5795454 25711412 2
5795454 66818932 1
5795454 72122912 1
5795454 75085602 1
5795454 83360602 1
5795454 87074392 1
5795454 127388242 1
5795454 130530562 1
5795454 139826682 1
5795454 160761092 1
5795454 161879902 1
5795454 178558662 1
5795454 182993794 1
5795454 183814912 1
5795454 184875361 1
5795454 185217298 1
5795454 186005042 1
5795454 188238479 1
5795454 188736364 1
5795454 189347227 1
5795454 189368697 1
5795454 189781142 1
5795454 190171385 3
5795454 190276415 3
5795454 190577688 1
5795454 190605629 1
5795454 190648639 1
9696781 10510844 1
9696781 25711412 1
9696781 37047172 2
9696781 66818932 1
9696781 72122912 1
9696781 75085602 1
9696781 83360602 1
9696781 87074392 1
9696781 127388242 1
9696781 130530562 1
9696781 139826682 1
9696781 160761092 1
9696781 161879902 1
9696781 178558662 1
9696781 182993794 1
9696781 183175121 2
9696781 183667189 2
9696781 183814912 2
9696781 184875361 2
9696781 185217298 1
9696781 186005042 1
9696781 188238479 1
9696781 188736364 1
9696781 188966678 1
9696781 189347227 1
9696781 189368697 1
9696781 189781142 1
9696781 190096508 1
9696781 190171385 1
9696781 190276415 1
9696781 190577688 1
9696781 190605629 2
9696781 190648639 1
10510844 25711412 1
10510844 37047172 1
10510844 66818932 1
10510844 72122912 1
10510844 75085602 1
10510844 83360602 1
10510844 87074392 1
10510844 127388242 1
10510844 130530562 1
10510844 139826682 1
10510844 160761092 1
10510844 161879902 1
10510844 178558662 1
10510844 182993794 1
10510844 183175121 1
10510844 183667189 1
10510844 183814912 1
10510844 184875361 1
10510844 185217298 1
10510844 186005042 1
10510844 188238479 1
10510844 188736364 1
10510844 188966678 1
10510844 189347227 1
10510844 189368697 1
10510844 189781142 1
10510844 190096508 1
10510844 190171385 1
10510844 190276415 1
10510844 190577688 1
10510844 190605629 1
10510844 190648639 1
25711412 37047172 1
25711412 66818932 1
25711412 72122912 1
25711412 75085602 1
25711412 83360602 1
25711412 87074392 1
25711412 127388242 1
25711412 130530562 1
25711412 139826682 1
25711412 160761092 1
25711412 161879902 1
25711412 178558662 1
25711412 182993794 1
25711412 183175121 1
25711412 183667189 1
25711412 183814912 1
25711412 184875361 1
25711412 185217298 1
25711412 186005042 1
25711412 188238479 1
25711412 188736364 1
25711412 188966678 1
25711412 189347227 1
25711412 189368697 1
25711412 189781142 1
25711412 190096508 1
25711412 190171385 2
25711412 190276415 2
25711412 190577688 1
25711412 190605629 1
25711412 190648639 1
37047172 66818932 1
37047172 72122912 1
37047172 75085602 2
37047172 83360602 1
37047172 87074392 1
37047172 127388242 1
37047172 130530562 1
37047172 139826682 2
37047172 160761092 1
37047172 161879902 2
37047172 178558662 1
37047172 182993794 1
37047172 183175121 3
37047172 183814912 3
37047172 184875361 4
37047172 185217298 1
37047172 186005042 1
37047172 188238479 1
37047172 188736364 1
37047172 189347227 2
37047172 189368697 2
37047172 189781142 2
37047172 190171385 3
37047172 190276415 2
37047172 190577688 1
37047172 190605629 2
37047172 190648639 1
66818932 72122912 1
66818932 75085602 1
66818932 83360602 1
66818932 87074392 1
66818932 127388242 1
66818932 130530562 1
66818932 139826682 1
66818932 160761092 1
66818932 161879902 1
66818932 178558662 1
66818932 182993794 1
66818932 183175121 1
66818932 183667189 1
66818932 183814912 1
66818932 184875361 1
66818932 185217298 1
66818932 186005042 1
66818932 188238479 1
66818932 188736364 1
66818932 188966678 1
66818932 189347227 1
66818932 189368697 1
66818932 189781142 1
66818932 190096508 1
66818932 190171385 1
66818932 190276415 1
66818932 190577688 1
66818932 190605629 1
66818932 190648639 1
72122912 75085602 1
72122912 83360602 1
72122912 87074392 1
72122912 127388242 1
72122912 130530562 1
72122912 139826682 1
72122912 160761092 1
72122912 161879902 1
72122912 178558662 1
72122912 182993794 1
72122912 183175121 1
72122912 183667189 1
72122912 183814912 1
72122912 184875361 1
72122912 185217298 1
72122912 186005042 1
72122912 188238479 1
72122912 188736364 1
72122912 188966678 1
72122912 189347227 1
72122912 189368697 1
72122912 189781142 1
72122912 190096508 1
72122912 190171385 1
72122912 190276415 1
72122912 190577688 1
72122912 190605629 1
72122912 190648639 1
75085602 83360602 1
75085602 87074392 1
75085602 127388242 1
75085602 130530562 1
75085602 139826682 2
75085602 160761092 1
75085602 161879902 2
75085602 178558662 1
75085602 182993794 1
75085602 183175121 1
75085602 183667189 1
75085602 183814912 2
75085602 184875361 2
75085602 185217298 1
75085602 186005042 1
75085602 188238479 1
75085602 188736364 1
75085602 188966678 1
75085602 189347227 1
75085602 189368697 2
75085602 189781142 2
75085602 190096508 1
75085602 190171385 1
75085602 190276415 1
75085602 190577688 1
75085602 190605629 1
75085602 190648639 1
83360602 87074392 1
83360602 127388242 1
83360602 130530562 1
83360602 139826682 1
83360602 160761092 1
83360602 161879902 1
83360602 178558662 1
83360602 182993794 1
83360602 183175121 1
83360602 183667189 1
83360602 183814912 1
83360602 184875361 1
83360602 185217298 1
83360602 186005042 1
83360602 188238479 1
83360602 188736364 1
83360602 188966678 1
83360602 189347227 1
83360602 189368697 1
83360602 189781142 1
83360602 190096508 1
83360602 190171385 1
83360602 190276415 1
83360602 190577688 1
83360602 190605629 1
83360602 190648639 1
87074392 127388242 1
87074392 130530562 1
87074392 139826682 1
87074392 160761092 1
87074392 161879902 1
87074392 178558662 1
87074392 182993794 1
87074392 183175121 1
87074392 183667189 1
87074392 183814912 1
87074392 184875361 1
87074392 185217298 1
87074392 186005042 1
87074392 188238479 1
87074392 188736364 1
87074392 188966678 1
87074392 189347227 1
87074392 189368697 1
87074392 189781142 1
87074392 190096508 1
87074392 190171385 1
87074392 190276415 1
87074392 190577688 1
87074392 190605629 1
87074392 190648639 1
127388242 130530562 1
127388242 139826682 1
127388242 160761092 1
127388242 161879902 1
127388242 178558662 1
127388242 182993794 1
127388242 183175121 1
127388242 183667189 1
127388242 183814912 1
127388242 184875361 1
127388242 185217298 1
127388242 186005042 1
127388242 188238479 1
127388242 188736364 1
127388242 188966678 1
127388242 189347227 1
127388242 189368697 1
127388242 189781142 1
127388242 190096508 1
127388242 190171385 1
127388242 190276415 1
127388242 190577688 1
127388242 190605629 1
127388242 190648639 1
130530562 139826682 1
130530562 160761092 1
130530562 161879902 1
130530562 178558662 1
130530562 182993794 1
130530562 183175121 1
130530562 183667189 1
130530562 183814912 1
130530562 184875361 1
130530562 185217298 1
130530562 186005042 1
130530562 188238479 1
130530562 188736364 1
130530562 188966678 1
130530562 189347227 1
130530562 189368697 1
130530562 189781142 1
130530562 190096508 1
130530562 190171385 1
130530562 190276415 1
130530562 190577688 1
130530562 190605629 1
130530562 190648639 1
139826682 160761092 1
139826682 161879902 2
139826682 178558662 1
139826682 182993794 1
139826682 183175121 1
139826682 183667189 1
139826682 183814912 2
139826682 184875361 2
139826682 185217298 1
139826682 186005042 1
139826682 188238479 1
139826682 188736364 1
139826682 188966678 1
139826682 189347227 1
139826682 189368697 2
139826682 189781142 2
139826682 190096508 1
139826682 190171385 1
139826682 190276415 1
139826682 190577688 1
139826682 190605629 1
139826682 190648639 1
160761092 161879902 1
160761092 178558662 1
160761092 182993794 1
160761092 183175121 1
160761092 183667189 1
160761092 183814912 1
160761092 184875361 1
160761092 185217298 1
160761092 186005042 1
160761092 188238479 1
160761092 188736364 1
160761092 188966678 1
160761092 189347227 1
160761092 189368697 1
160761092 189781142 1
160761092 190096508 1
160761092 190171385 1
160761092 190276415 1
160761092 190577688 1
160761092 190605629 1
160761092 190648639 1
161879902 178558662 1
161879902 182993794 1
161879902 183175121 1
161879902 183667189 1
161879902 183814912 2
161879902 184875361 2
161879902 185217298 1
161879902 186005042 1
161879902 188238479 1
161879902 188736364 1
161879902 188966678 1
161879902 189347227 1
161879902 189368697 2
161879902 189781142 2
161879902 190096508 1
161879902 190171385 1
161879902 190276415 1
161879902 190577688 1
161879902 190605629 1
161879902 190648639 1
178558662 182993794 1
178558662 183175121 1
178558662 183667189 1
178558662 183814912 1
178558662 184875361 1
178558662 185217298 1
178558662 186005042 1
178558662 188238479 1
178558662 188736364 1
178558662 188966678 1
178558662 189347227 1
178558662 189368697 1
178558662 189781142 1
178558662 190096508 1
178558662 190171385 1
178558662 190276415 1
178558662 190577688 1
178558662 190605629 1
178558662 190648639 1
182993794 183175121 1
182993794 183667189 1
182993794 183814912 1
182993794 184875361 1
182993794 185217298 1
182993794 186005042 1
182993794 188238479 1
182993794 188736364 1
182993794 188966678 1
182993794 189347227 1
182993794 189368697 1
182993794 189781142 1
182993794 190096508 1
182993794 190171385 1
182993794 190276415 1
182993794 190577688 1
182993794 190605629 1
182993794 190648639 1
183175121 183667189 3
183175121 183814912 2
183175121 184875361 2
183175121 185217298 1
183175121 186005042 1
183175121 188238479 1
183175121 188736364 1
183175121 188966678 1
183175121 189347227 2
183175121 189368697 1
183175121 189781142 1
183175121 190096508 1
183175121 190171385 2
183175121 190276415 1
183175121 190577688 1
183175121 190605629 2
183175121 190648639 1
183667189 183814912 2
183667189 184875361 2
183667189 185217298 1
183667189 186005042 1
183667189 188238479 1
183667189 188736364 1
183667189 189347227 2
183667189 189368697 1
183667189 189781142 1
183667189 190171385 2
183667189 190276415 1
183667189 190577688 1
183667189 190605629 2
183667189 190648639 1
183814912 184875361 3
183814912 185217298 1
183814912 186005042 1
183814912 188238479 1
183814912 188736364 1
183814912 188966678 1
183814912 189347227 1
183814912 189368697 2
183814912 189781142 2
183814912 190096508 1
183814912 190171385 1
183814912 190276415 1
183814912 190577688 1
183814912 190605629 2
183814912 190648639 1
184875361 185217298 1
184875361 186005042 1
184875361 188238479 1
184875361 188736364 1
184875361 188966678 1
184875361 189347227 1
184875361 189368697 2
184875361 189781142 2
184875361 190096508 1
184875361 190171385 1
184875361 190276415 1
184875361 190577688 1
184875361 190605629 2
184875361 190648639 1
185217298 186005042 1
185217298 188238479 1
185217298 188736364 1
185217298 188966678 1
185217298 189347227 1
185217298 189368697 1
185217298 189781142 1
185217298 190096508 1
185217298 190171385 1
185217298 190276415 1
185217298 190577688 1
185217298 190605629 1
185217298 190648639 1
186005042 188238479 1
186005042 188736364 1
186005042 188966678 1
186005042 189347227 1
186005042 189368697 1
186005042 189781142 1
186005042 190096508 1
186005042 190171385 1
186005042 190276415 1
186005042 190577688 1
186005042 190605629 1
186005042 190648639 1
188238479 188736364 1
188238479 188966678 1
188238479 189347227 1
188238479 189368697 1
188238479 189781142 1
188238479 190096508 1
188238479 190171385 1
188238479 190276415 1
188238479 190577688 1
188238479 190605629 1
188238479 190648639 1
188736364 188966678 1
188736364 189347227 1
188736364 189368697 1
188736364 189781142 1
188736364 190096508 1
188736364 190171385 1
188736364 190276415 1
188736364 190577688 1
188736364 190605629 1
188736364 190648639 1
188966678 189347227 1
188966678 189368697 1
188966678 189781142 1
188966678 190171385 1
188966678 190276415 1
188966678 190577688 1
188966678 190605629 1
188966678 190648639 1
189347227 189368697 1
189347227 189781142 1
189347227 190096508 1
189347227 190171385 2
189347227 190276415 1
189347227 190577688 1
189347227 190605629 1
189347227 190648639 1
189368697 189781142 2
189368697 190096508 1
189368697 190171385 1
189368697 190276415 1
189368697 190577688 1
189368697 190605629 1
189368697 190648639 1
189781142 190096508 1
189781142 190171385 1
189781142 190276415 1
189781142 190577688 1
189781142 190605629 1
189781142 190648639 1
190096508 190171385 1
190096508 190276415 1
190096508 190577688 1
190096508 190605629 1
190096508 190648639 1
190171385 190276415 3
190171385 190577688 1
190171385 190605629 1
190171385 190648639 1
190276415 190577688 1
190276415 190605629 1
190276415 190648639 1
190577688 190605629 1
190577688 190648639 1
190605629 190648639 1
3085929 37047172 3
3085929 61754542 1
3085929 75085602 1
3085929 139826682 1
3085929 144018612 1
3085929 150835402 2
3085929 153417642 1
3085929 161251602 1
3085929 161879902 1
3085929 182957562 2
3085929 183120183 1
3085929 183814912 1
3085929 184875361 1
3085929 187496373 1
3085929 187714403 1
3085929 189368697 1
3085929 189397374 1
3085929 189781142 1
3085929 189980480 1
3085929 190399702 2
3085929 190683185 2
3085929 190750786 1
37047172 61754542 1
37047172 144018612 1
37047172 150835402 1
37047172 153417642 1
37047172 182957562 3
37047172 183120183 1
37047172 187496373 1
37047172 187714403 1
37047172 189397374 1
37047172 189980480 1
37047172 190399702 2
37047172 190683185 2
37047172 190750786 1
61754542 75085602 1
61754542 139826682 1
61754542 144018612 1
61754542 150835402 1
61754542 153417642 1
61754542 161251602 1
61754542 161879902 1
61754542 182957562 1
61754542 183120183 1
61754542 183814912 1
61754542 184875361 1
61754542 187496373 1
61754542 187714403 1
61754542 189368697 1
61754542 189397374 1
61754542 189781142 1
61754542 189980480 1
61754542 190399702 1
61754542 190683185 1
61754542 190750786 1
75085602 144018612 1
75085602 150835402 1
75085602 153417642 1
75085602 161251602 1
75085602 182957562 1
75085602 183120183 1
75085602 187496373 1
75085602 187714403 1
75085602 189397374 1
75085602 189980480 1
75085602 190399702 1
75085602 190683185 1
75085602 190750786 1
139826682 144018612 1
139826682 150835402 1
139826682 153417642 1
139826682 161251602 1
139826682 182957562 1
139826682 183120183 1
139826682 187496373 1
139826682 187714403 1
139826682 189397374 1
139826682 189980480 1
139826682 190399702 1
139826682 190683185 1
139826682 190750786 1
144018612 150835402 1
144018612 153417642 1
144018612 161251602 1
144018612 161879902 1
144018612 182957562 1
144018612 183120183 1
144018612 183814912 1
144018612 184875361 1
144018612 187496373 1
144018612 187714403 1
144018612 189368697 1
144018612 189397374 1
144018612 189781142 1
144018612 189980480 1
144018612 190399702 1
144018612 190683185 1
144018612 190750786 1
150835402 153417642 1
150835402 161251602 1
150835402 161879902 1
150835402 182957562 1
150835402 183120183 1
150835402 183814912 1
150835402 184875361 1
150835402 187496373 1
150835402 187714403 1
150835402 189368697 1
150835402 189397374 1
150835402 189781142 1
150835402 189980480 1
150835402 190399702 1
150835402 190683185 1
150835402 190750786 1
153417642 161251602 1
153417642 161879902 1
153417642 182957562 1
153417642 183120183 1
153417642 183814912 1
153417642 184875361 1
153417642 187496373 1
153417642 187714403 1
153417642 189368697 1
153417642 189397374 1
153417642 189781142 1
153417642 189980480 1
153417642 190399702 1
153417642 190683185 1
153417642 190750786 1
161251602 161879902 1
161251602 182957562 1
161251602 183120183 1
161251602 183814912 1
161251602 184875361 1
161251602 187496373 1
161251602 187714403 1
161251602 189368697 1
161251602 189397374 1
161251602 189781142 1
161251602 189980480 1
161251602 190399702 1
161251602 190683185 1
161251602 190750786 1
161879902 182957562 1
161879902 183120183 1
161879902 187496373 1
161879902 187714403 1
161879902 189397374 1
161879902 189980480 1
161879902 190399702 1
161879902 190683185 1
161879902 190750786 1
182957562 183120183 1
182957562 183814912 1
182957562 184875361 2
182957562 187496373 1
182957562 187714403 1
182957562 189368697 1
182957562 189397374 1
182957562 189781142 1
182957562 189980480 1
182957562 190399702 2
182957562 190683185 2
182957562 190750786 1
183120183 183814912 1
183120183 184875361 1
183120183 187496373 1
183120183 187714403 1
183120183 189368697 1
183120183 189397374 1
183120183 189781142 1
183120183 189980480 1
183120183 190399702 1
183120183 190683185 1
183120183 190750786 1
183814912 187496373 1
183814912 187714403 1
183814912 189397374 1
183814912 189980480 1
183814912 190399702 1
183814912 190683185 1
183814912 190750786 1
184875361 187496373 1
184875361 187714403 1
184875361 189397374 1
184875361 189980480 1
184875361 190399702 1
184875361 190683185 1
184875361 190750786 1
187496373 187714403 1
187496373 189368697 1
187496373 189397374 1
187496373 189781142 1
187496373 189980480 1
187496373 190399702 1
187496373 190683185 1
187496373 190750786 1
187714403 189368697 1
187714403 189397374 1
187714403 189781142 1
187714403 189980480 1
187714403 190399702 1
187714403 190683185 1
187714403 190750786 1
189368697 189397374 1
189368697 189980480 1
189368697 190399702 1
189368697 190683185 1
189368697 190750786 1
189397374 189781142 1
189397374 189980480 1
189397374 190399702 1
189397374 190683185 1
189397374 190750786 1
189781142 189980480 1
189781142 190399702 1
189781142 190683185 1
189781142 190750786 1
189980480 190399702 1
189980480 190683185 1
189980480 190750786 1
190399702 190683185 2
190399702 190750786 1
190683185 190750786 1
4083528 9696781 1
4083528 13108061 1
4083528 37047172 1
4083528 40356592 1
4083528 49399952 1
4083528 50517692 1
4083528 55485502 1
4083528 56410402 1
4083528 68000762 1
4083528 101840082 1
4083528 136416722 1
4083528 136809792 1
4083528 151542702 1
4083528 163071412 1
4083528 173393652 1
4083528 183175121 1
4083528 183667189 1
4083528 183814912 1
4083528 184875361 1
4083528 185459110 1
4083528 186293075 1
4083528 186878499 1
4083528 187060648 1
4083528 187293890 1
4083528 187610404 1
4083528 187731572 1
4083528 190336250 1
4083528 190605629 1
4083528 190966458 1
4083528 190982256 1
4083528 190984934 1
9696781 13108061 1
9696781 40356592 1
9696781 49399952 1
9696781 50517692 1
9696781 55485502 1
9696781 56410402 1
9696781 68000762 1
9696781 101840082 1
9696781 136416722 1
9696781 136809792 1
9696781 151542702 1
9696781 163071412 1
9696781 173393652 1
9696781 185459110 1
9696781 186293075 1
9696781 186878499 1
9696781 187060648 1
9696781 187293890 1
9696781 187610404 1
9696781 187731572 1
9696781 190336250 1
9696781 190966458 1
9696781 190982256 1
9696781 190984934 1
13108061 37047172 1
13108061 40356592 1
13108061 49399952 1
13108061 50517692 1
13108061 55485502 1
13108061 56410402 1
13108061 68000762 1
13108061 101840082 1
13108061 136416722 1
13108061 136809792 1
13108061 151542702 1
13108061 163071412 1
13108061 173393652 1
13108061 183175121 1
13108061 183667189 1
13108061 183814912 1
13108061 184875361 1
13108061 185459110 1
13108061 186293075 1
13108061 186878499 1
13108061 187060648 1
13108061 187293890 1
13108061 187610404 1
13108061 187731572 1
13108061 190336250 1
13108061 190605629 1
13108061 190966458 1
13108061 190982256 1
13108061 190984934 1
37047172 40356592 1
37047172 49399952 1
37047172 50517692 1
37047172 55485502 1
37047172 56410402 1
37047172 68000762 1
37047172 101840082 1
37047172 136416722 1
37047172 136809792 1
37047172 151542702 1
37047172 163071412 1
37047172 185459110 1
37047172 186293075 2
37047172 186878499 1
37047172 187293890 2
37047172 187610404 1
37047172 187731572 1
37047172 190336250 1
37047172 190966458 1
37047172 190982256 1
37047172 190984934 1
40356592 49399952 1
40356592 50517692 1
40356592 55485502 1
40356592 56410402 1
40356592 68000762 1
40356592 101840082 1
40356592 136416722 1
40356592 136809792 1
40356592 151542702 1
40356592 163071412 1
40356592 173393652 1
40356592 183175121 1
40356592 183667189 1
40356592 183814912 1
40356592 184875361 1
40356592 185459110 1
40356592 186293075 1
40356592 186878499 1
40356592 187060648 1
40356592 187293890 1
40356592 187610404 1
40356592 187731572 1
40356592 190336250 1
40356592 190605629 1
40356592 190966458 1
40356592 190982256 1
40356592 190984934 1
49399952 50517692 1
49399952 55485502 1
49399952 56410402 1
49399952 68000762 1
49399952 101840082 1
49399952 136416722 1
49399952 136809792 1
49399952 151542702 1
49399952 163071412 1
49399952 173393652 1
49399952 183175121 1
49399952 183667189 1
49399952 183814912 1
49399952 184875361 1
49399952 185459110 1
49399952 186293075 1
49399952 186878499 1
49399952 187060648 1
49399952 187293890 1
49399952 187610404 1
49399952 187731572 1
49399952 190336250 1
49399952 190605629 1
49399952 190966458 1
49399952 190982256 1
49399952 190984934 1
50517692 55485502 1
50517692 56410402 1
50517692 68000762 1
50517692 101840082 1
50517692 136416722 1
50517692 136809792 1
50517692 151542702 1
50517692 163071412 1
50517692 173393652 1
50517692 183175121 1
50517692 183667189 1
50517692 183814912 1
50517692 184875361 1
50517692 185459110 1
50517692 186293075 1
50517692 186878499 1
50517692 187060648 1
50517692 187293890 1
50517692 187610404 1
50517692 187731572 1
50517692 190336250 1
50517692 190605629 1
50517692 190966458 1
50517692 190982256 1
50517692 190984934 1
55485502 56410402 1
55485502 68000762 1
55485502 101840082 1
55485502 136416722 1
55485502 136809792 1
55485502 151542702 1
55485502 163071412 1
55485502 173393652 1
55485502 183175121 1
55485502 183667189 1
55485502 183814912 1
55485502 184875361 1
55485502 185459110 1
55485502 186293075 1
55485502 186878499 1
55485502 187060648 1
55485502 187293890 1
55485502 187610404 1
55485502 187731572 1
55485502 190336250 1
55485502 190605629 1
55485502 190966458 1
55485502 190982256 1
55485502 190984934 1
56410402 68000762 1
56410402 101840082 1
56410402 136416722 1
56410402 136809792 1
56410402 151542702 1
56410402 163071412 1
56410402 173393652 1
56410402 183175121 1
56410402 183667189 1
56410402 183814912 1
56410402 184875361 1
56410402 185459110 1
56410402 186293075 1
56410402 186878499 1
56410402 187060648 1
56410402 187293890 1
56410402 187610404 1
56410402 187731572 1
56410402 190336250 1
56410402 190605629 1
56410402 190966458 1
56410402 190982256 1
56410402 190984934 1
68000762 101840082 1
68000762 136416722 1
68000762 136809792 1
68000762 151542702 1
68000762 163071412 1
68000762 173393652 1
68000762 183175121 1
68000762 183667189 1
68000762 183814912 1
68000762 184875361 1
68000762 185459110 1
68000762 186293075 1
68000762 186878499 1
68000762 187060648 1
68000762 187293890 1
68000762 187610404 1
68000762 187731572 1
68000762 190336250 1
68000762 190605629 1
68000762 190966458 1
68000762 190982256 1
68000762 190984934 1
101840082 136416722 1
101840082 136809792 1
101840082 151542702 1
101840082 163071412 1
101840082 173393652 1
101840082 183175121 1
101840082 183667189 1
101840082 183814912 1
101840082 184875361 1
101840082 185459110 1
101840082 186293075 1
101840082 186878499 1
101840082 187060648 1
101840082 187293890 1
101840082 187610404 1
101840082 187731572 1
101840082 190336250 1
101840082 190605629 1
101840082 190966458 1
101840082 190982256 1
101840082 190984934 1
136416722 136809792 1
136416722 151542702 1
136416722 163071412 1
136416722 173393652 1
136416722 183175121 1
136416722 183667189 1
136416722 183814912 1
136416722 184875361 1
136416722 185459110 1
136416722 186293075 1
136416722 186878499 1
136416722 187060648 1
136416722 187293890 1
136416722 187610404 1
136416722 187731572 1
136416722 190336250 1
136416722 190605629 1
136416722 190966458 1
136416722 190982256 1
136416722 190984934 1
136809792 151542702 1
136809792 163071412 1
136809792 173393652 1
136809792 183175121 1
136809792 183667189 1
136809792 183814912 1
136809792 184875361 1
136809792 185459110 1
136809792 186293075 1
136809792 186878499 1
136809792 187060648 1
136809792 187293890 1
136809792 187610404 1
136809792 187731572 1
136809792 190336250 1
136809792 190605629 1
136809792 190966458 1
136809792 190982256 1
136809792 190984934 1
151542702 163071412 1
151542702 173393652 1
151542702 183175121 1
151542702 183667189 1
151542702 183814912 1
151542702 184875361 1
151542702 185459110 1
151542702 186293075 1
151542702 186878499 1
151542702 187060648 1
151542702 187293890 1
151542702 187610404 1
151542702 187731572 1
151542702 190336250 1
151542702 190605629 1
151542702 190966458 1
151542702 190982256 1
151542702 190984934 1
163071412 173393652 1
163071412 183175121 1
163071412 183667189 1
163071412 183814912 1
163071412 184875361 1
163071412 185459110 1
163071412 186293075 1
163071412 186878499 1
163071412 187060648 1
163071412 187293890 1
163071412 187610404 1
163071412 187731572 1
163071412 190336250 1
163071412 190605629 1
163071412 190966458 1
163071412 190982256 1
163071412 190984934 1
173393652 183175121 1
173393652 183814912 1
173393652 184875361 1
173393652 185459110 1
173393652 186293075 1
173393652 186878499 1
173393652 187060648 1
173393652 187293890 1
173393652 187610404 1
173393652 187731572 1
173393652 190336250 1
173393652 190605629 1
173393652 190966458 1
173393652 190982256 1
173393652 190984934 1
183175121 185459110 1
183175121 186293075 2
183175121 186878499 1
183175121 187060648 1
183175121 187293890 1
183175121 187610404 1
183175121 187731572 1
183175121 190336250 1
183175121 190966458 1
183175121 190982256 1
183175121 190984934 1
183667189 185459110 1
183667189 186293075 2
183667189 186878499 1
183667189 187060648 1
183667189 187293890 1
183667189 187610404 1
183667189 187731572 1
183667189 190336250 1
183667189 190966458 1
183667189 190982256 1
183667189 190984934 1
183814912 185459110 1
183814912 186293075 1
183814912 186878499 1
183814912 187060648 1
183814912 187293890 1
183814912 187610404 1
183814912 187731572 1
183814912 190336250 1
183814912 190966458 1
183814912 190982256 1
183814912 190984934 1
184875361 185459110 1
184875361 186293075 1
184875361 186878499 1
184875361 187060648 1
184875361 187293890 1
184875361 187610404 1
184875361 187731572 1
184875361 190336250 1
184875361 190966458 1
184875361 190982256 1
184875361 190984934 1
185459110 186293075 1
185459110 186878499 1
185459110 187060648 1
185459110 187293890 1
185459110 187610404 1
185459110 187731572 1
185459110 190336250 1
185459110 190605629 1
185459110 190966458 1
185459110 190982256 1
185459110 190984934 1
186293075 186878499 1
186293075 187060648 1
186293075 187293890 1
186293075 187610404 1
186293075 187731572 1
186293075 190336250 1
186293075 190605629 1
186293075 190966458 1
186293075 190982256 1
186293075 190984934 1
186878499 187060648 1
186878499 187293890 1
186878499 187610404 1
186878499 187731572 1
186878499 190336250 1
186878499 190605629 1
186878499 190966458 1
186878499 190982256 1
186878499 190984934 1
187060648 187293890 1
187060648 187610404 1
187060648 187731572 1
187060648 190336250 1
187060648 190605629 1
187060648 190966458 1
187060648 190982256 1
187060648 190984934 1
187293890 187610404 1
187293890 187731572 1
187293890 190336250 1
187293890 190605629 1
187293890 190966458 1
187293890 190982256 1
187293890 190984934 1
187610404 187731572 1
187610404 190336250 1
187610404 190605629 1
187610404 190966458 1
187610404 190982256 1
187610404 190984934 1
187731572 190336250 1
187731572 190605629 1
187731572 190966458 1
187731572 190982256 1
187731572 190984934 1
190336250 190605629 1
190336250 190966458 1
190336250 190982256 1
190336250 190984934 1
190605629 190966458 1
190605629 190982256 1
190605629 190984934 1
190966458 190982256 1
190966458 190984934 1
190982256 190984934 1
1063172 1754635 1
1063172 3085929 1
1063172 3268377 1
1063172 4897039 1
1063172 4961709 1
1063172 5795454 1
1063172 7452143 1
1063172 8074077 1
1063172 8111014 1
1063172 11081126 1
1063172 12715665 1
1063172 22192731 1
1063172 25711412 1
1063172 32495502 1
1063172 101027222 1
1063172 107670292 1
1063172 111232702 1
1063172 120504952 1
1063172 126504702 1
1063172 150835402 1
1063172 153880312 1
1063172 176539752 1
1063172 183982078 1
1063172 184224472 1
1063172 189393163 1
1063172 189740048 1
1063172 189834756 1
1063172 189996426 1
1063172 190171385 1
1063172 190276415 1
1063172 190614078 1
1754635 3085929 1
1754635 3268377 1
1754635 4897039 1
1754635 4961709 1
1754635 5795454 1
1754635 7452143 1
1754635 8074077 1
1754635 8111014 1
1754635 11081126 1
1754635 12715665 1
1754635 22192731 1
1754635 25711412 1
1754635 32495502 1
1754635 101027222 1
1754635 107670292 1
1754635 111232702 1
1754635 120504952 1
1754635 126504702 1
1754635 150835402 1
1754635 153880312 1
1754635 176539752 1
1754635 183982078 1
1754635 184224472 1
1754635 189393163 1
1754635 189740048 1
1754635 189834756 1
1754635 189996426 1
1754635 190171385 1
1754635 190276415 1
1754635 190614078 1
3085929 3268377 1
3085929 4897039 1
3085929 4961709 1
3085929 5795454 2
3085929 7452143 1
3085929 8074077 1
3085929 8111014 1
3085929 11081126 1
3085929 12715665 1
3085929 22192731 1
3085929 25711412 1
3085929 32495502 2
3085929 101027222 1
3085929 107670292 1
3085929 111232702 1
3085929 120504952 1
3085929 126504702 1
3085929 153880312 1
3085929 176539752 2
3085929 183982078 1
3085929 184224472 1
3085929 189393163 1
3085929 189740048 1
3085929 189834756 1
3085929 189996426 1
3085929 190171385 3
3085929 190276415 2
3085929 190614078 1
3268377 4897039 1
3268377 4961709 1
3268377 5795454 1
3268377 7452143 1
3268377 8074077 1
3268377 8111014 1
3268377 11081126 1
3268377 12715665 1
3268377 22192731 1
3268377 25711412 1
3268377 32495502 1
3268377 101027222 1
3268377 107670292 1
3268377 111232702 1
3268377 120504952 1
3268377 126504702 1
3268377 150835402 1
3268377 153880312 1
3268377 176539752 1
3268377 183982078 1
3268377 184224472 1
3268377 189393163 1
3268377 189740048 1
3268377 189834756 1
3268377 189996426 1
3268377 190171385 1
3268377 190276415 1
3268377 190614078 1
4897039 4961709 1
4897039 5795454 1
4897039 7452143 1
4897039 8074077 1
4897039 8111014 1
4897039 11081126 1
4897039 12715665 1
4897039 22192731 1
4897039 25711412 1
4897039 32495502 1
4897039 101027222 1
4897039 107670292 1
4897039 111232702 1
4897039 120504952 1
4897039 126504702 1
4897039 150835402 1
4897039 153880312 1
4897039 176539752 1
4897039 183982078 1
4897039 184224472 1
4897039 189393163 1
4897039 189740048 1
4897039 189834756 1
4897039 189996426 1
4897039 190171385 1
4897039 190276415 1
4897039 190614078 1
4961709 5795454 1
4961709 7452143 1
4961709 8074077 1
4961709 8111014 1
4961709 11081126 1
4961709 12715665 1
4961709 22192731 1
4961709 25711412 1
4961709 32495502 1
4961709 101027222 1
4961709 107670292 1
4961709 111232702 1
4961709 120504952 1
4961709 126504702 1
4961709 150835402 1
4961709 153880312 1
4961709 176539752 1
4961709 183982078 1
4961709 184224472 1
4961709 189393163 1
4961709 189740048 1
4961709 189834756 1
4961709 189996426 1
4961709 190171385 1
4961709 190276415 1
4961709 190614078 1
5795454 7452143 1
5795454 8111014 1
5795454 11081126 1
5795454 12715665 1
5795454 22192731 1
5795454 32495502 1
5795454 101027222 1
5795454 107670292 1
5795454 111232702 1
5795454 120504952 1
5795454 126504702 1
5795454 153880312 1
5795454 176539752 1
5795454 184224472 1
5795454 189393163 1
5795454 189834756 1
5795454 189996426 1
5795454 190614078 1
7452143 8074077 1
7452143 8111014 1
7452143 11081126 1
7452143 12715665 1
7452143 22192731 1
7452143 25711412 1
7452143 32495502 1
7452143 101027222 1
7452143 107670292 1
7452143 111232702 1
7452143 120504952 1
7452143 126504702 1
7452143 150835402 1
7452143 153880312 1
7452143 176539752 1
7452143 183982078 1
7452143 184224472 1
7452143 189393163 1
7452143 189740048 1
7452143 189834756 1
7452143 189996426 1
7452143 190171385 1
7452143 190276415 1
7452143 190614078 1
8074077 8111014 1
8074077 11081126 1
8074077 12715665 1
8074077 22192731 1
8074077 25711412 1
8074077 32495502 1
8074077 101027222 1
8074077 107670292 1
8074077 111232702 1
8074077 120504952 1
8074077 126504702 1
8074077 153880312 1
8074077 176539752 1
8074077 184224472 1
8074077 189393163 1
8074077 189740048 1
8074077 189834756 1
8074077 189996426 1
8074077 190171385 1
8074077 190276415 1
8074077 190614078 1
8111014 11081126 1
8111014 12715665 1
8111014 22192731 1
8111014 25711412 1
8111014 32495502 1
8111014 101027222 1
8111014 107670292 1
8111014 111232702 1
8111014 120504952 1
8111014 126504702 1
8111014 150835402 1
8111014 153880312 1
8111014 176539752 1
8111014 183982078 1
8111014 184224472 1
8111014 189393163 1
8111014 189740048 1
8111014 189834756 1
8111014 189996426 1
8111014 190171385 1
8111014 190276415 1
8111014 190614078 1
11081126 12715665 1
11081126 22192731 1
11081126 25711412 1
11081126 32495502 1
11081126 101027222 1
11081126 107670292 1
11081126 111232702 1
11081126 120504952 1
11081126 126504702 1
11081126 150835402 1
11081126 153880312 1
11081126 176539752 1
11081126 183982078 1
11081126 184224472 1
11081126 189393163 1
11081126 189740048 1
11081126 189834756 1
11081126 189996426 1
11081126 190171385 1
11081126 190276415 1
11081126 190614078 1
12715665 22192731 1
12715665 25711412 1
12715665 32495502 1
12715665 101027222 1
12715665 107670292 1
12715665 111232702 1
12715665 120504952 1
12715665 126504702 1
12715665 150835402 1
12715665 153880312 1
12715665 176539752 1
12715665 183982078 1
12715665 184224472 1
12715665 189393163 1
12715665 189740048 1
12715665 189834756 1
12715665 189996426 1
12715665 190171385 1
12715665 190276415 1
12715665 190614078 1
22192731 25711412 1
22192731 32495502 1
22192731 101027222 1
22192731 107670292 1
22192731 111232702 1
22192731 120504952 1
22192731 126504702 1
22192731 150835402 1
22192731 153880312 1
22192731 176539752 1
22192731 183982078 1
22192731 184224472 1
22192731 189393163 1
22192731 189740048 1
22192731 189834756 1
22192731 189996426 1
22192731 190171385 1
22192731 190276415 1
22192731 190614078 1
25711412 32495502 1
25711412 101027222 1
25711412 107670292 1
25711412 111232702 1
25711412 120504952 1
25711412 126504702 1
25711412 150835402 1
25711412 153880312 1
25711412 176539752 1
25711412 183982078 1
25711412 184224472 1
25711412 189393163 1
25711412 189740048 1
25711412 189834756 1
25711412 189996426 1
25711412 190614078 1
32495502 101027222 1
32495502 107670292 1
32495502 111232702 1
32495502 120504952 1
32495502 126504702 1
32495502 150835402 1
32495502 153880312 1
32495502 176539752 2
32495502 183982078 1
32495502 184224472 1
32495502 189393163 1
32495502 189740048 1
32495502 189834756 1
32495502 189996426 1
32495502 190171385 2
32495502 190276415 1
32495502 190614078 1
101027222 107670292 1
101027222 111232702 1
101027222 120504952 1
101027222 126504702 1
101027222 150835402 1
101027222 153880312 1
101027222 176539752 1
101027222 183982078 1
101027222 184224472 1
101027222 189393163 1
101027222 189740048 1
101027222 189834756 1
101027222 189996426 1
101027222 190171385 1
101027222 190276415 1
101027222 190614078 1
107670292 111232702 1
107670292 120504952 1
107670292 126504702 1
107670292 150835402 1
107670292 153880312 1
107670292 176539752 1
107670292 183982078 1
107670292 184224472 1
107670292 189393163 1
107670292 189740048 1
107670292 189834756 1
107670292 189996426 1
107670292 190171385 1
107670292 190276415 1
107670292 190614078 1
111232702 120504952 1
111232702 126504702 1
111232702 150835402 1
111232702 153880312 1
111232702 176539752 1
111232702 183982078 1
111232702 184224472 1
111232702 189393163 1
111232702 189740048 1
111232702 189834756 1
111232702 189996426 1
111232702 190171385 1
111232702 190276415 1
111232702 190614078 1
120504952 126504702 1
120504952 150835402 1
120504952 153880312 1
120504952 176539752 1
120504952 183982078 1
120504952 184224472 1
120504952 189393163 1
120504952 189740048 1
120504952 189834756 1
120504952 189996426 1
120504952 190171385 1
120504952 190276415 1
120504952 190614078 1
126504702 150835402 1
126504702 153880312 1
126504702 176539752 1
126504702 183982078 1
126504702 184224472 1
126504702 189393163 1
126504702 189740048 1
126504702 189834756 1
126504702 189996426 1
126504702 190171385 1
126504702 190276415 1
126504702 190614078 1
150835402 153880312 1
150835402 176539752 1
150835402 184224472 1
150835402 189393163 1
150835402 189740048 1
150835402 189834756 1
150835402 189996426 1
150835402 190171385 1
150835402 190276415 1
150835402 190614078 1
153880312 176539752 1
153880312 183982078 1
153880312 184224472 1
153880312 189393163 1
153880312 189740048 1
153880312 189834756 1
153880312 189996426 1
153880312 190171385 1
153880312 190276415 1
153880312 190614078 1
176539752 183982078 1
176539752 184224472 1
176539752 189393163 1
176539752 189740048 1
176539752 189834756 1
176539752 189996426 1
176539752 190171385 2
176539752 190276415 1
176539752 190614078 1
183982078 184224472 1
183982078 189393163 1
183982078 189740048 1
183982078 189834756 1
183982078 189996426 1
183982078 190171385 1
183982078 190276415 1
183982078 190614078 1
184224472 189393163 1
184224472 189740048 1
184224472 189834756 1
184224472 189996426 1
184224472 190171385 1
184224472 190276415 1
184224472 190614078 1
189393163 189740048 1
189393163 189834756 1
189393163 189996426 1
189393163 190171385 1
189393163 190276415 1
189393163 190614078 1
189740048 189834756 1
189740048 189996426 1
189740048 190171385 1
189740048 190276415 1
189740048 190614078 1
189834756 189996426 1
189834756 190171385 1
189834756 190276415 1
189834756 190614078 1
189996426 190171385 1
189996426 190276415 1
189996426 190614078 1
190171385 190614078 1
190276415 190614078 1
3085929 139035632 1
3085929 186311383 1
3085929 187293890 1
3085929 189123539 1
3085929 190942639 1
3085929 191042361 1
3085929 191059476 1
5795454 139035632 1
5795454 186311383 1
5795454 187293890 1
5795454 189123539 1
5795454 190942639 1
5795454 191042361 1
5795454 191059476 1
37047172 139035632 1
37047172 186311383 1
37047172 189123539 1
37047172 190942639 1
37047172 191042361 1
37047172 191059476 1
139035632 186311383 1
139035632 187293890 1
139035632 189123539 1
139035632 190171385 1
139035632 190276415 1
139035632 190942639 1
139035632 191042361 1
139035632 191059476 1
186311383 187293890 1
186311383 189123539 1
186311383 190171385 1
186311383 190276415 1
186311383 190942639 1
186311383 191042361 1
186311383 191059476 1
187293890 189123539 1
187293890 190171385 1
187293890 190276415 1
187293890 190942639 1
187293890 191042361 1
187293890 191059476 1
189123539 190171385 1
189123539 190276415 1
189123539 190942639 1
189123539 191042361 1
189123539 191059476 1
190171385 190942639 1
190171385 191042361 1
190171385 191059476 1
190276415 190942639 1
190276415 191042361 1
190276415 191059476 1
190942639 191042361 1
190942639 191059476 1
191042361 191059476 1
3085929 3529497 1
3085929 3975955 1
3085929 5354645 1
3085929 5600980 1
3085929 8248518 1
3085929 11209523 1
3085929 11825362 1
3085929 12859892 1
3085929 13431790 1
3085929 13442249 1
3085929 61541012 1
3085929 89260402 1
3085929 99737102 1
3085929 119678852 1
3085929 142420712 1
3085929 146425952 1
3085929 182781255 1
3085929 182967414 1
3085929 183175121 1
3085929 183667189 1
3085929 184137016 1
3085929 184398469 1
3085929 184399765 1
3085929 185793199 1
3085929 186293075 1
3085929 187203967 1
3085929 188193538 1
3085929 188634237 1
3085929 188897264 1
3085929 188930749 1
3085929 189018638 1
3085929 189347227 1
3085929 190024796 1
3085929 190845543 1
3085929 191051665 1
3085929 191072294 1
3085929 191152030 1
3085929 191164873 1
3529497 3975955 1
3529497 5354645 1
3529497 5600980 1
3529497 8248518 1
3529497 11209523 1
3529497 11825362 1
3529497 12859892 1
3529497 13431790 1
3529497 13442249 1
3529497 32495502 1
3529497 37047172 1
3529497 61541012 1
3529497 89260402 1
3529497 99737102 1
3529497 119678852 1
3529497 142420712 1
3529497 146425952 1
3529497 176539752 1
3529497 182781255 1
3529497 182957562 1
3529497 182967414 1
3529497 183175121 1
3529497 183667189 1
3529497 184137016 1
3529497 184398469 1
3529497 184399765 1
3529497 185793199 1
3529497 186293075 1
3529497 187203967 1
3529497 188193538 1
3529497 188634237 1
3529497 188897264 1
3529497 188930749 1
3529497 189018638 1
3529497 189347227 1
3529497 190024796 1
3529497 190171385 1
3529497 190399702 1
3529497 190683185 1
3529497 190845543 1
3529497 191051665 1
3529497 191072294 1
3529497 191152030 1
3529497 191164873 1
3975955 5354645 1
3975955 5600980 1
3975955 8248518 1
3975955 11209523 1
3975955 11825362 1
3975955 12859892 1
3975955 13431790 1
3975955 13442249 1
3975955 32495502 1
3975955 37047172 1
3975955 61541012 1
3975955 89260402 1
3975955 99737102 1
3975955 119678852 1
3975955 142420712 1
3975955 146425952 1
3975955 176539752 1
3975955 182781255 1
3975955 182957562 1
3975955 182967414 1
3975955 183175121 1
3975955 183667189 1
3975955 184137016 1
3975955 184398469 1
3975955 184399765 1
3975955 185793199 1
3975955 186293075 1
3975955 187203967 1
3975955 188193538 1
3975955 188634237 1
3975955 188897264 1
3975955 188930749 1
3975955 189018638 1
3975955 189347227 1
3975955 190024796 1
3975955 190171385 1
3975955 190399702 1
3975955 190683185 1
3975955 190845543 1
3975955 191051665 1
3975955 191072294 1
3975955 191152030 1
3975955 191164873 1
5354645 5600980 1
5354645 8248518 1
5354645 11209523 1
5354645 11825362 1
5354645 12859892 1
5354645 13431790 1
5354645 13442249 1
5354645 32495502 1
5354645 37047172 1
5354645 61541012 1
5354645 89260402 1
5354645 99737102 1
5354645 119678852 1
5354645 142420712 1
5354645 146425952 1
5354645 176539752 1
5354645 182781255 1
5354645 182957562 1
5354645 182967414 1
5354645 183175121 1
5354645 183667189 1
5354645 184137016 1
5354645 184398469 1
5354645 184399765 1
5354645 185793199 1
5354645 186293075 1
5354645 187203967 1
5354645 188193538 1
5354645 188634237 1
5354645 188897264 1
5354645 188930749 1
5354645 189018638 1
5354645 189347227 1
5354645 190024796 1
5354645 190171385 1
5354645 190399702 1
5354645 190683185 1
5354645 190845543 1
5354645 191051665 1
5354645 191072294 1
5354645 191152030 1
5354645 191164873 1
5600980 8248518 1
5600980 11209523 1
5600980 11825362 1
5600980 12859892 1
5600980 13431790 1
5600980 13442249 1
5600980 32495502 1
5600980 37047172 1
5600980 61541012 1
5600980 89260402 1
5600980 99737102 1
5600980 119678852 1
5600980 142420712 1
5600980 146425952 1
5600980 176539752 1
5600980 182781255 1
5600980 182957562 1
5600980 182967414 1
5600980 183175121 1
5600980 183667189 1
5600980 184137016 1
5600980 184398469 1
5600980 184399765 1
5600980 185793199 1
5600980 186293075 1
5600980 187203967 1
5600980 188193538 1
5600980 188634237 1
5600980 188897264 1
5600980 188930749 1
5600980 189018638 1
5600980 189347227 1
5600980 190024796 1
5600980 190171385 1
5600980 190399702 1
5600980 190683185 1
5600980 190845543 1
5600980 191051665 1
5600980 191072294 1
5600980 191152030 1
5600980 191164873 1
8248518 11209523 1
8248518 11825362 1
8248518 12859892 1
8248518 13431790 1
8248518 13442249 1
8248518 32495502 1
8248518 37047172 1
8248518 61541012 1
8248518 89260402 1
8248518 99737102 1
8248518 119678852 1
8248518 142420712 1
8248518 146425952 1
8248518 176539752 1
8248518 182781255 1
8248518 182957562 1
8248518 182967414 1
8248518 183175121 1
8248518 183667189 1
8248518 184137016 1
8248518 184398469 1
8248518 184399765 1
8248518 185793199 1
8248518 186293075 1
8248518 187203967 1
8248518 188193538 1
8248518 188634237 1
8248518 188897264 1
8248518 188930749 1
8248518 189018638 1
8248518 189347227 1
8248518 190024796 1
8248518 190171385 1
8248518 190399702 1
8248518 190683185 1
8248518 190845543 1
8248518 191051665 1
8248518 191072294 1
8248518 191152030 1
8248518 191164873 1
11209523 11825362 1
11209523 12859892 1
11209523 13431790 1
11209523 13442249 1
11209523 32495502 1
11209523 37047172 1
11209523 61541012 1
11209523 89260402 1
11209523 99737102 1
11209523 119678852 1
11209523 142420712 1
11209523 146425952 1
11209523 176539752 1
11209523 182781255 1
11209523 182957562 1
11209523 182967414 1
11209523 183175121 1
11209523 183667189 1
11209523 184137016 1
11209523 184398469 1
11209523 184399765 1
11209523 185793199 1
11209523 186293075 1
11209523 187203967 1
11209523 188193538 1
11209523 188634237 1
11209523 188897264 1
11209523 188930749 1
11209523 189018638 1
11209523 189347227 1
11209523 190024796 1
11209523 190171385 1
11209523 190399702 1
11209523 190683185 1
11209523 190845543 1
11209523 191051665 1
11209523 191072294 1
11209523 191152030 1
11209523 191164873 1
11825362 12859892 1
11825362 13431790 1
11825362 13442249 1
11825362 32495502 1
11825362 37047172 1
11825362 61541012 1
11825362 89260402 1
11825362 99737102 1
11825362 119678852 1
11825362 142420712 1
11825362 146425952 1
11825362 176539752 1
11825362 182781255 1
11825362 182957562 1
11825362 182967414 1
11825362 183175121 1
11825362 183667189 1
11825362 184137016 1
11825362 184398469 1
11825362 184399765 1
11825362 185793199 1
11825362 186293075 1
11825362 187203967 1
11825362 188193538 1
11825362 188634237 1
11825362 188897264 1
11825362 188930749 1
11825362 189018638 1
11825362 189347227 1
11825362 190024796 1
11825362 190171385 1
11825362 190399702 1
11825362 190683185 1
11825362 190845543 1
11825362 191051665 1
11825362 191072294 1
11825362 191152030 1
11825362 191164873 1
12859892 13431790 1
12859892 13442249 1
12859892 32495502 1
12859892 37047172 1
12859892 61541012 1
12859892 89260402 1
12859892 99737102 1
12859892 119678852 1
12859892 142420712 1
12859892 146425952 1
12859892 176539752 1
12859892 182781255 1
12859892 182957562 1
12859892 182967414 1
12859892 183175121 1
12859892 183667189 1
12859892 184137016 1
12859892 184398469 1
12859892 184399765 1
12859892 185793199 1
12859892 186293075 1
12859892 187203967 1
12859892 188193538 1
12859892 188634237 1
12859892 188897264 1
12859892 188930749 1
12859892 189018638 1
12859892 189347227 1
12859892 190024796 1
12859892 190171385 1
12859892 190399702 1
12859892 190683185 1
12859892 190845543 1
12859892 191051665 1
12859892 191072294 1
12859892 191152030 1
12859892 191164873 1
13431790 13442249 1
13431790 32495502 1
13431790 37047172 1
13431790 61541012 1
13431790 89260402 1
13431790 99737102 1
13431790 119678852 1
13431790 142420712 1
13431790 146425952 1
13431790 176539752 1
13431790 182781255 1
13431790 182957562 1
13431790 182967414 1
13431790 183175121 1
13431790 183667189 1
13431790 184137016 1
13431790 184398469 1
13431790 184399765 1
13431790 185793199 1
13431790 186293075 1
13431790 187203967 1
13431790 188193538 1
13431790 188634237 1
13431790 188897264 1
13431790 188930749 1
13431790 189018638 1
13431790 189347227 1
13431790 190024796 1
13431790 190171385 1
13431790 190399702 1
13431790 190683185 1
13431790 190845543 1
13431790 191051665 1
13431790 191072294 1
13431790 191152030 1
13431790 191164873 1
13442249 32495502 1
13442249 37047172 1
13442249 61541012 1
13442249 89260402 1
13442249 99737102 1
13442249 119678852 1
13442249 142420712 1
13442249 146425952 1
13442249 176539752 1
13442249 182781255 1
13442249 182957562 1
13442249 182967414 1
13442249 183175121 1
13442249 183667189 1
13442249 184137016 1
13442249 184398469 1
13442249 184399765 1
13442249 185793199 1
13442249 186293075 1
13442249 187203967 1
13442249 188193538 1
13442249 188634237 1
13442249 188897264 1
13442249 188930749 1
13442249 189018638 1
13442249 189347227 1
13442249 190024796 1
13442249 190171385 1
13442249 190399702 1
13442249 190683185 1
13442249 190845543 1
13442249 191051665 1
13442249 191072294 1
13442249 191152030 1
13442249 191164873 1
32495502 37047172 1
32495502 61541012 1
32495502 89260402 1
32495502 99737102 1
32495502 119678852 1
32495502 142420712 1
32495502 146425952 1
32495502 182781255 1
32495502 182957562 1
32495502 182967414 1
32495502 183175121 1
32495502 183667189 1
32495502 184137016 1
32495502 184398469 1
32495502 184399765 1
32495502 185793199 1
32495502 186293075 1
32495502 187203967 1
32495502 188193538 1
32495502 188634237 1
32495502 188897264 1
32495502 188930749 1
32495502 189018638 1
32495502 189347227 1
32495502 190024796 1
32495502 190399702 1
32495502 190683185 1
32495502 190845543 1
32495502 191051665 1
32495502 191072294 1
32495502 191152030 1
32495502 191164873 1
37047172 99737102 1
37047172 119678852 1
37047172 142420712 1
37047172 146425952 1
37047172 176539752 1
37047172 182781255 1
37047172 182967414 1
37047172 184137016 1
37047172 184398469 2
37047172 184399765 1
37047172 185793199 1
37047172 187203967 1
37047172 188193538 1
37047172 188634237 1
37047172 188897264 1
37047172 188930749 1
37047172 189018638 1
37047172 190024796 1
37047172 190845543 1
37047172 191051665 1
37047172 191072294 2
37047172 191152030 1
37047172 191164873 2
61541012 89260402 1
61541012 99737102 1
61541012 119678852 1
61541012 142420712 1
61541012 146425952 1
61541012 176539752 1
61541012 182781255 1
61541012 182957562 2
61541012 182967414 1
61541012 183175121 1
61541012 184137016 1
61541012 184398469 2
61541012 184399765 1
61541012 185793199 1
61541012 186293075 1
61541012 187203967 1
61541012 188193538 1
61541012 188634237 1
61541012 188897264 1
61541012 188930749 1
61541012 189018638 1
61541012 189347227 1
61541012 190024796 1
61541012 190171385 1
61541012 190399702 1
61541012 190683185 1
61541012 190845543 1
61541012 191051665 1
61541012 191072294 2
61541012 191152030 1
61541012 191164873 2
89260402 99737102 1
89260402 119678852 1
89260402 142420712 1
89260402 146425952 1
89260402 176539752 1
89260402 182781255 1
89260402 182957562 1
89260402 182967414 1
89260402 183175121 1
89260402 183667189 1
89260402 184137016 1
89260402 184398469 1
89260402 184399765 1
89260402 185793199 1
89260402 186293075 1
89260402 187203967 1
89260402 188193538 1
89260402 188634237 1
89260402 188897264 1
89260402 188930749 1
89260402 189018638 1
89260402 189347227 1
89260402 190024796 1
89260402 190171385 1
89260402 190399702 1
89260402 190683185 1
89260402 190845543 1
89260402 191051665 1
89260402 191072294 1
89260402 191152030 1
89260402 191164873 1
99737102 119678852 1
99737102 142420712 1
99737102 146425952 1
99737102 176539752 1
99737102 182781255 1
99737102 182957562 1
99737102 182967414 1
99737102 183175121 1
99737102 183667189 1
99737102 184137016 1
99737102 184398469 1
99737102 184399765 1
99737102 185793199 1
99737102 186293075 1
99737102 187203967 1
99737102 188193538 1
99737102 188634237 1
99737102 188897264 1
99737102 188930749 1
99737102 189018638 1
99737102 189347227 1
99737102 190024796 1
99737102 190171385 1
99737102 190399702 1
99737102 190683185 1
99737102 190845543 1
99737102 191051665 1
99737102 191072294 1
99737102 191152030 1
99737102 191164873 1
119678852 142420712 1
119678852 146425952 1
119678852 176539752 1
119678852 182781255 1
119678852 182957562 1
119678852 182967414 1
119678852 183175121 1
119678852 183667189 1
119678852 184137016 1
119678852 184398469 1
119678852 184399765 1
119678852 185793199 1
119678852 186293075 1
119678852 187203967 1
119678852 188193538 1
119678852 188634237 1
119678852 188897264 1
119678852 188930749 1
119678852 189018638 1
119678852 189347227 1
119678852 190024796 1
119678852 190171385 1
119678852 190399702 1
119678852 190683185 1
119678852 190845543 1
119678852 191051665 1
119678852 191072294 1
119678852 191152030 1
119678852 191164873 1
142420712 146425952 1
142420712 176539752 1
142420712 182781255 1
142420712 182957562 1
142420712 182967414 1
142420712 183175121 1
142420712 183667189 1
142420712 184137016 1
142420712 184398469 1
142420712 184399765 1
142420712 185793199 1
142420712 186293075 1
142420712 187203967 1
142420712 188193538 1
142420712 188634237 1
142420712 188897264 1
142420712 188930749 1
142420712 189018638 1
142420712 189347227 1
142420712 190024796 1
142420712 190171385 1
142420712 190399702 1
142420712 190683185 1
142420712 190845543 1
142420712 191051665 1
142420712 191072294 1
142420712 191152030 1
142420712 191164873 1
146425952 176539752 1
146425952 182781255 1
146425952 182957562 1
146425952 182967414 1
146425952 183175121 1
146425952 183667189 1
146425952 184137016 1
146425952 184398469 1
146425952 184399765 1
146425952 185793199 1
146425952 186293075 1
146425952 187203967 1
146425952 188193538 1
146425952 188634237 1
146425952 188897264 1
146425952 188930749 1
146425952 189018638 1
146425952 189347227 1
146425952 190024796 1
146425952 190171385 1
146425952 190399702 1
146425952 190683185 1
146425952 190845543 1
146425952 191051665 1
146425952 191072294 1
146425952 191152030 1
146425952 191164873 1
176539752 182781255 1
176539752 182957562 1
176539752 182967414 1
176539752 183175121 1
176539752 183667189 1
176539752 184137016 1
176539752 184398469 1
176539752 184399765 1
176539752 185793199 1
176539752 186293075 1
176539752 187203967 1
176539752 188193538 1
176539752 188634237 1
176539752 188897264 1
176539752 188930749 1
176539752 189018638 1
176539752 189347227 1
176539752 190024796 1
176539752 190399702 1
176539752 190683185 1
176539752 190845543 1
176539752 191051665 1
176539752 191072294 1
176539752 191152030 1
176539752 191164873 1
182781255 182957562 1
182781255 182967414 1
182781255 183175121 1
182781255 183667189 1
182781255 184137016 1
182781255 184398469 1
182781255 184399765 1
182781255 185793199 1
182781255 186293075 1
182781255 187203967 1
182781255 188193538 1
182781255 188634237 1
182781255 188897264 1
182781255 188930749 1
182781255 189018638 1
182781255 189347227 1
182781255 190024796 1
182781255 190171385 1
182781255 190399702 1
182781255 190683185 1
182781255 190845543 1
182781255 191051665 1
182781255 191072294 1
182781255 191152030 1
182781255 191164873 1
182957562 182967414 1
182957562 183175121 1
182957562 183667189 1
182957562 184137016 1
182957562 184398469 2
182957562 184399765 1
182957562 185793199 1
182957562 186293075 1
182957562 187203967 1
182957562 188193538 1
182957562 188634237 1
182957562 188897264 1
182957562 188930749 1
182957562 189018638 1
182957562 189347227 1
182957562 190024796 1
182957562 190171385 1
182957562 190845543 1
182957562 191051665 1
182957562 191072294 2
182957562 191152030 1
182957562 191164873 2
182967414 183175121 1
182967414 183667189 1
182967414 184137016 1
182967414 184398469 1
182967414 184399765 1
182967414 185793199 1
182967414 186293075 1
182967414 187203967 1
182967414 188193538 1
182967414 188634237 1
182967414 188897264 1
182967414 188930749 1
182967414 189018638 1
182967414 189347227 1
182967414 190024796 1
182967414 190171385 1
182967414 190399702 1
182967414 190683185 1
182967414 190845543 1
182967414 191051665 1
182967414 191072294 1
182967414 191152030 1
182967414 191164873 1
183175121 184137016 1
183175121 184398469 1
183175121 184399765 1
183175121 185793199 1
183175121 187203967 1
183175121 188193538 1
183175121 188634237 1
183175121 188897264 1
183175121 188930749 1
183175121 189018638 1
183175121 190024796 1
183175121 190399702 1
183175121 190683185 1
183175121 190845543 1
183175121 191051665 1
183175121 191072294 1
183175121 191152030 1
183175121 191164873 1
183667189 184137016 1
183667189 184398469 1
183667189 184399765 1
183667189 185793199 1
183667189 187203967 1
183667189 188193538 1
183667189 188634237 1
183667189 188897264 1
183667189 188930749 1
183667189 189018638 1
183667189 190024796 1
183667189 190399702 1
183667189 190683185 1
183667189 190845543 1
183667189 191051665 1
183667189 191072294 1
183667189 191152030 1
183667189 191164873 1
184137016 184398469 1
184137016 184399765 1
184137016 185793199 1
184137016 186293075 1
184137016 187203967 1
184137016 188193538 1
184137016 188634237 1
184137016 188897264 1
184137016 188930749 1
184137016 189018638 1
184137016 189347227 1
184137016 190024796 1
184137016 190171385 1
184137016 190399702 1
184137016 190683185 1
184137016 190845543 1
184137016 191051665 1
184137016 191072294 1
184137016 191152030 1
184137016 191164873 1
184398469 184399765 1
184398469 185793199 1
184398469 186293075 1
184398469 187203967 1
184398469 188193538 1
184398469 188634237 1
184398469 188897264 1
184398469 188930749 1
184398469 189018638 1
184398469 189347227 1
184398469 190024796 1
184398469 190171385 1
184398469 190399702 1
184398469 190683185 1
184398469 190845543 1
184398469 191051665 1
184398469 191072294 2
184398469 191152030 1
184398469 191164873 2
184399765 185793199 1
184399765 186293075 1
184399765 187203967 1
184399765 188193538 1
184399765 188634237 1
184399765 188897264 1
184399765 188930749 1
184399765 189018638 1
184399765 189347227 1
184399765 190024796 1
184399765 190171385 1
184399765 190399702 1
184399765 190683185 1
184399765 190845543 1
184399765 191051665 1
184399765 191072294 1
184399765 191152030 1
184399765 191164873 1
185793199 186293075 1
185793199 187203967 1
185793199 188193538 1
185793199 188634237 1
185793199 188897264 1
185793199 188930749 1
185793199 189018638 1
185793199 189347227 1
185793199 190024796 1
185793199 190171385 1
185793199 190399702 1
185793199 190683185 1
185793199 190845543 1
185793199 191051665 1
185793199 191072294 1
185793199 191152030 1
185793199 191164873 1
186293075 187203967 1
186293075 188193538 1
186293075 188634237 1
186293075 188897264 1
186293075 188930749 1
186293075 189018638 1
186293075 189347227 1
186293075 190024796 1
186293075 190171385 1
186293075 190399702 1
186293075 190683185 1
186293075 190845543 1
186293075 191051665 1
186293075 191072294 1
186293075 191152030 1
186293075 191164873 1
187203967 188193538 1
187203967 188634237 1
187203967 188897264 1
187203967 188930749 1
187203967 189018638 1
187203967 189347227 1
187203967 190024796 1
187203967 190171385 1
187203967 190399702 1
187203967 190683185 1
187203967 190845543 1
187203967 191051665 1
187203967 191072294 1
187203967 191152030 1
187203967 191164873 1
188193538 188634237 1
188193538 188897264 1
188193538 188930749 1
188193538 189018638 1
188193538 189347227 1
188193538 190024796 1
188193538 190171385 1
188193538 190399702 1
188193538 190683185 1
188193538 190845543 1
188193538 191051665 1
188193538 191072294 1
188193538 191152030 1
188193538 191164873 1
188634237 188897264 1
188634237 188930749 1
188634237 189018638 1
188634237 189347227 1
188634237 190024796 1
188634237 190171385 1
188634237 190399702 1
188634237 190683185 1
188634237 190845543 1
188634237 191051665 1
188634237 191072294 1
188634237 191152030 1
188634237 191164873 1
188897264 188930749 1
188897264 189018638 1
188897264 189347227 1
188897264 190024796 1
188897264 190171385 1
188897264 190399702 1
188897264 190683185 1
188897264 190845543 1
188897264 191051665 1
188897264 191072294 1
188897264 191152030 1
188897264 191164873 1
188930749 189018638 1
188930749 189347227 1
188930749 190024796 1
188930749 190171385 1
188930749 190399702 1
188930749 190683185 1
188930749 190845543 1
188930749 191051665 1
188930749 191072294 1
188930749 191152030 1
188930749 191164873 1
189018638 189347227 1
189018638 190024796 1
189018638 190171385 1
189018638 190399702 1
189018638 190683185 1
189018638 190845543 1
189018638 191051665 1
189018638 191072294 1
189018638 191152030 1
189018638 191164873 1
189347227 190024796 1
189347227 190399702 1
189347227 190683185 1
189347227 190845543 1
189347227 191051665 1
189347227 191072294 1
189347227 191152030 1
189347227 191164873 1
190024796 190171385 1
190024796 190399702 1
190024796 190683185 1
190024796 190845543 1
190024796 191051665 1
190024796 191072294 1
190024796 191152030 1
190024796 191164873 1
190171385 190399702 1
190171385 190683185 1
190171385 190845543 1
190171385 191051665 1
190171385 191072294 1
190171385 191152030 1
190171385 191164873 1
190399702 190845543 1
190399702 191051665 1
190399702 191072294 1
190399702 191152030 1
190399702 191164873 1
190683185 190845543 1
190683185 191051665 1
190683185 191072294 1
190683185 191152030 1
190683185 191164873 1
190845543 191051665 1
190845543 191072294 1
190845543 191152030 1
190845543 191164873 1
191051665 191072294 1
191051665 191152030 1
191051665 191164873 1
191072294 191152030 1
191072294 191164873 2
191152030 191164873 1
37047172 52526382 1
37047172 100932702 1
37047172 143308542 1
37047172 157269452 1
37047172 158555652 1
37047172 160488922 1
37047172 162410672 1
37047172 163617992 1
37047172 191061195 1
52526382 61541012 1
52526382 100932702 1
52526382 143308542 1
52526382 157269452 1
52526382 158555652 1
52526382 160488922 1
52526382 162410672 1
52526382 163617992 1
52526382 182957562 1
52526382 184398469 1
52526382 184875361 1
52526382 191061195 1
52526382 191072294 1
52526382 191164873 1
61541012 100932702 1
61541012 143308542 1
61541012 157269452 1
61541012 158555652 1
61541012 160488922 1
61541012 162410672 1
61541012 163617992 1
61541012 184875361 1
61541012 191061195 1
100932702 143308542 1
100932702 157269452 1
100932702 158555652 1
100932702 160488922 1
100932702 162410672 1
100932702 163617992 1
100932702 182957562 1
100932702 184398469 1
100932702 184875361 1
100932702 191061195 1
100932702 191072294 1
100932702 191164873 1
143308542 157269452 1
143308542 158555652 1
143308542 160488922 1
143308542 162410672 1
143308542 163617992 1
143308542 182957562 1
143308542 184398469 1
143308542 184875361 1
143308542 191061195 1
143308542 191072294 1
143308542 191164873 1
157269452 158555652 1
157269452 160488922 1
157269452 162410672 1
157269452 163617992 1
157269452 182957562 1
157269452 184398469 1
157269452 184875361 1
157269452 191061195 1
157269452 191072294 1
157269452 191164873 1
158555652 160488922 1
158555652 162410672 1
158555652 163617992 1
158555652 182957562 1
158555652 184398469 1
158555652 184875361 1
158555652 191061195 1
158555652 191072294 1
158555652 191164873 1
160488922 162410672 1
160488922 163617992 1
160488922 182957562 1
160488922 184398469 1
160488922 184875361 1
160488922 191061195 1
160488922 191072294 1
160488922 191164873 1
162410672 163617992 1
162410672 182957562 1
162410672 184398469 1
162410672 184875361 1
162410672 191061195 1
162410672 191072294 1
162410672 191164873 1
163617992 182957562 1
163617992 184398469 1
163617992 184875361 1
163617992 191061195 1
163617992 191072294 1
163617992 191164873 1
182957562 191061195 1
184398469 184875361 1
184398469 191061195 1
184875361 191061195 1
184875361 191072294 1
184875361 191164873 1
191061195 191072294 1
191061195 191164873 1
