195109508 37561742 194150420 144470552 56233372 193790621 74526752 194445349 194905897 54108972 192229551 11905215 73542722 62658242 189790535 194241483 186165070 187013330 10080084 188680925 14187628 81227502 58683762 9749491 194737398
9749491 188680925 2
9749491 193790621 1
9749491 194150420 1
9749491 194445349 1
188680925 193790621 1
188680925 194150420 1
188680925 194445349 2
193790621 194150420 1
193790621 194445349 1
194150420 194445349 1
188680925 194737398 1
194445349 194737398 1
14187628 56233372 2
14187628 74526752 2
14187628 186165070 1
14187628 192229551 1
14187628 194905897 1
56233372 74526752 2
56233372 186165070 1
56233372 192229551 1
56233372 194905897 1
74526752 186165070 1
74526752 192229551 1
74526752 194905897 1
186165070 192229551 1
186165070 194905897 1
192229551 194905897 1
14187628 54108972 1
14187628 58683762 1
14187628 73542722 1
54108972 56233372 1
54108972 58683762 1
54108972 73542722 1
54108972 74526752 1
56233372 58683762 1
56233372 73542722 1
58683762 73542722 1
58683762 74526752 1
73542722 74526752 1
10080084 37561742 1
10080084 81227502 1
10080084 187013330 1
10080084 195109508 1
37561742 81227502 1
37561742 187013330 1
37561742 195109508 1
81227502 187013330 1
81227502 195109508 1
187013330 195109508 1
11905215 62658242 1
11905215 144470552 1
11905215 189790535 1
62658242 144470552 1
62658242 189790535 1
144470552 189790535 1
9749491 194241483 1
188680925 194241483 1
