9504032 12863457 12595077 257766 10581063 10571784 2425682 3647124 10499768 11114202 10810427 11716700 11584575
10499768 10581063 1
10499768 10810427 2
10499768 11584575 1
10810427 11584575 1
3647124 10499768 1
3647124 10571784 1
3647124 10810427 1
3647124 11114202 1
3647124 11716700 1
10499768 10571784 1
10499768 11114202 1
10499768 11716700 1
10571784 10810427 1
10571784 11114202 1
10571784 11716700 1
10810427 11114202 1
10810427 11716700 1
11114202 11716700 1
257766 2425682 1
2425682 12595077 1
2425682 12863457 1
12595077 12863457 1
9504032 11114202 1
9504032 11584575 1
11114202 11584575 1
