14587664 19522961 41104912 10506262 17310881 38035112 7747884 11586351 11366451 3392313 33237952 12121028 12271556 10150864 3417557 40433252 2047977 32179312 7410034 10143861 11215352 10139389 30206462
2047977 3417557 1
2047977 19522961 2
3417557 19522961 1
12121028 14587664 1
12121028 33237952 2
12121028 38035112 3
12121028 41104912 1
14587664 33237952 1
14587664 38035112 1
14587664 41104912 1
33237952 38035112 2
33237952 41104912 1
38035112 41104912 1
3417557 11215352 1
3417557 12121028 1
11215352 12121028 2
7747884 19522961 1
7410034 10139389 1
7410034 38035112 1
10139389 38035112 1
2047977 3392313 1
2047977 10506262 1
2047977 17310881 1
2047977 30206462 1
3392313 10506262 1
3392313 17310881 1
3392313 19522961 1
3392313 30206462 1
10506262 17310881 1
10506262 19522961 1
10506262 30206462 1
17310881 19522961 1
17310881 30206462 1
19522961 30206462 1
10143861 11586351 1
10143861 12121028 1
11586351 12121028 1
3417557 11366451 1
3417557 38035112 1
11366451 38035112 1
10150864 11215352 1
10150864 12121028 1
10150864 12271556 1
10150864 33237952 1
10150864 38035112 1
11215352 12271556 1
11215352 33237952 1
11215352 38035112 1
12121028 12271556 1
12271556 33237952 1
12271556 38035112 1
12121028 32179312 1
12121028 40433252 1
32179312 38035112 1
32179312 40433252 1
38035112 40433252 1
