10922304 12121028 40433252 38035112 40041032 2943915 36648812 89766092 23952882 86203962 10143861 12867734 12451323 5335579 3417557 10410650 4303579 10308218
2943915 10410650 3
2943915 10922304 1
2943915 12121028 4
2943915 36648812 2
2943915 38035112 1
2943915 40433252 4
2943915 89766092 1
10410650 10922304 1
10410650 12121028 5
10410650 36648812 2
10410650 38035112 1
10410650 40433252 5
10410650 89766092 1
10922304 12121028 1
10922304 36648812 1
10922304 38035112 1
10922304 40433252 1
10922304 89766092 1
12121028 36648812 2
12121028 38035112 1
12121028 40433252 7
12121028 89766092 1
36648812 38035112 1
36648812 40433252 2
36648812 89766092 1
38035112 40433252 1
38035112 89766092 1
40433252 89766092 1
12121028 40041032 1
12121028 86203962 2
40041032 40433252 1
40041032 86203962 1
40433252 86203962 2
4303579 10410650 1
4303579 12121028 1
4303579 12867734 1
4303579 23952882 2
4303579 40433252 1
10410650 12867734 2
10410650 23952882 2
12121028 12867734 2
12121028 23952882 2
12867734 23952882 1
12867734 40433252 2
23952882 40433252 2
5335579 10410650 1
5335579 12121028 1
5335579 40433252 1
2943915 23952882 1
2943915 86203962 1
10410650 86203962 1
23952882 86203962 1
4303579 10143861 1
4303579 12451323 2
10143861 12451323 1
2943915 3417557 2
2943915 10143861 1
2943915 12867734 1
3417557 10143861 1
3417557 10410650 1
3417557 12121028 2
3417557 12867734 1
3417557 36648812 1
3417557 40433252 2
10143861 10410650 1
10143861 12121028 1
10143861 12867734 1
10143861 36648812 1
10143861 40433252 1
12867734 36648812 1
3417557 4303579 1
3417557 10308218 1
3417557 12451323 1
3417557 23952882 1
4303579 10308218 1
10308218 12451323 1
10308218 23952882 1
12451323 23952882 1
