12268174 14587664 41104912 19522961 4226582 10410650 17310881 13232418 52995502 49766322 46297272 48425662 8779326 10922304 12121028 49925572 6964678 10683334 3417557 9426395 4303579 41901792 8437729 40433252 2047977 10143861
6964678 8779326 1
6964678 12121028 3
6964678 40433252 3
6964678 48425662 1
6964678 49766322 1
8779326 12121028 3
8779326 40433252 2
8779326 48425662 2
8779326 49766322 1
12121028 40433252 4
12121028 48425662 2
12121028 49766322 2
40433252 48425662 1
40433252 49766322 1
48425662 49766322 1
10143861 12121028 1
10143861 12268174 1
10143861 14587664 1
10143861 49766322 1
12121028 12268174 1
12121028 14587664 2
12268174 14587664 1
12268174 49766322 1
14587664 49766322 1
6964678 13232418 2
6964678 41104912 2
6964678 41901792 2
6964678 52995502 2
12121028 13232418 2
12121028 41104912 2
12121028 41901792 2
12121028 52995502 2
13232418 40433252 2
13232418 41104912 2
13232418 41901792 2
13232418 52995502 2
40433252 41104912 2
40433252 41901792 2
40433252 52995502 2
41104912 41901792 2
41104912 52995502 2
41901792 52995502 2
3417557 10683334 1
3417557 12121028 2
3417557 46297272 1
10683334 12121028 1
10683334 46297272 1
12121028 46297272 1
4226582 9426395 1
4226582 17310881 1
4226582 19522961 1
9426395 17310881 1
9426395 19522961 1
17310881 19522961 2
8437729 10922304 1
8437729 12121028 1
8437729 14587664 1
8437729 49925572 1
10922304 12121028 2
10922304 14587664 1
10922304 49925572 1
12121028 49925572 1
14587664 49925572 1
3417557 8779326 1
3417557 40433252 1
2047977 17310881 1
2047977 19522961 1
4303579 8779326 1
4303579 10410650 1
4303579 10922304 1
4303579 12121028 1
4303579 48425662 1
8779326 10410650 1
8779326 10922304 1
10410650 10922304 1
10410650 12121028 1
10410650 48425662 1
10922304 48425662 1
