5650564 13640324 2845068 12268174 12913810 4614420 10506262 33009942 14360856 38690072 10410650 13025307 3395867 4223141 38035112 11366451 12880948 13831605 8779326 33237952 12121028 12271556 9115718 7033545 10150864 3417557 26298072 4303579 25142752 8437729 7410034 28623602 16983031 9711476 33027702 7293943 11215352 10143861 11177082
3417557 4303579 1
3417557 5650564 1
3417557 7410034 1
3417557 8437729 1
3417557 9115718 1
3417557 10150864 1
3417557 10410650 1
3417557 11366451 1
3417557 12121028 1
3417557 13025307 1
3417557 14360856 1
3417557 26298072 1
3417557 28623602 1
3417557 33027702 1
3417557 33237952 1
4303579 5650564 1
4303579 7410034 1
4303579 8437729 1
4303579 9115718 1
4303579 10150864 1
4303579 10410650 1
4303579 11366451 1
4303579 12121028 1
4303579 13025307 1
4303579 14360856 1
4303579 26298072 1
4303579 28623602 1
4303579 33027702 1
4303579 33237952 1
5650564 7410034 2
5650564 8437729 1
5650564 9115718 1
5650564 10150864 2
5650564 10410650 2
5650564 11366451 1
5650564 12121028 2
5650564 13025307 2
5650564 14360856 2
5650564 26298072 1
5650564 28623602 1
5650564 33027702 2
5650564 33237952 2
7410034 8437729 2
7410034 9115718 1
7410034 10150864 2
7410034 10410650 2
7410034 11366451 2
7410034 12121028 3
7410034 13025307 3
7410034 14360856 2
7410034 26298072 2
7410034 28623602 1
7410034 33027702 2
7410034 33237952 3
8437729 9115718 1
8437729 10150864 1
8437729 10410650 1
8437729 11366451 2
8437729 12121028 2
8437729 13025307 2
8437729 14360856 1
8437729 26298072 2
8437729 28623602 1
8437729 33027702 1
8437729 33237952 2
9115718 10150864 3
9115718 10410650 4
9115718 11366451 4
9115718 12121028 6
9115718 13025307 1
9115718 14360856 3
9115718 26298072 1
9115718 28623602 3
9115718 33027702 2
9115718 33237952 3
10150864 10410650 3
10150864 11366451 2
10150864 12121028 4
10150864 13025307 2
10150864 14360856 3
10150864 26298072 1
10150864 28623602 1
10150864 33027702 3
10150864 33237952 2
10410650 11366451 4
10410650 12121028 5
10410650 13025307 2
10410650 14360856 4
10410650 26298072 1
10410650 28623602 3
10410650 33027702 3
10410650 33237952 3
11366451 12121028 7
11366451 13025307 2
11366451 14360856 4
11366451 26298072 2
11366451 28623602 4
11366451 33027702 2
11366451 33237952 5
12121028 13025307 3
12121028 14360856 5
12121028 26298072 2
12121028 28623602 4
12121028 33027702 3
12121028 33237952 7
13025307 14360856 2
13025307 26298072 2
13025307 28623602 1
13025307 33027702 2
13025307 33237952 3
14360856 26298072 1
14360856 28623602 2
14360856 33027702 3
14360856 33237952 4
26298072 28623602 1
26298072 33027702 1
26298072 33237952 2
28623602 33027702 1
28623602 33237952 3
33027702 33237952 2
2845068 4614420 1
2845068 7293943 1
2845068 9115718 1
2845068 10410650 1
2845068 11366451 1
2845068 12121028 1
2845068 12913810 1
2845068 13831605 1
2845068 14360856 1
2845068 16983031 1
2845068 28623602 1
2845068 33237952 1
4614420 7293943 4
4614420 9115718 3
4614420 10410650 3
4614420 11366451 5
4614420 12121028 5
4614420 12913810 2
4614420 13831605 1
4614420 14360856 3
4614420 16983031 1
4614420 28623602 3
4614420 33237952 3
7293943 9115718 2
7293943 10410650 2
7293943 11366451 4
7293943 12121028 4
7293943 12913810 2
7293943 13831605 1
7293943 14360856 2
7293943 16983031 1
7293943 28623602 3
7293943 33237952 3
9115718 12913810 3
9115718 13831605 1
9115718 16983031 1
10410650 12913810 2
10410650 13831605 2
10410650 16983031 1
11366451 12913810 2
11366451 13831605 2
11366451 16983031 1
12121028 12913810 3
12121028 13831605 3
12121028 16983031 1
12913810 13831605 1
12913810 14360856 1
12913810 16983031 1
12913810 28623602 2
12913810 33237952 2
13831605 14360856 2
13831605 16983031 1
13831605 28623602 1
13831605 33237952 3
14360856 16983031 1
16983031 28623602 1
16983031 33237952 1
3395867 4614420 1
3395867 8779326 1
3395867 9115718 2
3395867 9711476 1
3395867 10150864 2
3395867 10410650 1
3395867 11177082 2
3395867 11215352 1
3395867 11366451 1
3395867 12121028 2
3395867 14360856 1
3395867 25142752 1
3395867 33027702 1
4614420 8779326 3
4614420 9711476 1
4614420 10150864 1
4614420 11177082 2
4614420 11215352 1
4614420 25142752 1
4614420 33027702 1
8779326 9115718 2
8779326 9711476 1
8779326 10150864 1
8779326 10410650 2
8779326 11177082 2
8779326 11215352 1
8779326 11366451 3
8779326 12121028 3
8779326 14360856 2
8779326 25142752 1
8779326 33027702 1
9115718 9711476 1
9115718 11177082 2
9115718 11215352 1
9115718 25142752 1
9711476 10150864 2
9711476 10410650 2
9711476 11177082 1
9711476 11215352 2
9711476 11366451 2
9711476 12121028 3
9711476 14360856 2
9711476 25142752 1
9711476 33027702 2
10150864 11177082 2
10150864 11215352 2
10150864 25142752 1
10410650 11177082 1
10410650 11215352 2
10410650 25142752 1
11177082 11215352 1
11177082 11366451 2
11177082 12121028 3
11177082 14360856 2
11177082 25142752 1
11177082 33027702 1
11215352 11366451 1
11215352 12121028 2
11215352 14360856 2
11215352 25142752 1
11215352 33027702 2
11366451 25142752 1
12121028 25142752 1
14360856 25142752 1
25142752 33027702 1
4223141 4614420 1
4223141 7033545 1
4223141 7293943 1
4223141 11366451 1
4223141 12121028 1
4223141 12271556 1
4223141 13640324 1
4223141 28623602 1
4223141 33237952 1
4614420 7033545 1
4614420 12271556 3
4614420 13640324 1
7033545 7293943 1
7033545 11366451 1
7033545 12121028 1
7033545 12271556 1
7033545 13640324 1
7033545 28623602 1
7033545 33237952 1
7293943 12271556 3
7293943 13640324 1
11366451 12271556 3
11366451 13640324 1
12121028 12271556 4
12121028 13640324 1
12271556 13640324 1
12271556 28623602 2
12271556 33237952 2
13640324 28623602 1
13640324 33237952 1
5650564 9711476 1
5650564 10506262 1
5650564 11215352 1
5650564 12268174 1
5650564 13831605 1
7410034 9711476 2
7410034 10506262 1
7410034 11215352 1
7410034 12268174 1
7410034 13831605 2
9711476 10506262 1
9711476 12268174 1
9711476 13025307 2
9711476 13831605 2
9711476 33237952 2
10150864 10506262 1
10150864 12268174 1
10150864 13831605 1
10410650 10506262 1
10410650 12268174 1
10506262 11215352 1
10506262 12121028 1
10506262 12268174 1
10506262 13025307 1
10506262 13831605 1
10506262 14360856 1
10506262 33027702 1
10506262 33237952 1
11215352 12268174 1
11215352 13025307 1
11215352 13831605 1
11215352 33237952 1
12121028 12268174 1
12268174 13025307 1
12268174 13831605 1
12268174 14360856 1
12268174 33027702 1
12268174 33237952 1
13025307 13831605 2
13831605 33027702 1
7293943 8779326 2
8779326 12271556 2
8779326 12913810 1
8779326 28623602 1
9115718 12271556 2
10410650 12271556 1
12271556 12913810 1
3395867 10143861 1
3395867 12271556 1
3395867 33009942 1
9115718 10143861 1
9115718 33009942 1
10143861 10150864 1
10143861 11177082 1
10143861 12121028 2
10143861 12271556 1
10143861 33009942 1
10150864 12271556 1
10150864 33009942 1
11177082 12271556 2
11177082 33009942 1
12121028 33009942 1
12271556 33009942 1
7293943 11177082 1
8779326 33237952 1
11177082 33237952 1
12271556 14360856 1
7410034 10143861 1
7410034 12880948 1
7410034 38035112 1
8437729 9711476 1
8437729 10143861 1
8437729 12880948 1
8437729 13831605 1
8437729 38035112 1
9711476 10143861 1
9711476 12880948 1
9711476 26298072 1
9711476 38035112 1
10143861 11366451 1
10143861 12880948 1
10143861 13025307 1
10143861 13831605 1
10143861 26298072 1
10143861 33237952 1
10143861 38035112 1
11366451 12880948 1
11366451 38035112 1
12121028 12880948 2
12121028 38035112 2
12880948 13025307 1
12880948 13831605 1
12880948 26298072 1
12880948 33237952 2
12880948 38035112 2
13025307 38035112 1
13831605 26298072 1
13831605 38035112 1
26298072 38035112 1
33237952 38035112 2
9115718 12880948 1
9115718 38035112 1
9115718 38690072 1
12121028 38690072 1
12880948 12913810 1
12880948 38690072 1
12913810 38035112 1
12913810 38690072 1
33237952 38690072 1
38035112 38690072 1
