12737033 37633042 4614420 10506262 52732182 14360856 64794902 10410650 3395867 13025307 52140322 5850534 38035112 9726633 2943915 52995502 11366451 8561715 13831605 10308218 12880948 69886392 14433723 48425662 8779326 10922304 33237952 10120131 10998852 12121028 9115718 19037251 74298312 49925572 3916368 12625754 41901792 64372192 40433252 50126692 39224682 8471532 70108782 12800238 13733488 32179312 4768627 10143861 7293943 11177082 6602622
2943915 3395867 1
2943915 4614420 4
2943915 4768627 1
2943915 9726633 2
2943915 10410650 5
2943915 10922304 1
2943915 10998852 2
2943915 11366451 4
2943915 12121028 5
2943915 12737033 4
2943915 13733488 3
2943915 37633042 4
2943915 38035112 3
2943915 39224682 5
2943915 40433252 5
2943915 41901792 5
2943915 48425662 2
2943915 50126692 1
2943915 52995502 4
2943915 64372192 3
3395867 4614420 1
3395867 4768627 1
3395867 9726633 1
3395867 10410650 1
3395867 10922304 1
3395867 10998852 1
3395867 11366451 1
3395867 12121028 1
3395867 12737033 1
3395867 13733488 1
3395867 37633042 1
3395867 38035112 1
3395867 39224682 1
3395867 40433252 1
3395867 41901792 1
3395867 48425662 1
3395867 50126692 1
3395867 52995502 1
3395867 64372192 1
4614420 4768627 1
4614420 9726633 2
4614420 10410650 4
4614420 10922304 1
4614420 10998852 1
4614420 11366451 3
4614420 12121028 4
4614420 12737033 4
4614420 13733488 3
4614420 37633042 4
4614420 38035112 3
4614420 39224682 4
4614420 40433252 4
4614420 41901792 4
4614420 48425662 1
4614420 50126692 1
4614420 52995502 4
4614420 64372192 2
4768627 9726633 1
4768627 10410650 1
4768627 10922304 1
4768627 10998852 1
4768627 11366451 1
4768627 12121028 1
4768627 12737033 1
4768627 13733488 1
4768627 37633042 1
4768627 38035112 1
4768627 39224682 1
4768627 40433252 1
4768627 41901792 1
4768627 48425662 1
4768627 50126692 1
4768627 52995502 1
4768627 64372192 1
9726633 10410650 2
9726633 10922304 1
9726633 10998852 1
9726633 11366451 1
9726633 12121028 2
9726633 12737033 2
9726633 13733488 2
9726633 37633042 2
9726633 38035112 2
9726633 39224682 2
9726633 40433252 2
9726633 41901792 2
9726633 48425662 1
9726633 50126692 1
9726633 52995502 2
9726633 64372192 1
10410650 10922304 1
10410650 10998852 2
10410650 11366451 4
10410650 12121028 8
10410650 12737033 4
10410650 13733488 3
10410650 37633042 4
10410650 38035112 3
10410650 39224682 5
10410650 40433252 8
10410650 41901792 7
10410650 48425662 5
10410650 50126692 2
10410650 52995502 4
10410650 64372192 3
10922304 10998852 1
10922304 11366451 1
10922304 12121028 1
10922304 12737033 1
10922304 13733488 1
10922304 37633042 1
10922304 38035112 1
10922304 39224682 1
10922304 40433252 1
10922304 41901792 1
10922304 48425662 1
10922304 50126692 1
10922304 52995502 1
10922304 64372192 1
10998852 11366451 2
10998852 12121028 2
10998852 12737033 1
10998852 13733488 1
10998852 37633042 1
10998852 38035112 1
10998852 39224682 2
10998852 40433252 2
10998852 41901792 2
10998852 48425662 2
10998852 50126692 1
10998852 52995502 1
10998852 64372192 2
11366451 12121028 4
11366451 12737033 3
11366451 13733488 2
11366451 37633042 3
11366451 38035112 2
11366451 39224682 4
11366451 40433252 4
11366451 41901792 4
11366451 48425662 2
11366451 50126692 1
11366451 52995502 3
11366451 64372192 3
12121028 12737033 4
12121028 13733488 3
12121028 37633042 4
12121028 38035112 3
12121028 39224682 5
12121028 40433252 10
12121028 41901792 8
12121028 48425662 6
12121028 50126692 2
12121028 52995502 4
12121028 64372192 3
12737033 13733488 3
12737033 37633042 4
12737033 38035112 3
12737033 39224682 4
12737033 40433252 4
12737033 41901792 4
12737033 48425662 1
12737033 50126692 1
12737033 52995502 4
12737033 64372192 2
13733488 37633042 3
13733488 38035112 3
13733488 39224682 3
13733488 40433252 3
13733488 41901792 3
13733488 48425662 1
13733488 50126692 1
13733488 52995502 3
13733488 64372192 2
37633042 38035112 3
37633042 39224682 4
37633042 40433252 4
37633042 41901792 4
37633042 48425662 1
37633042 50126692 1
37633042 52995502 4
37633042 64372192 2
38035112 39224682 3
38035112 40433252 3
38035112 41901792 3
38035112 48425662 1
38035112 50126692 1
38035112 52995502 3
38035112 64372192 2
39224682 40433252 5
39224682 41901792 5
39224682 48425662 2
39224682 50126692 1
39224682 52995502 4
39224682 64372192 3
40433252 41901792 8
40433252 48425662 6
40433252 50126692 2
40433252 52995502 4
40433252 64372192 3
41901792 48425662 5
41901792 50126692 2
41901792 52995502 4
41901792 64372192 3
48425662 50126692 2
48425662 52995502 1
48425662 64372192 2
50126692 52995502 1
50126692 64372192 1
52995502 64372192 2
3916368 7293943 1
3916368 8471532 3
3916368 10120131 1
3916368 10143861 2
3916368 10410650 3
3916368 10506262 2
3916368 11177082 2
3916368 12121028 3
3916368 13831605 2
3916368 32179312 3
3916368 33237952 2
3916368 40433252 3
3916368 48425662 3
3916368 69886392 1
3916368 70108782 1
7293943 8471532 3
7293943 10120131 2
7293943 10143861 3
7293943 10410650 2
7293943 10506262 1
7293943 11177082 3
7293943 12121028 4
7293943 13831605 2
7293943 32179312 1
7293943 33237952 1
7293943 40433252 4
7293943 48425662 3
7293943 69886392 2
7293943 70108782 1
8471532 10120131 2
8471532 10143861 4
8471532 10410650 3
8471532 10506262 2
8471532 11177082 4
8471532 12121028 5
8471532 13831605 3
8471532 32179312 3
8471532 33237952 2
8471532 40433252 5
8471532 48425662 4
8471532 69886392 1
8471532 70108782 1
10120131 10143861 2
10120131 10410650 1
10120131 10506262 1
10120131 11177082 2
10120131 12121028 2
10120131 13831605 2
10120131 32179312 1
10120131 33237952 1
10120131 40433252 2
10120131 48425662 1
10120131 69886392 1
10120131 70108782 1
10143861 10410650 2
10143861 10506262 2
10143861 11177082 4
10143861 12121028 4
10143861 13831605 2
10143861 32179312 2
10143861 33237952 1
10143861 40433252 4
10143861 48425662 3
10143861 69886392 1
10143861 70108782 1
10410650 10506262 2
10410650 11177082 2
10410650 13831605 2
10410650 32179312 4
10410650 33237952 2
10410650 69886392 4
10410650 70108782 1
10506262 11177082 2
10506262 12121028 2
10506262 13831605 1
10506262 32179312 2
10506262 33237952 1
10506262 40433252 2
10506262 48425662 2
10506262 69886392 1
10506262 70108782 1
11177082 12121028 4
11177082 13831605 2
11177082 32179312 2
11177082 33237952 1
11177082 40433252 4
11177082 48425662 3
11177082 69886392 1
11177082 70108782 1
12121028 13831605 3
12121028 32179312 4
12121028 33237952 2
12121028 69886392 4
12121028 70108782 1
13831605 32179312 2
13831605 33237952 2
13831605 40433252 3
13831605 48425662 2
13831605 69886392 1
13831605 70108782 1
32179312 33237952 2
32179312 40433252 4
32179312 48425662 3
32179312 69886392 2
32179312 70108782 1
33237952 40433252 2
33237952 48425662 2
33237952 69886392 1
33237952 70108782 1
40433252 69886392 4
40433252 70108782 1
48425662 69886392 2
48425662 70108782 1
69886392 70108782 1
2943915 6602622 1
2943915 7293943 1
2943915 12625754 1
2943915 69886392 3
2943915 74298312 3
6602622 7293943 2
6602622 10410650 1
6602622 10998852 1
6602622 11366451 1
6602622 12121028 2
6602622 12625754 1
6602622 39224682 1
6602622 40433252 2
6602622 41901792 1
6602622 48425662 1
6602622 64372192 1
6602622 69886392 1
6602622 74298312 1
7293943 10998852 1
7293943 11366451 1
7293943 12625754 1
7293943 39224682 1
7293943 41901792 2
7293943 64372192 1
7293943 74298312 1
10410650 12625754 1
10410650 74298312 5
10998852 12625754 1
10998852 69886392 1
10998852 74298312 1
11366451 12625754 1
11366451 69886392 3
11366451 74298312 3
12121028 12625754 1
12121028 74298312 5
12625754 39224682 1
12625754 40433252 1
12625754 41901792 1
12625754 48425662 1
12625754 64372192 1
12625754 69886392 1
12625754 74298312 1
39224682 69886392 3
39224682 74298312 3
40433252 74298312 5
41901792 69886392 3
41901792 74298312 5
48425662 74298312 3
64372192 69886392 2
64372192 74298312 2
69886392 74298312 3
6602622 8471532 1
6602622 8561715 1
6602622 9115718 1
6602622 10120131 1
6602622 10143861 1
6602622 10308218 1
6602622 11177082 1
6602622 13025307 1
6602622 13831605 1
6602622 14360856 1
7293943 8561715 1
7293943 9115718 1
7293943 10308218 2
7293943 13025307 1
7293943 14360856 2
8471532 8561715 1
8471532 9115718 2
8471532 10308218 2
8471532 13025307 2
8471532 14360856 2
8561715 9115718 1
8561715 10120131 1
8561715 10143861 1
8561715 10308218 1
8561715 11177082 1
8561715 12121028 1
8561715 13025307 1
8561715 13831605 1
8561715 14360856 1
8561715 40433252 1
9115718 10120131 1
9115718 10143861 2
9115718 10308218 1
9115718 11177082 2
9115718 12121028 2
9115718 13025307 1
9115718 13831605 1
9115718 14360856 1
9115718 40433252 2
10120131 10308218 1
10120131 13025307 1
10120131 14360856 1
10143861 10308218 2
10143861 13025307 1
10143861 14360856 2
10308218 11177082 2
10308218 12121028 3
10308218 13025307 1
10308218 13831605 1
10308218 14360856 2
10308218 40433252 3
11177082 13025307 1
11177082 14360856 2
12121028 13025307 2
12121028 14360856 2
13025307 13831605 2
13025307 14360856 1
13025307 40433252 2
13831605 14360856 1
14360856 40433252 2
2943915 19037251 2
2943915 32179312 1
4614420 19037251 2
4614420 32179312 1
4614420 69886392 2
4614420 74298312 2
10410650 19037251 2
11366451 19037251 2
11366451 32179312 1
12121028 19037251 2
12737033 19037251 2
12737033 32179312 1
12737033 69886392 2
12737033 74298312 2
13733488 19037251 1
13733488 32179312 1
13733488 69886392 1
13733488 74298312 1
19037251 32179312 1
19037251 37633042 2
19037251 38035112 1
19037251 39224682 2
19037251 40433252 2
19037251 41901792 2
19037251 52995502 2
19037251 64372192 1
19037251 69886392 2
19037251 74298312 2
32179312 37633042 1
32179312 38035112 1
32179312 39224682 1
32179312 41901792 3
32179312 52995502 1
32179312 64372192 1
32179312 74298312 3
37633042 69886392 2
37633042 74298312 2
38035112 69886392 1
38035112 74298312 1
52995502 69886392 2
52995502 74298312 2
3916368 9115718 1
3916368 41901792 2
3916368 49925572 1
3916368 50126692 1
3916368 52732182 1
3916368 74298312 2
8471532 41901792 3
8471532 49925572 1
8471532 50126692 1
8471532 52732182 2
8471532 74298312 2
9115718 10410650 1
9115718 10506262 1
9115718 32179312 1
9115718 41901792 1
9115718 48425662 1
9115718 49925572 1
9115718 50126692 1
9115718 52732182 1
9115718 74298312 1
10143861 41901792 2
10143861 49925572 1
10143861 50126692 1
10143861 52732182 2
10143861 74298312 1
10410650 49925572 1
10410650 52732182 1
10506262 41901792 1
10506262 49925572 1
10506262 50126692 1
10506262 52732182 1
10506262 74298312 1
11177082 41901792 2
11177082 49925572 1
11177082 50126692 1
11177082 52732182 2
11177082 74298312 1
12121028 49925572 1
12121028 52732182 2
32179312 49925572 1
32179312 50126692 1
32179312 52732182 1
40433252 49925572 1
40433252 52732182 2
41901792 49925572 1
41901792 52732182 2
48425662 49925572 1
48425662 52732182 2
49925572 50126692 1
49925572 52732182 1
49925572 74298312 1
50126692 52732182 1
50126692 74298312 1
52732182 74298312 1
2943915 8779326 1
2943915 10308218 1
2943915 52140322 1
4614420 8779326 1
4614420 10308218 1
4614420 52140322 1
8779326 9726633 1
8779326 10308218 1
8779326 10410650 1
8779326 12121028 1
8779326 12737033 1
8779326 13733488 1
8779326 37633042 1
8779326 38035112 1
8779326 39224682 1
8779326 40433252 1
8779326 41901792 1
8779326 52140322 1
8779326 52995502 1
9726633 10308218 1
9726633 52140322 1
10308218 10410650 1
10308218 12737033 1
10308218 13733488 1
10308218 37633042 1
10308218 38035112 1
10308218 39224682 1
10308218 41901792 2
10308218 52140322 2
10308218 52995502 1
10410650 52140322 1
12121028 52140322 2
12737033 52140322 1
13733488 52140322 1
37633042 52140322 1
38035112 52140322 1
39224682 52140322 1
40433252 52140322 2
41901792 52140322 2
52140322 52995502 1
5850534 7293943 1
5850534 8471532 1
5850534 10143861 1
5850534 10308218 1
5850534 11177082 1
5850534 12121028 1
5850534 12800238 1
5850534 12880948 1
5850534 14360856 1
5850534 14433723 1
5850534 40433252 1
5850534 41901792 1
5850534 48425662 1
5850534 52140322 1
5850534 52732182 1
5850534 64794902 1
7293943 12800238 1
7293943 12880948 1
7293943 14433723 1
7293943 52140322 1
7293943 52732182 1
7293943 64794902 1
8471532 12800238 1
8471532 12880948 2
8471532 14433723 1
8471532 52140322 1
8471532 64794902 2
10143861 12800238 1
10143861 12880948 1
10143861 14433723 1
10143861 52140322 1
10143861 64794902 1
10308218 12800238 1
10308218 12880948 1
10308218 14433723 1
10308218 48425662 1
10308218 52732182 1
10308218 64794902 1
11177082 12800238 1
11177082 12880948 1
11177082 14433723 1
11177082 52140322 1
11177082 64794902 1
12121028 12800238 1
12121028 12880948 2
12121028 14433723 1
12121028 64794902 2
12800238 12880948 1
12800238 14360856 1
12800238 14433723 1
12800238 40433252 1
12800238 41901792 1
12800238 48425662 1
12800238 52140322 1
12800238 52732182 1
12800238 64794902 1
12880948 14360856 1
12880948 14433723 1
12880948 40433252 2
12880948 41901792 2
12880948 48425662 2
12880948 52140322 1
12880948 52732182 1
12880948 64794902 2
14360856 14433723 1
14360856 41901792 1
14360856 48425662 1
14360856 52140322 1
14360856 52732182 1
14360856 64794902 1
14433723 40433252 1
14433723 41901792 1
14433723 48425662 1
14433723 52140322 1
14433723 52732182 1
14433723 64794902 1
40433252 64794902 2
41901792 64794902 2
48425662 52140322 1
48425662 64794902 2
52140322 52732182 1
52140322 64794902 1
52732182 64794902 1
3916368 12880948 1
3916368 13025307 1
3916368 64794902 1
10410650 12880948 1
10410650 13025307 1
10410650 64794902 1
12880948 13025307 1
12880948 13831605 1
12880948 32179312 1
12880948 33237952 1
12880948 74298312 1
13025307 32179312 1
13025307 33237952 1
13025307 41901792 1
13025307 48425662 1
13025307 64794902 1
13025307 74298312 1
13831605 41901792 1
13831605 64794902 1
13831605 74298312 1
32179312 64794902 1
33237952 41901792 1
33237952 64794902 1
33237952 74298312 1
64794902 74298312 1
