9240640 3532257 9976640 9725891 10588934 9854090 9873292 3191246 9696752 2791281 11346706 9197651 10300215 5042714 8452638
2791281 3191246 1
2791281 3532257 1
2791281 9197651 1
2791281 9240640 1
2791281 9696752 1
2791281 9725891 1
2791281 9976640 1
2791281 11346706 1
3191246 3532257 4
3191246 9197651 1
3191246 9240640 3
3191246 9696752 3
3191246 9725891 3
3191246 9976640 4
3191246 11346706 1
3532257 9197651 1
3532257 9240640 4
3532257 9696752 6
3532257 9725891 8
3532257 9976640 6
3532257 11346706 1
9197651 9240640 1
9197651 9696752 1
9197651 9725891 1
9197651 9976640 1
9197651 11346706 1
9240640 9696752 4
9240640 9725891 4
9240640 9976640 3
9240640 11346706 1
9696752 9725891 6
9696752 9976640 4
9696752 11346706 1
9725891 9976640 5
9725891 11346706 1
9976640 11346706 1
3532257 10588934 1
9696752 10588934 1
9725891 10588934 1
9976640 10588934 1
3532257 5042714 2
5042714 9240640 1
5042714 9696752 1
5042714 9725891 2
5042714 9976640 1
3191246 10300215 1
3532257 10300215 1
9976640 10300215 1
3532257 8452638 1
3191246 9854090 1
3191246 9873292 1
3532257 9854090 1
3532257 9873292 1
9240640 9854090 1
9240640 9873292 1
9696752 9854090 1
9696752 9873292 1
9725891 9854090 1
9725891 9873292 1
9854090 9873292 1
9854090 9976640 1
9873292 9976640 1
