9240640 3532257 9976640 6937283 9725891 10588934 8536647 9873292 10155724 3191246 9696752 2791281 4935728 10623251 3242614
2791281 3191246 1
2791281 3532257 1
2791281 6937283 1
2791281 8536647 1
2791281 9240640 1
2791281 9696752 1
2791281 9725891 1
2791281 9873292 1
2791281 9976640 1
2791281 10155724 1
2791281 10588934 1
3191246 3532257 8
3191246 6937283 2
3191246 8536647 6
3191246 9240640 6
3191246 9696752 7
3191246 9725891 7
3191246 9873292 3
3191246 9976640 7
3191246 10155724 1
3191246 10588934 5
3532257 6937283 2
3532257 8536647 7
3532257 9240640 7
3532257 9696752 9
3532257 9725891 9
3532257 9873292 4
3532257 9976640 8
3532257 10155724 1
3532257 10588934 7
6937283 8536647 1
6937283 9240640 2
6937283 9696752 2
6937283 9725891 2
6937283 9873292 1
6937283 9976640 2
6937283 10155724 1
6937283 10588934 2
8536647 9240640 6
8536647 9696752 6
8536647 9725891 7
8536647 9873292 4
8536647 9976640 7
8536647 10155724 1
8536647 10588934 4
9240640 9696752 6
9240640 9725891 7
9240640 9873292 3
9240640 9976640 7
9240640 10155724 1
9240640 10588934 5
9696752 9725891 8
9696752 9873292 4
9696752 9976640 7
9696752 10155724 1
9696752 10588934 6
9725891 9873292 4
9725891 9976640 8
9725891 10155724 1
9725891 10588934 6
9873292 9976640 4
9873292 10155724 1
9873292 10588934 2
9976640 10155724 1
9976640 10588934 5
10155724 10588934 1
3191246 10623251 1
3532257 10623251 1
8536647 10623251 1
9696752 10623251 1
9725891 10623251 1
9873292 10623251 1
9976640 10623251 1
3191246 3242614 1
3242614 3532257 1
3242614 8536647 1
3242614 9240640 1
3242614 9696752 1
3242614 9725891 1
3242614 9976640 1
3532257 4935728 1
4935728 8536647 1
4935728 9240640 1
4935728 9696752 1
4935728 9725891 1
4935728 9873292 1
4935728 9976640 1
4935728 10588934 1
