11031552 11617184 14176194 9047064 128493242 8891759 13621681 54784562 7799347 57947412 8297493 127771352 9045401 111460442 12985114 11465567
8297493 11465567 8
8297493 54784562 8
8297493 57947412 6
8297493 111460442 3
8297493 127771352 2
11465567 54784562 10
11465567 57947412 7
11465567 111460442 3
11465567 127771352 3
54784562 57947412 7
54784562 111460442 3
54784562 127771352 3
57947412 111460442 2
57947412 127771352 2
111460442 127771352 1
7799347 8891759 2
7799347 9045401 1
7799347 11465567 3
7799347 14176194 2
7799347 54784562 3
7799347 127771352 1
8891759 9045401 1
8891759 11465567 2
8891759 14176194 2
8891759 54784562 2
8891759 127771352 1
9045401 11465567 2
9045401 14176194 1
9045401 54784562 2
9045401 127771352 1
11465567 14176194 3
14176194 54784562 3
14176194 127771352 1
8297493 14176194 2
14176194 57947412 1
14176194 111460442 1
8297493 11031552 3
8297493 11617184 3
11031552 11465567 3
11031552 11617184 2
11031552 54784562 3
11031552 57947412 1
11031552 127771352 1
11465567 11617184 3
11617184 54784562 3
11617184 57947412 2
11617184 127771352 1
7799347 8297493 2
7799347 11031552 1
7799347 13621681 1
8297493 8891759 1
8297493 13621681 1
8891759 11031552 1
8891759 13621681 1
11031552 13621681 1
11031552 14176194 1
11465567 13621681 2
13621681 14176194 1
13621681 54784562 2
7799347 9047064 1
7799347 57947412 1
8297493 9047064 2
9047064 11465567 2
9047064 54784562 2
9047064 57947412 2
8297493 12985114 2
11465567 12985114 2
11617184 12985114 2
12985114 54784562 2
12985114 57947412 1
9045401 13621681 1
9045401 57947412 1
13621681 57947412 1
8297493 128493242 1
9047064 128493242 1
11465567 128493242 1
54784562 128493242 1
57947412 128493242 1
11031552 12985114 1
11031552 111460442 1
11617184 111460442 1
12985114 111460442 1
