124510182 152830952 106236652 175276012 131183822 178322892 41994422 11173686 55794972 152832382
41994422 131183822 1
41994422 152830952 1
41994422 152832382 2
131183822 152830952 1
131183822 152832382 5
152830952 152832382 1
55794972 131183822 2
55794972 152832382 2
11173686 55794972 1
11173686 106236652 2
11173686 124510182 2
11173686 131183822 2
11173686 152832382 2
11173686 175276012 1
55794972 106236652 1
55794972 124510182 1
55794972 175276012 1
106236652 124510182 2
106236652 131183822 2
106236652 152832382 2
106236652 175276012 1
124510182 131183822 2
124510182 152832382 2
124510182 175276012 1
131183822 175276012 1
152832382 175276012 1
11173686 178322892 1
106236652 178322892 1
124510182 178322892 1
131183822 178322892 1
152832382 178322892 1
