10016772 54263812 9445386 12237849 13671453 41579552 52588082 45142582 50926652 53382732 52726862 40286292 40374872 52434522 10521697 11482210 53334632 8186993 4435070 31434372 53724292 45761672 32350862 24148122 51544732 38818462 11283615 13391010 47634602 9931437 7559854 36353712 50736822 52518072 12383936 53709512 13442249 14570185 13500110 52315352 9066215 14435055 43825392 22719741 8219912 52323602 26173722 54215962 12332319 20458271 8949539 47372582 3434793 53932342 3778361 30575422 43011392 50922822 13000523 54230352 12828498 9553241 41370972 20450151 14336364 44992892 14535042 43319182 52455322 14110110 1304480 22185381 11315110 49738672 10761137 54207922 41454012 3869629 11665352 10169806 12351454 3505633 13881833 51619312 38162422
1304480 3778361 1
1304480 8186993 1
1304480 9553241 1
1304480 10521697 1
1304480 12237849 1
1304480 12351454 1
1304480 13000523 1
1304480 13442249 2
1304480 14336364 1
1304480 20450151 1
1304480 22719741 1
1304480 30575422 1
1304480 38162422 1
1304480 38818462 1
1304480 43319182 1
1304480 44992892 1
1304480 45142582 1
1304480 45761672 1
1304480 52315352 1
1304480 52455322 1
1304480 52518072 1
1304480 52588082 1
3778361 8186993 1
3778361 9553241 1
3778361 10521697 1
3778361 12237849 1
3778361 12351454 1
3778361 13000523 1
3778361 13442249 1
3778361 14336364 1
3778361 20450151 1
3778361 22719741 1
3778361 30575422 1
3778361 38162422 1
3778361 38818462 1
3778361 43319182 1
3778361 44992892 1
3778361 45142582 1
3778361 45761672 1
3778361 52315352 1
3778361 52455322 1
3778361 52518072 1
3778361 52588082 1
8186993 9553241 1
8186993 10521697 1
8186993 12237849 1
8186993 12351454 1
8186993 13000523 1
8186993 13442249 1
8186993 14336364 1
8186993 20450151 1
8186993 22719741 1
8186993 30575422 1
8186993 38162422 1
8186993 38818462 1
8186993 43319182 1
8186993 44992892 1
8186993 45142582 1
8186993 45761672 1
8186993 52315352 1
8186993 52455322 1
8186993 52518072 1
8186993 52588082 1
9553241 10521697 1
9553241 12237849 1
9553241 12351454 1
9553241 13000523 1
9553241 13442249 1
9553241 14336364 1
9553241 20450151 1
9553241 22719741 1
9553241 30575422 1
9553241 38162422 1
9553241 38818462 1
9553241 43319182 1
9553241 44992892 1
9553241 45142582 1
9553241 45761672 1
9553241 52315352 1
9553241 52455322 1
9553241 52518072 1
9553241 52588082 1
10521697 12237849 1
10521697 12351454 1
10521697 13000523 1
10521697 13442249 1
10521697 14336364 1
10521697 20450151 1
10521697 22719741 1
10521697 30575422 1
10521697 38162422 1
10521697 38818462 1
10521697 43319182 1
10521697 44992892 1
10521697 45142582 1
10521697 45761672 1
10521697 52315352 1
10521697 52455322 1
10521697 52518072 1
10521697 52588082 1
12237849 12351454 1
12237849 13000523 1
12237849 13442249 1
12237849 14336364 1
12237849 20450151 1
12237849 22719741 1
12237849 30575422 1
12237849 38162422 1
12237849 38818462 1
12237849 43319182 1
12237849 44992892 1
12237849 45142582 1
12237849 45761672 1
12237849 52315352 1
12237849 52455322 1
12237849 52518072 1
12237849 52588082 1
12351454 13000523 1
12351454 13442249 1
12351454 14336364 1
12351454 20450151 1
12351454 22719741 1
12351454 30575422 1
12351454 38162422 1
12351454 38818462 1
12351454 43319182 1
12351454 44992892 1
12351454 45142582 1
12351454 45761672 1
12351454 52315352 1
12351454 52455322 1
12351454 52518072 1
12351454 52588082 1
13000523 13442249 1
13000523 14336364 1
13000523 20450151 1
13000523 22719741 1
13000523 30575422 1
13000523 38162422 1
13000523 38818462 1
13000523 43319182 1
13000523 44992892 1
13000523 45142582 1
13000523 45761672 1
13000523 52315352 1
13000523 52455322 1
13000523 52518072 1
13000523 52588082 1
13442249 14336364 1
13442249 20450151 1
13442249 22719741 1
13442249 30575422 1
13442249 38162422 1
13442249 38818462 1
13442249 43319182 1
13442249 44992892 1
13442249 45142582 1
13442249 45761672 1
13442249 52315352 2
13442249 52455322 1
13442249 52518072 1
13442249 52588082 1
14336364 20450151 1
14336364 22719741 1
14336364 30575422 1
14336364 38162422 1
14336364 38818462 1
14336364 43319182 1
14336364 44992892 1
14336364 45142582 1
14336364 45761672 1
14336364 52315352 1
14336364 52455322 1
14336364 52518072 1
14336364 52588082 1
20450151 22719741 1
20450151 30575422 1
20450151 38162422 1
20450151 38818462 1
20450151 43319182 1
20450151 44992892 1
20450151 45142582 1
20450151 45761672 1
20450151 52315352 1
20450151 52455322 1
20450151 52518072 1
20450151 52588082 1
22719741 30575422 1
22719741 38162422 1
22719741 38818462 1
22719741 43319182 1
22719741 44992892 1
22719741 45142582 1
22719741 45761672 1
22719741 52315352 1
22719741 52455322 1
22719741 52518072 1
22719741 52588082 1
30575422 38162422 1
30575422 38818462 1
30575422 43319182 1
30575422 44992892 1
30575422 45142582 1
30575422 45761672 1
30575422 52315352 1
30575422 52455322 1
30575422 52518072 1
30575422 52588082 1
38162422 38818462 1
38162422 43319182 1
38162422 44992892 1
38162422 45142582 1
38162422 45761672 1
38162422 52315352 1
38162422 52455322 1
38162422 52518072 1
38162422 52588082 1
38818462 43319182 1
38818462 44992892 1
38818462 45142582 1
38818462 45761672 1
38818462 52315352 1
38818462 52455322 1
38818462 52518072 1
38818462 52588082 1
43319182 44992892 1
43319182 45142582 1
43319182 45761672 1
43319182 52315352 1
43319182 52455322 1
43319182 52518072 1
43319182 52588082 1
44992892 45142582 1
44992892 45761672 1
44992892 52315352 1
44992892 52455322 1
44992892 52518072 1
44992892 52588082 1
45142582 45761672 1
45142582 52315352 1
45142582 52455322 1
45142582 52518072 1
45142582 52588082 1
45761672 52315352 1
45761672 52455322 1
45761672 52518072 1
45761672 52588082 1
52315352 52455322 1
52315352 52518072 1
52315352 52588082 1
52455322 52518072 1
52455322 52588082 1
52518072 52588082 1
3434793 3505633 1
3434793 3869629 1
3434793 12332319 1
3434793 12383936 1
3434793 12828498 1
3434793 14110110 1
3434793 14435055 1
3434793 20458271 1
3434793 22185381 1
3434793 36353712 1
3434793 47634602 1
3434793 51544732 1
3434793 51619312 1
3505633 3869629 1
3505633 12332319 1
3505633 12383936 1
3505633 12828498 1
3505633 14110110 1
3505633 14435055 1
3505633 20458271 1
3505633 22185381 1
3505633 36353712 1
3505633 47634602 1
3505633 51544732 1
3505633 51619312 1
3869629 12332319 1
3869629 12383936 1
3869629 12828498 1
3869629 14110110 1
3869629 14435055 1
3869629 20458271 1
3869629 22185381 1
3869629 36353712 1
3869629 47634602 1
3869629 51544732 1
3869629 51619312 1
12332319 12383936 1
12332319 12828498 1
12332319 14110110 1
12332319 14435055 1
12332319 20458271 1
12332319 22185381 1
12332319 36353712 1
12332319 47634602 1
12332319 51544732 1
12332319 51619312 1
12383936 12828498 1
12383936 14110110 1
12383936 14435055 1
12383936 20458271 1
12383936 22185381 1
12383936 36353712 1
12383936 47634602 1
12383936 51544732 1
12383936 51619312 1
12828498 14110110 1
12828498 14435055 1
12828498 20458271 1
12828498 22185381 1
12828498 36353712 1
12828498 47634602 1
12828498 51544732 1
12828498 51619312 1
14110110 14435055 1
14110110 20458271 1
14110110 22185381 1
14110110 36353712 1
14110110 47634602 1
14110110 51544732 1
14110110 51619312 1
14435055 20458271 1
14435055 22185381 1
14435055 36353712 1
14435055 47634602 1
14435055 51544732 1
14435055 51619312 1
20458271 22185381 1
20458271 36353712 1
20458271 47634602 1
20458271 51544732 1
20458271 51619312 1
22185381 36353712 2
22185381 47634602 1
22185381 51544732 1
22185381 51619312 1
36353712 47634602 1
36353712 51544732 1
36353712 51619312 1
47634602 51544732 1
47634602 51619312 1
51544732 51619312 1
9066215 10016772 1
9066215 10761137 1
9066215 11482210 1
9066215 11665352 1
9066215 13391010 1
9066215 13671453 3
9066215 13881833 1
9066215 14535042 1
9066215 32350862 1
9066215 50926652 1
9066215 52726862 1
9066215 53334632 1
9066215 53382732 1
9066215 53709512 1
10016772 10761137 1
10016772 11482210 1
10016772 11665352 1
10016772 13391010 2
10016772 13671453 2
10016772 13881833 1
10016772 14535042 1
10016772 32350862 1
10016772 50926652 1
10016772 52726862 2
10016772 53334632 1
10016772 53382732 2
10016772 53709512 1
10761137 11482210 1
10761137 11665352 1
10761137 13391010 1
10761137 13671453 1
10761137 13881833 1
10761137 14535042 1
10761137 32350862 1
10761137 50926652 1
10761137 52726862 1
10761137 53334632 1
10761137 53382732 1
10761137 53709512 1
11482210 11665352 1
11482210 13391010 1
11482210 13671453 1
11482210 13881833 1
11482210 14535042 1
11482210 32350862 1
11482210 50926652 1
11482210 52726862 1
11482210 53334632 1
11482210 53382732 1
11482210 53709512 1
11665352 13391010 1
11665352 13671453 1
11665352 13881833 1
11665352 14535042 1
11665352 32350862 1
11665352 50926652 1
11665352 52726862 1
11665352 53334632 1
11665352 53382732 1
11665352 53709512 1
13391010 13671453 1
13391010 13881833 1
13391010 14535042 1
13391010 32350862 1
13391010 50926652 1
13391010 52726862 1
13391010 53334632 1
13391010 53382732 1
13391010 53709512 1
13671453 13881833 1
13671453 14535042 1
13671453 32350862 1
13671453 50926652 1
13671453 52726862 2
13671453 53334632 1
13671453 53382732 2
13671453 53709512 1
13881833 14535042 1
13881833 32350862 1
13881833 50926652 1
13881833 52726862 1
13881833 53334632 1
13881833 53382732 1
13881833 53709512 1
14535042 32350862 1
14535042 50926652 1
14535042 52726862 1
14535042 53334632 1
14535042 53382732 1
14535042 53709512 1
32350862 50926652 1
32350862 52726862 1
32350862 53334632 1
32350862 53382732 1
32350862 53709512 1
50926652 52726862 1
50926652 53334632 1
50926652 53382732 1
50926652 53709512 1
52726862 53334632 1
52726862 53382732 2
52726862 53709512 1
53334632 53382732 1
53334632 53709512 1
53382732 53709512 1
1304480 4435070 1
1304480 7559854 1
1304480 8219912 1
1304480 8949539 1
1304480 9066215 1
1304480 10169806 1
1304480 11315110 1
1304480 13500110 1
1304480 13671453 1
1304480 22185381 1
1304480 24148122 1
1304480 31434372 1
1304480 36353712 1
1304480 40286292 1
1304480 41454012 1
1304480 50922822 1
1304480 52323602 1
1304480 52434522 1
1304480 53932342 1
1304480 54207922 1
1304480 54215962 1
1304480 54263812 1
4435070 7559854 1
4435070 8219912 1
4435070 8949539 1
4435070 9066215 1
4435070 10169806 1
4435070 11315110 1
4435070 13442249 1
4435070 13500110 1
4435070 13671453 1
4435070 22185381 1
4435070 24148122 1
4435070 31434372 1
4435070 36353712 1
4435070 40286292 1
4435070 41454012 1
4435070 50922822 1
4435070 52323602 1
4435070 52434522 1
4435070 53932342 1
4435070 54207922 1
4435070 54215962 1
4435070 54263812 1
7559854 8219912 1
7559854 8949539 1
7559854 9066215 1
7559854 10169806 1
7559854 11315110 1
7559854 13442249 1
7559854 13500110 1
7559854 13671453 2
7559854 22185381 1
7559854 24148122 2
7559854 31434372 1
7559854 36353712 1
7559854 40286292 1
7559854 41454012 1
7559854 50922822 1
7559854 52323602 1
7559854 52434522 1
7559854 53932342 1
7559854 54207922 1
7559854 54215962 1
7559854 54263812 1
8219912 8949539 1
8219912 9066215 1
8219912 10169806 1
8219912 11315110 1
8219912 13442249 1
8219912 13500110 1
8219912 13671453 1
8219912 22185381 1
8219912 24148122 1
8219912 31434372 1
8219912 36353712 1
8219912 40286292 1
8219912 41454012 1
8219912 50922822 1
8219912 52323602 1
8219912 52434522 1
8219912 53932342 1
8219912 54207922 1
8219912 54215962 1
8219912 54263812 1
8949539 9066215 1
8949539 10169806 1
8949539 11315110 1
8949539 13442249 1
8949539 13500110 1
8949539 13671453 1
8949539 22185381 1
8949539 24148122 1
8949539 31434372 1
8949539 36353712 1
8949539 40286292 1
8949539 41454012 1
8949539 50922822 1
8949539 52323602 1
8949539 52434522 1
8949539 53932342 1
8949539 54207922 1
8949539 54215962 1
8949539 54263812 1
9066215 10169806 1
9066215 11315110 1
9066215 13442249 1
9066215 13500110 1
9066215 22185381 1
9066215 24148122 1
9066215 31434372 1
9066215 36353712 2
9066215 40286292 1
9066215 41454012 1
9066215 50922822 1
9066215 52323602 1
9066215 52434522 1
9066215 53932342 1
9066215 54207922 1
9066215 54215962 1
9066215 54263812 1
10169806 11315110 1
10169806 13442249 1
10169806 13500110 1
10169806 13671453 1
10169806 22185381 1
10169806 24148122 1
10169806 31434372 1
10169806 36353712 1
10169806 40286292 1
10169806 41454012 1
10169806 50922822 1
10169806 52323602 1
10169806 52434522 1
10169806 53932342 1
10169806 54207922 1
10169806 54215962 1
10169806 54263812 1
11315110 13442249 1
11315110 13500110 1
11315110 13671453 1
11315110 22185381 1
11315110 24148122 1
11315110 31434372 1
11315110 36353712 1
11315110 40286292 1
11315110 41454012 1
11315110 50922822 1
11315110 52323602 1
11315110 52434522 1
11315110 53932342 1
11315110 54207922 1
11315110 54215962 1
11315110 54263812 1
13442249 13500110 1
13442249 13671453 1
13442249 22185381 1
13442249 24148122 1
13442249 31434372 1
13442249 36353712 1
13442249 40286292 1
13442249 41454012 1
13442249 50922822 2
13442249 52323602 1
13442249 52434522 1
13442249 53932342 1
13442249 54207922 1
13442249 54215962 1
13442249 54263812 1
13500110 13671453 1
13500110 22185381 1
13500110 24148122 1
13500110 31434372 1
13500110 36353712 1
13500110 40286292 1
13500110 41454012 1
13500110 50922822 1
13500110 52323602 1
13500110 52434522 1
13500110 53932342 1
13500110 54207922 1
13500110 54215962 1
13500110 54263812 1
13671453 22185381 1
13671453 24148122 2
13671453 31434372 1
13671453 36353712 2
13671453 40286292 1
13671453 41454012 1
13671453 50922822 1
13671453 52323602 1
13671453 52434522 1
13671453 53932342 1
13671453 54207922 1
13671453 54215962 1
13671453 54263812 1
22185381 24148122 1
22185381 31434372 1
22185381 40286292 1
22185381 41454012 1
22185381 50922822 1
22185381 52323602 1
22185381 52434522 1
22185381 53932342 1
22185381 54207922 1
22185381 54215962 1
22185381 54263812 1
24148122 31434372 1
24148122 36353712 1
24148122 40286292 1
24148122 41454012 1
24148122 50922822 1
24148122 52323602 1
24148122 52434522 1
24148122 53932342 1
24148122 54207922 1
24148122 54215962 1
24148122 54263812 1
31434372 36353712 1
31434372 40286292 1
31434372 41454012 1
31434372 50922822 1
31434372 52323602 1
31434372 52434522 1
31434372 53932342 1
31434372 54207922 1
31434372 54215962 1
31434372 54263812 1
36353712 40286292 1
36353712 41454012 1
36353712 50922822 1
36353712 52323602 1
36353712 52434522 1
36353712 53932342 1
36353712 54207922 1
36353712 54215962 1
36353712 54263812 1
40286292 41454012 1
40286292 50922822 1
40286292 52323602 1
40286292 52434522 1
40286292 53932342 1
40286292 54207922 1
40286292 54215962 1
40286292 54263812 1
41454012 50922822 1
41454012 52323602 1
41454012 52434522 1
41454012 53932342 1
41454012 54207922 1
41454012 54215962 1
41454012 54263812 1
50922822 52323602 1
50922822 52434522 1
50922822 53932342 1
50922822 54207922 1
50922822 54215962 1
50922822 54263812 1
52323602 52434522 1
52323602 53932342 1
52323602 54207922 1
52323602 54215962 1
52323602 54263812 1
52434522 53932342 1
52434522 54207922 1
52434522 54215962 1
52434522 54263812 1
53932342 54207922 1
53932342 54215962 1
53932342 54263812 1
54207922 54215962 1
54207922 54263812 1
54215962 54263812 1
7559854 10016772 1
7559854 43011392 1
7559854 52315352 1
7559854 52726862 1
7559854 53382732 1
7559854 53724292 1
10016772 24148122 1
10016772 43011392 1
10016772 52315352 2
10016772 53724292 1
13671453 43011392 1
13671453 52315352 1
13671453 53724292 1
24148122 43011392 1
24148122 52315352 1
24148122 52726862 1
24148122 53382732 1
24148122 53724292 1
43011392 52315352 1
43011392 52726862 1
43011392 53382732 1
43011392 53724292 1
52315352 52726862 1
52315352 53382732 1
52315352 53724292 1
52726862 53724292 1
53382732 53724292 1
9066215 26173722 1
9066215 54230352 1
13671453 26173722 1
13671453 54230352 1
26173722 36353712 1
26173722 54230352 1
36353712 54230352 1
9445386 9931437 1
9445386 10016772 1
9445386 11283615 1
9445386 14110110 1
9931437 10016772 3
9931437 11283615 1
9931437 14110110 1
10016772 11283615 1
10016772 14110110 1
11283615 14110110 1
9931437 13391010 1
9931437 13442249 1
9931437 14570185 1
9931437 40374872 1
9931437 41370972 2
9931437 43825392 1
9931437 47372582 1
9931437 49738672 1
9931437 50922822 1
9931437 52315352 1
10016772 13442249 1
10016772 14570185 1
10016772 40374872 1
10016772 41370972 2
10016772 43825392 1
10016772 47372582 1
10016772 49738672 1
10016772 50922822 1
13391010 13442249 1
13391010 14570185 1
13391010 40374872 1
13391010 41370972 1
13391010 43825392 1
13391010 47372582 1
13391010 49738672 1
13391010 50922822 1
13391010 52315352 1
13442249 14570185 1
13442249 40374872 1
13442249 41370972 1
13442249 43825392 1
13442249 47372582 1
13442249 49738672 1
14570185 40374872 1
14570185 41370972 1
14570185 43825392 1
14570185 47372582 1
14570185 49738672 1
14570185 50922822 1
14570185 52315352 1
40374872 41370972 1
40374872 43825392 1
40374872 47372582 1
40374872 49738672 1
40374872 50922822 1
40374872 52315352 1
41370972 43825392 1
41370972 47372582 1
41370972 49738672 1
41370972 50922822 1
41370972 52315352 1
43825392 47372582 1
43825392 49738672 1
43825392 50922822 1
43825392 52315352 1
47372582 49738672 1
47372582 50922822 1
47372582 52315352 1
49738672 50922822 1
49738672 52315352 1
50922822 52315352 1
9931437 41579552 1
9931437 50736822 1
10016772 41579552 1
10016772 50736822 1
41370972 41579552 1
41370972 50736822 1
41579552 50736822 1
