10047681 68111682 51294532 12591304 6921577 97666792 12808496 53468882 13879926 2699959 98314232 106255382 90822652
6921577 12591304 4
10047681 12591304 3
2699959 10047681 1
2699959 12591304 1
2699959 12808496 1
2699959 13879926 1
2699959 68111682 1
2699959 98314232 1
10047681 12808496 2
10047681 13879926 1
10047681 68111682 1
10047681 98314232 2
12591304 12808496 3
12591304 13879926 1
12591304 68111682 1
12591304 98314232 3
12808496 13879926 1
12808496 68111682 1
12808496 98314232 2
13879926 68111682 1
13879926 98314232 1
68111682 98314232 1
12591304 106255382 2
6921577 12808496 1
6921577 51294532 1
12591304 51294532 1
12808496 51294532 1
10047681 53468882 1
10047681 97666792 1
10047681 106255382 1
12591304 53468882 2
12591304 97666792 1
12808496 53468882 1
12808496 97666792 1
12808496 106255382 1
53468882 97666792 1
53468882 98314232 2
53468882 106255382 1
97666792 98314232 1
97666792 106255382 1
98314232 106255382 1
6921577 90822652 2
12591304 90822652 3
6921577 53468882 1
6921577 98314232 1
53468882 90822652 1
90822652 98314232 1
