30378632 184752527 186426385 185838873 91268762 185411993 9379483 53248802 39935142 7425326 185901751 182088762 118848442 185782076 186371921 184396252 67463772 118386142 2618081 184360172 135326322 2405881 162441722
2618081 7425326 5
2618081 9379483 4
2618081 53248802 2
2618081 118386142 1
2618081 118848442 1
2618081 184360172 5
2618081 184396252 4
7425326 9379483 4
7425326 53248802 2
7425326 118386142 1
7425326 118848442 1
7425326 184360172 5
7425326 184396252 4
9379483 53248802 2
9379483 118386142 1
9379483 118848442 1
9379483 184360172 4
9379483 184396252 3
53248802 118386142 1
53248802 118848442 1
53248802 184360172 2
53248802 184396252 1
118386142 118848442 1
118386142 184360172 1
118386142 184396252 1
118848442 184360172 1
118848442 184396252 1
184360172 184396252 4
39935142 162441722 2
39935142 182088762 2
39935142 184360172 1
39935142 184752527 2
39935142 185411993 2
162441722 182088762 4
162441722 184360172 1
162441722 184752527 4
162441722 185411993 4
182088762 184360172 1
182088762 184752527 4
182088762 185411993 4
184360172 184752527 1
184360172 185411993 2
184752527 185411993 4
2618081 135326322 4
2618081 185411993 1
7425326 135326322 4
7425326 185411993 1
9379483 135326322 3
9379483 185411993 1
135326322 184360172 4
135326322 184396252 3
135326322 185411993 1
184396252 185411993 1
91268762 162441722 1
91268762 182088762 1
91268762 184752527 1
91268762 185411993 1
91268762 185838873 1
162441722 185838873 1
182088762 185838873 1
184752527 185838873 1
185411993 185838873 1
2405881 30378632 1
2405881 67463772 1
2405881 185782076 1
2405881 185901751 1
30378632 67463772 1
30378632 185782076 1
30378632 185901751 1
67463772 185782076 1
67463772 185901751 1
185782076 185901751 1
53248802 135326322 1
162441722 186371921 1
162441722 186426385 1
182088762 186371921 1
182088762 186426385 1
184752527 186371921 1
184752527 186426385 1
185411993 186371921 1
185411993 186426385 1
186371921 186426385 1
