92712452 183855365 11225226 186426385 2566417 187595411 194023961 185411993 180029482 71470122 7425326 181971132 187894847 191321921 30700482 13504582 186491218 11655764 194772436 184396252 194023903 86139492 184360172 135326322 162441722 9254651
7425326 86139492 3
7425326 135326322 3
7425326 184360172 3
7425326 184396252 3
7425326 187595411 2
7425326 187894847 2
86139492 135326322 3
86139492 184360172 3
86139492 184396252 3
86139492 187595411 2
86139492 187894847 2
135326322 184360172 3
135326322 184396252 3
135326322 187595411 2
135326322 187894847 2
184360172 184396252 3
184360172 187595411 2
184360172 187894847 2
184396252 187595411 2
184396252 187894847 2
187595411 187894847 2
9254651 30700482 2
9254651 183855365 3
9254651 191321921 3
30700482 183855365 2
30700482 191321921 2
183855365 191321921 3
11655764 162441722 2
11655764 185411993 1
11655764 186426385 2
11655764 194023903 1
11655764 194023961 1
162441722 185411993 1
162441722 186426385 3
162441722 194023903 2
162441722 194023961 2
185411993 186426385 1
185411993 194023903 1
185411993 194023961 1
186426385 194023903 2
186426385 194023961 2
194023903 194023961 2
7425326 186491218 1
86139492 186491218 1
135326322 186491218 1
184360172 186491218 1
184396252 186491218 1
2566417 11225226 1
2566417 13504582 1
2566417 185411993 1
11225226 13504582 1
11225226 185411993 1
13504582 185411993 1
9254651 180029482 1
180029482 183855365 1
180029482 191321921 1
162441722 181971132 1
181971132 186426385 1
181971132 194023903 1
181971132 194023961 1
7425326 92712452 1
86139492 92712452 1
92712452 135326322 1
92712452 184360172 1
92712452 184396252 1
92712452 187595411 1
92712452 187894847 1
11655764 71470122 1
11655764 194772436 1
71470122 162441722 1
71470122 186426385 1
71470122 194772436 1
162441722 194772436 1
186426385 194772436 1
