5464320 80250242 136318852 110191112 8232072 81833352 102299402 4835212 88071952 3430929 37729042 11747604 111780632 20895001 117675162 6638624 9674913 12503841 121987362 136242082 13948326 8245800 122802092 84996152 638012 6804925 13535296 56053702 53196872 2062410 8889547 135432522 21639031 68666192 11541712 105001682 52345432 104759642 68711132 3140061 112475742 1202787 14377702 9849959 92063722 138399082 94639212 132269682 44097782 12142455 1887096
638012 2062410 1
638012 3430929 4
638012 11747604 9
638012 13535296 6
638012 14377702 3
638012 110191112 1
638012 112475742 2
2062410 3430929 1
2062410 11747604 1
2062410 13535296 1
2062410 14377702 1
2062410 110191112 1
2062410 112475742 1
3430929 11747604 4
3430929 13535296 3
3430929 14377702 2
3430929 110191112 1
3430929 112475742 2
11747604 13535296 6
11747604 14377702 3
11747604 110191112 1
11747604 112475742 2
13535296 14377702 3
13535296 110191112 1
13535296 112475742 2
14377702 110191112 1
14377702 112475742 2
110191112 112475742 1
638012 1202787 8
638012 1887096 1
638012 8232072 1
638012 9849959 1
638012 12142455 1
638012 13948326 1
638012 37729042 1
638012 44097782 2
638012 52345432 1
638012 68666192 1
638012 84996152 1
638012 92063722 2
638012 94639212 1
1202787 1887096 1
1202787 3430929 3
1202787 8232072 1
1202787 9849959 1
1202787 11747604 8
1202787 12142455 1
1202787 13535296 5
1202787 13948326 1
1202787 14377702 2
1202787 37729042 1
1202787 44097782 2
1202787 52345432 1
1202787 68666192 1
1202787 84996152 1
1202787 92063722 2
1202787 94639212 1
1202787 112475742 1
1887096 3430929 1
1887096 8232072 1
1887096 9849959 1
1887096 11747604 1
1887096 12142455 1
1887096 13535296 1
1887096 13948326 1
1887096 14377702 1
1887096 37729042 1
1887096 44097782 1
1887096 52345432 1
1887096 68666192 1
1887096 84996152 1
1887096 92063722 1
1887096 94639212 1
1887096 112475742 1
3430929 8232072 1
3430929 9849959 1
3430929 12142455 1
3430929 13948326 1
3430929 37729042 1
3430929 44097782 1
3430929 52345432 1
3430929 68666192 1
3430929 84996152 1
3430929 92063722 1
3430929 94639212 1
8232072 9849959 1
8232072 11747604 1
8232072 12142455 1
8232072 13535296 1
8232072 13948326 1
8232072 14377702 1
8232072 37729042 1
8232072 44097782 1
8232072 52345432 1
8232072 68666192 1
8232072 84996152 1
8232072 92063722 1
8232072 94639212 1
8232072 112475742 1
9849959 11747604 1
9849959 12142455 1
9849959 13535296 1
9849959 13948326 1
9849959 14377702 1
9849959 37729042 1
9849959 44097782 1
9849959 52345432 1
9849959 68666192 1
9849959 84996152 1
9849959 92063722 1
9849959 94639212 1
9849959 112475742 1
11747604 12142455 1
11747604 13948326 1
11747604 37729042 1
11747604 44097782 2
11747604 52345432 1
11747604 68666192 1
11747604 84996152 1
11747604 92063722 2
11747604 94639212 1
12142455 13535296 1
12142455 13948326 1
12142455 14377702 1
12142455 37729042 1
12142455 44097782 1
12142455 52345432 1
12142455 68666192 1
12142455 84996152 1
12142455 92063722 1
12142455 94639212 1
12142455 112475742 1
13535296 13948326 1
13535296 37729042 1
13535296 44097782 2
13535296 52345432 1
13535296 68666192 1
13535296 84996152 1
13535296 92063722 2
13535296 94639212 1
13948326 14377702 1
13948326 37729042 1
13948326 44097782 1
13948326 52345432 1
13948326 68666192 1
13948326 84996152 1
13948326 92063722 1
13948326 94639212 1
13948326 112475742 1
14377702 37729042 1
14377702 44097782 1
14377702 52345432 1
14377702 68666192 1
14377702 84996152 1
14377702 92063722 2
14377702 94639212 1
37729042 44097782 1
37729042 52345432 1
37729042 68666192 1
37729042 84996152 1
37729042 92063722 1
37729042 94639212 1
37729042 112475742 1
44097782 52345432 1
44097782 68666192 1
44097782 84996152 1
44097782 92063722 1
44097782 94639212 1
44097782 112475742 1
52345432 68666192 1
52345432 84996152 1
52345432 92063722 1
52345432 94639212 1
52345432 112475742 1
68666192 84996152 1
68666192 92063722 1
68666192 94639212 1
68666192 112475742 1
84996152 92063722 1
84996152 94639212 1
84996152 112475742 1
92063722 94639212 1
92063722 112475742 1
94639212 112475742 1
638012 3140061 1
638012 6804925 1
638012 9674913 3
638012 11541712 1
638012 12503841 1
638012 20895001 1
638012 104759642 4
1202787 3140061 1
1202787 6804925 1
1202787 9674913 3
1202787 11541712 1
1202787 12503841 1
1202787 20895001 1
1202787 104759642 4
3140061 6804925 1
3140061 9674913 1
3140061 11541712 1
3140061 11747604 1
3140061 12503841 1
3140061 13535296 1
3140061 20895001 1
3140061 44097782 1
3140061 104759642 1
6804925 9674913 1
6804925 11541712 1
6804925 11747604 1
6804925 12503841 1
6804925 13535296 1
6804925 20895001 1
6804925 44097782 1
6804925 104759642 1
9674913 11541712 1
9674913 11747604 3
9674913 12503841 1
9674913 13535296 2
9674913 20895001 1
9674913 44097782 1
9674913 104759642 2
11541712 11747604 1
11541712 12503841 1
11541712 13535296 1
11541712 20895001 1
11541712 44097782 1
11541712 104759642 1
11747604 12503841 1
11747604 20895001 1
11747604 104759642 4
12503841 13535296 1
12503841 20895001 1
12503841 44097782 1
12503841 104759642 1
13535296 20895001 1
13535296 104759642 2
20895001 44097782 1
20895001 104759642 1
44097782 104759642 1
638012 53196872 1
638012 117675162 2
638012 122802092 1
1202787 53196872 1
1202787 117675162 2
1202787 122802092 1
3430929 53196872 1
3430929 117675162 1
3430929 122802092 1
11747604 53196872 1
11747604 117675162 2
11747604 122802092 1
53196872 117675162 1
53196872 122802092 1
117675162 122802092 1
638012 5464320 2
638012 68711132 1
638012 81833352 3
638012 88071952 3
638012 105001682 1
1202787 5464320 2
1202787 68711132 1
1202787 81833352 3
1202787 88071952 3
1202787 105001682 1
5464320 9674913 1
5464320 11747604 2
5464320 68711132 1
5464320 81833352 2
5464320 88071952 1
5464320 104759642 2
5464320 105001682 1
9674913 68711132 1
9674913 81833352 2
9674913 88071952 2
9674913 105001682 1
11747604 68711132 1
11747604 81833352 3
11747604 88071952 3
11747604 105001682 1
68711132 81833352 1
68711132 88071952 1
68711132 104759642 1
68711132 105001682 1
81833352 88071952 2
81833352 104759642 2
81833352 105001682 1
88071952 104759642 2
88071952 105001682 1
104759642 105001682 1
638012 8889547 1
638012 111780632 2
1202787 8889547 1
1202787 111780632 2
8889547 9674913 1
8889547 11747604 1
8889547 13535296 1
8889547 14377702 1
8889547 81833352 1
8889547 88071952 1
8889547 92063722 1
8889547 111780632 1
8889547 117675162 1
9674913 14377702 1
9674913 92063722 1
9674913 111780632 1
9674913 117675162 1
11747604 111780632 2
13535296 81833352 1
13535296 88071952 2
13535296 111780632 1
13535296 117675162 1
14377702 81833352 1
14377702 88071952 1
14377702 111780632 1
14377702 117675162 1
81833352 92063722 1
81833352 111780632 2
81833352 117675162 1
88071952 92063722 1
88071952 111780632 1
88071952 117675162 1
92063722 111780632 1
92063722 117675162 1
111780632 117675162 1
638012 121987362 1
1202787 121987362 1
11747604 121987362 1
13535296 121987362 1
88071952 121987362 1
104759642 121987362 1
638012 132269682 1
638012 136242082 1
1202787 132269682 1
1202787 136242082 1
3430929 132269682 1
3430929 136242082 1
11747604 132269682 1
11747604 136242082 1
13535296 132269682 1
13535296 136242082 1
132269682 136242082 1
638012 4835212 1
638012 6638624 1
638012 8245800 1
638012 21639031 1
638012 56053702 1
638012 80250242 1
638012 102299402 1
638012 135432522 1
638012 136318852 1
638012 138399082 1
1202787 4835212 1
1202787 6638624 1
1202787 8245800 1
1202787 21639031 1
1202787 56053702 1
1202787 80250242 1
1202787 102299402 1
1202787 135432522 1
1202787 136318852 1
1202787 138399082 1
4835212 5464320 1
4835212 6638624 1
4835212 8245800 1
4835212 11747604 1
4835212 21639031 1
4835212 56053702 1
4835212 80250242 1
4835212 81833352 1
4835212 102299402 1
4835212 104759642 1
4835212 111780632 1
4835212 135432522 1
4835212 136318852 1
4835212 138399082 1
5464320 6638624 1
5464320 8245800 1
5464320 21639031 1
5464320 56053702 1
5464320 80250242 1
5464320 102299402 1
5464320 111780632 1
5464320 135432522 1
5464320 136318852 1
5464320 138399082 1
6638624 8245800 1
6638624 11747604 1
6638624 21639031 1
6638624 56053702 1
6638624 80250242 1
6638624 81833352 1
6638624 102299402 1
6638624 104759642 1
6638624 111780632 1
6638624 135432522 1
6638624 136318852 1
6638624 138399082 1
8245800 11747604 1
8245800 21639031 1
8245800 56053702 1
8245800 80250242 1
8245800 81833352 1
8245800 102299402 1
8245800 104759642 1
8245800 111780632 1
8245800 135432522 1
8245800 136318852 1
8245800 138399082 1
11747604 21639031 1
11747604 56053702 1
11747604 80250242 1
11747604 102299402 1
11747604 135432522 1
11747604 136318852 1
11747604 138399082 1
21639031 56053702 1
21639031 80250242 1
21639031 81833352 1
21639031 102299402 1
21639031 104759642 1
21639031 111780632 1
21639031 135432522 1
21639031 136318852 1
21639031 138399082 1
56053702 80250242 1
56053702 81833352 1
56053702 102299402 1
56053702 104759642 1
56053702 111780632 1
56053702 135432522 1
56053702 136318852 1
56053702 138399082 1
80250242 81833352 1
80250242 102299402 1
80250242 104759642 1
80250242 111780632 1
80250242 135432522 1
80250242 136318852 1
80250242 138399082 1
81833352 102299402 1
81833352 135432522 1
81833352 136318852 1
81833352 138399082 1
102299402 104759642 1
102299402 111780632 1
102299402 135432522 1
102299402 136318852 1
102299402 138399082 1
104759642 111780632 1
104759642 135432522 1
104759642 136318852 1
104759642 138399082 1
111780632 135432522 1
111780632 136318852 1
111780632 138399082 1
135432522 136318852 1
135432522 138399082 1
136318852 138399082 1
