12968289 78147 10444038 12253576 25937482 14593870 10639282 9553241 14123259 12154749 7210750 21908191
7210750 10444038 6
7210750 10639282 3
7210750 14123259 3
7210750 14593870 3
10444038 10639282 5
10444038 14123259 3
10444038 14593870 3
10639282 14123259 1
10639282 14593870 2
14123259 14593870 2
7210750 21908191 3
10444038 21908191 6
78147 7210750 1
78147 9553241 1
78147 10444038 1
78147 14123259 1
78147 14593870 1
78147 21908191 1
7210750 9553241 1
9553241 10444038 1
9553241 14123259 1
9553241 14593870 1
9553241 21908191 1
14123259 21908191 1
14593870 21908191 2
7210750 12253576 1
7210750 12968289 1
10444038 12253576 2
10444038 12968289 1
10639282 12253576 2
10639282 12968289 1
10639282 21908191 3
12253576 12968289 1
12253576 14593870 1
12253576 21908191 2
12968289 14593870 1
12968289 21908191 1
7210750 25937482 1
10444038 25937482 1
10639282 25937482 1
10444038 12154749 1
