13729417 5462795 11456785 4016275 43025942 2442778 2936352 19697441 77896482 31139872 593189 12502823 6348970 137268012 37887792 12532659 52540982 3221558 88587962 51145022 7745730 67795522 25864772 150285002 91679692 10074957 12640207 12029265 10976338 71174612 12955349 70606292 12422109 8109024 3995873 2389474 1825635 91079912 33582952 25063022 2423540 4059125 149888892 1874302
593189 12532659 4
593189 12640207 2
593189 37887792 1
593189 52540982 4
12532659 12640207 4
12532659 37887792 5
12532659 52540982 10
12640207 37887792 3
12640207 52540982 4
37887792 52540982 5
593189 1825635 2
593189 2442778 2
593189 4016275 2
593189 10074957 2
593189 12029265 1
593189 13729417 1
593189 25864772 1
1825635 2442778 2
1825635 4016275 2
1825635 10074957 2
1825635 12029265 1
1825635 12532659 5
1825635 12640207 2
1825635 13729417 1
1825635 25864772 1
1825635 52540982 5
2442778 4016275 1
2442778 10074957 1
2442778 12029265 1
2442778 12532659 3
2442778 12640207 1
2442778 13729417 1
2442778 25864772 1
2442778 52540982 3
4016275 10074957 2
4016275 12029265 1
4016275 12532659 2
4016275 12640207 1
4016275 13729417 1
4016275 25864772 1
4016275 52540982 2
10074957 12029265 1
10074957 12532659 2
10074957 12640207 1
10074957 13729417 1
10074957 25864772 1
10074957 52540982 2
12029265 12532659 1
12029265 12640207 1
12029265 13729417 1
12029265 25864772 1
12029265 52540982 1
12532659 13729417 2
12532659 25864772 1
12640207 13729417 1
12640207 25864772 1
13729417 25864772 1
13729417 52540982 2
25864772 52540982 1
2423540 4059125 1
2423540 12532659 1
2423540 12640207 1
2423540 37887792 1
2423540 52540982 1
2423540 77896482 1
4059125 12532659 1
4059125 12640207 1
4059125 37887792 1
4059125 52540982 1
4059125 77896482 1
12532659 77896482 1
12640207 77896482 1
37887792 77896482 1
52540982 77896482 1
593189 10976338 2
593189 12955349 1
593189 43025942 2
593189 137268012 1
2442778 10976338 1
2442778 12955349 1
2442778 43025942 2
2442778 137268012 1
10976338 12532659 2
10976338 12955349 1
10976338 43025942 2
10976338 52540982 2
10976338 137268012 1
12532659 12955349 2
12532659 43025942 7
12532659 137268012 1
12955349 43025942 2
12955349 52540982 2
12955349 137268012 1
43025942 52540982 7
43025942 137268012 1
52540982 137268012 1
1825635 8109024 1
1825635 12502823 1
1825635 43025942 4
1825635 88587962 3
2442778 8109024 1
2442778 12502823 1
2442778 88587962 1
8109024 12502823 1
8109024 12532659 1
8109024 43025942 1
8109024 52540982 1
8109024 88587962 1
12502823 12532659 1
12502823 43025942 1
12502823 52540982 1
12502823 88587962 1
12532659 88587962 3
43025942 88587962 3
52540982 88587962 3
12532659 71174612 1
12955349 13729417 1
12955349 37887792 1
12955349 71174612 1
13729417 37887792 1
13729417 43025942 1
13729417 71174612 1
37887792 43025942 3
37887792 71174612 1
43025942 71174612 1
52540982 71174612 1
593189 1874302 1
593189 2389474 1
593189 3221558 1
593189 5462795 1
593189 7745730 1
593189 19697441 1
593189 67795522 1
593189 70606292 1
593189 88587962 1
1825635 1874302 1
1825635 2389474 2
1825635 3221558 1
1825635 5462795 1
1825635 7745730 2
1825635 10976338 1
1825635 19697441 2
1825635 67795522 1
1825635 70606292 1
1874302 2389474 1
1874302 3221558 1
1874302 4016275 1
1874302 5462795 1
1874302 7745730 1
1874302 10074957 1
1874302 10976338 1
1874302 12532659 1
1874302 19697441 1
1874302 43025942 1
1874302 52540982 1
1874302 67795522 1
1874302 70606292 1
1874302 88587962 1
2389474 3221558 1
2389474 4016275 1
2389474 5462795 1
2389474 7745730 2
2389474 10074957 1
2389474 10976338 1
2389474 12532659 2
2389474 19697441 2
2389474 43025942 2
2389474 52540982 2
2389474 67795522 1
2389474 70606292 1
2389474 88587962 2
3221558 4016275 1
3221558 5462795 1
3221558 7745730 1
3221558 10074957 1
3221558 10976338 1
3221558 12532659 1
3221558 19697441 1
3221558 43025942 1
3221558 52540982 1
3221558 67795522 1
3221558 70606292 1
3221558 88587962 1
4016275 5462795 1
4016275 7745730 1
4016275 10976338 1
4016275 19697441 1
4016275 43025942 1
4016275 67795522 1
4016275 70606292 1
4016275 88587962 1
5462795 7745730 1
5462795 10074957 1
5462795 10976338 1
5462795 12532659 1
5462795 19697441 1
5462795 43025942 1
5462795 52540982 1
5462795 67795522 1
5462795 70606292 1
5462795 88587962 1
7745730 10074957 1
7745730 10976338 1
7745730 12532659 2
7745730 19697441 2
7745730 43025942 2
7745730 52540982 2
7745730 67795522 1
7745730 70606292 1
7745730 88587962 2
10074957 10976338 1
10074957 19697441 1
10074957 43025942 1
10074957 67795522 1
10074957 70606292 1
10074957 88587962 1
10976338 19697441 1
10976338 67795522 1
10976338 70606292 1
10976338 88587962 1
12532659 19697441 2
12532659 67795522 1
12532659 70606292 1
19697441 43025942 2
19697441 52540982 2
19697441 67795522 1
19697441 70606292 1
19697441 88587962 2
43025942 67795522 1
43025942 70606292 1
52540982 67795522 1
52540982 70606292 1
67795522 70606292 1
67795522 88587962 1
70606292 88587962 1
1825635 11456785 1
1825635 37887792 2
1825635 91679692 1
1825635 149888892 2
1825635 150285002 1
2389474 11456785 1
2389474 12640207 1
2389474 37887792 1
2389474 91679692 1
2389474 149888892 1
2389474 150285002 1
7745730 11456785 1
7745730 12640207 1
7745730 37887792 1
7745730 91679692 1
7745730 149888892 1
7745730 150285002 1
11456785 12532659 1
11456785 12640207 1
11456785 19697441 1
11456785 37887792 1
11456785 43025942 1
11456785 52540982 1
11456785 88587962 1
11456785 91679692 1
11456785 149888892 1
11456785 150285002 1
12532659 91679692 1
12532659 149888892 3
12532659 150285002 2
12640207 19697441 1
12640207 43025942 1
12640207 88587962 1
12640207 91679692 1
12640207 149888892 1
12640207 150285002 1
19697441 37887792 1
19697441 91679692 1
19697441 149888892 1
19697441 150285002 1
37887792 88587962 1
37887792 91679692 1
37887792 149888892 2
37887792 150285002 1
43025942 91679692 1
43025942 149888892 3
43025942 150285002 2
52540982 91679692 1
52540982 149888892 3
52540982 150285002 2
88587962 91679692 1
88587962 149888892 1
88587962 150285002 1
91679692 149888892 1
91679692 150285002 1
149888892 150285002 2
2936352 3995873 1
2936352 12532659 1
2936352 43025942 1
2936352 51145022 1
2936352 52540982 1
2936352 91079912 1
2936352 149888892 1
2936352 150285002 1
3995873 12532659 1
3995873 43025942 1
3995873 51145022 1
3995873 52540982 1
3995873 91079912 1
3995873 149888892 1
3995873 150285002 1
12532659 51145022 1
12532659 91079912 1
43025942 51145022 1
43025942 91079912 1
51145022 52540982 1
51145022 91079912 1
51145022 149888892 1
51145022 150285002 1
52540982 91079912 1
91079912 149888892 1
91079912 150285002 1
1825635 6348970 1
1825635 12422109 1
1825635 25063022 1
1825635 31139872 1
1825635 33582952 1
6348970 12422109 1
6348970 12532659 1
6348970 25063022 1
6348970 31139872 1
6348970 33582952 1
6348970 37887792 1
6348970 43025942 1
6348970 52540982 1
6348970 149888892 1
12422109 12532659 1
12422109 25063022 1
12422109 31139872 1
12422109 33582952 1
12422109 37887792 1
12422109 43025942 1
12422109 52540982 1
12422109 149888892 1
12532659 25063022 1
12532659 31139872 1
12532659 33582952 1
25063022 31139872 1
25063022 33582952 1
25063022 37887792 1
25063022 43025942 1
25063022 52540982 1
25063022 149888892 1
31139872 33582952 1
31139872 37887792 1
31139872 43025942 1
31139872 52540982 1
31139872 149888892 1
33582952 37887792 1
33582952 43025942 1
33582952 52540982 1
33582952 149888892 1
