157873792 150338432 4086533 151821702 133001982 72790162 114655122 155234202 2501915 8063643 89183262 9894816 22890661 160384042 12293549 106889902 15233331 142334772 66944182 8493239 26283832 142240312 33020602 112177462 5501624 8789174 156205882 23428291 82083782 5393351 157092552 108241862 130027592 144801102 139415762 136336212 138782292 153999572 158052312 13722592 146052832 11686498 2985059 94793072 36799732 99684852 12205942 12945655 73230462
5393351 8493239 1
5393351 12945655 1
5393351 13722592 1
5393351 15233331 1
5393351 22890661 1
5393351 23428291 1
5393351 26283832 1
5393351 33020602 1
5393351 72790162 1
5393351 73230462 1
5393351 89183262 1
5393351 94793072 1
5393351 106889902 1
5393351 114655122 1
5393351 136336212 1
5393351 138782292 1
5393351 139415762 1
5393351 142334772 1
5393351 157873792 1
8493239 12945655 1
8493239 13722592 1
8493239 15233331 1
8493239 22890661 1
8493239 23428291 1
8493239 26283832 1
8493239 33020602 1
8493239 72790162 1
8493239 73230462 1
8493239 89183262 1
8493239 94793072 1
8493239 106889902 1
8493239 114655122 1
8493239 136336212 1
8493239 138782292 1
8493239 139415762 1
8493239 142334772 1
8493239 157873792 1
12945655 13722592 1
12945655 15233331 1
12945655 22890661 1
12945655 23428291 1
12945655 26283832 1
12945655 33020602 1
12945655 72790162 1
12945655 73230462 1
12945655 89183262 1
12945655 94793072 1
12945655 106889902 1
12945655 114655122 1
12945655 136336212 1
12945655 138782292 1
12945655 139415762 1
12945655 142334772 1
12945655 157873792 1
13722592 15233331 1
13722592 22890661 1
13722592 23428291 1
13722592 26283832 1
13722592 33020602 1
13722592 72790162 1
13722592 73230462 1
13722592 89183262 1
13722592 94793072 1
13722592 106889902 1
13722592 114655122 1
13722592 136336212 2
13722592 138782292 2
13722592 139415762 1
13722592 142334772 1
13722592 157873792 2
15233331 22890661 1
15233331 23428291 1
15233331 26283832 1
15233331 33020602 1
15233331 72790162 1
15233331 73230462 1
15233331 89183262 1
15233331 94793072 1
15233331 106889902 1
15233331 114655122 1
15233331 136336212 1
15233331 138782292 1
15233331 139415762 1
15233331 142334772 1
15233331 157873792 1
22890661 23428291 1
22890661 26283832 1
22890661 33020602 1
22890661 72790162 1
22890661 73230462 1
22890661 89183262 1
22890661 94793072 1
22890661 106889902 1
22890661 114655122 1
22890661 136336212 1
22890661 138782292 1
22890661 139415762 1
22890661 142334772 1
22890661 157873792 1
23428291 26283832 1
23428291 33020602 1
23428291 72790162 1
23428291 73230462 1
23428291 89183262 1
23428291 94793072 1
23428291 106889902 1
23428291 114655122 1
23428291 136336212 1
23428291 138782292 1
23428291 139415762 1
23428291 142334772 1
23428291 157873792 1
26283832 33020602 1
26283832 72790162 1
26283832 73230462 1
26283832 89183262 1
26283832 94793072 1
26283832 106889902 1
26283832 114655122 1
26283832 136336212 1
26283832 138782292 1
26283832 139415762 1
26283832 142334772 1
26283832 157873792 1
33020602 72790162 1
33020602 73230462 1
33020602 89183262 1
33020602 94793072 1
33020602 106889902 1
33020602 114655122 1
33020602 136336212 1
33020602 138782292 1
33020602 139415762 1
33020602 142334772 1
33020602 157873792 1
72790162 73230462 1
72790162 89183262 1
72790162 94793072 1
72790162 106889902 1
72790162 114655122 1
72790162 136336212 1
72790162 138782292 1
72790162 139415762 1
72790162 142334772 1
72790162 157873792 1
73230462 89183262 1
73230462 94793072 1
73230462 106889902 1
73230462 114655122 1
73230462 136336212 1
73230462 138782292 1
73230462 139415762 1
73230462 142334772 1
73230462 157873792 1
89183262 94793072 1
89183262 106889902 1
89183262 114655122 1
89183262 136336212 1
89183262 138782292 1
89183262 139415762 1
89183262 142334772 1
89183262 157873792 1
94793072 106889902 1
94793072 114655122 1
94793072 136336212 1
94793072 138782292 1
94793072 139415762 1
94793072 142334772 1
94793072 157873792 1
106889902 114655122 1
106889902 136336212 1
106889902 138782292 1
106889902 139415762 1
106889902 142334772 1
106889902 157873792 1
114655122 136336212 1
114655122 138782292 1
114655122 139415762 1
114655122 142334772 1
114655122 157873792 1
136336212 138782292 2
136336212 139415762 1
136336212 142334772 1
136336212 157873792 2
138782292 139415762 1
138782292 142334772 1
138782292 157873792 2
139415762 142334772 1
139415762 157873792 1
142334772 157873792 1
2501915 9894816 1
2501915 13722592 1
2501915 36799732 1
2501915 66944182 1
2501915 99684852 1
2501915 133001982 1
2501915 136336212 1
2501915 138782292 1
2501915 142240312 1
2501915 157873792 1
9894816 13722592 1
9894816 36799732 1
9894816 66944182 1
9894816 99684852 1
9894816 133001982 1
9894816 136336212 1
9894816 138782292 1
9894816 142240312 1
9894816 157873792 1
13722592 36799732 1
13722592 66944182 1
13722592 99684852 1
13722592 133001982 1
13722592 142240312 1
36799732 66944182 1
36799732 99684852 1
36799732 133001982 1
36799732 136336212 1
36799732 138782292 1
36799732 142240312 1
36799732 157873792 1
66944182 99684852 1
66944182 133001982 1
66944182 136336212 1
66944182 138782292 1
66944182 142240312 1
66944182 157873792 1
99684852 133001982 1
99684852 136336212 1
99684852 138782292 1
99684852 142240312 1
99684852 157873792 1
133001982 136336212 1
133001982 138782292 1
133001982 142240312 1
133001982 157873792 1
136336212 142240312 1
138782292 142240312 1
142240312 157873792 1
112177462 144801102 1
112177462 155234202 1
144801102 155234202 1
2985059 12205942 1
2985059 146052832 1
2985059 150338432 1
2985059 151821702 1
2985059 153999572 1
2985059 157092552 1
12205942 146052832 1
12205942 150338432 1
12205942 151821702 1
12205942 153999572 1
12205942 157092552 1
146052832 150338432 1
146052832 151821702 1
146052832 153999572 1
146052832 157092552 1
150338432 151821702 1
150338432 153999572 1
150338432 157092552 1
151821702 153999572 1
151821702 157092552 1
153999572 157092552 1
4086533 5501624 1
4086533 8063643 1
4086533 8789174 1
4086533 11686498 1
4086533 12293549 1
4086533 82083782 1
4086533 108241862 1
4086533 112177462 1
4086533 130027592 1
4086533 136336212 1
4086533 156205882 1
4086533 158052312 1
4086533 160384042 1
5501624 8063643 1
5501624 8789174 1
5501624 11686498 1
5501624 12293549 1
5501624 82083782 1
5501624 108241862 1
5501624 112177462 1
5501624 130027592 1
5501624 136336212 1
5501624 156205882 1
5501624 158052312 1
5501624 160384042 1
8063643 8789174 1
8063643 11686498 1
8063643 12293549 1
8063643 82083782 1
8063643 108241862 1
8063643 112177462 1
8063643 130027592 1
8063643 136336212 1
8063643 156205882 1
8063643 158052312 1
8063643 160384042 1
8789174 11686498 1
8789174 12293549 1
8789174 82083782 1
8789174 108241862 1
8789174 112177462 1
8789174 130027592 1
8789174 136336212 1
8789174 156205882 1
8789174 158052312 1
8789174 160384042 1
11686498 12293549 1
11686498 82083782 1
11686498 108241862 1
11686498 112177462 1
11686498 130027592 1
11686498 136336212 1
11686498 156205882 1
11686498 158052312 1
11686498 160384042 1
12293549 82083782 1
12293549 108241862 1
12293549 112177462 1
12293549 130027592 1
12293549 136336212 1
12293549 156205882 1
12293549 158052312 1
12293549 160384042 1
82083782 108241862 1
82083782 112177462 1
82083782 130027592 1
82083782 136336212 1
82083782 156205882 1
82083782 158052312 1
82083782 160384042 1
108241862 112177462 1
108241862 130027592 1
108241862 136336212 1
108241862 156205882 1
108241862 158052312 1
108241862 160384042 1
112177462 130027592 1
112177462 136336212 1
112177462 156205882 1
112177462 158052312 1
112177462 160384042 1
130027592 136336212 1
130027592 156205882 1
130027592 158052312 1
130027592 160384042 1
136336212 156205882 1
136336212 158052312 1
136336212 160384042 1
156205882 158052312 1
156205882 160384042 1
158052312 160384042 1
