192095617 115775362 138516612 35334152 104856712 105764872 73411852 99057292 13478669 185474832 8691986 52139412 153975702 191157146 163181342 185654943 184142112 10099106 191757221 191985786 188832295 106239912 40324012 110175792 164642482 112177462 5501624 72123832 150717382 189455437 76460622 1464786 136336212 14627924 100252372 191977438 149052512 189415010 9388260 113457892 186518375 49951082 180165742 189222512 4818419 73448952 79568762
10099106 35334152 1
5501624 9388260 1
5501624 35334152 1
5501624 40324012 1
5501624 73411852 1
5501624 104856712 1
5501624 110175792 1
5501624 112177462 1
5501624 136336212 1
5501624 153975702 1
5501624 163181342 1
5501624 180165742 1
5501624 185474832 1
5501624 189222512 1
5501624 189455437 1
5501624 191757221 1
5501624 191977438 1
9388260 35334152 1
9388260 40324012 1
9388260 73411852 1
9388260 104856712 1
9388260 110175792 1
9388260 112177462 1
9388260 136336212 1
9388260 153975702 1
9388260 163181342 1
9388260 180165742 1
9388260 185474832 1
9388260 189222512 1
9388260 189455437 1
9388260 191757221 1
9388260 191977438 1
35334152 40324012 1
35334152 73411852 1
35334152 104856712 1
35334152 110175792 1
35334152 112177462 4
35334152 136336212 1
35334152 153975702 1
35334152 163181342 2
35334152 180165742 1
35334152 185474832 1
35334152 189222512 1
35334152 189455437 1
35334152 191757221 1
35334152 191977438 4
40324012 73411852 1
40324012 104856712 1
40324012 110175792 1
40324012 112177462 1
40324012 136336212 1
40324012 153975702 1
40324012 163181342 1
40324012 180165742 1
40324012 185474832 1
40324012 189222512 1
40324012 189455437 1
40324012 191757221 1
40324012 191977438 1
73411852 104856712 1
73411852 110175792 1
73411852 112177462 1
73411852 136336212 1
73411852 153975702 1
73411852 163181342 1
73411852 180165742 1
73411852 185474832 1
73411852 189222512 1
73411852 189455437 1
73411852 191757221 1
73411852 191977438 1
104856712 110175792 1
104856712 112177462 1
104856712 136336212 1
104856712 153975702 1
104856712 163181342 1
104856712 180165742 1
104856712 185474832 1
104856712 189222512 1
104856712 189455437 1
104856712 191757221 1
104856712 191977438 1
110175792 112177462 1
110175792 136336212 1
110175792 153975702 1
110175792 163181342 1
110175792 180165742 1
110175792 185474832 1
110175792 189222512 1
110175792 189455437 1
110175792 191757221 1
110175792 191977438 1
112177462 136336212 1
112177462 153975702 1
112177462 163181342 2
112177462 180165742 1
112177462 185474832 1
112177462 189222512 1
112177462 189455437 1
112177462 191757221 1
112177462 191977438 3
136336212 153975702 1
136336212 163181342 1
136336212 180165742 1
136336212 185474832 1
136336212 189222512 1
136336212 189455437 1
136336212 191757221 1
136336212 191977438 1
153975702 163181342 1
153975702 180165742 1
153975702 185474832 1
153975702 189222512 1
153975702 189455437 1
153975702 191757221 1
153975702 191977438 1
163181342 180165742 1
163181342 185474832 1
163181342 189222512 1
163181342 189455437 1
163181342 191757221 1
163181342 191977438 2
180165742 185474832 1
180165742 189222512 1
180165742 189455437 1
180165742 191757221 1
180165742 191977438 1
185474832 189222512 1
185474832 189455437 1
185474832 191757221 1
185474832 191977438 1
189222512 189455437 1
189222512 191757221 1
189222512 191977438 1
189455437 191757221 1
189455437 191977438 1
191757221 191977438 1
1464786 35334152 1
1464786 52139412 1
1464786 73448952 1
1464786 79568762 1
1464786 99057292 1
1464786 112177462 1
1464786 115775362 1
1464786 138516612 1
1464786 150717382 1
1464786 163181342 1
1464786 184142112 1
1464786 185654943 1
1464786 191157146 1
1464786 191977438 1
1464786 191985786 1
35334152 52139412 1
35334152 73448952 1
35334152 79568762 1
35334152 99057292 1
35334152 115775362 1
35334152 138516612 1
35334152 150717382 1
35334152 184142112 1
35334152 185654943 1
35334152 191157146 1
35334152 191985786 1
52139412 73448952 1
52139412 79568762 1
52139412 99057292 1
52139412 112177462 1
52139412 115775362 1
52139412 138516612 1
52139412 150717382 1
52139412 163181342 1
52139412 184142112 1
52139412 185654943 1
52139412 191157146 1
52139412 191977438 1
52139412 191985786 1
73448952 79568762 1
73448952 99057292 1
73448952 112177462 1
73448952 115775362 1
73448952 138516612 1
73448952 150717382 1
73448952 163181342 1
73448952 184142112 1
73448952 185654943 1
73448952 191157146 1
73448952 191977438 1
73448952 191985786 1
79568762 99057292 1
79568762 112177462 1
79568762 115775362 1
79568762 138516612 1
79568762 150717382 1
79568762 163181342 1
79568762 184142112 1
79568762 185654943 1
79568762 191157146 1
79568762 191977438 1
79568762 191985786 1
99057292 112177462 1
99057292 115775362 1
99057292 138516612 1
99057292 150717382 1
99057292 163181342 1
99057292 184142112 1
99057292 185654943 1
99057292 191157146 1
99057292 191977438 1
99057292 191985786 1
112177462 115775362 1
112177462 138516612 1
112177462 150717382 1
112177462 184142112 1
112177462 185654943 1
112177462 191157146 1
112177462 191985786 1
115775362 138516612 1
115775362 150717382 1
115775362 163181342 1
115775362 184142112 1
115775362 185654943 1
115775362 191157146 1
115775362 191977438 1
115775362 191985786 1
138516612 150717382 1
138516612 163181342 1
138516612 184142112 1
138516612 185654943 1
138516612 191157146 1
138516612 191977438 1
138516612 191985786 1
150717382 163181342 1
150717382 184142112 1
150717382 185654943 1
150717382 191157146 1
150717382 191977438 1
150717382 191985786 1
163181342 184142112 1
163181342 185654943 1
163181342 191157146 1
163181342 191985786 1
184142112 185654943 1
184142112 191157146 1
184142112 191977438 1
184142112 191985786 1
185654943 191157146 1
185654943 191977438 1
185654943 191985786 1
191157146 191977438 1
191157146 191985786 1
191977438 191985786 1
13478669 35334152 2
13478669 49951082 1
13478669 105764872 1
13478669 149052512 1
35334152 49951082 1
35334152 105764872 1
35334152 149052512 1
49951082 105764872 1
49951082 149052512 1
105764872 149052512 1
13478669 106239912 1
13478669 112177462 1
13478669 186518375 1
35334152 106239912 1
35334152 186518375 1
106239912 112177462 1
106239912 186518375 1
112177462 186518375 1
4818419 8691986 1
4818419 14627924 1
4818419 35334152 1
4818419 72123832 1
4818419 100252372 1
4818419 112177462 1
4818419 113457892 1
4818419 164642482 1
4818419 189415010 1
4818419 191977438 1
4818419 192095617 1
8691986 14627924 1
8691986 35334152 1
8691986 72123832 1
8691986 100252372 1
8691986 112177462 1
8691986 113457892 1
8691986 164642482 1
8691986 189415010 1
8691986 191977438 1
8691986 192095617 1
14627924 35334152 1
14627924 72123832 1
14627924 100252372 1
14627924 112177462 1
14627924 113457892 1
14627924 164642482 1
14627924 189415010 1
14627924 191977438 1
14627924 192095617 1
35334152 72123832 1
35334152 100252372 1
35334152 113457892 1
35334152 164642482 1
35334152 189415010 1
35334152 192095617 1
72123832 100252372 1
72123832 112177462 1
72123832 113457892 1
72123832 164642482 1
72123832 189415010 1
72123832 191977438 1
72123832 192095617 1
100252372 112177462 1
100252372 113457892 1
100252372 164642482 1
100252372 189415010 1
100252372 191977438 1
100252372 192095617 1
112177462 113457892 1
112177462 164642482 1
112177462 189415010 1
112177462 192095617 1
113457892 164642482 1
113457892 189415010 1
113457892 191977438 1
113457892 192095617 1
164642482 189415010 1
164642482 191977438 1
164642482 192095617 1
189415010 191977438 1
189415010 192095617 1
191977438 192095617 1
35334152 76460622 1
35334152 188832295 1
76460622 188832295 1
