7901825 12740744 4088347 11590966 12585655 10713276 3261121 3414979 4002500 3992519 11963354 8699232 12630247 12679657 11076591 8447728 8248945 8814578 11577200 10698357 12519161 5198842 12297725
3992519 8447728 1
3992519 11963354 1
8447728 11963354 1
4088347 8447728 1
4088347 8814578 1
4088347 11076591 1
8447728 8814578 1
8447728 11076591 1
8814578 11076591 1
8447728 8699232 1
8447728 10698357 1
8447728 12519161 1
8699232 10698357 1
8699232 12519161 1
10698357 12519161 1
3261121 3414979 1
3261121 8248945 1
3261121 8447728 1
3261121 10713276 1
3261121 11577200 1
3261121 12740744 1
3414979 8248945 1
3414979 8447728 1
3414979 10713276 1
3414979 11577200 1
3414979 12740744 1
8248945 8447728 1
8248945 10713276 4
8248945 11577200 1
8248945 12740744 1
8447728 10713276 1
8447728 11577200 1
8447728 12740744 1
10713276 11577200 1
10713276 12740744 1
11577200 12740744 1
8248945 12585655 1
10713276 12585655 1
5198842 8248945 1
5198842 10713276 1
5198842 11590966 1
5198842 12297725 1
5198842 12519161 1
5198842 12679657 1
8248945 11590966 1
8248945 12297725 1
8248945 12519161 1
8248945 12679657 1
10713276 11590966 1
10713276 12297725 1
10713276 12519161 1
10713276 12679657 1
11590966 12297725 1
11590966 12519161 1
11590966 12679657 1
12297725 12519161 1
12297725 12679657 1
12519161 12679657 1
8248945 8814578 1
8814578 10713276 1
3992519 4002500 1
3992519 7901825 1
3992519 8814578 1
3992519 12630247 1
4002500 7901825 1
4002500 8814578 1
4002500 12630247 1
7901825 8814578 1
7901825 12630247 1
8814578 12630247 1
