35334152 138527632 183824534 136371882 112177462 1828022 184121532 184901565 12958919 136336212 14627924 174933982 183576553 173731822 43298932 102962932 182761083 55474942 183837695
1828022 112177462 2
1828022 138527632 1
1828022 182761083 1
1828022 183824534 1
1828022 183837695 2
1828022 184901565 1
112177462 138527632 1
112177462 182761083 1
112177462 183824534 1
112177462 183837695 2
112177462 184901565 2
138527632 182761083 1
138527632 183824534 1
138527632 183837695 1
138527632 184901565 1
182761083 183824534 1
182761083 183837695 1
182761083 184901565 1
183824534 183837695 1
183824534 184901565 1
183837695 184901565 1
1828022 12958919 1
1828022 43298932 1
1828022 102962932 1
1828022 136371882 1
1828022 173731822 1
1828022 183576553 1
12958919 43298932 1
12958919 102962932 1
12958919 112177462 1
12958919 136371882 1
12958919 173731822 1
12958919 183576553 1
12958919 183837695 1
43298932 102962932 1
43298932 112177462 1
43298932 136371882 1
43298932 173731822 1
43298932 183576553 1
43298932 183837695 1
102962932 112177462 1
102962932 136371882 1
102962932 173731822 1
102962932 183576553 1
102962932 183837695 1
112177462 136371882 1
112177462 173731822 1
112177462 183576553 1
136371882 173731822 1
136371882 183576553 1
136371882 183837695 1
173731822 183576553 1
173731822 183837695 1
183576553 183837695 1
35334152 55474942 1
35334152 112177462 1
35334152 136336212 1
35334152 184121532 1
35334152 184901565 1
55474942 112177462 1
55474942 136336212 1
55474942 184121532 1
55474942 184901565 1
112177462 136336212 1
112177462 184121532 1
136336212 184121532 1
136336212 184901565 1
184121532 184901565 1
14627924 174933982 1
