6613002 4787723 185352976 4606610 7304350 184301731 12085116 185559984 14615091 10004276 70923062 10259000 196310847 184647874 167087432 7640270 12029265 96323162 192867680 196777193 59380842 192692860
7640270 12085116 1
7640270 167087432 1
7640270 185559984 1
12085116 167087432 1
12085116 185559984 1
167087432 185559984 1
4606610 6613002 2
4606610 14615091 1
4606610 70923062 1
4606610 185352976 2
4606610 192692860 1
6613002 14615091 1
6613002 70923062 1
6613002 185352976 2
6613002 192692860 1
14615091 70923062 1
14615091 185352976 1
14615091 192692860 1
70923062 185352976 1
70923062 192692860 1
185352976 192692860 1
10004276 10259000 5
10004276 12029265 1
10004276 96323162 1
10004276 184301731 5
10004276 184647874 1
10259000 12029265 1
10259000 96323162 1
10259000 184301731 5
10259000 184647874 1
12029265 96323162 1
12029265 184301731 1
12029265 184647874 1
96323162 184301731 1
96323162 184647874 1
184301731 184647874 1
4606610 4787723 1
4606610 7304350 1
4606610 7640270 1
4787723 7304350 1
4787723 7640270 1
7304350 7640270 1
10004276 185352976 3
10004276 192867680 1
10259000 185352976 3
10259000 192867680 1
184301731 185352976 3
184301731 192867680 1
185352976 192867680 1
10004276 59380842 1
10259000 59380842 1
59380842 184301731 1
59380842 185352976 1
10004276 196777193 1
10259000 196777193 1
184301731 196777193 1
10004276 196310847 1
10259000 196310847 1
184301731 196310847 1
185352976 196310847 1
