13115913 10457741 13540109 25683982 11286029 23298581 10861339 22741791 27843362 28023462 11216813 13226418 26421812 10720054 7696328 27487442 7592276 10716885 24543832 25057112 26225372 13495004 10981084 25244512 30828512 11047270 11481322 8057198 11241976 5054329 11553147
5054329 8057198 1
5054329 10457741 3
5054329 10716885 3
5054329 10720054 2
5054329 10861339 1
5054329 13115913 3
5054329 13540109 1
5054329 22741791 2
5054329 25057112 3
5054329 25244512 1
5054329 26225372 3
8057198 10457741 1
8057198 10716885 1
8057198 10720054 1
8057198 10861339 1
8057198 13115913 1
8057198 13540109 1
8057198 22741791 1
8057198 25057112 1
8057198 25244512 1
8057198 26225372 1
10457741 10716885 8
10457741 10720054 7
10457741 10861339 1
10457741 13115913 3
10457741 13540109 1
10457741 22741791 6
10457741 25057112 5
10457741 25244512 2
10457741 26225372 8
10716885 10720054 5
10716885 10861339 1
10716885 13115913 3
10716885 13540109 1
10716885 22741791 6
10716885 25057112 5
10716885 25244512 2
10716885 26225372 7
10720054 10861339 1
10720054 13115913 2
10720054 13540109 1
10720054 22741791 5
10720054 25057112 2
10720054 25244512 2
10720054 26225372 5
10861339 13115913 1
10861339 13540109 1
10861339 22741791 1
10861339 25057112 1
10861339 25244512 1
10861339 26225372 1
13115913 13540109 1
13115913 22741791 2
13115913 25057112 3
13115913 25244512 1
13115913 26225372 3
13540109 22741791 1
13540109 25057112 1
13540109 25244512 1
13540109 26225372 1
22741791 25057112 3
22741791 25244512 2
22741791 26225372 5
25057112 25244512 1
25057112 26225372 5
25244512 26225372 1
10457741 11553147 1
10457741 26421812 6
10716885 11553147 1
10716885 26421812 6
11553147 22741791 1
11553147 25057112 1
11553147 26225372 1
11553147 26421812 1
22741791 26421812 5
25057112 26421812 3
26225372 26421812 5
5054329 11241976 1
5054329 11481322 1
5054329 13226418 1
5054329 26421812 2
10457741 11241976 1
10457741 11481322 2
10457741 13226418 1
10716885 11241976 1
10716885 11481322 2
10716885 13226418 1
11241976 11481322 1
11241976 13115913 1
11241976 13226418 1
11241976 25057112 1
11241976 26225372 1
11241976 26421812 1
11481322 13115913 1
11481322 13226418 1
11481322 25057112 1
11481322 26225372 2
11481322 26421812 2
13115913 13226418 1
13115913 26421812 2
13226418 25057112 1
13226418 26225372 1
13226418 26421812 1
5054329 11216813 1
5054329 24543832 1
5054329 25683982 1
5054329 27843362 1
10457741 11216813 1
10457741 24543832 1
10457741 25683982 2
10457741 27843362 1
10716885 11216813 1
10716885 24543832 1
10716885 25683982 2
10716885 27843362 1
10720054 11216813 1
10720054 24543832 1
10720054 25683982 2
10720054 26421812 4
10720054 27843362 1
11216813 13115913 1
11216813 22741791 1
11216813 24543832 1
11216813 25057112 1
11216813 25683982 1
11216813 26225372 1
11216813 26421812 1
11216813 27843362 1
13115913 24543832 1
13115913 25683982 1
13115913 27843362 1
22741791 24543832 1
22741791 25683982 2
22741791 27843362 1
24543832 25057112 1
24543832 25683982 1
24543832 26225372 1
24543832 26421812 1
24543832 27843362 1
25057112 25683982 1
25057112 27843362 1
25683982 26225372 1
25683982 26421812 2
25683982 27843362 1
26225372 27843362 1
26421812 27843362 1
10457741 11047270 1
10457741 23298581 1
10716885 11047270 1
10716885 23298581 1
10720054 11047270 1
10720054 23298581 1
11047270 22741791 1
11047270 23298581 1
11047270 25244512 1
11047270 25683982 1
11047270 26421812 1
22741791 23298581 1
23298581 25244512 1
23298581 25683982 1
23298581 26421812 1
25244512 25683982 1
25244512 26421812 1
7592276 7696328 1
7592276 10457741 1
7592276 10716885 1
7592276 10720054 1
7592276 13495004 1
7592276 22741791 1
7592276 26225372 1
7592276 26421812 1
7592276 27487442 1
7696328 10457741 1
7696328 10716885 1
7696328 10720054 1
7696328 13495004 1
7696328 22741791 1
7696328 26225372 1
7696328 26421812 1
7696328 27487442 1
10457741 13495004 1
10457741 27487442 1
10716885 13495004 1
10716885 27487442 1
10720054 13495004 1
10720054 27487442 1
13495004 22741791 1
13495004 26225372 1
13495004 26421812 1
13495004 27487442 1
22741791 27487442 1
26225372 27487442 1
26421812 27487442 1
10457741 28023462 1
10716885 28023462 1
10720054 11481322 1
10720054 28023462 1
11481322 22741791 1
11481322 28023462 1
22741791 28023462 1
26225372 28023462 1
26421812 28023462 1
10457741 30828512 2
10720054 30828512 2
10457741 10981084 1
10720054 10981084 1
10981084 26225372 1
10981084 30828512 1
26225372 30828512 1
10457741 11286029 1
10716885 11286029 1
11286029 25057112 1
11286029 26225372 1
