11635329 11517955 10381582 4882078 6969376 10395173 11035432 8945194 10737841 11302195 2944055 10297783 8764733 3296581 11080773 12223817 5669973 12292350 11035741 4338014 8850013 10959464 12108392 10639978 7269866 10962920 10772463 10308218 2558206 11030015
2944055 3296581 1
2944055 4882078 1
2944055 8945194 1
2944055 10297783 2
2944055 10381582 2
2944055 10395173 1
2944055 10639978 1
2944055 10737841 2
2944055 10959464 1
2944055 11030015 1
2944055 11035432 1
2944055 12108392 1
3296581 4882078 3
3296581 8945194 2
3296581 10297783 4
3296581 10381582 4
3296581 10395173 1
3296581 10639978 4
3296581 10737841 3
3296581 10959464 1
3296581 11030015 4
3296581 11035432 1
3296581 12108392 3
4882078 8945194 2
4882078 10297783 3
4882078 10381582 3
4882078 10395173 1
4882078 10639978 3
4882078 10737841 2
4882078 10959464 1
4882078 11030015 3
4882078 11035432 1
4882078 12108392 2
8945194 10297783 2
8945194 10381582 2
8945194 10395173 1
8945194 10639978 2
8945194 10737841 1
8945194 10959464 1
8945194 11030015 2
8945194 11035432 1
8945194 12108392 2
10297783 10381582 6
10297783 10395173 1
10297783 10639978 5
10297783 10737841 7
10297783 10959464 1
10297783 11030015 9
10297783 11035432 2
10297783 12108392 5
10381582 10395173 1
10381582 10639978 5
10381582 10737841 5
10381582 10959464 1
10381582 11030015 5
10381582 11035432 2
10381582 12108392 4
10395173 10639978 1
10395173 10737841 1
10395173 10959464 1
10395173 11030015 1
10395173 11035432 1
10395173 12108392 1
10639978 10737841 4
10639978 10959464 1
10639978 11030015 5
10639978 11035432 2
10639978 12108392 4
10737841 10959464 1
10737841 11030015 6
10737841 11035432 2
10737841 12108392 4
10959464 11030015 1
10959464 11035432 1
10959464 12108392 1
11030015 11035432 2
11030015 12108392 5
11035432 12108392 2
2944055 5669973 1
2944055 11035741 1
5669973 10297783 6
5669973 10381582 4
5669973 10737841 4
5669973 11035741 3
10297783 11035741 3
10381582 11035741 3
10737841 11035741 3
3296581 5669973 2
3296581 7269866 2
3296581 11517955 1
3296581 12223817 3
4882078 5669973 1
4882078 7269866 1
4882078 11517955 1
4882078 12223817 2
5669973 7269866 3
5669973 8945194 1
5669973 10639978 3
5669973 11030015 5
5669973 11517955 1
5669973 12108392 4
5669973 12223817 4
7269866 8945194 1
7269866 10297783 3
7269866 10381582 3
7269866 10639978 3
7269866 11030015 3
7269866 11517955 1
7269866 12108392 3
7269866 12223817 2
8945194 11517955 1
8945194 12223817 1
10297783 11517955 1
10297783 12223817 5
10381582 11517955 1
10381582 12223817 3
10639978 11517955 1
10639978 12223817 3
11030015 11517955 1
11030015 12223817 5
11517955 12108392 1
11517955 12223817 1
12108392 12223817 3
2558206 4338014 1
2558206 5669973 1
2558206 6969376 1
2558206 10297783 1
2558206 10308218 1
2558206 10962920 1
2558206 11030015 1
2558206 11635329 1
2558206 12223817 1
2558206 12292350 1
4338014 5669973 3
4338014 6969376 2
4338014 10297783 6
4338014 10308218 2
4338014 10962920 1
4338014 11030015 6
4338014 11635329 6
4338014 12223817 3
4338014 12292350 2
5669973 6969376 2
5669973 10308218 1
5669973 10962920 1
5669973 11635329 3
5669973 12292350 2
6969376 10297783 2
6969376 10308218 1
6969376 10962920 1
6969376 11030015 2
6969376 11635329 2
6969376 12223817 1
6969376 12292350 1
10297783 10308218 2
10297783 10962920 1
10297783 11635329 6
10297783 12292350 3
10308218 10962920 1
10308218 11030015 2
10308218 11635329 2
10308218 12223817 1
10308218 12292350 1
10962920 11030015 1
10962920 11635329 1
10962920 12223817 1
10962920 12292350 1
11030015 11635329 6
11030015 12292350 3
11635329 12223817 3
11635329 12292350 2
12223817 12292350 3
4338014 7269866 1
4338014 8764733 1
4338014 10381582 2
4338014 10639978 2
4338014 10737841 4
4338014 10772463 1
4338014 11035432 1
4338014 11035741 1
4338014 11302195 1
4338014 12108392 2
5669973 8764733 1
5669973 10772463 1
5669973 11035432 1
5669973 11302195 1
6969376 7269866 1
6969376 8764733 1
6969376 10381582 1
6969376 10639978 1
6969376 10737841 1
6969376 10772463 1
6969376 11035432 1
6969376 11035741 1
6969376 11302195 1
6969376 12108392 1
7269866 8764733 1
7269866 10737841 2
7269866 10772463 1
7269866 11035432 1
7269866 11035741 2
7269866 11302195 1
7269866 11635329 1
8764733 10297783 1
8764733 10381582 1
8764733 10639978 1
8764733 10737841 1
8764733 10772463 1
8764733 11030015 1
8764733 11035432 1
8764733 11035741 1
8764733 11302195 1
8764733 11635329 1
8764733 12108392 1
10297783 10772463 1
10297783 11302195 1
10381582 10772463 1
10381582 11302195 1
10381582 11635329 2
10639978 10772463 1
10639978 11035741 2
10639978 11302195 1
10639978 11635329 2
10737841 10772463 1
10737841 11302195 1
10737841 11635329 4
10772463 11030015 1
10772463 11035432 1
10772463 11035741 1
10772463 11302195 1
10772463 11635329 1
10772463 12108392 1
11030015 11035741 2
11030015 11302195 1
11035432 11035741 1
11035432 11302195 1
11035432 11635329 1
11035741 11302195 1
11035741 11635329 1
11035741 12108392 2
11302195 11635329 1
11302195 12108392 1
11635329 12108392 2
10737841 12223817 3
3296581 8850013 1
3296581 11035741 1
3296581 11080773 2
3296581 12292350 2
5669973 8850013 1
5669973 11080773 1
7269866 8850013 1
7269866 11080773 1
7269866 12292350 1
8850013 10297783 1
8850013 10381582 1
8850013 10639978 1
8850013 10737841 1
8850013 11030015 1
8850013 11035741 1
8850013 11080773 1
8850013 12108392 1
8850013 12223817 1
8850013 12292350 1
10297783 11080773 2
10381582 11080773 2
10381582 12292350 2
10639978 11080773 2
10639978 12292350 2
10737841 11080773 2
10737841 12292350 2
11030015 11080773 2
11035741 11080773 1
11035741 12223817 1
11035741 12292350 1
11080773 12108392 1
11080773 12223817 2
11080773 12292350 2
12108392 12292350 1
3296581 4338014 1
3296581 11635329 1
4338014 4882078 1
4338014 11080773 1
4882078 11080773 1
4882078 11635329 1
4882078 12292350 1
11080773 11635329 1
