14200843 10381582 14104209 12967314 10795799 12369049 13507996 12480413 4882078 11035432 13736749 10297783 8764733 1475776 13127489 3296581 3321413 12223817 12376522 12752461 5532498 12960468 5669973 13711190 13720153 14373593 11035741 4338014 9208804 13738855 10962920 14143336 10639978 7269866 11030015 10772463 14372463 13687926 13852537 10308218 13036027 13335166 9411711
8764733 9411711 2
8764733 10297783 5
8764733 10308218 1
8764733 10639978 5
8764733 11035432 4
8764733 12752461 3
8764733 13127489 3
9411711 10297783 3
9411711 10308218 2
9411711 10639978 3
9411711 11035432 3
9411711 12752461 2
9411711 13127489 2
10297783 10308218 2
10297783 10639978 10
10297783 11035432 7
10297783 12752461 4
10297783 13127489 4
10308218 10639978 2
10308218 11035432 2
10308218 12752461 1
10308218 13127489 2
10639978 11035432 7
10639978 12752461 4
10639978 13127489 4
11035432 12752461 3
11035432 13127489 3
12752461 13127489 2
1475776 3296581 3
1475776 5669973 1
1475776 7269866 2
1475776 8764733 3
1475776 10297783 3
1475776 10639978 3
1475776 10772463 1
1475776 11035432 2
1475776 11035741 2
1475776 12369049 1
1475776 12480413 1
1475776 12752461 2
1475776 12967314 1
1475776 13127489 2
1475776 13335166 2
3296581 5669973 2
3296581 7269866 2
3296581 8764733 4
3296581 10297783 6
3296581 10639978 6
3296581 10772463 2
3296581 11035432 5
3296581 11035741 4
3296581 12369049 1
3296581 12480413 1
3296581 12752461 2
3296581 12967314 1
3296581 13127489 3
3296581 13335166 2
5669973 7269866 1
5669973 8764733 1
5669973 10297783 3
5669973 10639978 3
5669973 10772463 1
5669973 11035432 2
5669973 11035741 2
5669973 12369049 1
5669973 12480413 1
5669973 12752461 2
5669973 12967314 1
5669973 13127489 2
5669973 13335166 1
7269866 8764733 2
7269866 10297783 2
7269866 10639978 2
7269866 10772463 1
7269866 11035432 1
7269866 11035741 1
7269866 12369049 1
7269866 12480413 1
7269866 12752461 1
7269866 12967314 1
7269866 13127489 2
7269866 13335166 1
8764733 10772463 1
8764733 11035741 3
8764733 12369049 1
8764733 12480413 1
8764733 12967314 1
8764733 13335166 2
10297783 10772463 3
10297783 11035741 4
10297783 12369049 1
10297783 12480413 1
10297783 12967314 1
10297783 13335166 2
10639978 10772463 3
10639978 11035741 4
10639978 12369049 1
10639978 12480413 1
10639978 12967314 1
10639978 13335166 2
10772463 11035432 3
10772463 11035741 1
10772463 12369049 1
10772463 12480413 1
10772463 12752461 1
10772463 12967314 1
10772463 13127489 1
10772463 13335166 1
11035432 11035741 4
11035432 12369049 1
11035432 12480413 1
11035432 12967314 1
11035432 13335166 2
11035741 12369049 1
11035741 12480413 1
11035741 12752461 2
11035741 12967314 1
11035741 13127489 2
11035741 13335166 2
12369049 12480413 1
12369049 12752461 1
12369049 12967314 1
12369049 13127489 1
12369049 13335166 1
12480413 12752461 1
12480413 12967314 1
12480413 13127489 1
12480413 13335166 1
12752461 12967314 1
12752461 13335166 2
12967314 13127489 1
12967314 13335166 1
13127489 13335166 1
1475776 4338014 2
1475776 4882078 2
1475776 11030015 1
3296581 4338014 3
3296581 4882078 3
3296581 11030015 1
4338014 4882078 2
4338014 7269866 1
4338014 8764733 2
4338014 10297783 3
4338014 10639978 3
4338014 11030015 1
4338014 13127489 1
4882078 7269866 1
4882078 8764733 2
4882078 10297783 3
4882078 10639978 3
4882078 11030015 1
4882078 13127489 2
7269866 11030015 1
8764733 11030015 1
10297783 11030015 1
10639978 11030015 1
11030015 13127489 1
1475776 5532498 1
1475776 9208804 1
1475776 9411711 1
1475776 10962920 1
1475776 12223817 1
1475776 12960468 1
1475776 13036027 1
1475776 13507996 1
1475776 13711190 1
1475776 13720153 1
1475776 13736749 1
1475776 13738855 1
1475776 13852537 1
3296581 5532498 3
3296581 9208804 2
3296581 9411711 2
3296581 10962920 2
3296581 12223817 1
3296581 12960468 1
3296581 13036027 3
3296581 13507996 2
3296581 13711190 2
3296581 13720153 3
3296581 13736749 4
3296581 13738855 2
3296581 13852537 2
4338014 5532498 2
4338014 9208804 1
4338014 9411711 1
4338014 10962920 1
4338014 11035432 2
4338014 11035741 1
4338014 12223817 1
4338014 12752461 1
4338014 12960468 1
4338014 13036027 2
4338014 13335166 1
4338014 13507996 1
4338014 13711190 1
4338014 13720153 2
4338014 13736749 2
4338014 13738855 1
4338014 13852537 2
4882078 5532498 1
4882078 9208804 1
4882078 9411711 2
4882078 10962920 2
4882078 11035432 2
4882078 11035741 2
4882078 12223817 1
4882078 12752461 1
4882078 12960468 1
4882078 13036027 2
4882078 13335166 1
4882078 13507996 2
4882078 13711190 1
4882078 13720153 1
4882078 13736749 2
4882078 13738855 1
4882078 13852537 1
5532498 8764733 2
5532498 9208804 2
5532498 9411711 1
5532498 10297783 6
5532498 10639978 6
5532498 10962920 1
5532498 11035432 4
5532498 11035741 2
5532498 12223817 1
5532498 12752461 2
5532498 12960468 1
5532498 13036027 2
5532498 13335166 1
5532498 13507996 1
5532498 13711190 2
5532498 13720153 3
5532498 13736749 3
5532498 13738855 2
5532498 13852537 2
8764733 9208804 2
8764733 10962920 1
8764733 12223817 1
8764733 12960468 1
8764733 13036027 1
8764733 13507996 1
8764733 13711190 2
8764733 13720153 2
8764733 13736749 2
8764733 13738855 2
8764733 13852537 1
9208804 9411711 1
9208804 10297783 2
9208804 10639978 2
9208804 10962920 1
9208804 11035432 2
9208804 11035741 2
9208804 12223817 1
9208804 12752461 1
9208804 12960468 1
9208804 13036027 1
9208804 13335166 1
9208804 13507996 1
9208804 13711190 2
9208804 13720153 2
9208804 13736749 2
9208804 13738855 2
9208804 13852537 1
9411711 10962920 2
9411711 11035741 2
9411711 12223817 1
9411711 12960468 1
9411711 13036027 2
9411711 13335166 1
9411711 13507996 2
9411711 13711190 1
9411711 13720153 1
9411711 13736749 2
9411711 13738855 1
9411711 13852537 1
10297783 10962920 2
10297783 12223817 1
10297783 12960468 1
10297783 13036027 3
10297783 13507996 2
10297783 13711190 2
10297783 13720153 3
10297783 13736749 4
10297783 13738855 2
10297783 13852537 2
10639978 10962920 2
10639978 12223817 1
10639978 12960468 1
10639978 13036027 3
10639978 13507996 2
10639978 13711190 2
10639978 13720153 3
10639978 13736749 4
10639978 13738855 2
10639978 13852537 2
10962920 11035432 2
10962920 11035741 2
10962920 12223817 1
10962920 12752461 1
10962920 12960468 1
10962920 13036027 2
10962920 13335166 1
10962920 13507996 2
10962920 13711190 1
10962920 13720153 1
10962920 13736749 2
10962920 13738855 1
10962920 13852537 1
11035432 12223817 1
11035432 12960468 1
11035432 13036027 3
11035432 13507996 2
11035432 13711190 2
11035432 13720153 3
11035432 13736749 4
11035432 13738855 2
11035432 13852537 2
11035741 12223817 1
11035741 12960468 1
11035741 13036027 2
11035741 13507996 2
11035741 13711190 2
11035741 13720153 2
11035741 13736749 3
11035741 13738855 2
11035741 13852537 1
12223817 12752461 1
12223817 12960468 1
12223817 13036027 1
12223817 13335166 1
12223817 13507996 1
12223817 13711190 1
12223817 13720153 1
12223817 13736749 1
12223817 13738855 1
12223817 13852537 1
12752461 12960468 1
12752461 13036027 1
12752461 13507996 1
12752461 13711190 1
12752461 13720153 1
12752461 13736749 1
12752461 13738855 1
12752461 13852537 1
12960468 13036027 1
12960468 13335166 1
12960468 13507996 1
12960468 13711190 1
12960468 13720153 1
12960468 13736749 1
12960468 13738855 1
12960468 13852537 1
13036027 13335166 1
13036027 13507996 2
13036027 13711190 1
13036027 13720153 2
13036027 13736749 3
13036027 13738855 1
13036027 13852537 2
13335166 13507996 1
13335166 13711190 1
13335166 13720153 1
13335166 13736749 1
13335166 13738855 1
13335166 13852537 1
13507996 13711190 1
13507996 13720153 1
13507996 13736749 2
13507996 13738855 1
13507996 13852537 1
13711190 13720153 2
13711190 13736749 2
13711190 13738855 2
13711190 13852537 1
13720153 13736749 3
13720153 13738855 2
13720153 13852537 2
13736749 13738855 2
13736749 13852537 2
13738855 13852537 1
3296581 10308218 1
4882078 5669973 1
4882078 10308218 1
5669973 9411711 1
5669973 10308218 1
5669973 10962920 1
5669973 13036027 1
5669973 13507996 1
5669973 13736749 1
10308218 10962920 1
10308218 11035741 1
10308218 13036027 1
10308218 13507996 1
10308218 13736749 1
10962920 13127489 1
13036027 13127489 1
13127489 13507996 1
13127489 13736749 1
3296581 12376522 2
3296581 14143336 2
5532498 12376522 3
5532498 14143336 2
8764733 12376522 1
8764733 14143336 1
9208804 12376522 1
9208804 14143336 1
10297783 12376522 3
10297783 14143336 2
10639978 12376522 3
10639978 14143336 2
11035432 12376522 2
11035432 14143336 2
11035741 12376522 1
11035741 14143336 1
12376522 13711190 1
12376522 13720153 2
12376522 13736749 2
12376522 13738855 1
12376522 14143336 2
13711190 14143336 1
13720153 14143336 2
13736749 14143336 2
13738855 14143336 1
5532498 10772463 2
5532498 10795799 3
5532498 13687926 1
10297783 10795799 3
10297783 13687926 1
10639978 10795799 3
10639978 13687926 1
10772463 10795799 2
10772463 13687926 1
10795799 11035432 2
10795799 13687926 1
11035432 13687926 1
5532498 5669973 1
5532498 10381582 2
5669973 10381582 1
5669973 10795799 1
5669973 12376522 1
10297783 10381582 2
10381582 10639978 2
10381582 10795799 2
10381582 12376522 2
10381582 12752461 1
10795799 12376522 2
10795799 12752461 1
12376522 12752461 1
5532498 14200843 1
10297783 14200843 1
10639978 14200843 1
3296581 3321413 1
3296581 10381582 1
3296581 10795799 1
3296581 14104209 1
3296581 14372463 1
3296581 14373593 1
3321413 4338014 1
3321413 5532498 1
3321413 10297783 1
3321413 10381582 1
3321413 10639978 1
3321413 10772463 1
3321413 10795799 1
3321413 11035432 1
3321413 12376522 1
3321413 13036027 1
3321413 13720153 1
3321413 13736749 1
3321413 13852537 1
3321413 14104209 1
3321413 14143336 1
3321413 14372463 1
3321413 14373593 1
4338014 10381582 1
4338014 10772463 1
4338014 10795799 1
4338014 12376522 1
4338014 14104209 1
4338014 14143336 1
4338014 14372463 1
4338014 14373593 1
5532498 14104209 1
5532498 14372463 1
5532498 14373593 1
10297783 14104209 1
10297783 14372463 1
10297783 14373593 1
10381582 10772463 1
10381582 11035432 1
10381582 13036027 1
10381582 13720153 1
10381582 13736749 1
10381582 13852537 1
10381582 14104209 1
10381582 14143336 1
10381582 14372463 1
10381582 14373593 1
10639978 14104209 1
10639978 14372463 1
10639978 14373593 1
10772463 12376522 1
10772463 13036027 1
10772463 13720153 1
10772463 13736749 1
10772463 13852537 1
10772463 14104209 1
10772463 14143336 1
10772463 14372463 1
10772463 14373593 1
10795799 13036027 1
10795799 13720153 1
10795799 13736749 1
10795799 13852537 1
10795799 14104209 1
10795799 14143336 1
10795799 14372463 1
10795799 14373593 1
11035432 14104209 1
11035432 14372463 1
11035432 14373593 1
12376522 13036027 1
12376522 13852537 1
12376522 14104209 1
12376522 14372463 1
12376522 14373593 1
13036027 14104209 1
13036027 14143336 1
13036027 14372463 1
13036027 14373593 1
13720153 14104209 1
13720153 14372463 1
13720153 14373593 1
13736749 14104209 1
13736749 14372463 1
13736749 14373593 1
13852537 14104209 1
13852537 14143336 1
13852537 14372463 1
13852537 14373593 1
14104209 14143336 1
14104209 14372463 1
14104209 14373593 1
14143336 14372463 1
14143336 14373593 1
14372463 14373593 1
