41129602 140286852 185874180 61234822 118260742 176729992 10675725 185580173 7398543 126870672 186120978 185371541 55425692 55506082 187569826 9583784 123620012 128126382 185368630 186428612 185081284 185670090 10704331 185155915 144834892 157327952 187117652 185574232 185341531 159456222 184305249 185450213 83286502 184777575 3297640 184934761 182897128 185370093 185726061 185670261 153373942 186961657 88717562
184777575 184934761 1
184777575 186120978 2
184934761 186120978 1
3297640 7398543 1
3297640 10675725 1
3297640 10704331 1
3297640 41129602 1
3297640 55425692 1
3297640 61234822 1
3297640 83286502 1
3297640 118260742 1
3297640 123620012 1
3297640 128126382 1
3297640 140286852 1
3297640 157327952 1
3297640 176729992 1
3297640 182897128 1
3297640 184777575 1
3297640 185341531 1
3297640 185368630 1
3297640 185370093 1
3297640 185371541 1
3297640 185450213 1
3297640 185580173 1
3297640 185726061 1
3297640 185874180 1
3297640 186120978 1
3297640 186428612 1
7398543 10675725 1
7398543 10704331 1
7398543 41129602 1
7398543 55425692 1
7398543 61234822 6
7398543 83286502 6
7398543 118260742 6
7398543 123620012 1
7398543 128126382 1
7398543 140286852 1
7398543 157327952 1
7398543 176729992 1
7398543 182897128 1
7398543 184777575 6
7398543 185341531 1
7398543 185368630 1
7398543 185370093 1
7398543 185371541 1
7398543 185450213 1
7398543 185580173 1
7398543 185726061 1
7398543 185874180 2
7398543 186120978 1
7398543 186428612 1
10675725 10704331 1
10675725 41129602 1
10675725 55425692 1
10675725 61234822 1
10675725 83286502 1
10675725 118260742 1
10675725 123620012 1
10675725 128126382 1
10675725 140286852 1
10675725 157327952 1
10675725 176729992 1
10675725 182897128 1
10675725 184777575 1
10675725 185341531 1
10675725 185368630 1
10675725 185370093 1
10675725 185371541 1
10675725 185450213 1
10675725 185580173 1
10675725 185726061 1
10675725 185874180 1
10675725 186120978 1
10675725 186428612 1
10704331 41129602 1
10704331 55425692 1
10704331 61234822 1
10704331 83286502 1
10704331 118260742 1
10704331 123620012 1
10704331 128126382 1
10704331 140286852 1
10704331 157327952 1
10704331 176729992 1
10704331 182897128 1
10704331 184777575 1
10704331 185341531 1
10704331 185368630 1
10704331 185370093 1
10704331 185371541 1
10704331 185450213 1
10704331 185580173 1
10704331 185726061 1
10704331 185874180 1
10704331 186120978 1
10704331 186428612 1
41129602 55425692 1
41129602 61234822 1
41129602 83286502 1
41129602 118260742 1
41129602 123620012 1
41129602 128126382 1
41129602 140286852 1
41129602 157327952 1
41129602 176729992 1
41129602 182897128 1
41129602 184777575 1
41129602 185341531 1
41129602 185368630 1
41129602 185370093 1
41129602 185371541 1
41129602 185450213 1
41129602 185580173 1
41129602 185726061 1
41129602 185874180 1
41129602 186120978 1
41129602 186428612 1
55425692 61234822 1
55425692 83286502 1
55425692 118260742 1
55425692 123620012 1
55425692 128126382 1
55425692 140286852 1
55425692 157327952 1
55425692 176729992 1
55425692 182897128 1
55425692 184777575 1
55425692 185341531 1
55425692 185368630 1
55425692 185370093 1
55425692 185371541 1
55425692 185450213 1
55425692 185580173 1
55425692 185726061 1
55425692 185874180 1
55425692 186120978 1
55425692 186428612 1
61234822 83286502 6
61234822 118260742 6
61234822 123620012 1
61234822 128126382 1
61234822 140286852 1
61234822 157327952 1
61234822 176729992 1
61234822 182897128 1
61234822 184777575 8
61234822 185341531 1
61234822 185368630 1
61234822 185370093 1
61234822 185371541 1
61234822 185450213 1
61234822 185580173 1
61234822 185726061 1
61234822 185874180 2
61234822 186120978 1
61234822 186428612 1
83286502 118260742 6
83286502 123620012 1
83286502 128126382 1
83286502 140286852 1
83286502 157327952 1
83286502 176729992 1
83286502 182897128 1
83286502 184777575 6
83286502 185341531 1
83286502 185368630 1
83286502 185370093 1
83286502 185371541 1
83286502 185450213 1
83286502 185580173 1
83286502 185726061 1
83286502 185874180 2
83286502 186120978 1
83286502 186428612 1
118260742 123620012 1
118260742 128126382 1
118260742 140286852 1
118260742 157327952 1
118260742 176729992 1
118260742 182897128 1
118260742 184777575 6
118260742 185341531 1
118260742 185368630 1
118260742 185370093 1
118260742 185371541 1
118260742 185450213 1
118260742 185580173 1
118260742 185726061 1
118260742 185874180 2
118260742 186120978 1
118260742 186428612 1
123620012 128126382 1
123620012 140286852 1
123620012 157327952 1
123620012 176729992 1
123620012 182897128 1
123620012 184777575 1
123620012 185341531 1
123620012 185368630 1
123620012 185370093 1
123620012 185371541 1
123620012 185450213 1
123620012 185580173 1
123620012 185726061 1
123620012 185874180 1
123620012 186120978 1
123620012 186428612 1
128126382 140286852 1
128126382 157327952 1
128126382 176729992 1
128126382 182897128 1
128126382 184777575 1
128126382 185341531 1
128126382 185368630 1
128126382 185370093 1
128126382 185371541 1
128126382 185450213 1
128126382 185580173 1
128126382 185726061 1
128126382 185874180 1
128126382 186120978 1
128126382 186428612 1
140286852 157327952 1
140286852 176729992 1
140286852 182897128 1
140286852 184777575 1
140286852 185341531 1
140286852 185368630 1
140286852 185370093 1
140286852 185371541 1
140286852 185450213 1
140286852 185580173 1
140286852 185726061 1
140286852 185874180 1
140286852 186120978 1
140286852 186428612 1
157327952 176729992 1
157327952 182897128 1
157327952 184777575 1
157327952 185341531 1
157327952 185368630 1
157327952 185370093 1
157327952 185371541 1
157327952 185450213 1
157327952 185580173 1
157327952 185726061 1
157327952 185874180 1
157327952 186120978 1
157327952 186428612 1
176729992 182897128 1
176729992 184777575 1
176729992 185341531 1
176729992 185368630 1
176729992 185370093 1
176729992 185371541 1
176729992 185450213 1
176729992 185580173 1
176729992 185726061 1
176729992 185874180 1
176729992 186120978 1
176729992 186428612 1
182897128 184777575 1
182897128 185341531 1
182897128 185368630 1
182897128 185370093 1
182897128 185371541 1
182897128 185450213 1
182897128 185580173 1
182897128 185726061 1
182897128 185874180 1
182897128 186120978 1
182897128 186428612 1
184777575 185341531 1
184777575 185368630 1
184777575 185370093 1
184777575 185371541 1
184777575 185450213 1
184777575 185580173 1
184777575 185726061 1
184777575 185874180 2
184777575 186428612 1
185341531 185368630 1
185341531 185370093 1
185341531 185371541 1
185341531 185450213 1
185341531 185580173 1
185341531 185726061 1
185341531 185874180 1
185341531 186120978 1
185341531 186428612 1
185368630 185370093 1
185368630 185371541 1
185368630 185450213 1
185368630 185580173 1
185368630 185726061 1
185368630 185874180 1
185368630 186120978 1
185368630 186428612 1
185370093 185371541 1
185370093 185450213 1
185370093 185580173 1
185370093 185726061 1
185370093 185874180 1
185370093 186120978 1
185370093 186428612 1
185371541 185450213 1
185371541 185580173 1
185371541 185726061 1
185371541 185874180 1
185371541 186120978 1
185371541 186428612 1
185450213 185580173 1
185450213 185726061 1
185450213 185874180 1
185450213 186120978 1
185450213 186428612 1
185580173 185726061 1
185580173 185874180 1
185580173 186120978 1
185580173 186428612 1
185726061 185874180 1
185726061 186120978 1
185726061 186428612 1
185874180 186120978 1
185874180 186428612 1
186120978 186428612 1
7398543 55506082 5
7398543 185081284 5
7398543 185155915 1
55506082 61234822 5
55506082 83286502 5
55506082 118260742 5
55506082 184777575 5
55506082 185081284 5
55506082 185155915 1
61234822 185081284 5
61234822 185155915 1
83286502 185081284 5
83286502 185155915 1
118260742 185081284 5
118260742 185155915 1
184777575 185081284 5
184777575 185155915 1
185081284 185155915 1
7398543 126870672 2
7398543 153373942 1
7398543 185574232 1
7398543 185670261 1
55506082 126870672 2
55506082 153373942 1
55506082 185574232 1
55506082 185670261 1
55506082 185874180 1
61234822 126870672 3
61234822 153373942 1
61234822 185574232 1
61234822 185670261 1
83286502 126870672 2
83286502 153373942 1
83286502 185574232 1
83286502 185670261 1
118260742 126870672 2
118260742 153373942 1
118260742 185574232 1
118260742 185670261 1
126870672 153373942 1
126870672 184777575 3
126870672 185081284 2
126870672 185574232 1
126870672 185670261 1
126870672 185874180 1
153373942 184777575 1
153373942 185081284 1
153373942 185574232 1
153373942 185670261 1
153373942 185874180 1
184777575 185574232 1
184777575 185670261 1
185081284 185574232 1
185081284 185670261 1
185081284 185874180 1
185574232 185670261 1
185574232 185874180 1
185670261 185874180 1
61234822 144834892 1
61234822 159456222 1
126870672 144834892 1
126870672 159456222 1
144834892 159456222 1
144834892 184777575 1
159456222 184777575 1
7398543 185670090 1
7398543 186961657 1
55506082 185670090 1
55506082 186961657 1
61234822 185670090 1
61234822 186961657 2
83286502 185670090 1
83286502 186961657 1
118260742 185670090 1
118260742 186961657 1
184777575 185670090 1
184777575 186961657 2
185081284 185670090 1
185081284 186961657 1
185670090 186961657 1
61234822 88717562 2
61234822 184305249 1
61234822 187117652 1
61234822 187569826 1
88717562 184305249 1
88717562 184777575 2
88717562 186961657 1
88717562 187117652 1
88717562 187569826 1
184305249 184777575 1
184305249 186961657 1
184305249 187117652 1
184305249 187569826 1
184777575 187117652 1
184777575 187569826 1
186961657 187117652 1
186961657 187569826 1
187117652 187569826 1
7398543 9583784 1
7398543 88717562 1
9583784 55506082 1
9583784 61234822 1
9583784 83286502 1
9583784 88717562 1
9583784 118260742 1
9583784 184777575 1
9583784 185081284 1
55506082 88717562 1
83286502 88717562 1
88717562 118260742 1
88717562 185081284 1
