140286852 61234822 118260742 10675725 7398543 185714450 182813339 17224221 55506082 9583784 128126382 170981552 185368630 10686006 10698938 185081284 10704331 157327952 2960725 185341531 52597852 184305249 185657445 83286502 184777575 182897128 125904362 133159402 185584875 183889901 185370093 185561839 185628273 50167922 185100023 10685694
10685694 10704331 1
10685694 17224221 1
10685694 50167922 1
10685694 61234822 1
10685694 118260742 1
10685694 125904362 1
10685694 133159402 1
10685694 157327952 1
10685694 170981552 1
10685694 182813339 1
10685694 182897128 1
10685694 183889901 1
10685694 184777575 1
10685694 185341531 1
10685694 185368630 1
10685694 185628273 1
10704331 17224221 2
10704331 50167922 2
10704331 61234822 8
10704331 118260742 7
10704331 125904362 2
10704331 133159402 1
10704331 157327952 1
10704331 170981552 2
10704331 182813339 1
10704331 182897128 1
10704331 183889901 1
10704331 184777575 8
10704331 185341531 1
10704331 185368630 2
10704331 185628273 1
17224221 50167922 1
17224221 61234822 2
17224221 118260742 2
17224221 125904362 1
17224221 133159402 1
17224221 157327952 1
17224221 170981552 1
17224221 182813339 1
17224221 182897128 1
17224221 183889901 1
17224221 184777575 2
17224221 185341531 1
17224221 185368630 1
17224221 185628273 1
50167922 61234822 2
50167922 118260742 2
50167922 125904362 1
50167922 133159402 1
50167922 157327952 1
50167922 170981552 2
50167922 182813339 1
50167922 182897128 1
50167922 183889901 1
50167922 184777575 2
50167922 185341531 1
50167922 185368630 1
50167922 185628273 1
61234822 118260742 8
61234822 125904362 2
61234822 133159402 1
61234822 157327952 1
61234822 170981552 2
61234822 182813339 1
61234822 182897128 1
61234822 183889901 1
61234822 184777575 8
61234822 185341531 1
61234822 185368630 3
61234822 185628273 1
118260742 125904362 1
118260742 133159402 1
118260742 157327952 1
118260742 170981552 2
118260742 182813339 1
118260742 182897128 1
118260742 183889901 1
118260742 184777575 7
118260742 185341531 1
118260742 185368630 2
118260742 185628273 1
125904362 133159402 1
125904362 157327952 1
125904362 170981552 1
125904362 182813339 1
125904362 182897128 1
125904362 183889901 1
125904362 184777575 2
125904362 185341531 1
125904362 185368630 2
125904362 185628273 1
133159402 157327952 1
133159402 170981552 1
133159402 182813339 1
133159402 182897128 1
133159402 183889901 1
133159402 184777575 1
133159402 185341531 1
133159402 185368630 1
133159402 185628273 1
157327952 170981552 1
157327952 182813339 1
157327952 182897128 1
157327952 183889901 1
157327952 184777575 1
157327952 185341531 1
157327952 185368630 1
157327952 185628273 1
170981552 182813339 1
170981552 182897128 1
170981552 183889901 1
170981552 184777575 2
170981552 185341531 1
170981552 185368630 1
170981552 185628273 1
182813339 182897128 1
182813339 183889901 1
182813339 184777575 1
182813339 185341531 1
182813339 185368630 1
182813339 185628273 1
182897128 183889901 1
182897128 184777575 1
182897128 185341531 1
182897128 185368630 1
182897128 185628273 1
183889901 184777575 1
183889901 185341531 1
183889901 185368630 1
183889901 185628273 1
184777575 185341531 1
184777575 185368630 3
184777575 185628273 1
185341531 185368630 1
185341531 185628273 1
185368630 185628273 1
10704331 140286852 1
10704331 185100023 1
10704331 185561839 1
10704331 185657445 1
61234822 140286852 1
61234822 185100023 1
61234822 185561839 1
61234822 185657445 1
125904362 140286852 1
125904362 185100023 1
125904362 185561839 1
125904362 185657445 1
140286852 184777575 1
140286852 185100023 1
140286852 185368630 1
140286852 185561839 1
140286852 185657445 1
184777575 185100023 1
184777575 185561839 1
184777575 185657445 1
185100023 185368630 1
185100023 185561839 1
185100023 185657445 1
185368630 185561839 1
185368630 185657445 1
185561839 185657445 1
10704331 185714450 1
50167922 185714450 1
61234822 185714450 1
118260742 185714450 1
170981552 185714450 1
184777575 185714450 1
7398543 10704331 3
7398543 55506082 2
7398543 61234822 3
7398543 83286502 2
7398543 118260742 3
7398543 184777575 2
7398543 185081284 2
10704331 55506082 2
10704331 83286502 2
10704331 185081284 2
55506082 61234822 2
55506082 83286502 2
55506082 118260742 2
55506082 184777575 2
55506082 185081284 2
61234822 83286502 3
61234822 185081284 2
83286502 118260742 3
83286502 184777575 3
83286502 185081284 2
118260742 185081284 2
184777575 185081284 2
9583784 10698938 1
9583784 10704331 1
9583784 61234822 1
9583784 118260742 1
9583784 128126382 1
9583784 184305249 1
9583784 184777575 1
10698938 10704331 1
10698938 61234822 1
10698938 118260742 1
10698938 128126382 1
10698938 184305249 1
10698938 184777575 1
10704331 128126382 1
10704331 184305249 1
61234822 128126382 1
61234822 184305249 1
118260742 128126382 1
118260742 184305249 1
128126382 184305249 1
128126382 184777575 1
184305249 184777575 1
10686006 10704331 1
10686006 17224221 1
10686006 61234822 1
10686006 118260742 1
10686006 184777575 1
2960725 7398543 2
2960725 10704331 2
2960725 52597852 1
2960725 55506082 1
2960725 61234822 2
2960725 83286502 1
2960725 118260742 2
2960725 184777575 1
2960725 185081284 1
2960725 185584875 1
7398543 52597852 1
7398543 185584875 1
10704331 52597852 1
10704331 185584875 1
52597852 55506082 1
52597852 61234822 1
52597852 83286502 1
52597852 118260742 1
52597852 184777575 1
52597852 185081284 1
52597852 185584875 1
55506082 185584875 1
61234822 185584875 1
83286502 185584875 1
118260742 185584875 1
184777575 185584875 1
185081284 185584875 1
10675725 61234822 1
10675725 83286502 1
10675725 118260742 1
10675725 184777575 1
10675725 185368630 1
10675725 185370093 1
61234822 185370093 1
83286502 185368630 1
83286502 185370093 1
118260742 185370093 1
184777575 185370093 1
185368630 185370093 1
