23796482 140286852 61234822 118260742 7398543 13216272 194201753 194215456 55506082 185094820 191958694 92767032 194602558 130505792 194499010 185081284 183415884 149314382 73488092 83286502 184777575 183529585 9394293
7398543 55506082 4
7398543 61234822 4
7398543 73488092 2
7398543 83286502 4
7398543 118260742 4
7398543 184777575 4
7398543 185081284 4
7398543 194201753 1
55506082 61234822 4
55506082 73488092 2
55506082 83286502 4
55506082 118260742 4
55506082 184777575 4
55506082 185081284 4
55506082 194201753 1
61234822 73488092 2
61234822 83286502 4
61234822 118260742 4
61234822 184777575 4
61234822 185081284 4
61234822 194201753 1
73488092 83286502 2
73488092 118260742 2
73488092 184777575 2
73488092 185081284 2
73488092 194201753 1
83286502 118260742 4
83286502 184777575 4
83286502 185081284 4
83286502 194201753 1
118260742 184777575 4
118260742 185081284 4
118260742 194201753 1
184777575 185081284 4
184777575 194201753 1
185081284 194201753 1
7398543 9394293 1
7398543 23796482 1
7398543 194499010 2
9394293 23796482 1
9394293 55506082 1
9394293 61234822 1
9394293 83286502 1
9394293 118260742 1
9394293 184777575 1
9394293 185081284 1
9394293 194499010 1
23796482 55506082 1
23796482 61234822 1
23796482 83286502 1
23796482 118260742 1
23796482 184777575 2
23796482 185081284 1
23796482 194499010 1
55506082 194499010 2
61234822 194499010 2
83286502 194499010 2
118260742 194499010 2
184777575 194499010 3
185081284 194499010 2
184777575 194602558 2
130505792 184777575 2
130505792 194499010 1
130505792 140286852 1
130505792 191958694 1
130505792 194602558 1
140286852 184777575 1
140286852 191958694 1
140286852 194602558 1
184777575 191958694 1
191958694 194602558 1
7398543 185094820 1
55506082 185094820 1
61234822 185094820 1
73488092 185094820 1
83286502 185094820 1
118260742 185094820 1
184777575 185094820 1
185081284 185094820 1
13216272 92767032 1
13216272 183415884 1
13216272 184777575 1
13216272 194215456 1
92767032 183415884 1
92767032 184777575 1
92767032 194215456 1
183415884 184777575 1
183415884 194215456 1
184777575 194215456 1
7398543 149314382 1
7398543 183529585 1
55506082 149314382 1
55506082 183529585 1
61234822 149314382 1
61234822 183529585 1
83286502 149314382 1
83286502 183529585 1
118260742 149314382 1
118260742 183529585 1
149314382 183529585 1
149314382 184777575 1
149314382 185081284 1
149314382 194499010 1
183529585 184777575 1
183529585 185081284 1
183529585 194499010 1
