11866880 9444866 9229955 9289603 133444612 11694728 13115144 98684812 12147857 4582802 61984662 6589335 12182552 9838746 85340192 87246842 3576739 91559972 13441442 9167782 8160551 15395621 118035362 2590762 9500203 26892972 5493165 44780462 106601642 41257392 8767537 4346931 10960435 40633652 16473531 12363709 8131645 24057152 10175045 41256902 5047371 101472082 85328082 24422612 12475734 131632342 107067992 88196572 57316572 75692382 2925407 10504160 2895329 14047583 10568545 45462372 6353765 93812072 1323625 22462061 61616622 61533422 87804662 4735223 42638712 14155897 7359482 13403638 87931382 16573951
2925407 3576739 1
2925407 4346931 1
2925407 4735223 1
2925407 5493165 1
2925407 6353765 2
2925407 6589335 1
2925407 7359482 1
2925407 8131645 1
2925407 8160551 2
2925407 8767537 1
2925407 9229955 2
2925407 9289603 1
2925407 9444866 1
2925407 9500203 1
2925407 10504160 1
2925407 11694728 1
2925407 12147857 1
2925407 12363709 1
2925407 24057152 1
2925407 24422612 1
2925407 26892972 1
2925407 42638712 2
2925407 61616622 1
2925407 61984662 2
2925407 85340192 2
2925407 87246842 1
2925407 88196572 1
2925407 91559972 1
2925407 98684812 2
3576739 4346931 1
3576739 4735223 1
3576739 5493165 1
3576739 6353765 1
3576739 6589335 1
3576739 7359482 1
3576739 8131645 1
3576739 8160551 1
3576739 8767537 1
3576739 9229955 1
3576739 9289603 1
3576739 9444866 1
3576739 9500203 1
3576739 10504160 1
3576739 11694728 1
3576739 12147857 1
3576739 12363709 1
3576739 24057152 1
3576739 24422612 1
3576739 26892972 1
3576739 42638712 1
3576739 61616622 1
3576739 61984662 1
3576739 85340192 1
3576739 87246842 1
3576739 88196572 1
3576739 91559972 1
3576739 98684812 1
4346931 4735223 2
4346931 5493165 1
4346931 6353765 1
4346931 6589335 3
4346931 7359482 1
4346931 8131645 2
4346931 8160551 1
4346931 8767537 2
4346931 9229955 1
4346931 9289603 1
4346931 9444866 1
4346931 9500203 2
4346931 10504160 1
4346931 11694728 2
4346931 12147857 1
4346931 12363709 1
4346931 24057152 1
4346931 24422612 1
4346931 26892972 2
4346931 42638712 1
4346931 61616622 1
4346931 61984662 1
4346931 85340192 1
4346931 87246842 1
4346931 88196572 1
4346931 91559972 1
4346931 98684812 1
4735223 5493165 1
4735223 6353765 1
4735223 6589335 2
4735223 7359482 1
4735223 8131645 2
4735223 8160551 1
4735223 8767537 2
4735223 9229955 1
4735223 9289603 1
4735223 9444866 1
4735223 9500203 1
4735223 10504160 1
4735223 11694728 1
4735223 12147857 1
4735223 12363709 1
4735223 24057152 1
4735223 24422612 1
4735223 26892972 2
4735223 42638712 1
4735223 61616622 1
4735223 61984662 1
4735223 85340192 1
4735223 87246842 1
4735223 88196572 1
4735223 91559972 1
4735223 98684812 1
5493165 6353765 1
5493165 6589335 1
5493165 7359482 1
5493165 8131645 1
5493165 8160551 1
5493165 8767537 1
5493165 9229955 1
5493165 9289603 1
5493165 9444866 1
5493165 9500203 1
5493165 10504160 1
5493165 11694728 1
5493165 12147857 1
5493165 12363709 1
5493165 24057152 1
5493165 24422612 1
5493165 26892972 1
5493165 42638712 1
5493165 61616622 1
5493165 61984662 1
5493165 85340192 1
5493165 87246842 1
5493165 88196572 1
5493165 91559972 1
5493165 98684812 1
6353765 6589335 1
6353765 7359482 1
6353765 8131645 1
6353765 8160551 2
6353765 8767537 1
6353765 9229955 2
6353765 9289603 1
6353765 9444866 1
6353765 9500203 1
6353765 10504160 1
6353765 11694728 1
6353765 12147857 1
6353765 12363709 1
6353765 24057152 1
6353765 24422612 1
6353765 26892972 1
6353765 42638712 2
6353765 61616622 1
6353765 61984662 2
6353765 85340192 2
6353765 87246842 1
6353765 88196572 1
6353765 91559972 1
6353765 98684812 2
6589335 7359482 1
6589335 8131645 2
6589335 8160551 1
6589335 8767537 2
6589335 9229955 1
6589335 9289603 1
6589335 9444866 1
6589335 9500203 2
6589335 10504160 1
6589335 11694728 2
6589335 12147857 1
6589335 12363709 1
6589335 24057152 1
6589335 24422612 1
6589335 26892972 2
6589335 42638712 1
6589335 61616622 1
6589335 61984662 1
6589335 85340192 1
6589335 87246842 1
6589335 88196572 1
6589335 91559972 1
6589335 98684812 1
7359482 8131645 1
7359482 8160551 1
7359482 8767537 1
7359482 9229955 1
7359482 9289603 1
7359482 9444866 1
7359482 9500203 1
7359482 10504160 1
7359482 11694728 1
7359482 12147857 1
7359482 12363709 1
7359482 24057152 1
7359482 24422612 1
7359482 26892972 1
7359482 42638712 1
7359482 61616622 1
7359482 61984662 1
7359482 85340192 1
7359482 87246842 1
7359482 88196572 1
7359482 91559972 1
7359482 98684812 1
8131645 8160551 1
8131645 8767537 2
8131645 9229955 1
8131645 9289603 1
8131645 9444866 1
8131645 9500203 1
8131645 10504160 1
8131645 11694728 1
8131645 12147857 1
8131645 12363709 1
8131645 24057152 1
8131645 24422612 1
8131645 26892972 2
8131645 42638712 1
8131645 61616622 1
8131645 61984662 1
8131645 85340192 1
8131645 87246842 1
8131645 88196572 1
8131645 91559972 1
8131645 98684812 1
8160551 8767537 1
8160551 9229955 2
8160551 9289603 1
8160551 9444866 1
8160551 9500203 1
8160551 10504160 1
8160551 11694728 1
8160551 12147857 1
8160551 12363709 1
8160551 24057152 1
8160551 24422612 1
8160551 26892972 1
8160551 42638712 2
8160551 61616622 1
8160551 61984662 2
8160551 85340192 2
8160551 87246842 1
8160551 88196572 1
8160551 91559972 1
8160551 98684812 2
8767537 9229955 1
8767537 9289603 1
8767537 9444866 1
8767537 9500203 1
8767537 10504160 1
8767537 11694728 1
8767537 12147857 1
8767537 12363709 1
8767537 24057152 1
8767537 24422612 1
8767537 26892972 2
8767537 42638712 1
8767537 61616622 1
8767537 61984662 1
8767537 85340192 1
8767537 87246842 1
8767537 88196572 1
8767537 91559972 1
8767537 98684812 1
9229955 9289603 1
9229955 9444866 1
9229955 9500203 1
9229955 10504160 1
9229955 11694728 1
9229955 12147857 1
9229955 12363709 1
9229955 24057152 1
9229955 24422612 1
9229955 26892972 1
9229955 42638712 2
9229955 61616622 1
9229955 61984662 2
9229955 85340192 2
9229955 87246842 1
9229955 88196572 1
9229955 91559972 1
9229955 98684812 2
9289603 9444866 1
9289603 9500203 1
9289603 10504160 1
9289603 11694728 1
9289603 12147857 1
9289603 12363709 1
9289603 24057152 1
9289603 24422612 1
9289603 26892972 1
9289603 42638712 1
9289603 61616622 1
9289603 61984662 1
9289603 85340192 1
9289603 87246842 1
9289603 88196572 1
9289603 91559972 1
9289603 98684812 1
9444866 9500203 1
9444866 10504160 1
9444866 11694728 1
9444866 12147857 1
9444866 12363709 1
9444866 24057152 1
9444866 24422612 1
9444866 26892972 1
9444866 42638712 1
9444866 61616622 1
9444866 61984662 1
9444866 85340192 1
9444866 87246842 1
9444866 88196572 1
9444866 91559972 1
9444866 98684812 1
9500203 10504160 1
9500203 11694728 2
9500203 12147857 1
9500203 12363709 1
9500203 24057152 1
9500203 24422612 1
9500203 26892972 1
9500203 42638712 1
9500203 61616622 1
9500203 61984662 1
9500203 85340192 1
9500203 87246842 1
9500203 88196572 1
9500203 91559972 1
9500203 98684812 1
10504160 11694728 1
10504160 12147857 1
10504160 12363709 1
10504160 24057152 1
10504160 24422612 1
10504160 26892972 1
10504160 42638712 1
10504160 61616622 1
10504160 61984662 1
10504160 85340192 1
10504160 87246842 1
10504160 88196572 1
10504160 91559972 1
10504160 98684812 1
11694728 12147857 1
11694728 12363709 1
11694728 24057152 1
11694728 24422612 1
11694728 26892972 1
11694728 42638712 1
11694728 61616622 1
11694728 61984662 1
11694728 85340192 1
11694728 87246842 1
11694728 88196572 1
11694728 91559972 1
11694728 98684812 1
12147857 12363709 1
12147857 24057152 1
12147857 24422612 1
12147857 26892972 1
12147857 42638712 1
12147857 61616622 1
12147857 61984662 1
12147857 85340192 1
12147857 87246842 1
12147857 88196572 1
12147857 91559972 1
12147857 98684812 1
12363709 24057152 1
12363709 24422612 1
12363709 26892972 1
12363709 42638712 1
12363709 61616622 1
12363709 61984662 1
12363709 85340192 1
12363709 87246842 1
12363709 88196572 1
12363709 91559972 1
12363709 98684812 1
24057152 24422612 1
24057152 26892972 1
24057152 42638712 1
24057152 61616622 1
24057152 61984662 1
24057152 85340192 1
24057152 87246842 1
24057152 88196572 1
24057152 91559972 1
24057152 98684812 1
24422612 26892972 1
24422612 42638712 1
24422612 61616622 1
24422612 61984662 1
24422612 85340192 1
24422612 87246842 1
24422612 88196572 1
24422612 91559972 1
24422612 98684812 1
26892972 42638712 1
26892972 61616622 1
26892972 61984662 1
26892972 85340192 1
26892972 87246842 1
26892972 88196572 1
26892972 91559972 1
26892972 98684812 1
42638712 61616622 1
42638712 61984662 3
42638712 85340192 2
42638712 87246842 1
42638712 88196572 2
42638712 91559972 1
42638712 98684812 2
61616622 61984662 1
61616622 85340192 1
61616622 87246842 1
61616622 88196572 1
61616622 91559972 1
61616622 98684812 1
61984662 85340192 2
61984662 87246842 1
61984662 88196572 2
61984662 91559972 1
61984662 98684812 2
85340192 87246842 1
85340192 88196572 1
85340192 91559972 1
85340192 98684812 2
87246842 88196572 1
87246842 91559972 1
87246842 98684812 1
88196572 91559972 1
88196572 98684812 1
91559972 98684812 1
2895329 4346931 1
2895329 4582802 2
2895329 5047371 1
2895329 6589335 1
2895329 9500203 1
2895329 10960435 1
2895329 11694728 1
2895329 12182552 1
2895329 13115144 1
2895329 13441442 1
2895329 14047583 1
2895329 14155897 1
2895329 16573951 2
2895329 40633652 1
2895329 45462372 1
4346931 4582802 1
4346931 5047371 1
4346931 10960435 1
4346931 12182552 1
4346931 13115144 1
4346931 13441442 1
4346931 14047583 2
4346931 14155897 1
4346931 16573951 1
4346931 40633652 1
4346931 45462372 1
4582802 5047371 1
4582802 6589335 1
4582802 9500203 1
4582802 10960435 1
4582802 11694728 1
4582802 12182552 1
4582802 13115144 1
4582802 13441442 1
4582802 14047583 1
4582802 14155897 1
4582802 16573951 2
4582802 40633652 1
4582802 45462372 1
5047371 6589335 1
5047371 9500203 1
5047371 10960435 1
5047371 11694728 1
5047371 12182552 1
5047371 13115144 1
5047371 13441442 1
5047371 14047583 1
5047371 14155897 1
5047371 16573951 1
5047371 40633652 1
5047371 45462372 1
6589335 10960435 1
6589335 12182552 1
6589335 13115144 1
6589335 13441442 1
6589335 14047583 2
6589335 14155897 1
6589335 16573951 1
6589335 40633652 1
6589335 45462372 1
9500203 10960435 1
9500203 12182552 1
9500203 13115144 1
9500203 13441442 1
9500203 14047583 1
9500203 14155897 1
9500203 16573951 1
9500203 40633652 1
9500203 45462372 1
10960435 11694728 1
10960435 12182552 1
10960435 13115144 1
10960435 13441442 1
10960435 14047583 1
10960435 14155897 1
10960435 16573951 1
10960435 40633652 1
10960435 45462372 1
11694728 12182552 1
11694728 13115144 1
11694728 13441442 1
11694728 14047583 1
11694728 14155897 1
11694728 16573951 1
11694728 40633652 1
11694728 45462372 1
12182552 13115144 1
12182552 13441442 1
12182552 14047583 1
12182552 14155897 1
12182552 16573951 1
12182552 40633652 1
12182552 45462372 1
13115144 13441442 1
13115144 14047583 1
13115144 14155897 1
13115144 16573951 1
13115144 40633652 1
13115144 45462372 1
13441442 14047583 1
13441442 14155897 1
13441442 16573951 1
13441442 40633652 1
13441442 45462372 1
14047583 14155897 1
14047583 16573951 1
14047583 40633652 1
14047583 45462372 1
14155897 16573951 1
14155897 40633652 1
14155897 45462372 1
16573951 40633652 1
16573951 45462372 1
40633652 45462372 1
41256902 42638712 1
41256902 44780462 1
41256902 45462372 1
41256902 61984662 1
41256902 75692382 1
41256902 87804662 1
41256902 88196572 1
41256902 101472082 1
42638712 44780462 1
42638712 45462372 1
42638712 75692382 2
42638712 87804662 1
42638712 101472082 1
44780462 45462372 1
44780462 61984662 1
44780462 75692382 1
44780462 87804662 1
44780462 88196572 1
44780462 101472082 1
45462372 61984662 1
45462372 75692382 1
45462372 87804662 1
45462372 88196572 1
45462372 101472082 1
61984662 75692382 2
61984662 87804662 1
61984662 101472082 1
75692382 87804662 1
75692382 88196572 1
75692382 101472082 1
87804662 88196572 1
87804662 101472082 1
88196572 101472082 1
1323625 2590762 1
1323625 4346931 1
1323625 4735223 1
1323625 6589335 1
1323625 8131645 1
1323625 8767537 1
1323625 9838746 1
1323625 10175045 1
1323625 11866880 1
1323625 13403638 1
1323625 14047583 1
1323625 16473531 1
1323625 22462061 1
1323625 26892972 1
1323625 61533422 1
1323625 75692382 1
2590762 4346931 1
2590762 4735223 1
2590762 6589335 1
2590762 8131645 1
2590762 8767537 1
2590762 9838746 1
2590762 10175045 1
2590762 11866880 1
2590762 13403638 1
2590762 14047583 1
2590762 16473531 1
2590762 22462061 1
2590762 26892972 1
2590762 61533422 1
2590762 75692382 1
4346931 9838746 1
4346931 10175045 1
4346931 11866880 1
4346931 13403638 1
4346931 16473531 1
4346931 22462061 1
4346931 61533422 1
4346931 75692382 1
4735223 9838746 1
4735223 10175045 1
4735223 11866880 1
4735223 13403638 1
4735223 14047583 1
4735223 16473531 1
4735223 22462061 1
4735223 61533422 1
4735223 75692382 1
6589335 9838746 1
6589335 10175045 1
6589335 11866880 1
6589335 13403638 1
6589335 16473531 1
6589335 22462061 1
6589335 61533422 1
6589335 75692382 1
8131645 9838746 1
8131645 10175045 1
8131645 11866880 1
8131645 13403638 1
8131645 14047583 1
8131645 16473531 1
8131645 22462061 1
8131645 61533422 1
8131645 75692382 1
8767537 9838746 1
8767537 10175045 1
8767537 11866880 1
8767537 13403638 1
8767537 14047583 1
8767537 16473531 1
8767537 22462061 1
8767537 61533422 1
8767537 75692382 1
9838746 10175045 1
9838746 11866880 1
9838746 13403638 1
9838746 14047583 1
9838746 16473531 1
9838746 22462061 1
9838746 26892972 1
9838746 61533422 1
9838746 75692382 1
10175045 11866880 1
10175045 13403638 1
10175045 14047583 1
10175045 16473531 1
10175045 22462061 1
10175045 26892972 1
10175045 61533422 1
10175045 75692382 1
11866880 13403638 1
11866880 14047583 1
11866880 16473531 1
11866880 22462061 1
11866880 26892972 1
11866880 61533422 1
11866880 75692382 1
13403638 14047583 1
13403638 16473531 1
13403638 22462061 1
13403638 26892972 1
13403638 61533422 1
13403638 75692382 1
14047583 16473531 1
14047583 22462061 1
14047583 26892972 1
14047583 61533422 1
14047583 75692382 1
16473531 22462061 1
16473531 26892972 1
16473531 61533422 1
16473531 75692382 1
22462061 26892972 1
22462061 61533422 1
22462061 75692382 1
26892972 61533422 1
26892972 75692382 1
61533422 75692382 1
2895329 2925407 1
2895329 6353765 1
2895329 8160551 1
2895329 9167782 1
2895329 9229955 1
2895329 10568545 1
2895329 12475734 1
2895329 15395621 1
2895329 41257392 1
2895329 42638712 1
2895329 57316572 1
2895329 61984662 1
2895329 75692382 1
2895329 85328082 1
2895329 85340192 1
2895329 87931382 1
2895329 93812072 1
2895329 98684812 1
2895329 106601642 1
2895329 107067992 1
2895329 118035362 1
2895329 131632342 1
2895329 133444612 1
2925407 4582802 1
2925407 9167782 1
2925407 10568545 1
2925407 12475734 1
2925407 15395621 1
2925407 16573951 1
2925407 41257392 1
2925407 57316572 1
2925407 75692382 1
2925407 85328082 1
2925407 87931382 1
2925407 93812072 1
2925407 106601642 1
2925407 107067992 1
2925407 118035362 1
2925407 131632342 1
2925407 133444612 1
4582802 6353765 1
4582802 8160551 1
4582802 9167782 1
4582802 9229955 1
4582802 10568545 1
4582802 12475734 1
4582802 15395621 1
4582802 41257392 1
4582802 42638712 1
4582802 57316572 1
4582802 61984662 1
4582802 75692382 1
4582802 85328082 1
4582802 85340192 1
4582802 87931382 1
4582802 93812072 1
4582802 98684812 1
4582802 106601642 1
4582802 107067992 1
4582802 118035362 1
4582802 131632342 1
4582802 133444612 1
6353765 9167782 1
6353765 10568545 1
6353765 12475734 1
6353765 15395621 1
6353765 16573951 1
6353765 41257392 1
6353765 57316572 1
6353765 75692382 1
6353765 85328082 1
6353765 87931382 1
6353765 93812072 1
6353765 106601642 1
6353765 107067992 1
6353765 118035362 1
6353765 131632342 1
6353765 133444612 1
8160551 9167782 1
8160551 10568545 1
8160551 12475734 1
8160551 15395621 1
8160551 16573951 1
8160551 41257392 1
8160551 57316572 1
8160551 75692382 1
8160551 85328082 1
8160551 87931382 1
8160551 93812072 1
8160551 106601642 1
8160551 107067992 1
8160551 118035362 1
8160551 131632342 1
8160551 133444612 1
9167782 9229955 1
9167782 10568545 1
9167782 12475734 1
9167782 15395621 1
9167782 16573951 1
9167782 41257392 1
9167782 42638712 1
9167782 57316572 1
9167782 61984662 1
9167782 75692382 1
9167782 85328082 1
9167782 85340192 1
9167782 87931382 1
9167782 93812072 1
9167782 98684812 1
9167782 106601642 1
9167782 107067992 1
9167782 118035362 1
9167782 131632342 1
9167782 133444612 1
9229955 10568545 1
9229955 12475734 1
9229955 15395621 1
9229955 16573951 1
9229955 41257392 1
9229955 57316572 1
9229955 75692382 1
9229955 85328082 1
9229955 87931382 1
9229955 93812072 1
9229955 106601642 1
9229955 107067992 1
9229955 118035362 1
9229955 131632342 1
9229955 133444612 1
10568545 12475734 1
10568545 15395621 1
10568545 16573951 1
10568545 41257392 1
10568545 42638712 1
10568545 57316572 1
10568545 61984662 1
10568545 75692382 1
10568545 85328082 1
10568545 85340192 1
10568545 87931382 1
10568545 93812072 1
10568545 98684812 1
10568545 106601642 1
10568545 107067992 1
10568545 118035362 1
10568545 131632342 1
10568545 133444612 1
12475734 15395621 1
12475734 16573951 1
12475734 41257392 1
12475734 42638712 1
12475734 57316572 1
12475734 61984662 1
12475734 75692382 1
12475734 85328082 1
12475734 85340192 1
12475734 87931382 1
12475734 93812072 1
12475734 98684812 1
12475734 106601642 1
12475734 107067992 1
12475734 118035362 1
12475734 131632342 1
12475734 133444612 1
15395621 16573951 1
15395621 41257392 1
15395621 42638712 1
15395621 57316572 1
15395621 61984662 1
15395621 75692382 1
15395621 85328082 1
15395621 85340192 1
15395621 87931382 1
15395621 93812072 1
15395621 98684812 1
15395621 106601642 1
15395621 107067992 1
15395621 118035362 1
15395621 131632342 1
15395621 133444612 1
16573951 41257392 1
16573951 42638712 1
16573951 57316572 1
16573951 61984662 1
16573951 75692382 1
16573951 85328082 1
16573951 85340192 1
16573951 87931382 1
16573951 93812072 1
16573951 98684812 1
16573951 106601642 1
16573951 107067992 1
16573951 118035362 1
16573951 131632342 1
16573951 133444612 1
41257392 42638712 1
41257392 57316572 1
41257392 61984662 1
41257392 75692382 1
41257392 85328082 1
41257392 85340192 1
41257392 87931382 1
41257392 93812072 1
41257392 98684812 1
41257392 106601642 1
41257392 107067992 1
41257392 118035362 1
41257392 131632342 1
41257392 133444612 1
42638712 57316572 1
42638712 85328082 1
42638712 87931382 1
42638712 93812072 1
42638712 106601642 1
42638712 107067992 1
42638712 118035362 1
42638712 131632342 1
42638712 133444612 1
57316572 61984662 1
57316572 75692382 1
57316572 85328082 1
57316572 85340192 1
57316572 87931382 1
57316572 93812072 1
57316572 98684812 1
57316572 106601642 1
57316572 107067992 1
57316572 118035362 1
57316572 131632342 1
57316572 133444612 1
61984662 85328082 1
61984662 87931382 1
61984662 93812072 1
61984662 106601642 1
61984662 107067992 1
61984662 118035362 1
61984662 131632342 1
61984662 133444612 1
75692382 85328082 1
75692382 85340192 1
75692382 87931382 1
75692382 93812072 1
75692382 98684812 1
75692382 106601642 1
75692382 107067992 1
75692382 118035362 1
75692382 131632342 1
75692382 133444612 1
85328082 85340192 1
85328082 87931382 1
85328082 93812072 1
85328082 98684812 1
85328082 106601642 1
85328082 107067992 1
85328082 118035362 1
85328082 131632342 1
85328082 133444612 1
85340192 87931382 1
85340192 93812072 1
85340192 106601642 1
85340192 107067992 1
85340192 118035362 1
85340192 131632342 1
85340192 133444612 1
87931382 93812072 1
87931382 98684812 1
87931382 106601642 1
87931382 107067992 1
87931382 118035362 1
87931382 131632342 1
87931382 133444612 1
93812072 98684812 1
93812072 106601642 1
93812072 107067992 1
93812072 118035362 1
93812072 131632342 1
93812072 133444612 1
98684812 106601642 1
98684812 107067992 1
98684812 118035362 1
98684812 131632342 1
98684812 133444612 1
106601642 107067992 1
106601642 118035362 1
106601642 131632342 1
106601642 133444612 1
107067992 118035362 1
107067992 131632342 1
107067992 133444612 1
118035362 131632342 1
118035362 133444612 1
131632342 133444612 1
