86539652 32480012 180221582 48265102 12437524 82125592 183041692 83080482 9354787 61498022 183272743 5048824 162107302 52122162 11414578 184348471 72390842 170173372 65879882 110422092 114358222 4858831 111166032 77706582 90946902 108667742 2997216 97950562 162975202 4027876 92680172 159379442 98444532 183090808
5048824 12437524 1
5048824 65879882 3
5048824 77706582 1
5048824 97950562 1
5048824 162975202 1
5048824 180221582 1
12437524 65879882 1
12437524 77706582 1
12437524 97950562 1
12437524 162975202 1
12437524 180221582 1
65879882 77706582 1
65879882 97950562 1
65879882 162975202 1
65879882 180221582 1
77706582 97950562 1
77706582 162975202 1
77706582 180221582 1
97950562 162975202 1
97950562 180221582 1
162975202 180221582 1
5048824 52122162 1
5048824 82125592 2
5048824 83080482 1
5048824 110422092 1
5048824 114358222 1
5048824 170173372 1
52122162 82125592 1
52122162 83080482 1
52122162 110422092 1
52122162 114358222 1
52122162 170173372 1
82125592 83080482 1
82125592 110422092 1
82125592 114358222 1
82125592 170173372 1
83080482 110422092 1
83080482 114358222 1
83080482 170173372 1
110422092 114358222 1
110422092 170173372 1
114358222 170173372 1
4858831 5048824 1
4858831 48265102 1
4858831 65879882 1
4858831 86539652 1
4858831 92680172 1
4858831 183090808 1
5048824 48265102 1
5048824 86539652 3
5048824 92680172 1
5048824 183090808 1
48265102 65879882 1
48265102 86539652 1
48265102 92680172 1
48265102 183090808 1
65879882 86539652 2
65879882 92680172 1
65879882 183090808 1
86539652 92680172 1
86539652 183090808 1
92680172 183090808 1
4027876 5048824 1
4027876 61498022 1
4027876 72390842 1
4027876 108667742 1
5048824 61498022 1
5048824 72390842 2
5048824 108667742 4
61498022 72390842 1
61498022 108667742 1
72390842 108667742 1
5048824 183041692 2
108667742 183041692 2
5048824 32480012 1
5048824 183272743 3
82125592 108667742 1
82125592 183272743 1
108667742 183272743 2
5048824 98444532 1
5048824 111166032 1
5048824 159379442 1
5048824 162107302 1
5048824 184348471 2
65879882 98444532 1
65879882 108667742 1
65879882 111166032 1
65879882 159379442 1
65879882 162107302 1
65879882 183041692 1
65879882 183272743 1
65879882 184348471 1
86539652 98444532 1
86539652 108667742 1
86539652 111166032 1
86539652 159379442 1
86539652 162107302 1
86539652 183041692 1
86539652 183272743 1
86539652 184348471 1
98444532 108667742 1
98444532 111166032 1
98444532 159379442 1
98444532 162107302 1
98444532 183041692 1
98444532 183272743 1
98444532 184348471 1
108667742 111166032 1
108667742 159379442 1
108667742 162107302 1
108667742 184348471 1
111166032 159379442 1
111166032 162107302 1
111166032 183041692 1
111166032 183272743 1
111166032 184348471 1
159379442 162107302 1
159379442 183041692 1
159379442 183272743 1
159379442 184348471 1
162107302 183041692 1
162107302 183272743 1
162107302 184348471 1
183041692 183272743 1
183041692 184348471 1
183272743 184348471 2
2997216 5048824 1
2997216 9354787 1
2997216 11414578 1
2997216 72390842 1
2997216 90946902 1
2997216 183272743 1
2997216 184348471 1
5048824 9354787 1
5048824 11414578 1
5048824 90946902 1
9354787 11414578 1
9354787 72390842 1
9354787 90946902 1
9354787 183272743 1
9354787 184348471 1
11414578 72390842 1
11414578 90946902 1
11414578 183272743 1
11414578 184348471 1
72390842 90946902 1
72390842 183272743 1
72390842 184348471 1
90946902 183272743 1
90946902 184348471 1
