112008192 187963392 184722434 79648132 152332552 185900553 3937036 24700812 186392590 163264272 185410580 127371412 112189332 162390172 187950365 1181470 186956319 187636897 186928546 182544426 10524205 68220592 9810993 187987645 25788992 55824582 183640012 186245453 187920208 9907921 20062931 9645014 7733848 12636765 188080605 43015012 154214122 96445932 4278003 7544054 185392504
1181470 9645014 1
1181470 79648132 1
1181470 163264272 1
9645014 79648132 1
9645014 163264272 1
79648132 163264272 1
1181470 7733848 2
1181470 43015012 2
1181470 182544426 2
7733848 43015012 2
7733848 182544426 3
43015012 182544426 3
152332552 182544426 1
3937036 4278003 1
3937036 7544054 1
3937036 9645014 1
3937036 9810993 1
3937036 9907921 1
3937036 25788992 1
3937036 68220592 1
3937036 112008192 1
3937036 162390172 1
3937036 184722434 1
3937036 185410580 1
3937036 185900553 1
3937036 186245453 1
3937036 186928546 1
3937036 187636897 1
3937036 187920208 1
3937036 187987645 1
4278003 7544054 1
4278003 9645014 1
4278003 9810993 1
4278003 9907921 1
4278003 25788992 1
4278003 68220592 1
4278003 112008192 1
4278003 162390172 1
4278003 184722434 1
4278003 185410580 1
4278003 185900553 1
4278003 186245453 1
4278003 186928546 1
4278003 187636897 1
4278003 187920208 1
4278003 187987645 1
7544054 9645014 1
7544054 9810993 1
7544054 9907921 1
7544054 25788992 1
7544054 68220592 1
7544054 112008192 1
7544054 162390172 1
7544054 184722434 1
7544054 185410580 1
7544054 185900553 1
7544054 186245453 1
7544054 186928546 1
7544054 187636897 1
7544054 187920208 1
7544054 187987645 2
9645014 9810993 1
9645014 9907921 1
9645014 25788992 1
9645014 68220592 1
9645014 112008192 1
9645014 162390172 1
9645014 184722434 1
9645014 185410580 1
9645014 185900553 1
9645014 186245453 1
9645014 186928546 1
9645014 187636897 1
9645014 187920208 1
9645014 187987645 1
9810993 9907921 1
9810993 25788992 1
9810993 68220592 1
9810993 112008192 1
9810993 162390172 1
9810993 184722434 1
9810993 185410580 1
9810993 185900553 1
9810993 186245453 1
9810993 186928546 1
9810993 187636897 1
9810993 187920208 1
9810993 187987645 1
9907921 25788992 1
9907921 68220592 1
9907921 112008192 1
9907921 162390172 1
9907921 184722434 1
9907921 185410580 1
9907921 185900553 1
9907921 186245453 1
9907921 186928546 1
9907921 187636897 1
9907921 187920208 1
9907921 187987645 1
25788992 68220592 1
25788992 112008192 1
25788992 162390172 1
25788992 184722434 1
25788992 185410580 1
25788992 185900553 1
25788992 186245453 1
25788992 186928546 1
25788992 187636897 1
25788992 187920208 1
25788992 187987645 1
68220592 112008192 1
68220592 162390172 1
68220592 184722434 1
68220592 185410580 1
68220592 185900553 1
68220592 186245453 1
68220592 186928546 1
68220592 187636897 1
68220592 187920208 1
68220592 187987645 1
112008192 162390172 1
112008192 184722434 1
112008192 185410580 1
112008192 185900553 1
112008192 186245453 1
112008192 186928546 1
112008192 187636897 1
112008192 187920208 1
112008192 187987645 1
162390172 184722434 1
162390172 185410580 1
162390172 185900553 1
162390172 186245453 1
162390172 186928546 1
162390172 187636897 1
162390172 187920208 1
162390172 187987645 1
184722434 185410580 1
184722434 185900553 1
184722434 186245453 1
184722434 186928546 1
184722434 187636897 1
184722434 187920208 1
184722434 187987645 1
185410580 185900553 1
185410580 186245453 1
185410580 186928546 1
185410580 187636897 1
185410580 187920208 1
185410580 187987645 1
185900553 186245453 1
185900553 186928546 1
185900553 187636897 1
185900553 187920208 1
185900553 187987645 1
186245453 186928546 1
186245453 187636897 1
186245453 187920208 1
186245453 187987645 1
186928546 187636897 1
186928546 187920208 1
186928546 187987645 1
187636897 187920208 1
187636897 187987645 1
187920208 187987645 1
55824582 127371412 1
55824582 182544426 3
55824582 187963392 2
127371412 182544426 1
127371412 187963392 1
182544426 187963392 2
1181470 12636765 1
1181470 55824582 1
1181470 186956319 1
1181470 187963392 1
1181470 187987645 1
1181470 188080605 1
7733848 12636765 1
7733848 55824582 1
7733848 186956319 1
7733848 187963392 1
7733848 187987645 1
7733848 188080605 1
12636765 43015012 1
12636765 55824582 1
12636765 182544426 1
12636765 186956319 1
12636765 187963392 1
12636765 187987645 1
12636765 188080605 1
43015012 55824582 2
43015012 186956319 2
43015012 187963392 1
43015012 187987645 2
43015012 188080605 1
55824582 186956319 2
55824582 187987645 2
55824582 188080605 1
182544426 186956319 2
182544426 187987645 2
182544426 188080605 1
186956319 187963392 1
186956319 187987645 2
186956319 188080605 1
187963392 187987645 1
187963392 188080605 1
187987645 188080605 1
7733848 10524205 1
7733848 20062931 1
7733848 154214122 1
7733848 186392590 1
7733848 187950365 1
10524205 20062931 1
10524205 154214122 1
10524205 182544426 1
10524205 186392590 1
10524205 187950365 1
20062931 154214122 1
20062931 182544426 1
20062931 186392590 1
20062931 187950365 1
154214122 182544426 1
154214122 186392590 1
154214122 187950365 1
182544426 186392590 1
182544426 187950365 3
186392590 187950365 1
112189332 182544426 1
7544054 43015012 1
7544054 55824582 1
7544054 96445932 1
7544054 182544426 1
7544054 183640012 1
7544054 186956319 1
7544054 187950365 1
43015012 96445932 1
43015012 183640012 1
43015012 187950365 1
55824582 96445932 1
55824582 183640012 1
55824582 187950365 1
96445932 182544426 1
96445932 183640012 1
96445932 186956319 1
96445932 187950365 1
96445932 187987645 1
182544426 183640012 1
183640012 186956319 1
183640012 187950365 1
183640012 187987645 1
186956319 187950365 1
187950365 187987645 1
24700812 182544426 1
24700812 185392504 1
24700812 187950365 1
182544426 185392504 1
185392504 187950365 1
