79648132 152332552 24700812 181945102 163264272 127371412 112189332 189781142 4245531 187950365 189658535 101961512 182544426 189561131 173023532 10524205 25788992 55824582 183976522 73930062 126693332 10988118 116745942 7733848 6892636 68816482 43015012 59216102 96445932
10988118 25788992 1
10988118 55824582 1
10988118 96445932 1
10988118 173023532 1
10988118 189561131 1
25788992 55824582 1
25788992 96445932 1
25788992 173023532 1
25788992 189561131 1
55824582 96445932 1
55824582 173023532 1
55824582 189561131 1
96445932 173023532 1
96445932 189561131 1
173023532 189561131 1
127371412 189658535 1
6892636 7733848 1
6892636 43015012 2
6892636 182544426 2
7733848 43015012 1
7733848 182544426 3
43015012 182544426 3
7733848 24700812 1
24700812 182544426 1
10524205 59216102 1
10524205 182544426 1
59216102 182544426 1
7733848 152332552 1
152332552 182544426 2
43015012 112189332 1
112189332 182544426 1
6892636 101961512 1
6892636 183976522 1
6892636 187950365 1
6892636 189781142 1
43015012 101961512 1
43015012 183976522 1
43015012 187950365 1
43015012 189781142 1
101961512 182544426 1
101961512 183976522 1
101961512 187950365 1
101961512 189781142 1
182544426 183976522 2
182544426 187950365 1
182544426 189781142 1
183976522 187950365 1
183976522 189781142 1
187950365 189781142 1
4245531 68816482 1
4245531 73930062 1
4245531 79648132 1
4245531 116745942 1
4245531 126693332 1
4245531 163264272 1
4245531 181945102 1
4245531 182544426 1
4245531 183976522 1
68816482 73930062 1
68816482 79648132 1
68816482 116745942 1
68816482 126693332 1
68816482 163264272 1
68816482 181945102 1
68816482 182544426 1
68816482 183976522 1
73930062 79648132 1
73930062 116745942 1
73930062 126693332 1
73930062 163264272 1
73930062 181945102 1
73930062 182544426 1
73930062 183976522 1
79648132 116745942 1
79648132 126693332 1
79648132 163264272 1
79648132 181945102 1
79648132 182544426 1
79648132 183976522 1
116745942 126693332 1
116745942 163264272 1
116745942 181945102 1
116745942 182544426 1
116745942 183976522 1
126693332 163264272 1
126693332 181945102 1
126693332 182544426 1
126693332 183976522 1
163264272 181945102 1
163264272 182544426 1
163264272 183976522 1
181945102 182544426 1
181945102 183976522 1
