59925122 6261382 29341702 71365382 22951561 12603018 61008142 50283922 51230712 22503321 7379363 8084773 2253990 81750822 7670696 75611312 12539057 52122162 3741620 61954102 41898422 7461823 8857152 17137351 16264011 24790732 14385871 74184272 44907602 54688342 75959642 27386842 5671516 8074077 63553632 44650852 8646250 2607982 49604342 14483836 75787772 12621567
8074077 61954102 4
6261382 17137351 1
6261382 74184272 1
17137351 74184272 1
7670696 8074077 1
7670696 8084773 1
7670696 12603018 1
7670696 16264011 1
7670696 17137351 1
7670696 27386842 1
7670696 29341702 1
7670696 44650852 1
7670696 44907602 1
7670696 61954102 1
7670696 63553632 1
7670696 75787772 1
7670696 75959642 1
8074077 8084773 1
8074077 12603018 1
8074077 16264011 1
8074077 17137351 2
8074077 27386842 2
8074077 29341702 1
8074077 44650852 2
8074077 44907602 2
8074077 63553632 1
8074077 75787772 1
8074077 75959642 1
8084773 12603018 1
8084773 16264011 1
8084773 17137351 1
8084773 27386842 1
8084773 29341702 1
8084773 44650852 1
8084773 44907602 1
8084773 61954102 1
8084773 63553632 1
8084773 75787772 1
8084773 75959642 1
12603018 16264011 1
12603018 17137351 2
12603018 27386842 1
12603018 29341702 1
12603018 44650852 1
12603018 44907602 1
12603018 61954102 2
12603018 63553632 1
12603018 75787772 1
12603018 75959642 1
16264011 17137351 1
16264011 27386842 1
16264011 29341702 1
16264011 44650852 1
16264011 44907602 1
16264011 61954102 1
16264011 63553632 1
16264011 75787772 1
16264011 75959642 1
17137351 27386842 1
17137351 29341702 1
17137351 44650852 2
17137351 44907602 1
17137351 61954102 3
17137351 63553632 1
17137351 75787772 1
17137351 75959642 1
27386842 29341702 1
27386842 44650852 1
27386842 44907602 1
27386842 61954102 1
27386842 63553632 1
27386842 75787772 1
27386842 75959642 1
29341702 44650852 1
29341702 44907602 1
29341702 61954102 1
29341702 63553632 1
29341702 75787772 1
29341702 75959642 1
44650852 44907602 1
44650852 61954102 2
44650852 63553632 1
44650852 75787772 1
44650852 75959642 1
44907602 61954102 2
44907602 63553632 1
44907602 75787772 1
44907602 75959642 1
61954102 63553632 1
61954102 75787772 1
61954102 75959642 1
63553632 75787772 1
63553632 75959642 1
75787772 75959642 1
2253990 2607982 1
2253990 5671516 1
2253990 8074077 1
2253990 8646250 1
2253990 12539057 1
2253990 14483836 1
2253990 41898422 1
2253990 44907602 1
2253990 59925122 1
2253990 61008142 1
2253990 61954102 1
2253990 71365382 1
2253990 75611312 1
2607982 5671516 1
2607982 8074077 1
2607982 8646250 1
2607982 12539057 1
2607982 14483836 1
2607982 41898422 1
2607982 44907602 1
2607982 59925122 1
2607982 61008142 1
2607982 61954102 1
2607982 71365382 1
2607982 75611312 1
5671516 8074077 1
5671516 8646250 1
5671516 12539057 1
5671516 14483836 1
5671516 41898422 1
5671516 44907602 1
5671516 59925122 1
5671516 61008142 1
5671516 61954102 1
5671516 71365382 1
5671516 75611312 1
8074077 8646250 1
8074077 12539057 1
8074077 14483836 1
8074077 41898422 1
8074077 59925122 2
8074077 61008142 1
8074077 71365382 1
8074077 75611312 1
8646250 12539057 1
8646250 14483836 1
8646250 41898422 1
8646250 44907602 1
8646250 59925122 1
8646250 61008142 1
8646250 61954102 1
8646250 71365382 1
8646250 75611312 1
12539057 14483836 1
12539057 41898422 1
12539057 44907602 1
12539057 59925122 1
12539057 61008142 1
12539057 61954102 1
12539057 71365382 1
12539057 75611312 1
14483836 41898422 1
14483836 44907602 1
14483836 59925122 1
14483836 61008142 1
14483836 61954102 1
14483836 71365382 1
14483836 75611312 1
41898422 44907602 1
41898422 59925122 1
41898422 61008142 1
41898422 61954102 1
41898422 71365382 1
41898422 75611312 1
44907602 59925122 1
44907602 61008142 1
44907602 71365382 1
44907602 75611312 1
59925122 61008142 1
59925122 61954102 2
59925122 71365382 1
59925122 75611312 1
61008142 61954102 2
61008142 71365382 1
61008142 75611312 2
61954102 71365382 1
61954102 75611312 2
71365382 75611312 1
3741620 7379363 1
3741620 12603018 1
3741620 17137351 1
3741620 61008142 1
3741620 61954102 1
3741620 75611312 1
7379363 12603018 1
7379363 17137351 2
7379363 61008142 1
7379363 61954102 1
7379363 75611312 1
12603018 61008142 1
12603018 75611312 1
17137351 61008142 1
17137351 75611312 1
8074077 22503321 1
8074077 24790732 1
8074077 50283922 1
8074077 52122162 3
17137351 22503321 1
17137351 24790732 1
17137351 50283922 1
17137351 52122162 1
17137351 59925122 1
22503321 24790732 1
22503321 44650852 1
22503321 50283922 1
22503321 52122162 1
22503321 59925122 1
22503321 61954102 1
24790732 44650852 1
24790732 50283922 1
24790732 52122162 1
24790732 59925122 1
24790732 61954102 1
44650852 50283922 1
44650852 52122162 1
44650852 59925122 1
50283922 52122162 1
50283922 59925122 1
50283922 61954102 1
52122162 59925122 1
52122162 61954102 1
7379363 8074077 1
7379363 22951561 1
7379363 49604342 2
7379363 51230712 1
7379363 52122162 1
7379363 54688342 1
8074077 22951561 1
8074077 49604342 2
8074077 51230712 1
8074077 54688342 1
22951561 49604342 1
22951561 51230712 1
22951561 52122162 1
22951561 54688342 1
49604342 51230712 1
49604342 52122162 1
49604342 54688342 1
51230712 52122162 1
51230712 54688342 1
52122162 54688342 1
7461823 8074077 1
7461823 8857152 1
7461823 12621567 1
7461823 14385871 1
7461823 27386842 1
7461823 49604342 1
8074077 8857152 1
8074077 12621567 1
8074077 14385871 1
8857152 12621567 1
8857152 14385871 1
8857152 27386842 1
8857152 49604342 2
12621567 14385871 1
12621567 27386842 1
12621567 49604342 1
14385871 27386842 1
14385871 49604342 1
27386842 49604342 1
7379363 8857152 1
7379363 14483836 1
7379363 81750822 1
8857152 14483836 1
8857152 17137351 1
8857152 81750822 1
14483836 17137351 1
14483836 49604342 1
14483836 81750822 1
17137351 49604342 1
17137351 81750822 1
49604342 81750822 1
