6261382 2509705 33640842 12491915 36410122 12146959 2358808 22503321 9404960 7379363 8111014 12503085 3741620 3719477 4912180 11340347 11347007 9286463 5790784 17137351 32284362 10445519 8074077 3014241 2607982 7445754 11099773
7445754 8074077 1
7445754 12146959 1
8074077 12146959 1
7379363 9286463 1
7379363 11340347 1
7379363 22503321 1
9286463 11340347 1
9286463 22503321 1
11340347 22503321 1
3719477 3741620 1
3719477 8074077 1
3741620 8074077 2
2509705 3014241 1
2509705 3741620 1
2509705 4912180 1
2509705 8074077 2
2509705 8111014 1
2509705 9286463 2
2509705 10445519 1
2509705 11099773 1
2509705 11347007 1
2509705 12503085 1
2509705 17137351 2
2509705 33640842 1
3014241 3741620 1
3014241 4912180 1
3014241 8074077 1
3014241 8111014 1
3014241 9286463 1
3014241 10445519 1
3014241 11099773 1
3014241 11347007 1
3014241 12503085 1
3014241 17137351 1
3014241 33640842 1
3741620 4912180 1
3741620 8111014 1
3741620 9286463 1
3741620 10445519 1
3741620 11099773 1
3741620 11347007 1
3741620 12503085 1
3741620 17137351 1
3741620 33640842 1
4912180 8074077 1
4912180 8111014 1
4912180 9286463 1
4912180 10445519 1
4912180 11099773 1
4912180 11347007 1
4912180 12503085 1
4912180 17137351 1
4912180 33640842 1
8074077 8111014 1
8074077 9286463 2
8074077 10445519 1
8074077 11099773 1
8074077 11347007 1
8074077 12503085 1
8074077 17137351 2
8074077 33640842 1
8111014 9286463 1
8111014 10445519 1
8111014 11099773 1
8111014 11347007 1
8111014 12503085 1
8111014 17137351 1
8111014 33640842 1
9286463 10445519 1
9286463 11099773 1
9286463 11347007 1
9286463 12503085 1
9286463 17137351 2
9286463 33640842 1
10445519 11099773 1
10445519 11347007 1
10445519 12503085 1
10445519 17137351 1
10445519 33640842 1
11099773 11347007 1
11099773 12503085 1
11099773 17137351 1
11099773 33640842 1
11347007 12503085 1
11347007 17137351 1
11347007 33640842 1
12503085 17137351 1
12503085 33640842 1
17137351 33640842 1
2358808 2509705 1
2358808 8074077 1
2358808 9286463 1
2358808 9404960 1
2358808 17137351 1
2509705 9404960 1
8074077 9404960 1
9286463 9404960 1
9404960 17137351 1
2607982 6261382 1
2607982 7379363 1
2607982 8074077 1
2607982 12491915 1
2607982 32284362 1
2607982 36410122 1
6261382 7379363 2
6261382 8074077 2
6261382 12491915 1
6261382 32284362 1
6261382 36410122 1
7379363 8074077 2
7379363 12491915 1
7379363 32284362 1
7379363 36410122 1
8074077 12491915 1
8074077 32284362 1
8074077 36410122 1
12491915 32284362 1
12491915 36410122 1
32284362 36410122 1
5790784 6261382 1
5790784 7379363 1
5790784 8074077 1
