38639492 115722762 44452632 113261982 13770911 96354592 28312872 56967472 4912180 3719477 74315192 45530232 53567302 96410442 55132622 8074077 109419102 25288032 128884832 87499362 125126002 88615542 3465208 124530172
3719477 28312872 1
3719477 56967472 1
3719477 96410442 1
3719477 113261982 1
3719477 124530172 1
28312872 56967472 1
28312872 96410442 1
28312872 113261982 1
28312872 124530172 1
56967472 96410442 1
56967472 113261982 1
56967472 124530172 1
96410442 113261982 1
96410442 124530172 1
113261982 124530172 1
3719477 38639492 1
3719477 109419102 1
38639492 109419102 1
3719477 4912180 1
3719477 88615542 1
4912180 88615542 1
3719477 25288032 3
3719477 87499362 1
3719477 125126002 2
25288032 87499362 1
25288032 125126002 2
87499362 125126002 1
25288032 44452632 1
25288032 55132622 1
25288032 96354592 1
25288032 113261982 1
44452632 55132622 1
44452632 96354592 1
44452632 113261982 1
55132622 96354592 1
55132622 113261982 1
96354592 113261982 1
8074077 25288032 2
8074077 115722762 2
25288032 115722762 2
3465208 3719477 1
3465208 8074077 1
3465208 25288032 1
3465208 115722762 1
3719477 8074077 1
3719477 115722762 1
3719477 13770911 2
3719477 45530232 1
3719477 53567302 1
13770911 25288032 1
13770911 45530232 1
13770911 53567302 1
13770911 125126002 1
25288032 45530232 1
25288032 53567302 1
45530232 53567302 1
45530232 125126002 1
53567302 125126002 1
3719477 74315192 2
3719477 128884832 2
74315192 128884832 2
13770911 74315192 1
13770911 128884832 1
