9203074 7160835 30082052 8696325 8487939 14542089 27139722 2287116 10936845 14799501 8334479 10008976 8425745 29804302 28496652 28369172 7545237 9405330 12573207 8497272 22917021 3107229 19177631 30002332 18124321 32374562 12730918 14472999 4941352 10971689 1991724 30408242 3719477 10604987 10544060 12392257 13486530 13160646 5150407 12622023 34186182 13988042 8829260 30729932 31947472 12666836 12852566 11860566 30150872 14397785 24805082 2034142 34882782 5731468 10361831 21246311 13233770 14168427 13429356 9696237 30648432 14664176 11153651 8246516 27536502 423288 34454012
2287116 10008976 3
2287116 10361831 2
2287116 10604987 4
2287116 10936845 9
2287116 13486530 5
2287116 14472999 1
2287116 24805082 1
2287116 27139722 1
10008976 10361831 1
10008976 10604987 2
10008976 10936845 3
10008976 13486530 2
10008976 14472999 1
10008976 24805082 1
10008976 27139722 1
10361831 10604987 1
10361831 10936845 2
10361831 13486530 1
10361831 14472999 1
10361831 24805082 1
10361831 27139722 1
10604987 10936845 3
10604987 13486530 2
10604987 14472999 1
10604987 24805082 1
10604987 27139722 1
10936845 13486530 4
10936845 14472999 1
10936845 24805082 1
10936845 27139722 1
13486530 14472999 1
13486530 24805082 1
13486530 27139722 1
14472999 24805082 1
14472999 27139722 1
24805082 27139722 1
2034142 2287116 2
2034142 4941352 2
2034142 5150407 1
2034142 9203074 2
2034142 10936845 2
2034142 10971689 2
2034142 12392257 1
2034142 12622023 2
2034142 13233770 2
2034142 14168427 1
2034142 21246311 2
2034142 30082052 2
2287116 4941352 2
2287116 5150407 1
2287116 9203074 2
2287116 10971689 6
2287116 12392257 1
2287116 12622023 4
2287116 13233770 2
2287116 14168427 2
2287116 21246311 3
2287116 30082052 2
4941352 5150407 1
4941352 9203074 2
4941352 10936845 2
4941352 10971689 2
4941352 12392257 1
4941352 12622023 2
4941352 13233770 2
4941352 14168427 1
4941352 21246311 2
4941352 30082052 2
5150407 9203074 1
5150407 10936845 1
5150407 10971689 1
5150407 12392257 1
5150407 12622023 1
5150407 13233770 1
5150407 14168427 1
5150407 21246311 1
5150407 30082052 1
9203074 10936845 2
9203074 10971689 2
9203074 12392257 1
9203074 12622023 2
9203074 13233770 2
9203074 14168427 1
9203074 21246311 2
9203074 30082052 2
10936845 10971689 6
10936845 12392257 1
10936845 12622023 4
10936845 13233770 2
10936845 14168427 2
10936845 21246311 3
10936845 30082052 2
10971689 12392257 1
10971689 12622023 3
10971689 13233770 2
10971689 14168427 2
10971689 21246311 2
10971689 30082052 2
12392257 12622023 1
12392257 13233770 1
12392257 14168427 1
12392257 21246311 1
12392257 30082052 1
12622023 13233770 2
12622023 14168427 1
12622023 21246311 2
12622023 30082052 2
13233770 14168427 1
13233770 21246311 2
13233770 30082052 2
14168427 21246311 1
14168427 30082052 1
21246311 30082052 2
423288 2034142 1
423288 2287116 1
423288 4941352 1
423288 8246516 1
423288 8334479 1
423288 8497272 1
423288 8829260 1
423288 9203074 1
423288 10361831 1
423288 10936845 1
423288 10971689 1
423288 12622023 1
423288 12852566 1
423288 13160646 1
423288 13233770 1
423288 13988042 1
423288 14397785 1
423288 14542089 1
423288 18124321 1
423288 19177631 1
423288 21246311 1
423288 22917021 1
423288 28369172 1
423288 30082052 1
423288 30648432 1
423288 30729932 1
2034142 8246516 1
2034142 8334479 1
2034142 8497272 1
2034142 8829260 1
2034142 10361831 1
2034142 12852566 1
2034142 13160646 1
2034142 13988042 1
2034142 14397785 1
2034142 14542089 1
2034142 18124321 1
2034142 19177631 1
2034142 22917021 1
2034142 28369172 1
2034142 30648432 1
2034142 30729932 1
2287116 8246516 1
2287116 8334479 1
2287116 8497272 2
2287116 8829260 1
2287116 12852566 3
2287116 13160646 1
2287116 13988042 3
2287116 14397785 2
2287116 14542089 1
2287116 18124321 1
2287116 19177631 3
2287116 22917021 1
2287116 28369172 2
2287116 30648432 2
2287116 30729932 1
4941352 8246516 1
4941352 8334479 1
4941352 8497272 1
4941352 8829260 1
4941352 10361831 1
4941352 12852566 1
4941352 13160646 1
4941352 13988042 1
4941352 14397785 1
4941352 14542089 1
4941352 18124321 1
4941352 19177631 1
4941352 22917021 1
4941352 28369172 1
4941352 30648432 1
4941352 30729932 1
8246516 8334479 1
8246516 8497272 1
8246516 8829260 1
8246516 9203074 1
8246516 10361831 1
8246516 10936845 1
8246516 10971689 1
8246516 12622023 1
8246516 12852566 1
8246516 13160646 1
8246516 13233770 1
8246516 13988042 1
8246516 14397785 1
8246516 14542089 1
8246516 18124321 1
8246516 19177631 1
8246516 21246311 1
8246516 22917021 1
8246516 28369172 1
8246516 30082052 1
8246516 30648432 1
8246516 30729932 1
8334479 8497272 1
8334479 8829260 1
8334479 9203074 1
8334479 10361831 1
8334479 10936845 1
8334479 10971689 1
8334479 12622023 1
8334479 12852566 1
8334479 13160646 1
8334479 13233770 1
8334479 13988042 1
8334479 14397785 1
8334479 14542089 1
8334479 18124321 1
8334479 19177631 1
8334479 21246311 1
8334479 22917021 1
8334479 28369172 1
8334479 30082052 1
8334479 30648432 1
8334479 30729932 1
8497272 8829260 1
8497272 9203074 1
8497272 10361831 1
8497272 10936845 2
8497272 10971689 2
8497272 12622023 2
8497272 12852566 1
8497272 13160646 1
8497272 13233770 1
8497272 13988042 1
8497272 14397785 2
8497272 14542089 1
8497272 18124321 1
8497272 19177631 1
8497272 21246311 1
8497272 22917021 1
8497272 28369172 1
8497272 30082052 1
8497272 30648432 2
8497272 30729932 1
8829260 9203074 1
8829260 10361831 1
8829260 10936845 1
8829260 10971689 1
8829260 12622023 1
8829260 12852566 1
8829260 13160646 1
8829260 13233770 1
8829260 13988042 1
8829260 14397785 1
8829260 14542089 1
8829260 18124321 1
8829260 19177631 1
8829260 21246311 1
8829260 22917021 1
8829260 28369172 1
8829260 30082052 1
8829260 30648432 1
8829260 30729932 1
9203074 10361831 1
9203074 12852566 1
9203074 13160646 1
9203074 13988042 1
9203074 14397785 1
9203074 14542089 1
9203074 18124321 1
9203074 19177631 1
9203074 22917021 1
9203074 28369172 1
9203074 30648432 1
9203074 30729932 1
10361831 10971689 1
10361831 12622023 1
10361831 12852566 1
10361831 13160646 1
10361831 13233770 1
10361831 13988042 1
10361831 14397785 1
10361831 14542089 1
10361831 18124321 1
10361831 19177631 1
10361831 21246311 1
10361831 22917021 1
10361831 28369172 1
10361831 30082052 1
10361831 30648432 1
10361831 30729932 1
10936845 12852566 3
10936845 13160646 1
10936845 13988042 3
10936845 14397785 2
10936845 14542089 1
10936845 18124321 1
10936845 19177631 3
10936845 22917021 1
10936845 28369172 2
10936845 30648432 2
10936845 30729932 1
10971689 12852566 2
10971689 13160646 1
10971689 13988042 2
10971689 14397785 2
10971689 14542089 1
10971689 18124321 1
10971689 19177631 3
10971689 22917021 1
10971689 28369172 1
10971689 30648432 2
10971689 30729932 1
12622023 12852566 2
12622023 13160646 1
12622023 13988042 2
12622023 14397785 2
12622023 14542089 1
12622023 18124321 1
12622023 19177631 1
12622023 22917021 1
12622023 28369172 2
12622023 30648432 2
12622023 30729932 1
12852566 13160646 1
12852566 13233770 1
12852566 13988042 3
12852566 14397785 1
12852566 14542089 1
12852566 18124321 1
12852566 19177631 2
12852566 21246311 1
12852566 22917021 1
12852566 28369172 2
12852566 30082052 1
12852566 30648432 1
12852566 30729932 1
13160646 13233770 1
13160646 13988042 1
13160646 14397785 1
13160646 14542089 1
13160646 18124321 1
13160646 19177631 1
13160646 21246311 1
13160646 22917021 1
13160646 28369172 1
13160646 30082052 1
13160646 30648432 1
13160646 30729932 1
13233770 13988042 1
13233770 14397785 1
13233770 14542089 1
13233770 18124321 1
13233770 19177631 1
13233770 22917021 1
13233770 28369172 1
13233770 30648432 1
13233770 30729932 1
13988042 14397785 1
13988042 14542089 1
13988042 18124321 1
13988042 19177631 2
13988042 21246311 1
13988042 22917021 1
13988042 28369172 2
13988042 30082052 1
13988042 30648432 1
13988042 30729932 1
14397785 14542089 1
14397785 18124321 1
14397785 19177631 1
14397785 21246311 1
14397785 22917021 1
14397785 28369172 1
14397785 30082052 1
14397785 30648432 2
14397785 30729932 1
14542089 18124321 1
14542089 19177631 1
14542089 21246311 1
14542089 22917021 1
14542089 28369172 1
14542089 30082052 1
14542089 30648432 1
14542089 30729932 1
18124321 19177631 1
18124321 21246311 1
18124321 22917021 1
18124321 28369172 1
18124321 30082052 1
18124321 30648432 1
18124321 30729932 1
19177631 21246311 1
19177631 22917021 1
19177631 28369172 1
19177631 30082052 1
19177631 30648432 1
19177631 30729932 1
21246311 22917021 1
21246311 28369172 1
21246311 30648432 1
21246311 30729932 1
22917021 28369172 1
22917021 30082052 1
22917021 30648432 1
22917021 30729932 1
28369172 30082052 1
28369172 30648432 1
28369172 30729932 1
30082052 30648432 1
30082052 30729932 1
30648432 30729932 1
2287116 11860566 1
2287116 12573207 3
8497272 11860566 1
8497272 12573207 1
10936845 11860566 1
10936845 12573207 3
10971689 11860566 1
10971689 12573207 2
11860566 12573207 1
11860566 12622023 1
11860566 14397785 1
11860566 30648432 1
12573207 12622023 1
12573207 14397785 1
12573207 30648432 1
2287116 7545237 3
2287116 8425745 1
2287116 10544060 1
2287116 14799501 1
2287116 30150872 1
2287116 31947472 1
7545237 8425745 1
7545237 10544060 1
7545237 10936845 3
7545237 10971689 2
7545237 12573207 1
7545237 13486530 3
7545237 14168427 1
7545237 14799501 1
7545237 19177631 2
7545237 30150872 1
7545237 31947472 1
8425745 10544060 1
8425745 10936845 1
8425745 10971689 1
8425745 12573207 1
8425745 13486530 1
8425745 14168427 1
8425745 14799501 1
8425745 19177631 1
8425745 30150872 1
8425745 31947472 1
10544060 10936845 1
10544060 10971689 1
10544060 12573207 1
10544060 13486530 1
10544060 14168427 1
10544060 14799501 1
10544060 19177631 1
10544060 30150872 1
10544060 31947472 1
10936845 14799501 1
10936845 30150872 1
10936845 31947472 1
10971689 13486530 2
10971689 14799501 1
10971689 30150872 1
10971689 31947472 1
12573207 13486530 1
12573207 14168427 1
12573207 14799501 1
12573207 19177631 1
12573207 30150872 1
12573207 31947472 1
13486530 14168427 1
13486530 14799501 1
13486530 19177631 2
13486530 30150872 1
13486530 31947472 1
14168427 14799501 1
14168427 19177631 1
14168427 30150872 1
14168427 31947472 1
14799501 19177631 1
14799501 30150872 1
14799501 31947472 1
19177631 30150872 1
19177631 31947472 1
30150872 31947472 1
1991724 2287116 1
1991724 3719477 1
1991724 7545237 1
1991724 8696325 1
1991724 9696237 1
1991724 10008976 1
1991724 10936845 1
1991724 12622023 1
1991724 12730918 1
1991724 12852566 1
1991724 13429356 1
1991724 13486530 1
1991724 13988042 1
1991724 28369172 1
1991724 29804302 1
2287116 3719477 2
2287116 8696325 1
2287116 9696237 2
2287116 12730918 1
2287116 13429356 2
2287116 29804302 1
3719477 7545237 2
3719477 8696325 1
3719477 9696237 1
3719477 10008976 1
3719477 10936845 2
3719477 12622023 1
3719477 12730918 1
3719477 12852566 2
3719477 13429356 2
3719477 13486530 2
3719477 13988042 2
3719477 28369172 1
3719477 29804302 1
7545237 8696325 1
7545237 9696237 1
7545237 10008976 1
7545237 12622023 1
7545237 12730918 1
7545237 12852566 2
7545237 13429356 2
7545237 13988042 2
7545237 28369172 1
7545237 29804302 1
8696325 9696237 1
8696325 10008976 1
8696325 10936845 1
8696325 12622023 1
8696325 12730918 1
8696325 12852566 1
8696325 13429356 1
8696325 13486530 1
8696325 13988042 1
8696325 28369172 1
8696325 29804302 1
9696237 10008976 2
9696237 10936845 2
9696237 12622023 1
9696237 12730918 1
9696237 12852566 1
9696237 13429356 1
9696237 13486530 1
9696237 13988042 1
9696237 28369172 1
9696237 29804302 1
10008976 12622023 1
10008976 12730918 1
10008976 12852566 1
10008976 13429356 1
10008976 13988042 1
10008976 28369172 1
10008976 29804302 1
10936845 12730918 1
10936845 13429356 2
10936845 29804302 1
12622023 12730918 1
12622023 13429356 1
12622023 13486530 1
12622023 29804302 1
12730918 12852566 1
12730918 13429356 1
12730918 13486530 1
12730918 13988042 1
12730918 28369172 1
12730918 29804302 1
12852566 13429356 2
12852566 13486530 2
12852566 29804302 1
13429356 13486530 2
13429356 13988042 2
13429356 28369172 1
13429356 29804302 1
13486530 13988042 2
13486530 28369172 1
13486530 29804302 1
13988042 29804302 1
28369172 29804302 1
2287116 7160835 1
2287116 14664176 1
2287116 27536502 1
2287116 28496652 1
2287116 30408242 1
3719477 7160835 1
3719477 10971689 1
3719477 14664176 1
3719477 19177631 1
3719477 27536502 1
3719477 28496652 1
3719477 30408242 1
7160835 7545237 1
7160835 10936845 1
7160835 10971689 1
7160835 12852566 1
7160835 13429356 1
7160835 13486530 1
7160835 13988042 1
7160835 14664176 1
7160835 19177631 1
7160835 27536502 1
7160835 28496652 1
7160835 30408242 1
7545237 14664176 1
7545237 27536502 1
7545237 28496652 1
7545237 30408242 1
10936845 14664176 1
10936845 27536502 1
10936845 28496652 1
10936845 30408242 1
10971689 13429356 1
10971689 14664176 1
10971689 27536502 1
10971689 28496652 1
10971689 30408242 1
12852566 14664176 1
12852566 27536502 1
12852566 28496652 1
12852566 30408242 1
13429356 14664176 1
13429356 19177631 1
13429356 27536502 1
13429356 28496652 1
13429356 30408242 1
13486530 14664176 1
13486530 27536502 1
13486530 28496652 1
13486530 30408242 1
13988042 14664176 1
13988042 27536502 1
13988042 28496652 1
13988042 30408242 1
14664176 19177631 1
14664176 27536502 1
14664176 28496652 1
14664176 30408242 1
19177631 27536502 1
19177631 28496652 1
19177631 30408242 1
27536502 28496652 1
27536502 30408242 1
28496652 30408242 1
2287116 5731468 1
2287116 11153651 2
2287116 32374562 1
5731468 10604987 1
5731468 10936845 1
5731468 10971689 1
5731468 11153651 1
5731468 32374562 1
10604987 10971689 1
10604987 11153651 2
10604987 32374562 1
10936845 11153651 2
10936845 32374562 1
10971689 11153651 1
10971689 32374562 1
11153651 32374562 1
2287116 3107229 1
2287116 8487939 1
2287116 9405330 1
2287116 12666836 1
2287116 30002332 1
2287116 34186182 1
2287116 34454012 1
2287116 34882782 1
3107229 8487939 1
3107229 9405330 1
3107229 9696237 1
3107229 10008976 1
3107229 10604987 1
3107229 10936845 1
3107229 11153651 1
3107229 12573207 1
3107229 12666836 1
3107229 21246311 1
3107229 30002332 1
3107229 34186182 1
3107229 34454012 1
3107229 34882782 1
8487939 9405330 1
8487939 9696237 1
8487939 10008976 1
8487939 10604987 1
8487939 10936845 1
8487939 11153651 1
8487939 12573207 1
8487939 12666836 1
8487939 21246311 1
8487939 30002332 1
8487939 34186182 1
8487939 34454012 1
8487939 34882782 1
9405330 9696237 1
9405330 10008976 1
9405330 10604987 1
9405330 10936845 1
9405330 11153651 1
9405330 12573207 1
9405330 12666836 1
9405330 21246311 1
9405330 30002332 1
9405330 34186182 1
9405330 34454012 1
9405330 34882782 1
9696237 10604987 1
9696237 11153651 1
9696237 12573207 1
9696237 12666836 1
9696237 21246311 1
9696237 30002332 1
9696237 34186182 1
9696237 34454012 1
9696237 34882782 1
10008976 11153651 1
10008976 12573207 1
10008976 12666836 1
10008976 21246311 1
10008976 30002332 1
10008976 34186182 1
10008976 34454012 1
10008976 34882782 1
10604987 12573207 1
10604987 12666836 1
10604987 21246311 1
10604987 30002332 1
10604987 34186182 1
10604987 34454012 1
10604987 34882782 1
10936845 12666836 1
10936845 30002332 1
10936845 34186182 1
10936845 34454012 1
10936845 34882782 1
11153651 12573207 1
11153651 12666836 1
11153651 21246311 1
11153651 30002332 1
11153651 34186182 1
11153651 34454012 1
11153651 34882782 1
12573207 12666836 1
12573207 21246311 1
12573207 30002332 1
12573207 34186182 1
12573207 34454012 1
12573207 34882782 1
12666836 21246311 1
12666836 30002332 1
12666836 34186182 1
12666836 34454012 1
12666836 34882782 1
21246311 30002332 1
21246311 34186182 1
21246311 34454012 1
21246311 34882782 1
30002332 34186182 1
30002332 34454012 1
30002332 34882782 1
34186182 34454012 1
34186182 34882782 1
34454012 34882782 1
