66998032 31209362 182978840 82125592 78486302 185274144 83080482 186013474 7379363 185640358 111576622 169789752 78709442 114358222 73615182 4397776 129528532 133414742 122799062 177395032 9567325 12019933 140886752 69310562 87414882 174167662 170802032 149426932 94751092 123450102 5516028 51764862
69310562 82125592 1
69310562 83080482 1
69310562 114358222 1
82125592 83080482 4
82125592 114358222 4
83080482 114358222 5
4397776 66998032 1
4397776 78709442 1
4397776 123450102 1
4397776 133414742 1
4397776 140886752 1
4397776 185274144 1
4397776 186013474 1
66998032 78709442 1
66998032 123450102 1
66998032 133414742 1
66998032 140886752 1
66998032 185274144 1
66998032 186013474 1
78709442 123450102 3
78709442 133414742 2
78709442 140886752 3
78709442 185274144 1
78709442 186013474 1
123450102 133414742 2
123450102 140886752 3
123450102 185274144 1
123450102 186013474 1
133414742 140886752 2
133414742 185274144 1
133414742 186013474 1
140886752 185274144 1
140886752 186013474 1
185274144 186013474 1
7379363 9567325 1
7379363 73615182 1
7379363 149426932 1
9567325 73615182 1
9567325 149426932 1
73615182 149426932 2
82125592 170802032 1
82125592 185640358 1
83080482 170802032 1
83080482 185640358 1
114358222 170802032 1
114358222 185640358 1
170802032 185640358 1
82125592 149426932 2
82125592 182978840 1
83080482 149426932 3
83080482 182978840 1
114358222 149426932 3
114358222 182978840 1
149426932 182978840 1
5516028 12019933 1
5516028 111576622 1
12019933 111576622 1
73615182 83080482 1
73615182 114358222 1
73615182 169789752 1
83080482 169789752 1
114358222 169789752 1
149426932 169789752 1
31209362 78486302 1
31209362 78709442 1
31209362 94751092 1
31209362 123450102 1
31209362 129528532 1
31209362 140886752 1
31209362 149426932 1
31209362 174167662 1
31209362 177395032 1
78486302 78709442 1
78486302 94751092 1
78486302 123450102 1
78486302 129528532 1
78486302 140886752 1
78486302 149426932 1
78486302 174167662 1
78486302 177395032 1
78709442 94751092 1
78709442 129528532 1
78709442 149426932 1
78709442 174167662 1
78709442 177395032 1
94751092 123450102 1
94751092 129528532 1
94751092 140886752 1
94751092 149426932 1
94751092 174167662 1
94751092 177395032 1
123450102 129528532 1
123450102 149426932 1
123450102 174167662 1
123450102 177395032 1
129528532 140886752 1
129528532 149426932 1
129528532 174167662 1
129528532 177395032 1
140886752 149426932 1
140886752 174167662 1
140886752 177395032 1
149426932 174167662 1
149426932 177395032 1
174167662 177395032 1
51764862 82125592 1
51764862 83080482 1
51764862 87414882 1
51764862 114358222 1
51764862 122799062 1
51764862 149426932 1
82125592 87414882 1
82125592 122799062 1
83080482 87414882 1
83080482 122799062 1
87414882 114358222 1
87414882 122799062 1
87414882 149426932 1
114358222 122799062 1
122799062 149426932 1
