11778660 109335782 46338182 3858507 34285582 43122992 182551505 76200242 177734482 7710868 1828022 141751582 176900412 2972061 183982078 22592671
22592671 76200242 1
3858507 7710868 1
3858507 11778660 1
3858507 34285582 1
7710868 11778660 1
7710868 34285582 2
11778660 34285582 1
7710868 76200242 2
7710868 109335782 2
76200242 109335782 7
46338182 176900412 1
46338182 177734482 1
176900412 177734482 1
7710868 43122992 1
7710868 177734482 1
7710868 182551505 1
7710868 183982078 1
34285582 43122992 1
34285582 76200242 1
34285582 109335782 1
34285582 177734482 1
34285582 182551505 1
34285582 183982078 1
43122992 76200242 1
43122992 109335782 1
43122992 177734482 1
43122992 182551505 1
43122992 183982078 1
76200242 177734482 1
76200242 182551505 1
76200242 183982078 6
109335782 177734482 1
109335782 182551505 1
109335782 183982078 6
177734482 182551505 1
177734482 183982078 1
182551505 183982078 1
1828022 76200242 5
1828022 109335782 5
1828022 141751582 1
1828022 183982078 5
76200242 141751582 1
109335782 141751582 1
141751582 183982078 1
1828022 2972061 1
2972061 76200242 1
2972061 109335782 1
2972061 183982078 1
