13045761 188099077 5669899 94471692 186991118 105190932 50629142 15364631 186095135 140007972 50237482 134507582 185648704 28369482 151529052 13062750 25166942 96093292 12880493 187073656 14585470 13168769 109580932 183564951 120736412 14948511 9903780 170958502 91697332 54437562 50009802 92121292 10173645 184195282 187915479 6899421 10288886 90922232 5861116 186268435 109369112 96837402 94500132 137854252 14219567 156494652 65373502 60455742 186929487 123786582 75685212 2197341 148793712 183464308 72589692 132039552 185561476 14608262 7230346 100661132 34153872 141445522 7362467 3950512 11228592 11262409 182452706 161914852 185487846 124397542 182470118 16858601 87035882 51213802 112988142 11873775 28654062 65603062 10207226 21590011
5861116 10173645 5
5861116 10207226 4
5861116 11262409 6
5861116 13062750 4
5861116 13168769 4
5861116 14219567 2
5861116 16858601 1
5861116 21590011 2
5861116 28369482 2
5861116 50009802 1
5861116 54437562 4
5861116 65603062 2
5861116 72589692 3
5861116 75685212 1
5861116 90922232 6
5861116 94500132 4
5861116 96093292 4
5861116 100661132 3
5861116 109580932 1
5861116 140007972 2
5861116 184195282 3
5861116 186268435 2
5861116 186929487 2
5861116 187915479 2
10173645 10207226 3
10173645 11262409 5
10173645 13062750 4
10173645 13168769 4
10173645 14219567 2
10173645 16858601 1
10173645 21590011 2
10173645 28369482 2
10173645 50009802 1
10173645 54437562 4
10173645 65603062 2
10173645 72589692 3
10173645 75685212 1
10173645 90922232 5
10173645 94500132 4
10173645 96093292 4
10173645 100661132 3
10173645 109580932 1
10173645 140007972 2
10173645 184195282 3
10173645 186268435 2
10173645 186929487 2
10173645 187915479 2
10207226 11262409 7
10207226 13062750 5
10207226 13168769 2
10207226 14219567 1
10207226 16858601 1
10207226 21590011 1
10207226 28369482 3
10207226 50009802 2
10207226 54437562 3
10207226 65603062 3
10207226 72589692 3
10207226 75685212 1
10207226 90922232 6
10207226 94500132 2
10207226 96093292 4
10207226 100661132 2
10207226 109580932 3
10207226 140007972 3
10207226 184195282 3
10207226 186268435 2
10207226 186929487 1
10207226 187915479 3
11262409 13062750 7
11262409 13168769 4
11262409 14219567 2
11262409 16858601 1
11262409 21590011 2
11262409 28369482 3
11262409 50009802 2
11262409 54437562 4
11262409 65603062 5
11262409 72589692 4
11262409 75685212 2
11262409 90922232 9
11262409 94500132 4
11262409 96093292 5
11262409 100661132 4
11262409 109580932 4
11262409 140007972 5
11262409 184195282 4
11262409 186268435 2
11262409 186929487 2
11262409 187915479 3
13062750 13168769 4
13062750 14219567 2
13062750 16858601 1
13062750 21590011 2
13062750 28369482 2
13062750 50009802 2
13062750 54437562 3
13062750 65603062 4
13062750 72589692 3
13062750 75685212 1
13062750 90922232 6
13062750 94500132 3
13062750 96093292 4
13062750 100661132 3
13062750 109580932 3
13062750 140007972 4
13062750 184195282 3
13062750 186268435 1
13062750 186929487 2
13062750 187915479 2
13168769 14219567 2
13168769 16858601 1
13168769 21590011 2
13168769 28369482 1
13168769 50009802 1
13168769 54437562 3
13168769 65603062 2
13168769 72589692 2
13168769 75685212 1
13168769 90922232 4
13168769 94500132 3
13168769 96093292 3
13168769 100661132 3
13168769 109580932 1
13168769 140007972 2
13168769 184195282 2
13168769 186268435 1
13168769 186929487 2
13168769 187915479 1
14219567 16858601 1
14219567 21590011 2
14219567 28369482 1
14219567 50009802 1
14219567 54437562 2
14219567 65603062 2
14219567 72589692 2
14219567 75685212 1
14219567 90922232 2
14219567 94500132 2
14219567 96093292 1
14219567 100661132 1
14219567 109580932 1
14219567 140007972 2
14219567 184195282 1
14219567 186268435 1
14219567 186929487 1
14219567 187915479 1
16858601 21590011 1
16858601 28369482 1
16858601 50009802 1
16858601 54437562 1
16858601 65603062 1
16858601 72589692 1
16858601 75685212 1
16858601 90922232 1
16858601 94500132 1
16858601 96093292 1
16858601 100661132 1
16858601 109580932 1
16858601 140007972 1
16858601 184195282 1
16858601 186268435 1
16858601 186929487 1
16858601 187915479 1
21590011 28369482 1
21590011 50009802 1
21590011 54437562 2
21590011 65603062 2
21590011 72589692 2
21590011 75685212 1
21590011 90922232 2
21590011 94500132 2
21590011 96093292 1
21590011 100661132 1
21590011 109580932 1
21590011 140007972 2
21590011 184195282 1
21590011 186268435 1
21590011 186929487 1
21590011 187915479 1
28369482 50009802 1
28369482 54437562 2
28369482 65603062 2
28369482 72589692 2
28369482 75685212 1
28369482 90922232 3
28369482 94500132 2
28369482 96093292 3
28369482 100661132 1
28369482 109580932 2
28369482 140007972 2
28369482 184195282 2
28369482 186268435 2
28369482 186929487 1
28369482 187915479 2
50009802 54437562 1
50009802 65603062 1
50009802 72589692 1
50009802 75685212 1
50009802 90922232 2
50009802 94500132 1
50009802 96093292 1
50009802 100661132 1
50009802 109580932 1
50009802 140007972 1
50009802 184195282 1
50009802 186268435 1
50009802 186929487 1
50009802 187915479 2
54437562 65603062 2
54437562 72589692 3
54437562 75685212 1
54437562 90922232 4
54437562 94500132 3
54437562 96093292 3
54437562 100661132 2
54437562 109580932 1
54437562 140007972 2
54437562 184195282 2
54437562 186268435 2
54437562 186929487 1
54437562 187915479 2
65603062 72589692 3
65603062 75685212 2
65603062 90922232 4
65603062 94500132 2
65603062 96093292 2
65603062 100661132 2
65603062 109580932 4
65603062 140007972 5
65603062 184195282 2
65603062 186268435 1
65603062 186929487 1
65603062 187915479 1
72589692 75685212 1
72589692 90922232 3
72589692 94500132 3
72589692 96093292 2
72589692 100661132 1
72589692 109580932 2
72589692 140007972 3
72589692 184195282 3
72589692 186268435 2
72589692 186929487 1
72589692 187915479 2
75685212 90922232 2
75685212 94500132 1
75685212 96093292 1
75685212 100661132 2
75685212 109580932 2
75685212 140007972 2
75685212 184195282 1
75685212 186268435 1
75685212 186929487 1
75685212 187915479 1
90922232 94500132 4
90922232 96093292 5
90922232 100661132 4
90922232 109580932 3
90922232 140007972 4
90922232 184195282 3
90922232 186268435 2
90922232 186929487 2
90922232 187915479 3
94500132 96093292 3
94500132 100661132 2
94500132 109580932 1
94500132 140007972 2
94500132 184195282 3
94500132 186268435 2
94500132 186929487 2
94500132 187915479 2
96093292 100661132 3
96093292 109580932 2
96093292 140007972 2
96093292 184195282 3
96093292 186268435 2
96093292 186929487 2
96093292 187915479 2
100661132 109580932 2
100661132 140007972 2
100661132 184195282 2
100661132 186268435 1
100661132 186929487 2
100661132 187915479 1
109580932 140007972 4
109580932 184195282 2
109580932 186268435 1
109580932 186929487 1
109580932 187915479 1
140007972 184195282 2
140007972 186268435 1
140007972 186929487 1
140007972 187915479 1
184195282 186268435 2
184195282 186929487 2
184195282 187915479 2
186268435 186929487 1
186268435 187915479 2
186929487 187915479 1
6899421 10207226 2
6899421 11262409 4
6899421 13062750 2
6899421 50009802 1
6899421 87035882 1
6899421 90922232 4
6899421 91697332 2
6899421 134507582 1
6899421 170958502 3
6899421 183564951 2
6899421 185561476 3
6899421 186991118 4
6899421 187915479 1
10207226 87035882 1
10207226 91697332 2
10207226 134507582 1
10207226 170958502 2
10207226 183564951 1
10207226 185561476 2
10207226 186991118 5
11262409 87035882 2
11262409 91697332 2
11262409 134507582 1
11262409 170958502 4
11262409 183564951 2
11262409 185561476 3
11262409 186991118 8
13062750 87035882 2
13062750 91697332 1
13062750 134507582 1
13062750 170958502 2
13062750 183564951 1
13062750 185561476 1
13062750 186991118 5
50009802 87035882 1
50009802 91697332 1
50009802 134507582 1
50009802 170958502 1
50009802 183564951 1
50009802 185561476 1
50009802 186991118 1
87035882 90922232 2
87035882 91697332 1
87035882 134507582 1
87035882 170958502 2
87035882 183564951 1
87035882 185561476 1
87035882 186991118 2
87035882 187915479 1
90922232 91697332 2
90922232 134507582 1
90922232 170958502 4
90922232 183564951 2
90922232 185561476 3
90922232 186991118 7
91697332 134507582 1
91697332 170958502 2
91697332 183564951 1
91697332 185561476 2
91697332 186991118 2
91697332 187915479 1
134507582 170958502 1
134507582 183564951 1
134507582 185561476 1
134507582 186991118 1
134507582 187915479 1
170958502 183564951 2
170958502 185561476 3
170958502 186991118 4
170958502 187915479 1
183564951 185561476 2
183564951 186991118 2
183564951 187915479 1
185561476 186991118 3
185561476 187915479 1
186991118 187915479 2
10207226 25166942 3
10207226 123786582 2
10207226 161914852 1
11262409 25166942 4
11262409 123786582 4
11262409 161914852 1
13062750 25166942 4
13062750 123786582 3
13062750 161914852 1
25166942 28369482 1
25166942 65603062 3
25166942 90922232 3
25166942 96093292 2
25166942 109580932 2
25166942 123786582 3
25166942 140007972 3
25166942 161914852 1
28369482 123786582 1
28369482 161914852 1
65603062 123786582 4
65603062 161914852 1
90922232 123786582 3
90922232 161914852 1
96093292 123786582 1
96093292 161914852 1
109580932 123786582 3
109580932 161914852 1
123786582 140007972 4
123786582 161914852 1
140007972 161914852 1
2197341 5861116 1
2197341 6899421 1
2197341 10173645 1
2197341 10288886 1
2197341 11262409 1
2197341 13062750 1
2197341 13168769 1
2197341 14608262 1
2197341 65373502 1
2197341 90922232 1
2197341 94500132 1
2197341 96093292 1
2197341 100661132 1
2197341 109369112 1
2197341 141445522 1
2197341 148793712 1
2197341 183464308 1
2197341 184195282 1
2197341 186929487 1
2197341 186991118 1
5861116 6899421 2
5861116 10288886 1
5861116 14608262 1
5861116 65373502 1
5861116 109369112 1
5861116 141445522 3
5861116 148793712 2
5861116 183464308 1
5861116 186991118 5
6899421 10173645 1
6899421 10288886 1
6899421 13168769 1
6899421 14608262 2
6899421 65373502 1
6899421 94500132 1
6899421 96093292 1
6899421 100661132 2
6899421 109369112 1
6899421 141445522 2
6899421 148793712 3
6899421 183464308 1
6899421 184195282 1
6899421 186929487 1
10173645 10288886 1
10173645 14608262 1
10173645 65373502 1
10173645 109369112 1
10173645 141445522 2
10173645 148793712 1
10173645 183464308 1
10173645 186991118 4
10288886 11262409 2
10288886 13062750 2
10288886 13168769 1
10288886 14608262 2
10288886 65373502 1
10288886 90922232 1
10288886 94500132 1
10288886 96093292 1
10288886 100661132 1
10288886 109369112 1
10288886 141445522 1
10288886 148793712 2
10288886 183464308 1
10288886 184195282 2
10288886 186929487 1
10288886 186991118 2
11262409 14608262 3
11262409 65373502 1
11262409 109369112 1
11262409 141445522 3
11262409 148793712 4
11262409 183464308 1
13062750 14608262 2
13062750 65373502 1
13062750 109369112 1
13062750 141445522 2
13062750 148793712 2
13062750 183464308 1
13168769 14608262 1
13168769 65373502 1
13168769 109369112 1
13168769 141445522 2
13168769 148793712 1
13168769 183464308 1
13168769 186991118 3
14608262 65373502 1
14608262 90922232 2
14608262 94500132 1
14608262 96093292 1
14608262 100661132 2
14608262 109369112 1
14608262 141445522 1
14608262 148793712 3
14608262 183464308 1
14608262 184195282 2
14608262 186929487 1
14608262 186991118 3
65373502 90922232 1
65373502 94500132 1
65373502 96093292 1
65373502 100661132 1
65373502 109369112 1
65373502 141445522 1
65373502 148793712 1
65373502 183464308 1
65373502 184195282 1
65373502 186929487 1
65373502 186991118 1
90922232 109369112 1
90922232 141445522 3
90922232 148793712 3
90922232 183464308 1
94500132 109369112 1
94500132 141445522 1
94500132 148793712 1
94500132 183464308 1
94500132 186991118 3
96093292 109369112 1
96093292 141445522 2
96093292 148793712 1
96093292 183464308 1
96093292 186991118 3
100661132 109369112 1
100661132 141445522 2
100661132 148793712 2
100661132 183464308 1
100661132 186991118 3
109369112 141445522 1
109369112 148793712 1
109369112 183464308 1
109369112 184195282 1
109369112 186929487 1
109369112 186991118 1
141445522 148793712 2
141445522 183464308 1
141445522 184195282 1
141445522 186929487 1
141445522 186991118 3
148793712 183464308 1
148793712 184195282 2
148793712 186929487 1
148793712 186991118 4
183464308 184195282 1
183464308 186929487 1
183464308 186991118 1
184195282 186991118 3
186929487 186991118 1
3950512 5669899 1
3950512 5861116 1
3950512 10173645 1
3950512 10207226 1
3950512 11228592 1
3950512 11262409 1
3950512 28369482 1
3950512 54437562 1
3950512 72589692 1
3950512 90922232 1
3950512 94500132 1
3950512 96093292 1
3950512 156494652 1
3950512 184195282 1
3950512 185487846 1
3950512 186268435 1
3950512 186991118 1
3950512 187915479 1
5669899 5861116 1
5669899 10173645 1
5669899 10207226 1
5669899 11228592 1
5669899 11262409 1
5669899 28369482 1
5669899 54437562 1
5669899 72589692 1
5669899 90922232 1
5669899 94500132 1
5669899 96093292 1
5669899 156494652 1
5669899 184195282 1
5669899 185487846 1
5669899 186268435 1
5669899 186991118 1
5669899 187915479 1
5861116 11228592 1
5861116 156494652 1
5861116 185487846 1
10173645 11228592 1
10173645 156494652 1
10173645 185487846 1
10207226 11228592 1
10207226 156494652 1
10207226 185487846 1
11228592 11262409 1
11228592 28369482 1
11228592 54437562 1
11228592 72589692 1
11228592 90922232 1
11228592 94500132 1
11228592 96093292 1
11228592 156494652 1
11228592 184195282 1
11228592 185487846 1
11228592 186268435 1
11228592 186991118 1
11228592 187915479 1
11262409 156494652 1
11262409 185487846 1
28369482 156494652 1
28369482 185487846 1
28369482 186991118 1
54437562 156494652 1
54437562 185487846 1
54437562 186991118 3
72589692 156494652 1
72589692 185487846 1
72589692 186991118 3
90922232 156494652 1
90922232 185487846 1
94500132 156494652 1
94500132 185487846 1
96093292 156494652 1
96093292 185487846 1
156494652 184195282 1
156494652 185487846 1
156494652 186268435 1
156494652 186991118 1
156494652 187915479 1
184195282 185487846 1
185487846 186268435 1
185487846 186991118 1
185487846 187915479 1
186268435 186991118 1
5861116 9903780 2
5861116 50629142 1
5861116 51213802 3
5861116 91697332 1
5861116 94471692 1
5861116 96837402 1
5861116 112988142 1
5861116 137854252 1
5861116 151529052 1
5861116 170958502 2
5861116 185561476 1
5861116 186095135 2
5861116 188099077 2
6899421 9903780 1
6899421 50629142 1
6899421 51213802 2
6899421 94471692 1
6899421 96837402 1
6899421 112988142 1
6899421 137854252 1
6899421 151529052 1
6899421 186095135 2
6899421 188099077 1
9903780 10207226 1
9903780 11262409 2
9903780 50629142 1
9903780 51213802 2
9903780 90922232 2
9903780 91697332 1
9903780 94471692 1
9903780 96837402 1
9903780 112988142 1
9903780 137854252 1
9903780 141445522 1
9903780 148793712 1
9903780 151529052 1
9903780 170958502 2
9903780 185561476 1
9903780 186095135 2
9903780 186991118 2
9903780 188099077 2
10207226 50629142 1
10207226 51213802 3
10207226 94471692 1
10207226 96837402 1
10207226 112988142 1
10207226 137854252 1
10207226 141445522 2
10207226 148793712 2
10207226 151529052 2
10207226 186095135 1
10207226 188099077 1
11262409 50629142 1
11262409 51213802 5
11262409 94471692 1
11262409 96837402 1
11262409 112988142 1
11262409 137854252 1
11262409 151529052 2
11262409 186095135 3
11262409 188099077 2
50629142 51213802 1
50629142 90922232 1
50629142 91697332 1
50629142 94471692 1
50629142 96837402 1
50629142 112988142 1
50629142 137854252 1
50629142 141445522 1
50629142 148793712 1
50629142 151529052 1
50629142 170958502 1
50629142 185561476 1
50629142 186095135 1
50629142 186991118 1
50629142 188099077 1
51213802 90922232 4
51213802 91697332 1
51213802 94471692 1
51213802 96837402 1
51213802 112988142 1
51213802 137854252 1
51213802 141445522 2
51213802 148793712 3
51213802 151529052 2
51213802 170958502 3
51213802 185561476 2
51213802 186095135 3
51213802 186991118 5
51213802 188099077 2
90922232 94471692 1
90922232 96837402 1
90922232 112988142 1
90922232 137854252 1
90922232 151529052 1
90922232 186095135 3
90922232 188099077 2
91697332 94471692 1
91697332 96837402 1
91697332 112988142 1
91697332 137854252 1
91697332 141445522 1
91697332 148793712 1
91697332 151529052 1
91697332 186095135 1
91697332 188099077 1
94471692 96837402 1
94471692 112988142 1
94471692 137854252 1
94471692 141445522 1
94471692 148793712 1
94471692 151529052 1
94471692 170958502 1
94471692 185561476 1
94471692 186095135 1
94471692 186991118 1
94471692 188099077 1
96837402 112988142 1
96837402 137854252 1
96837402 141445522 1
96837402 148793712 1
96837402 151529052 1
96837402 170958502 1
96837402 185561476 1
96837402 186095135 1
96837402 186991118 1
96837402 188099077 1
112988142 137854252 1
112988142 141445522 1
112988142 148793712 1
112988142 151529052 1
112988142 170958502 1
112988142 185561476 1
112988142 186095135 1
112988142 186991118 1
112988142 188099077 1
137854252 141445522 1
137854252 148793712 1
137854252 151529052 1
137854252 170958502 1
137854252 185561476 1
137854252 186095135 1
137854252 186991118 1
137854252 188099077 1
141445522 151529052 1
141445522 170958502 1
141445522 185561476 1
141445522 186095135 1
141445522 188099077 1
148793712 151529052 2
148793712 170958502 2
148793712 185561476 2
148793712 186095135 2
148793712 188099077 1
151529052 170958502 1
151529052 185561476 1
151529052 186095135 1
151529052 186991118 2
151529052 188099077 1
170958502 186095135 3
170958502 188099077 2
185561476 186095135 2
185561476 188099077 1
186095135 186991118 3
186095135 188099077 2
186991118 188099077 2
5861116 13045761 2
5861116 25166942 2
10173645 13045761 2
10173645 25166942 2
10173645 51213802 2
10207226 13045761 2
11262409 13045761 3
13045761 13062750 3
13045761 13168769 2
13045761 25166942 3
13045761 51213802 3
13045761 54437562 2
13045761 90922232 2
13045761 96093292 1
13045761 100661132 1
13045761 141445522 1
13045761 186991118 3
13062750 51213802 3
13168769 25166942 2
13168769 51213802 2
25166942 51213802 3
25166942 54437562 2
25166942 100661132 1
25166942 141445522 1
25166942 186991118 3
51213802 54437562 2
51213802 96093292 1
51213802 100661132 2
54437562 141445522 1
5861116 12880493 1
5861116 34153872 1
5861116 50237482 1
5861116 60455742 1
5861116 87035882 1
5861116 123786582 1
5861116 124397542 1
5861116 182470118 1
9903780 10173645 1
9903780 12880493 1
9903780 13045761 1
9903780 13062750 1
9903780 13168769 1
9903780 14219567 1
9903780 21590011 1
9903780 25166942 1
9903780 34153872 1
9903780 50237482 1
9903780 54437562 1
9903780 60455742 1
9903780 65603062 1
9903780 72589692 1
9903780 87035882 1
9903780 94500132 1
9903780 123786582 1
9903780 124397542 1
9903780 140007972 1
9903780 182470118 1
10173645 12880493 1
10173645 34153872 1
10173645 50237482 1
10173645 60455742 1
10173645 87035882 1
10173645 123786582 1
10173645 124397542 1
10173645 170958502 1
10173645 182470118 1
10173645 186095135 1
10173645 188099077 1
11262409 12880493 1
11262409 34153872 1
11262409 50237482 1
11262409 60455742 1
11262409 124397542 1
11262409 182470118 2
12880493 13045761 1
12880493 13062750 1
12880493 13168769 1
12880493 14219567 1
12880493 21590011 1
12880493 25166942 1
12880493 34153872 1
12880493 50237482 1
12880493 51213802 1
12880493 54437562 1
12880493 60455742 1
12880493 65603062 1
12880493 72589692 1
12880493 87035882 1
12880493 90922232 1
12880493 94500132 1
12880493 123786582 1
12880493 124397542 1
12880493 140007972 1
12880493 170958502 1
12880493 182470118 1
12880493 186095135 1
12880493 186991118 1
12880493 188099077 1
13045761 14219567 1
13045761 21590011 1
13045761 34153872 1
13045761 50237482 1
13045761 60455742 1
13045761 65603062 2
13045761 72589692 2
13045761 87035882 1
13045761 94500132 1
13045761 123786582 2
13045761 124397542 1
13045761 140007972 2
13045761 170958502 1
13045761 182470118 1
13045761 186095135 1
13045761 188099077 1
13062750 34153872 1
13062750 50237482 1
13062750 60455742 1
13062750 124397542 1
13062750 182470118 1
13062750 186095135 1
13062750 188099077 1
13168769 34153872 1
13168769 50237482 1
13168769 60455742 1
13168769 87035882 1
13168769 123786582 1
13168769 124397542 1
13168769 170958502 1
13168769 182470118 1
13168769 186095135 1
13168769 188099077 1
14219567 25166942 1
14219567 34153872 1
14219567 50237482 1
14219567 51213802 1
14219567 60455742 1
14219567 87035882 1
14219567 123786582 1
14219567 124397542 1
14219567 170958502 1
14219567 182470118 1
14219567 186095135 1
14219567 186991118 1
14219567 188099077 1
21590011 25166942 1
21590011 34153872 1
21590011 50237482 1
21590011 51213802 1
21590011 60455742 1
21590011 87035882 1
21590011 123786582 1
21590011 124397542 1
21590011 170958502 1
21590011 182470118 1
21590011 186095135 1
21590011 186991118 1
21590011 188099077 1
25166942 34153872 1
25166942 50237482 1
25166942 60455742 1
25166942 72589692 2
25166942 87035882 1
25166942 94500132 1
25166942 124397542 1
25166942 170958502 1
25166942 182470118 1
25166942 186095135 1
25166942 188099077 1
34153872 50237482 1
34153872 51213802 1
34153872 54437562 1
34153872 60455742 1
34153872 65603062 1
34153872 72589692 1
34153872 87035882 1
34153872 90922232 1
34153872 94500132 1
34153872 123786582 1
34153872 124397542 1
34153872 140007972 1
34153872 170958502 1
34153872 182470118 1
34153872 186095135 1
34153872 186991118 1
34153872 188099077 1
50237482 51213802 1
50237482 54437562 1
50237482 60455742 1
50237482 65603062 1
50237482 72589692 1
50237482 87035882 1
50237482 90922232 1
50237482 94500132 1
50237482 123786582 1
50237482 124397542 1
50237482 140007972 1
50237482 170958502 1
50237482 182470118 1
50237482 186095135 1
50237482 186991118 1
50237482 188099077 1
51213802 60455742 1
51213802 65603062 3
51213802 72589692 2
51213802 87035882 1
51213802 94500132 1
51213802 123786582 3
51213802 124397542 1
51213802 140007972 3
51213802 182470118 2
54437562 60455742 1
54437562 87035882 1
54437562 123786582 1
54437562 124397542 1
54437562 170958502 1
54437562 182470118 1
54437562 186095135 1
54437562 188099077 1
60455742 65603062 1
60455742 72589692 1
60455742 87035882 1
60455742 90922232 1
60455742 94500132 1
60455742 123786582 1
60455742 124397542 1
60455742 140007972 1
60455742 170958502 1
60455742 182470118 1
60455742 186095135 1
60455742 186991118 1
60455742 188099077 1
65603062 87035882 1
65603062 124397542 1
65603062 170958502 2
65603062 182470118 2
65603062 186095135 2
65603062 186991118 3
65603062 188099077 1
72589692 87035882 1
72589692 123786582 2
72589692 124397542 1
72589692 170958502 1
72589692 182470118 1
72589692 186095135 1
72589692 188099077 1
87035882 94500132 1
87035882 123786582 1
87035882 124397542 1
87035882 140007972 1
87035882 182470118 1
87035882 186095135 1
87035882 188099077 1
90922232 124397542 1
90922232 182470118 2
94500132 123786582 1
94500132 124397542 1
94500132 170958502 1
94500132 182470118 1
94500132 186095135 1
94500132 188099077 1
123786582 124397542 1
123786582 170958502 2
123786582 182470118 2
123786582 186095135 2
123786582 186991118 3
123786582 188099077 1
124397542 140007972 1
124397542 170958502 1
124397542 182470118 1
124397542 186095135 1
124397542 186991118 1
124397542 188099077 1
140007972 170958502 2
140007972 182470118 2
140007972 186095135 2
140007972 186991118 3
140007972 188099077 1
170958502 182470118 2
182470118 186095135 2
182470118 186991118 2
182470118 188099077 1
10207226 10288886 1
10207226 11873775 1
10207226 14608262 1
10207226 92121292 1
10207226 105190932 1
10207226 187073656 1
10288886 11873775 1
10288886 13045761 1
10288886 25166942 1
10288886 51213802 1
10288886 65603062 1
10288886 72589692 1
10288886 92121292 1
10288886 105190932 1
10288886 109580932 1
10288886 123786582 1
10288886 140007972 1
10288886 151529052 1
10288886 187073656 1
11262409 11873775 2
11262409 92121292 1
11262409 105190932 2
11262409 187073656 2
11873775 13045761 1
11873775 13062750 1
11873775 14608262 2
11873775 25166942 1
11873775 51213802 2
11873775 65603062 2
11873775 72589692 1
11873775 92121292 1
11873775 105190932 2
11873775 109580932 2
11873775 123786582 2
11873775 140007972 2
11873775 148793712 2
11873775 151529052 1
11873775 184195282 1
11873775 186991118 2
11873775 187073656 2
13045761 14608262 1
13045761 92121292 1
13045761 105190932 1
13045761 109580932 1
13045761 148793712 1
13045761 151529052 1
13045761 184195282 1
13045761 187073656 1
13062750 92121292 1
13062750 105190932 1
13062750 151529052 1
13062750 187073656 1
14608262 25166942 1
14608262 51213802 2
14608262 65603062 2
14608262 72589692 1
14608262 92121292 1
14608262 105190932 2
14608262 109580932 2
14608262 123786582 2
14608262 140007972 2
14608262 151529052 1
14608262 187073656 2
25166942 92121292 1
25166942 105190932 1
25166942 148793712 1
25166942 151529052 1
25166942 184195282 1
25166942 187073656 1
51213802 92121292 1
51213802 105190932 2
51213802 109580932 2
51213802 184195282 1
51213802 187073656 2
65603062 92121292 1
65603062 105190932 2
65603062 148793712 2
65603062 151529052 1
65603062 187073656 2
72589692 92121292 1
72589692 105190932 1
72589692 148793712 1
72589692 151529052 1
72589692 187073656 1
92121292 105190932 1
92121292 109580932 1
92121292 123786582 1
92121292 140007972 1
92121292 148793712 1
92121292 151529052 1
92121292 184195282 1
92121292 186991118 1
92121292 187073656 1
105190932 109580932 2
105190932 123786582 2
105190932 140007972 2
105190932 148793712 2
105190932 151529052 1
105190932 184195282 1
105190932 186991118 2
105190932 187073656 2
109580932 148793712 2
109580932 151529052 1
109580932 186991118 2
109580932 187073656 2
123786582 148793712 2
123786582 151529052 1
123786582 184195282 1
123786582 187073656 2
140007972 148793712 2
140007972 151529052 1
140007972 187073656 2
148793712 187073656 2
151529052 184195282 1
151529052 187073656 1
184195282 187073656 1
186991118 187073656 2
6899421 7230346 1
6899421 7362467 1
6899421 11873775 1
6899421 14585470 1
6899421 14948511 1
6899421 15364631 1
6899421 28654062 1
6899421 65603062 1
6899421 75685212 1
6899421 105190932 1
6899421 109580932 1
6899421 120736412 1
6899421 123786582 1
6899421 132039552 1
6899421 140007972 1
6899421 182452706 1
6899421 182470118 1
6899421 185648704 1
6899421 187073656 1
7230346 7362467 1
7230346 11262409 1
7230346 11873775 1
7230346 14585470 1
7230346 14608262 1
7230346 14948511 1
7230346 15364631 1
7230346 28654062 1
7230346 51213802 1
7230346 65603062 1
7230346 75685212 1
7230346 90922232 1
7230346 100661132 1
7230346 105190932 1
7230346 109580932 1
7230346 120736412 1
7230346 123786582 1
7230346 132039552 1
7230346 140007972 1
7230346 148793712 1
7230346 170958502 1
7230346 182452706 1
7230346 182470118 1
7230346 183564951 1
7230346 185561476 1
7230346 185648704 1
7230346 186095135 1
7230346 186991118 1
7230346 187073656 1
7362467 11262409 1
7362467 11873775 1
7362467 14585470 1
7362467 14608262 1
7362467 14948511 1
7362467 15364631 1
7362467 28654062 1
7362467 51213802 1
7362467 65603062 1
7362467 75685212 1
7362467 90922232 1
7362467 100661132 1
7362467 105190932 1
7362467 109580932 1
7362467 120736412 1
7362467 123786582 1
7362467 132039552 1
7362467 140007972 1
7362467 148793712 1
7362467 170958502 1
7362467 182452706 1
7362467 182470118 1
7362467 183564951 1
7362467 185561476 1
7362467 185648704 1
7362467 186095135 1
7362467 186991118 1
7362467 187073656 1
11262409 14585470 1
11262409 14948511 1
11262409 15364631 1
11262409 28654062 1
11262409 120736412 1
11262409 132039552 1
11262409 182452706 1
11262409 185648704 1
11873775 14585470 1
11873775 14948511 1
11873775 15364631 1
11873775 28654062 1
11873775 75685212 1
11873775 90922232 1
11873775 100661132 1
11873775 120736412 1
11873775 132039552 1
11873775 170958502 1
11873775 182452706 1
11873775 182470118 1
11873775 183564951 1
11873775 185561476 1
11873775 185648704 1
11873775 186095135 1
14585470 14608262 1
14585470 14948511 1
14585470 15364631 1
14585470 28654062 1
14585470 51213802 1
14585470 65603062 1
14585470 75685212 1
14585470 90922232 1
14585470 100661132 1
14585470 105190932 1
14585470 109580932 1
14585470 120736412 1
14585470 123786582 1
14585470 132039552 1
14585470 140007972 1
14585470 148793712 1
14585470 170958502 1
14585470 182452706 1
14585470 182470118 1
14585470 183564951 1
14585470 185561476 1
14585470 185648704 1
14585470 186095135 1
14585470 186991118 1
14585470 187073656 1
14608262 14948511 1
14608262 15364631 1
14608262 28654062 1
14608262 75685212 1
14608262 120736412 1
14608262 132039552 1
14608262 170958502 1
14608262 182452706 1
14608262 182470118 1
14608262 183564951 1
14608262 185561476 1
14608262 185648704 1
14608262 186095135 1
14948511 15364631 1
14948511 28654062 1
14948511 51213802 1
14948511 65603062 1
14948511 75685212 1
14948511 90922232 1
14948511 100661132 1
14948511 105190932 1
14948511 109580932 1
14948511 120736412 1
14948511 123786582 1
14948511 132039552 1
14948511 140007972 1
14948511 148793712 1
14948511 170958502 1
14948511 182452706 1
14948511 182470118 1
14948511 183564951 1
14948511 185561476 1
14948511 185648704 1
14948511 186095135 1
14948511 186991118 1
14948511 187073656 1
15364631 28654062 1
15364631 51213802 1
15364631 65603062 1
15364631 75685212 1
15364631 90922232 1
15364631 100661132 1
15364631 105190932 1
15364631 109580932 1
15364631 120736412 1
15364631 123786582 1
15364631 132039552 1
15364631 140007972 1
15364631 148793712 1
15364631 170958502 1
15364631 182452706 1
15364631 182470118 1
15364631 183564951 1
15364631 185561476 1
15364631 185648704 1
15364631 186095135 1
15364631 186991118 1
15364631 187073656 1
28654062 51213802 1
28654062 65603062 1
28654062 75685212 1
28654062 90922232 1
28654062 100661132 1
28654062 105190932 1
28654062 109580932 1
28654062 120736412 1
28654062 123786582 1
28654062 132039552 1
28654062 140007972 1
28654062 148793712 1
28654062 170958502 1
28654062 182452706 1
28654062 182470118 1
28654062 183564951 1
28654062 185561476 1
28654062 185648704 1
28654062 186095135 1
28654062 186991118 1
28654062 187073656 1
51213802 75685212 1
51213802 120736412 1
51213802 132039552 1
51213802 182452706 1
51213802 183564951 1
51213802 185648704 1
65603062 120736412 1
65603062 132039552 1
65603062 182452706 1
65603062 183564951 1
65603062 185561476 1
65603062 185648704 1
75685212 105190932 1
75685212 120736412 1
75685212 123786582 1
75685212 132039552 1
75685212 148793712 1
75685212 170958502 1
75685212 182452706 1
75685212 182470118 1
75685212 183564951 1
75685212 185561476 1
75685212 185648704 1
75685212 186095135 1
75685212 186991118 1
75685212 187073656 1
90922232 105190932 1
90922232 120736412 1
90922232 132039552 1
90922232 182452706 1
90922232 185648704 1
90922232 187073656 1
100661132 105190932 1
100661132 120736412 1
100661132 123786582 1
100661132 132039552 1
100661132 170958502 1
100661132 182452706 1
100661132 182470118 1
100661132 183564951 1
100661132 185561476 1
100661132 185648704 1
100661132 186095135 1
100661132 187073656 1
105190932 120736412 1
105190932 132039552 1
105190932 170958502 1
105190932 182452706 1
105190932 182470118 1
105190932 183564951 1
105190932 185561476 1
105190932 185648704 1
105190932 186095135 1
109580932 120736412 1
109580932 132039552 1
109580932 170958502 1
109580932 182452706 1
109580932 182470118 1
109580932 183564951 1
109580932 185561476 1
109580932 185648704 1
109580932 186095135 1
120736412 123786582 1
120736412 132039552 1
120736412 140007972 1
120736412 148793712 1
120736412 170958502 1
120736412 182452706 1
120736412 182470118 1
120736412 183564951 1
120736412 185561476 1
120736412 185648704 1
120736412 186095135 1
120736412 186991118 1
120736412 187073656 1
123786582 132039552 1
123786582 182452706 1
123786582 183564951 1
123786582 185561476 1
123786582 185648704 1
132039552 140007972 1
132039552 148793712 1
132039552 170958502 1
132039552 182452706 1
132039552 182470118 1
132039552 183564951 1
132039552 185561476 1
132039552 185648704 1
132039552 186095135 1
132039552 186991118 1
132039552 187073656 1
140007972 182452706 1
140007972 183564951 1
140007972 185561476 1
140007972 185648704 1
148793712 182452706 1
148793712 182470118 1
148793712 183564951 1
148793712 185648704 1
170958502 182452706 1
170958502 185648704 1
170958502 187073656 1
182452706 182470118 1
182452706 183564951 1
182452706 185561476 1
182452706 185648704 1
182452706 186095135 1
182452706 186991118 1
182452706 187073656 1
182470118 183564951 1
182470118 185561476 1
182470118 185648704 1
182470118 187073656 1
183564951 185648704 1
183564951 186095135 1
183564951 187073656 1
185561476 185648704 1
185561476 187073656 1
185648704 186095135 1
185648704 186991118 1
185648704 187073656 1
186095135 187073656 1
