13045761 14608262 43185832 11262409 12269576 15481291 44143852 12880493 13388364 1679568 14082545 11228592 12141173 15364631 27245372 22252061 13062750 14948511
1679568 11228592 1
1679568 11262409 2
1679568 13062750 1
1679568 14082545 1
1679568 27245372 2
1679568 43185832 1
11228592 11262409 2
11228592 13062750 1
11228592 14082545 2
11228592 27245372 1
11228592 43185832 1
11262409 13062750 1
11262409 14082545 5
11262409 27245372 8
11262409 43185832 2
13062750 14082545 1
13062750 27245372 1
13062750 43185832 1
14082545 27245372 3
14082545 43185832 2
27245372 43185832 2
1679568 12141173 1
1679568 14608262 1
1679568 15364631 1
1679568 15481291 1
1679568 44143852 1
11262409 12141173 3
11262409 14608262 5
11262409 15364631 7
11262409 15481291 2
11262409 44143852 2
12141173 14608262 2
12141173 15364631 3
12141173 15481291 1
12141173 27245372 3
12141173 44143852 1
14608262 15364631 4
14608262 15481291 2
14608262 27245372 4
14608262 44143852 2
15364631 15481291 2
15364631 27245372 7
15364631 44143852 2
15481291 27245372 2
15481291 44143852 2
27245372 44143852 2
11262409 12880493 2
12880493 14082545 1
12880493 15364631 2
12880493 27245372 2
12880493 43185832 1
14082545 15364631 2
15364631 43185832 1
11228592 13388364 1
11262409 13388364 1
13388364 14082545 1
11262409 12269576 4
12269576 12880493 1
12269576 14608262 3
12269576 15364631 4
12269576 27245372 4
12880493 14608262 1
11262409 22252061 2
12141173 12269576 2
12141173 22252061 1
12269576 22252061 2
14608262 22252061 2
15364631 22252061 2
22252061 27245372 2
11262409 13045761 1
13045761 14082545 1
13045761 14608262 1
14082545 14608262 1
12269576 15481291 1
12269576 44143852 1
15481291 22252061 1
22252061 44143852 1
11262409 14948511 1
12141173 14948511 1
12269576 14948511 1
14948511 15364631 1
14948511 27245372 1
