13168769 2772741 12269576 11262409 5579112 5669899 9460492 12880493 11804683 11228592 14082545 11708723 3243388 4862202 12662684 13062750
11262409 11708723 3
11262409 12269576 8
11262409 12662684 6
11262409 12880493 9
11708723 12269576 2
11708723 12662684 2
11708723 12880493 3
12269576 12662684 4
12269576 12880493 7
12662684 12880493 5
5669899 11228592 1
5669899 11262409 1
5669899 12269576 1
5669899 12880493 1
5669899 14082545 1
11228592 11262409 1
11228592 12269576 1
11228592 12880493 1
11228592 14082545 1
11262409 14082545 4
12269576 14082545 3
12880493 14082545 4
5579112 11262409 1
5579112 11708723 1
5579112 12662684 1
5579112 12880493 1
5579112 13168769 1
5579112 14082545 1
11262409 13168769 1
11708723 13168769 1
11708723 14082545 2
12662684 13168769 1
12662684 14082545 1
12880493 13168769 1
13168769 14082545 1
11262409 13062750 1
11708723 13062750 1
12269576 13062750 1
12880493 13062750 1
13062750 14082545 1
3243388 9460492 1
3243388 11262409 5
3243388 12269576 4
3243388 12662684 3
3243388 12880493 4
9460492 11262409 1
9460492 12269576 1
9460492 12662684 1
9460492 12880493 1
2772741 3243388 2
2772741 11262409 2
2772741 11804683 2
2772741 12269576 2
2772741 12880493 2
3243388 11804683 2
11262409 11804683 2
11804683 12269576 2
11804683 12880493 2
2772741 14082545 1
3243388 14082545 1
11804683 14082545 1
3243388 4862202 1
4862202 11262409 1
4862202 12662684 1
4862202 12880493 1
