12559745 6792963 18693891 48514692 2762119 325003 331020 22720781 13101328 9256849 11503520 9772833 61067042 11724197 68210342 3349416 49605162 35950252 38918702 3856636 3794485 9477046 70398262 58744122 66718652 13382466 8309316 11280965 65886282 11804495 11751376 7407057 3344209 2551379 8571220 23852632 112223 11644127 9482721 40221922 12264812 10449517 11396973 13268847 13413745 47735922 6717687 71116792 59568892 7883389
112223 3349416 3
112223 7883389 1
112223 8309316 3
112223 8571220 4
112223 10449517 4
112223 11396973 1
112223 12264812 1
112223 13101328 1
112223 35950252 1
112223 47735922 4
112223 59568892 2
112223 61067042 3
3349416 7883389 1
3349416 8309316 2
3349416 8571220 3
3349416 10449517 6
3349416 11396973 2
3349416 12264812 1
3349416 13101328 1
3349416 35950252 1
3349416 47735922 5
3349416 59568892 2
3349416 61067042 2
7883389 8309316 1
7883389 8571220 1
7883389 10449517 1
7883389 11396973 1
7883389 12264812 1
7883389 13101328 1
7883389 35950252 1
7883389 47735922 1
7883389 59568892 1
7883389 61067042 1
8309316 8571220 3
8309316 10449517 3
8309316 11396973 1
8309316 12264812 1
8309316 13101328 1
8309316 35950252 1
8309316 47735922 3
8309316 59568892 1
8309316 61067042 2
8571220 10449517 4
8571220 11396973 1
8571220 12264812 1
8571220 13101328 1
8571220 35950252 1
8571220 47735922 4
8571220 59568892 2
8571220 61067042 3
10449517 11396973 3
10449517 12264812 1
10449517 13101328 1
10449517 35950252 1
10449517 47735922 9
10449517 59568892 2
10449517 61067042 3
11396973 12264812 1
11396973 13101328 1
11396973 35950252 1
11396973 47735922 2
11396973 59568892 1
11396973 61067042 1
12264812 13101328 1
12264812 35950252 1
12264812 47735922 1
12264812 59568892 1
12264812 61067042 1
13101328 35950252 1
13101328 47735922 1
13101328 59568892 1
13101328 61067042 1
35950252 47735922 1
35950252 59568892 1
35950252 61067042 1
47735922 59568892 2
47735922 61067042 3
59568892 61067042 2
325003 9256849 1
325003 9477046 1
325003 10449517 1
325003 47735922 1
325003 49605162 1
9256849 9477046 1
9256849 10449517 2
9256849 47735922 2
9256849 49605162 1
9477046 10449517 2
9477046 47735922 2
9477046 49605162 1
10449517 49605162 4
47735922 49605162 3
3349416 13268847 2
3349416 13413745 1
3349416 49605162 2
3349416 66718652 1
10449517 13268847 2
10449517 13413745 1
10449517 66718652 1
11396973 13268847 1
11396973 13413745 1
11396973 49605162 1
11396973 66718652 1
13268847 13413745 1
13268847 49605162 1
13268847 66718652 1
13413745 49605162 1
13413745 66718652 1
49605162 66718652 1
112223 3794485 1
112223 6792963 2
112223 7407057 2
112223 11503520 1
112223 12559745 1
112223 13382466 1
112223 23852632 2
112223 49605162 1
112223 65886282 1
3349416 3794485 1
3349416 6792963 2
3349416 7407057 1
3349416 11503520 1
3349416 12559745 2
3349416 13382466 1
3349416 23852632 2
3349416 65886282 1
3794485 6792963 1
3794485 7407057 1
3794485 8571220 1
3794485 10449517 2
3794485 11503520 1
3794485 12559745 1
3794485 13382466 1
3794485 23852632 1
3794485 47735922 2
3794485 49605162 1
3794485 59568892 1
3794485 61067042 1
3794485 65886282 1
6792963 7407057 2
6792963 8571220 2
6792963 10449517 3
6792963 11503520 1
6792963 12559745 1
6792963 13382466 1
6792963 23852632 1
6792963 47735922 3
6792963 49605162 1
6792963 59568892 1
6792963 61067042 2
6792963 65886282 1
7407057 8571220 2
7407057 10449517 2
7407057 11503520 1
7407057 12559745 1
7407057 13382466 1
7407057 23852632 1
7407057 47735922 2
7407057 49605162 1
7407057 59568892 1
7407057 61067042 2
7407057 65886282 1
8571220 11503520 1
8571220 12559745 1
8571220 13382466 1
8571220 23852632 2
8571220 49605162 1
8571220 65886282 1
10449517 11503520 1
10449517 12559745 2
10449517 13382466 1
10449517 23852632 2
10449517 65886282 1
11503520 12559745 1
11503520 13382466 1
11503520 23852632 1
11503520 47735922 1
11503520 49605162 1
11503520 59568892 1
11503520 61067042 1
11503520 65886282 1
12559745 13382466 1
12559745 23852632 1
12559745 47735922 2
12559745 49605162 1
12559745 59568892 1
12559745 61067042 1
12559745 65886282 1
13382466 23852632 1
13382466 47735922 1
13382466 49605162 1
13382466 59568892 1
13382466 61067042 1
13382466 65886282 1
23852632 47735922 2
23852632 49605162 1
23852632 59568892 1
23852632 61067042 1
23852632 65886282 1
47735922 65886282 1
49605162 59568892 1
49605162 61067042 1
49605162 65886282 1
59568892 65886282 1
61067042 65886282 1
3344209 3349416 1
3344209 10449517 1
3344209 12559745 1
3344209 47735922 1
3349416 9477046 1
3349416 22720781 1
3349416 40221922 2
3349416 68210342 1
6792963 9477046 1
6792963 13268847 1
6792963 22720781 1
6792963 40221922 2
6792963 68210342 1
9477046 13268847 1
9477046 22720781 1
9477046 40221922 1
9477046 68210342 1
10449517 22720781 3
10449517 40221922 4
10449517 68210342 1
13268847 22720781 1
13268847 40221922 1
13268847 47735922 1
13268847 68210342 1
22720781 40221922 2
22720781 47735922 3
22720781 68210342 1
40221922 47735922 4
40221922 68210342 1
47735922 68210342 1
112223 9482721 1
112223 11280965 1
112223 11644127 2
112223 40221922 2
112223 71116792 2
6792963 8309316 1
6792963 9482721 1
6792963 11280965 1
6792963 11644127 1
6792963 71116792 1
7407057 8309316 1
7407057 9482721 1
7407057 11280965 1
7407057 11644127 1
7407057 40221922 1
7407057 71116792 1
8309316 9482721 1
8309316 11280965 1
8309316 11644127 2
8309316 40221922 2
8309316 71116792 2
8571220 9482721 1
8571220 11280965 1
8571220 11644127 2
8571220 40221922 2
8571220 71116792 2
9482721 10449517 1
9482721 11280965 1
9482721 11644127 1
9482721 40221922 1
9482721 47735922 1
9482721 61067042 1
9482721 71116792 1
10449517 11280965 1
10449517 11644127 2
10449517 71116792 2
11280965 11644127 1
11280965 40221922 1
11280965 47735922 1
11280965 61067042 1
11280965 71116792 1
11644127 40221922 2
11644127 47735922 2
11644127 61067042 1
11644127 71116792 2
40221922 61067042 1
40221922 71116792 2
47735922 71116792 2
61067042 71116792 1
3794485 6717687 1
3794485 9256849 1
3794485 11396973 1
3794485 11724197 1
3794485 11751376 1
3794485 22720781 1
3794485 70398262 1
6717687 9256849 1
6717687 10449517 2
6717687 11396973 1
6717687 11724197 1
6717687 11751376 1
6717687 22720781 1
6717687 47735922 2
6717687 70398262 1
9256849 11396973 1
9256849 11724197 1
9256849 11751376 1
9256849 22720781 1
9256849 70398262 1
10449517 11724197 1
10449517 11751376 1
10449517 70398262 1
11396973 11724197 1
11396973 11751376 1
11396973 22720781 1
11396973 70398262 1
11724197 11751376 1
11724197 22720781 1
11724197 47735922 1
11724197 70398262 1
11751376 22720781 1
11751376 47735922 1
11751376 70398262 1
22720781 70398262 1
47735922 70398262 1
112223 2762119 1
112223 3856636 1
112223 6717687 1
112223 9772833 1
112223 11804495 1
112223 18693891 1
112223 48514692 1
2762119 3349416 1
2762119 3856636 1
2762119 6717687 1
2762119 8309316 1
2762119 8571220 1
2762119 9772833 1
2762119 10449517 1
2762119 11644127 1
2762119 11804495 1
2762119 18693891 1
2762119 23852632 1
2762119 40221922 1
2762119 47735922 1
2762119 48514692 1
2762119 71116792 1
3349416 3856636 1
3349416 6717687 1
3349416 9772833 1
3349416 11644127 1
3349416 11804495 1
3349416 18693891 1
3349416 48514692 1
3349416 71116792 1
3856636 6717687 1
3856636 8309316 1
3856636 8571220 1
3856636 9772833 2
3856636 10449517 2
3856636 11644127 1
3856636 11804495 1
3856636 18693891 1
3856636 23852632 1
3856636 40221922 2
3856636 47735922 2
3856636 48514692 1
3856636 71116792 1
6717687 8309316 1
6717687 8571220 1
6717687 9772833 1
6717687 11644127 1
6717687 11804495 1
6717687 18693891 1
6717687 23852632 1
6717687 40221922 1
6717687 48514692 1
6717687 71116792 1
8309316 9772833 1
8309316 11804495 1
8309316 18693891 1
8309316 23852632 1
8309316 48514692 1
8571220 9772833 1
8571220 11804495 1
8571220 18693891 1
8571220 48514692 1
9772833 10449517 2
9772833 11644127 1
9772833 11804495 1
9772833 18693891 1
9772833 23852632 1
9772833 40221922 2
9772833 47735922 2
9772833 48514692 1
9772833 71116792 1
10449517 11804495 1
10449517 18693891 1
10449517 48514692 1
11644127 11804495 1
11644127 18693891 1
11644127 23852632 1
11644127 48514692 1
11804495 18693891 1
11804495 23852632 1
11804495 40221922 1
11804495 47735922 1
11804495 48514692 1
11804495 71116792 1
18693891 23852632 1
18693891 40221922 1
18693891 47735922 1
18693891 48514692 1
18693891 71116792 1
23852632 40221922 1
23852632 48514692 1
23852632 71116792 1
40221922 48514692 1
47735922 48514692 1
48514692 71116792 1
331020 2551379 1
331020 3856636 1
331020 9772833 1
331020 10449517 1
331020 22720781 1
331020 38918702 1
331020 40221922 1
331020 47735922 1
331020 49605162 1
331020 58744122 1
2551379 3856636 1
2551379 9772833 1
2551379 10449517 1
2551379 22720781 1
2551379 38918702 1
2551379 40221922 1
2551379 47735922 1
2551379 49605162 1
2551379 58744122 1
3856636 22720781 1
3856636 38918702 1
3856636 49605162 1
3856636 58744122 1
9772833 22720781 1
9772833 38918702 1
9772833 49605162 1
9772833 58744122 1
10449517 38918702 1
10449517 58744122 1
22720781 38918702 1
22720781 49605162 1
22720781 58744122 1
38918702 40221922 1
38918702 47735922 1
38918702 49605162 1
38918702 58744122 1
40221922 49605162 1
40221922 58744122 1
47735922 58744122 1
49605162 58744122 1
