70521482 10641292 68655632 98560532 66931222 7681817 13403673 9299358 20947871 33677602 41476132 68136232 957998 89856432 13448373 3977526 68727222 13927355 28305982 50428742 32972872 7339854 24534102 73960022 53330902 11787735 82292442 69322972 57885282 14367974 67177832 8398833 1894385 13263217 11515509 87268342 2734325 50278392 78239482
7339854 11515509 7
7339854 33677602 1
7339854 67177832 1
11515509 33677602 1
11515509 67177832 1
33677602 67177832 1
7339854 14367974 3
7339854 24534102 3
7339854 68136232 1
11515509 14367974 3
11515509 24534102 3
11515509 68136232 1
14367974 24534102 2
14367974 68136232 1
24534102 68136232 1
957998 7339854 3
957998 9299358 1
957998 11515509 4
957998 24534102 1
957998 28305982 1
7339854 9299358 2
7339854 28305982 1
9299358 11515509 2
9299358 24534102 2
9299358 28305982 1
11515509 28305982 1
24534102 28305982 1
3977526 7339854 1
3977526 9299358 1
3977526 11515509 1
3977526 14367974 1
3977526 24534102 1
3977526 41476132 1
3977526 50278392 1
3977526 68655632 1
3977526 69322972 1
7339854 41476132 1
7339854 50278392 3
7339854 68655632 2
7339854 69322972 1
9299358 14367974 1
9299358 41476132 1
9299358 50278392 1
9299358 68655632 1
9299358 69322972 1
11515509 41476132 2
11515509 50278392 4
11515509 68655632 2
11515509 69322972 1
14367974 41476132 1
14367974 50278392 2
14367974 68655632 1
14367974 69322972 1
24534102 41476132 1
24534102 50278392 1
24534102 68655632 1
24534102 69322972 1
41476132 50278392 2
41476132 68655632 1
41476132 69322972 1
50278392 68655632 2
50278392 69322972 1
68655632 69322972 1
7339854 7681817 1
7339854 8398833 1
7339854 13927355 1
7339854 20947871 1
7339854 32972872 1
7339854 50428742 1
7339854 68727222 1
7681817 8398833 1
7681817 11515509 1
7681817 13927355 1
7681817 14367974 1
7681817 20947871 1
7681817 32972872 1
7681817 50278392 1
7681817 50428742 1
7681817 68727222 1
8398833 11515509 1
8398833 13927355 1
8398833 14367974 1
8398833 20947871 1
8398833 32972872 1
8398833 50278392 1
8398833 50428742 1
8398833 68727222 1
11515509 13927355 1
11515509 20947871 1
11515509 32972872 1
11515509 50428742 1
11515509 68727222 1
13927355 14367974 1
13927355 20947871 1
13927355 32972872 1
13927355 50278392 1
13927355 50428742 1
13927355 68727222 1
14367974 20947871 1
14367974 32972872 1
14367974 50428742 1
14367974 68727222 1
20947871 32972872 1
20947871 50278392 1
20947871 50428742 1
20947871 68727222 1
32972872 50278392 1
32972872 50428742 1
32972872 68727222 1
50278392 50428742 1
50278392 68727222 1
50428742 68727222 1
957998 50278392 2
957998 66931222 1
957998 68655632 1
957998 73960022 1
7339854 66931222 1
7339854 73960022 1
11515509 66931222 1
11515509 73960022 1
50278392 66931222 1
50278392 73960022 1
66931222 68655632 1
66931222 73960022 1
68655632 73960022 1
957998 41476132 2
957998 53330902 1
11515509 53330902 1
41476132 53330902 1
50278392 53330902 1
957998 82292442 2
7339854 82292442 1
11515509 82292442 1
957998 10641292 1
957998 57885282 1
957998 87268342 1
10641292 41476132 2
10641292 57885282 1
10641292 82292442 1
10641292 87268342 1
41476132 57885282 1
41476132 82292442 1
41476132 87268342 1
57885282 82292442 1
57885282 87268342 1
82292442 87268342 1
1894385 2734325 1
1894385 10641292 1
1894385 11787735 1
1894385 13263217 1
1894385 13403673 1
1894385 13448373 1
1894385 28305982 1
1894385 41476132 1
1894385 70521482 1
1894385 78239482 1
1894385 89856432 1
1894385 98560532 1
2734325 10641292 1
2734325 11787735 1
2734325 13263217 1
2734325 13403673 1
2734325 13448373 1
2734325 28305982 1
2734325 41476132 1
2734325 70521482 1
2734325 78239482 1
2734325 89856432 1
2734325 98560532 1
10641292 11787735 1
10641292 13263217 1
10641292 13403673 1
10641292 13448373 1
10641292 28305982 1
10641292 70521482 1
10641292 78239482 1
10641292 89856432 1
10641292 98560532 1
11787735 13263217 1
11787735 13403673 1
11787735 13448373 1
11787735 28305982 1
11787735 41476132 1
11787735 70521482 1
11787735 78239482 1
11787735 89856432 1
11787735 98560532 1
13263217 13403673 1
13263217 13448373 1
13263217 28305982 1
13263217 41476132 1
13263217 70521482 1
13263217 78239482 1
13263217 89856432 1
13263217 98560532 1
13403673 13448373 1
13403673 28305982 1
13403673 41476132 1
13403673 70521482 1
13403673 78239482 1
13403673 89856432 1
13403673 98560532 1
13448373 28305982 1
13448373 41476132 1
13448373 70521482 1
13448373 78239482 1
13448373 89856432 1
13448373 98560532 1
28305982 41476132 1
28305982 70521482 1
28305982 78239482 1
28305982 89856432 1
28305982 98560532 1
41476132 70521482 1
41476132 78239482 1
41476132 89856432 1
41476132 98560532 1
70521482 78239482 1
70521482 89856432 1
70521482 98560532 1
78239482 89856432 1
78239482 98560532 1
89856432 98560532 1
