11549440 15632001 23840772 81658502 153035142 166934282 161909132 3833108 3824662 88189082 17788571 84565532 105741212 57309092 142841892 13517094 13796143 13205686 31485512 7336265 142575562 122162892 3697620 139960662 168787032 13016537 10971234 23619811 27319652 10901363 105331572 144594422 138919292
3824662 3833108 1
3824662 11549440 2
3824662 13796143 2
3824662 17788571 1
3824662 23619811 2
3824662 57309092 1
3824662 81658502 1
3824662 84565532 1
3824662 138919292 1
3824662 139960662 1
3824662 142575562 2
3824662 142841892 1
3824662 153035142 2
3824662 166934282 1
3824662 168787032 1
3833108 11549440 1
3833108 13796143 1
3833108 17788571 1
3833108 23619811 1
3833108 57309092 1
3833108 81658502 1
3833108 84565532 1
3833108 138919292 1
3833108 139960662 1
3833108 142575562 1
3833108 142841892 1
3833108 153035142 1
3833108 166934282 1
3833108 168787032 1
11549440 13796143 2
11549440 17788571 1
11549440 23619811 2
11549440 57309092 1
11549440 81658502 1
11549440 84565532 1
11549440 138919292 3
11549440 139960662 1
11549440 142575562 2
11549440 142841892 1
11549440 153035142 2
11549440 166934282 1
11549440 168787032 1
13796143 17788571 1
13796143 23619811 2
13796143 57309092 1
13796143 81658502 1
13796143 84565532 1
13796143 138919292 1
13796143 139960662 1
13796143 142575562 2
13796143 142841892 1
13796143 153035142 2
13796143 166934282 1
13796143 168787032 1
17788571 23619811 1
17788571 57309092 1
17788571 81658502 1
17788571 84565532 1
17788571 138919292 1
17788571 139960662 1
17788571 142575562 1
17788571 142841892 1
17788571 153035142 1
17788571 166934282 1
17788571 168787032 1
23619811 57309092 1
23619811 81658502 1
23619811 84565532 1
23619811 138919292 1
23619811 139960662 1
23619811 142575562 2
23619811 142841892 1
23619811 153035142 2
23619811 166934282 1
23619811 168787032 1
57309092 81658502 1
57309092 84565532 1
57309092 138919292 1
57309092 139960662 1
57309092 142575562 1
57309092 142841892 1
57309092 153035142 1
57309092 166934282 1
57309092 168787032 1
81658502 84565532 1
81658502 138919292 1
81658502 139960662 1
81658502 142575562 1
81658502 142841892 1
81658502 153035142 1
81658502 166934282 1
81658502 168787032 1
84565532 138919292 1
84565532 139960662 1
84565532 142575562 1
84565532 142841892 1
84565532 153035142 1
84565532 166934282 1
84565532 168787032 1
138919292 139960662 1
138919292 142575562 1
138919292 142841892 1
138919292 153035142 1
138919292 166934282 1
138919292 168787032 1
139960662 142575562 1
139960662 142841892 1
139960662 153035142 1
139960662 166934282 1
139960662 168787032 1
142575562 142841892 1
142575562 153035142 2
142575562 166934282 1
142575562 168787032 1
142841892 153035142 1
142841892 166934282 1
142841892 168787032 1
153035142 166934282 1
153035142 168787032 1
166934282 168787032 1
3697620 7336265 1
3697620 10901363 1
3697620 11549440 1
3697620 13016537 1
3697620 13205686 1
3697620 23840772 1
3697620 31485512 1
3697620 105331572 1
3697620 138919292 1
7336265 10901363 1
7336265 11549440 1
7336265 13016537 1
7336265 13205686 1
7336265 23840772 1
7336265 31485512 1
7336265 105331572 1
7336265 138919292 1
10901363 11549440 2
10901363 13016537 1
10901363 13205686 1
10901363 23840772 1
10901363 31485512 1
10901363 105331572 1
10901363 138919292 1
11549440 13016537 1
11549440 13205686 1
11549440 23840772 1
11549440 31485512 1
11549440 105331572 1
13016537 13205686 1
13016537 23840772 1
13016537 31485512 1
13016537 105331572 1
13016537 138919292 1
13205686 23840772 1
13205686 31485512 1
13205686 105331572 1
13205686 138919292 1
23840772 31485512 1
23840772 105331572 1
23840772 138919292 1
31485512 105331572 1
31485512 138919292 1
105331572 138919292 1
11549440 13517094 1
11549440 15632001 2
11549440 27319652 1
11549440 88189082 1
11549440 105741212 1
11549440 122162892 1
11549440 144594422 1
13517094 15632001 1
13517094 27319652 1
13517094 88189082 1
13517094 105741212 1
13517094 122162892 1
13517094 138919292 1
13517094 144594422 1
15632001 27319652 1
15632001 88189082 1
15632001 105741212 1
15632001 122162892 1
15632001 138919292 1
15632001 144594422 1
27319652 88189082 1
27319652 105741212 1
27319652 122162892 1
27319652 138919292 1
27319652 144594422 1
88189082 105741212 1
88189082 122162892 1
88189082 138919292 1
88189082 144594422 1
105741212 122162892 1
105741212 138919292 1
105741212 144594422 1
122162892 138919292 1
122162892 144594422 1
138919292 144594422 1
3824662 10901363 1
3824662 10971234 1
3824662 15632001 1
3824662 161909132 1
10901363 10971234 1
10901363 13796143 1
10901363 15632001 1
10901363 23619811 1
10901363 142575562 1
10901363 153035142 1
10901363 161909132 1
10971234 11549440 1
10971234 13796143 1
10971234 15632001 1
10971234 23619811 1
10971234 142575562 1
10971234 153035142 1
10971234 161909132 1
11549440 161909132 1
13796143 15632001 1
13796143 161909132 1
15632001 23619811 1
15632001 142575562 1
15632001 153035142 1
15632001 161909132 1
23619811 161909132 1
142575562 161909132 1
153035142 161909132 1
