11549440 15632001 11586691 34547332 9389455 31576092 26647452 14208799 3114026 2487213 12916529 13205686 31610422 7336265 9462997 20793561 13016537 12295393 10866537 21818991 24141682
7336265 10866537 3
7336265 11549440 7
7336265 13205686 5
7336265 15632001 2
7336265 21818991 1
7336265 26647452 6
7336265 31610422 1
7336265 34547332 1
10866537 11549440 3
10866537 13205686 3
10866537 15632001 2
10866537 21818991 1
10866537 26647452 3
10866537 31610422 1
10866537 34547332 1
11549440 13205686 6
11549440 15632001 2
11549440 21818991 1
11549440 26647452 7
11549440 31610422 1
11549440 34547332 1
13205686 15632001 2
13205686 21818991 1
13205686 26647452 5
13205686 31610422 1
13205686 34547332 1
15632001 21818991 1
15632001 26647452 2
15632001 31610422 1
15632001 34547332 1
21818991 26647452 1
21818991 31610422 1
21818991 34547332 1
26647452 31610422 1
26647452 34547332 1
31610422 34547332 1
7336265 9389455 1
7336265 12295393 2
7336265 24141682 1
9389455 11549440 1
9389455 12295393 1
9389455 13205686 1
9389455 24141682 1
9389455 26647452 1
11549440 12295393 2
11549440 24141682 1
12295393 13205686 1
12295393 24141682 1
12295393 26647452 2
13205686 24141682 1
24141682 26647452 1
7336265 20793561 1
7336265 31576092 1
11549440 20793561 2
11549440 31576092 2
20793561 26647452 1
20793561 31576092 2
26647452 31576092 1
11549440 12916529 1
12916529 13205686 1
12916529 26647452 1
2487213 7336265 1
2487213 10866537 1
2487213 11549440 1
2487213 13205686 1
2487213 26647452 1
3114026 7336265 1
3114026 10866537 1
3114026 11549440 1
3114026 11586691 1
3114026 13205686 1
3114026 14208799 1
3114026 15632001 1
3114026 26647452 1
7336265 11586691 2
7336265 14208799 1
10866537 11586691 1
10866537 14208799 1
11549440 11586691 3
11549440 14208799 1
11586691 13205686 1
11586691 14208799 1
11586691 15632001 1
11586691 26647452 2
13205686 14208799 1
14208799 15632001 1
14208799 26647452 1
7336265 13016537 1
11549440 13016537 2
11586691 12295393 1
11586691 13016537 1
12295393 13016537 1
13016537 26647452 1
11586691 20793561 1
11586691 31576092 1
9462997 11549440 1
9462997 13016537 1
