11549440 15632001 7467415 88189082 26647452 11635879 13507111 31388212 72071862 111055162 38025532 35449152 110582722 9980869 113252172 6885588 114222552 23619811 12970851 76672742 14421996 105331572
11549440 15632001 1
11549440 38025532 3
11549440 76672742 1
11549440 88189082 1
15632001 38025532 1
15632001 76672742 1
15632001 88189082 1
38025532 76672742 1
38025532 88189082 1
76672742 88189082 1
7467415 11549440 2
7467415 23619811 2
7467415 113252172 1
11549440 23619811 6
11549440 113252172 2
23619811 113252172 2
11549440 11635879 1
11549440 26647452 1
11635879 23619811 1
11635879 26647452 1
11635879 113252172 1
23619811 26647452 1
26647452 113252172 1
23619811 111055162 1
6885588 11549440 1
6885588 23619811 1
6885588 38025532 1
6885588 72071862 1
6885588 105331572 1
11549440 72071862 1
11549440 105331572 1
23619811 38025532 2
23619811 72071862 1
23619811 105331572 1
38025532 72071862 1
38025532 105331572 1
72071862 105331572 1
11549440 14421996 1
11549440 13507111 1
11549440 31388212 1
11549440 110582722 1
13507111 23619811 1
13507111 31388212 1
13507111 38025532 1
13507111 110582722 1
23619811 31388212 1
23619811 110582722 1
31388212 38025532 1
31388212 110582722 1
38025532 110582722 1
9980869 11549440 1
9980869 12970851 1
9980869 23619811 1
9980869 35449152 1
9980869 114222552 1
11549440 12970851 1
11549440 35449152 1
11549440 114222552 1
12970851 23619811 1
12970851 35449152 1
12970851 114222552 1
23619811 35449152 1
23619811 114222552 1
35449152 114222552 1
