11549440 15632001 136512642 81658502 3133453 88189082 125142042 105741212 142841892 114724392 13796143 14615091 70923062 139486792 6804297 7336265 142575562 122162892 89683022 72763732 6885588 139960662 13016537 143788642 23619811 76672742 14421996 78111982 145266162 10901363 105331572 144594422 13155839
11549440 23619811 6
11549440 70923062 3
11549440 89683022 5
11549440 105331572 2
11549440 145266162 2
23619811 70923062 3
23619811 89683022 5
23619811 105331572 2
23619811 145266162 1
70923062 89683022 3
70923062 105331572 1
70923062 145266162 1
89683022 105331572 2
89683022 145266162 1
105331572 145266162 1
11549440 14421996 2
11549440 142841892 5
14421996 142841892 2
14421996 145266162 1
142841892 145266162 1
3133453 6804297 1
3133453 7336265 1
3133453 10901363 1
3133453 11549440 1
3133453 13796143 1
3133453 23619811 1
3133453 70923062 1
3133453 89683022 1
3133453 139486792 1
3133453 139960662 1
3133453 142841892 1
6804297 7336265 1
6804297 10901363 1
6804297 11549440 1
6804297 13796143 1
6804297 23619811 1
6804297 70923062 1
6804297 89683022 1
6804297 139486792 1
6804297 139960662 1
6804297 142841892 1
7336265 10901363 1
7336265 11549440 2
7336265 13796143 1
7336265 23619811 2
7336265 70923062 1
7336265 89683022 2
7336265 139486792 1
7336265 139960662 1
7336265 142841892 1
10901363 11549440 3
10901363 13796143 3
10901363 23619811 3
10901363 70923062 2
10901363 89683022 2
10901363 139486792 1
10901363 139960662 2
10901363 142841892 2
11549440 13796143 3
11549440 139486792 1
11549440 139960662 2
13796143 23619811 3
13796143 70923062 2
13796143 89683022 2
13796143 139486792 1
13796143 139960662 2
13796143 142841892 2
23619811 139486792 1
23619811 139960662 2
23619811 142841892 2
70923062 139486792 1
70923062 139960662 1
70923062 142841892 1
89683022 139486792 1
89683022 139960662 1
89683022 142841892 1
139486792 139960662 1
139486792 142841892 1
139960662 142841892 2
11549440 14615091 1
11549440 15632001 4
11549440 72763732 1
11549440 76672742 1
11549440 88189082 2
11549440 105741212 1
11549440 122162892 1
11549440 144594422 2
14615091 15632001 1
14615091 72763732 1
14615091 76672742 1
14615091 88189082 1
14615091 105741212 1
14615091 122162892 1
14615091 142841892 1
14615091 144594422 1
15632001 72763732 1
15632001 76672742 1
15632001 88189082 2
15632001 105741212 1
15632001 122162892 1
15632001 142841892 1
15632001 144594422 2
72763732 76672742 1
72763732 88189082 1
72763732 105741212 1
72763732 122162892 1
72763732 142841892 1
72763732 144594422 1
76672742 88189082 1
76672742 105741212 1
76672742 122162892 1
76672742 142841892 1
76672742 144594422 1
88189082 105741212 1
88189082 122162892 1
88189082 142841892 1
88189082 144594422 2
105741212 122162892 1
105741212 142841892 1
105741212 144594422 1
122162892 142841892 1
122162892 144594422 1
142841892 144594422 1
7336265 15632001 1
7336265 78111982 1
11549440 78111982 1
15632001 23619811 2
15632001 78111982 1
15632001 89683022 2
23619811 78111982 1
78111982 89683022 1
6885588 11549440 2
6885588 23619811 2
6885588 81658502 1
6885588 89683022 2
6885588 105331572 1
6885588 143788642 1
11549440 81658502 1
11549440 143788642 1
23619811 81658502 1
23619811 143788642 1
81658502 89683022 1
81658502 105331572 1
81658502 143788642 1
89683022 143788642 1
105331572 143788642 1
10901363 13155839 2
11549440 13155839 2
13155839 13796143 2
13155839 23619811 2
13155839 139960662 1
13155839 142841892 1
6885588 10901363 1
6885588 13016537 1
6885588 13155839 1
6885588 13796143 1
6885588 15632001 1
6885588 70923062 1
6885588 114724392 1
6885588 125142042 1
6885588 136512642 1
6885588 142575562 1
10901363 13016537 1
10901363 15632001 1
10901363 114724392 1
10901363 125142042 1
10901363 136512642 1
10901363 142575562 1
11549440 13016537 1
11549440 114724392 1
11549440 125142042 1
11549440 136512642 1
11549440 142575562 1
13016537 13155839 1
13016537 13796143 1
13016537 15632001 1
13016537 23619811 1
13016537 70923062 1
13016537 89683022 1
13016537 114724392 1
13016537 125142042 1
13016537 136512642 1
13016537 142575562 1
13155839 15632001 1
13155839 70923062 1
13155839 89683022 1
13155839 114724392 1
13155839 125142042 1
13155839 136512642 1
13155839 142575562 1
13796143 15632001 1
13796143 114724392 1
13796143 125142042 1
13796143 136512642 1
13796143 142575562 1
15632001 70923062 1
15632001 114724392 1
15632001 125142042 1
15632001 136512642 1
15632001 142575562 1
23619811 114724392 1
23619811 125142042 1
23619811 136512642 1
23619811 142575562 1
70923062 114724392 1
70923062 125142042 1
70923062 136512642 1
70923062 142575562 1
89683022 114724392 1
89683022 125142042 1
89683022 136512642 1
89683022 142575562 1
114724392 125142042 1
114724392 136512642 1
114724392 142575562 1
125142042 136512642 1
125142042 142575562 1
136512642 142575562 1
