11549440 59859072 11647747 44655372 32945422 49425822 2487213 13205686 11448121 12556602 13878716 9240640 35449152 8345545 69536972 11674702 23619811 68493802 13166572 14421996 40468222
9240640 11448121 1
9240640 11549440 1
9240640 13878716 1
9240640 59859072 1
9240640 68493802 1
11448121 11549440 5
11448121 13878716 1
11448121 59859072 3
11448121 68493802 1
11549440 13878716 1
11549440 59859072 4
11549440 68493802 1
13878716 59859072 1
13878716 68493802 1
59859072 68493802 1
11448121 12556602 1
11549440 12556602 1
12556602 59859072 1
11448121 35449152 3
11549440 35449152 4
35449152 59859072 2
11549440 13166572 2
11549440 14421996 1
11549440 23619811 1
11549440 69536972 1
13166572 14421996 1
13166572 23619811 1
13166572 35449152 2
13166572 59859072 1
13166572 69536972 1
14421996 23619811 1
14421996 35449152 1
14421996 59859072 1
14421996 69536972 1
23619811 35449152 1
23619811 59859072 1
23619811 69536972 1
35449152 69536972 1
59859072 69536972 1
2487213 11448121 2
2487213 11549440 2
2487213 35449152 2
2487213 44655372 1
11448121 44655372 1
11549440 44655372 1
35449152 44655372 1
2487213 13166572 1
2487213 13205686 1
11448121 13166572 1
11448121 13205686 1
11549440 13205686 1
13166572 13205686 1
13205686 35449152 1
8345545 11549440 1
8345545 11647747 1
8345545 11674702 1
8345545 32945422 1
8345545 40468222 1
8345545 49425822 1
11549440 11647747 1
11549440 11674702 1
11549440 32945422 1
11549440 40468222 1
11549440 49425822 1
11647747 11674702 1
11647747 32945422 1
11647747 40468222 1
11647747 49425822 1
11674702 32945422 1
11674702 40468222 1
11674702 49425822 1
32945422 40468222 1
32945422 49425822 1
40468222 49425822 1
