243074 8567302 9687049 3122316 8846221 10510735 2088207 3428372 5841305 4346405 9163173 11173031 2814764 2635440 8346164 2168887 2351420 2060869 4171341 3711566 3793614 408529 4044114 4192594 6987477 331991 2015831 2024161 2353892 49896 9430377 2356842 10844776 11110895 2727666 8433655 8693370 1541371
2353892 8346164 3
2353892 10510735 3
8346164 10510735 2
243074 8346164 1
1541371 3428372 3
1541371 4044114 1
1541371 10510735 2
3428372 4044114 3
3428372 10510735 3
4044114 10510735 2
49896 331991 1
49896 408529 2
49896 1541371 2
49896 2024161 1
49896 2168887 1
49896 2351420 1
49896 2356842 1
49896 2635440 1
49896 2727666 1
49896 2814764 1
49896 3122316 1
49896 3428372 2
49896 3711566 1
49896 3793614 1
49896 4192594 1
49896 4346405 1
49896 5841305 1
49896 6987477 1
49896 8693370 1
49896 9163173 1
49896 9430377 1
331991 408529 1
331991 1541371 1
331991 2024161 1
331991 2168887 1
331991 2351420 1
331991 2356842 1
331991 2635440 1
331991 2727666 1
331991 2814764 1
331991 3122316 1
331991 3428372 1
331991 3711566 1
331991 3793614 1
331991 4192594 1
331991 4346405 1
331991 5841305 1
331991 6987477 1
331991 8693370 1
331991 9163173 1
331991 9430377 1
408529 1541371 2
408529 2024161 1
408529 2168887 1
408529 2351420 1
408529 2356842 1
408529 2635440 1
408529 2727666 1
408529 2814764 1
408529 3122316 1
408529 3428372 2
408529 3711566 1
408529 3793614 1
408529 4192594 1
408529 4346405 1
408529 5841305 1
408529 6987477 1
408529 8693370 1
408529 9163173 1
408529 9430377 1
1541371 2024161 1
1541371 2168887 1
1541371 2351420 1
1541371 2356842 1
1541371 2635440 1
1541371 2727666 1
1541371 2814764 1
1541371 3122316 1
1541371 3711566 1
1541371 3793614 1
1541371 4192594 1
1541371 4346405 1
1541371 5841305 1
1541371 6987477 1
1541371 8693370 1
1541371 9163173 1
1541371 9430377 1
2024161 2168887 1
2024161 2351420 1
2024161 2356842 1
2024161 2635440 1
2024161 2727666 1
2024161 2814764 1
2024161 3122316 1
2024161 3428372 1
2024161 3711566 1
2024161 3793614 1
2024161 4192594 1
2024161 4346405 1
2024161 5841305 1
2024161 6987477 1
2024161 8693370 1
2024161 9163173 1
2024161 9430377 1
2168887 2351420 1
2168887 2356842 1
2168887 2635440 1
2168887 2727666 1
2168887 2814764 1
2168887 3122316 1
2168887 3428372 1
2168887 3711566 1
2168887 3793614 1
2168887 4192594 1
2168887 4346405 1
2168887 5841305 1
2168887 6987477 1
2168887 8693370 1
2168887 9163173 1
2168887 9430377 1
2351420 2356842 1
2351420 2635440 1
2351420 2727666 1
2351420 2814764 1
2351420 3122316 1
2351420 3428372 1
2351420 3711566 1
2351420 3793614 1
2351420 4192594 1
2351420 4346405 1
2351420 5841305 1
2351420 6987477 1
2351420 8693370 1
2351420 9163173 1
2351420 9430377 1
2356842 2635440 1
2356842 2727666 1
2356842 2814764 1
2356842 3122316 1
2356842 3428372 1
2356842 3711566 1
2356842 3793614 1
2356842 4192594 1
2356842 4346405 1
2356842 5841305 1
2356842 6987477 1
2356842 8693370 1
2356842 9163173 1
2356842 9430377 1
2635440 2727666 1
2635440 2814764 1
2635440 3122316 1
2635440 3428372 1
2635440 3711566 1
2635440 3793614 1
2635440 4192594 1
2635440 4346405 1
2635440 5841305 1
2635440 6987477 1
2635440 8693370 1
2635440 9163173 1
2635440 9430377 1
2727666 2814764 1
2727666 3122316 1
2727666 3428372 1
2727666 3711566 1
2727666 3793614 1
2727666 4192594 1
2727666 4346405 1
2727666 5841305 1
2727666 6987477 1
2727666 8693370 1
2727666 9163173 1
2727666 9430377 1
2814764 3122316 1
2814764 3428372 1
2814764 3711566 1
2814764 3793614 1
2814764 4192594 1
2814764 4346405 1
2814764 5841305 1
2814764 6987477 1
2814764 8693370 1
2814764 9163173 1
2814764 9430377 1
3122316 3428372 1
3122316 3711566 1
3122316 3793614 1
3122316 4192594 1
3122316 4346405 1
3122316 5841305 1
3122316 6987477 1
3122316 8693370 1
3122316 9163173 1
3122316 9430377 1
3428372 3711566 1
3428372 3793614 1
3428372 4192594 1
3428372 4346405 1
3428372 5841305 1
3428372 6987477 1
3428372 8693370 1
3428372 9163173 1
3428372 9430377 1
3711566 3793614 1
3711566 4192594 1
3711566 4346405 1
3711566 5841305 1
3711566 6987477 1
3711566 8693370 1
3711566 9163173 1
3711566 9430377 1
3793614 4192594 1
3793614 4346405 1
3793614 5841305 1
3793614 6987477 1
3793614 8693370 1
3793614 9163173 1
3793614 9430377 1
4192594 4346405 1
4192594 5841305 1
4192594 6987477 1
4192594 8693370 1
4192594 9163173 1
4192594 9430377 1
4346405 5841305 1
4346405 6987477 1
4346405 8693370 1
4346405 9163173 1
4346405 9430377 1
5841305 6987477 1
5841305 8693370 1
5841305 9163173 1
5841305 9430377 1
6987477 8693370 1
6987477 9163173 1
6987477 9430377 1
8693370 9163173 1
8693370 9430377 1
9163173 9430377 1
2088207 3428372 1
2088207 4044114 1
2088207 4171341 1
2088207 10510735 1
2088207 10844776 1
2088207 11110895 1
3428372 4171341 2
3428372 10844776 1
3428372 11110895 1
4044114 4171341 1
4044114 10844776 1
4044114 11110895 1
4171341 10510735 2
4171341 10844776 1
4171341 11110895 1
10510735 10844776 1
10510735 11110895 1
10844776 11110895 1
2353892 4044114 2
2353892 8846221 2
4044114 8846221 2
49896 2015831 1
49896 2060869 1
49896 2353892 1
49896 4171341 1
49896 8567302 1
49896 10510735 1
408529 2015831 1
408529 2060869 1
408529 2353892 1
408529 4171341 1
408529 8567302 1
408529 10510735 1
1541371 2015831 1
1541371 2060869 1
1541371 2353892 1
1541371 4171341 1
1541371 8567302 1
2015831 2060869 1
2015831 2353892 1
2015831 3428372 1
2015831 4171341 1
2015831 8567302 1
2015831 10510735 1
2060869 2353892 1
2060869 3428372 1
2060869 4171341 1
2060869 8567302 1
2060869 10510735 1
2353892 3428372 2
2353892 4171341 1
2353892 8567302 1
3428372 8567302 1
4171341 8567302 1
8567302 10510735 1
2353892 9687049 1
3428372 8346164 1
3428372 8846221 1
3428372 9687049 1
4044114 8346164 1
4044114 9687049 1
8346164 8846221 1
8346164 9687049 1
8846221 9687049 1
2353892 8433655 1
2353892 11173031 1
8346164 8433655 1
8346164 11173031 1
8433655 10510735 1
8433655 11173031 1
10510735 11173031 1
