74780672 9470083 10058244 95026052 104839812 46926472 14168713 39126522 104443542 100570522 9735970 9879586 101743652 11813284 13265063 12751145 12962857 21725741 54815922 40353332 97213622 100964022 14433723 58670652 10948157 11078077 102547902 32177862 13524938 9813581 60130512 79130832 45742932 46382932 99782232 102369242 104949472 698468 77667942 90186342 96934632 10093677 10240250 13237243
9735970 10058244 1
9735970 10948157 2
9735970 12751145 1
9735970 13265063 2
9735970 21725741 2
9735970 39126522 2
9735970 40353332 1
9735970 58670652 1
9735970 95026052 2
9735970 97213622 2
9735970 101743652 1
10058244 10948157 1
10058244 12751145 1
10058244 13265063 1
10058244 21725741 1
10058244 39126522 1
10058244 40353332 1
10058244 58670652 1
10058244 95026052 1
10058244 97213622 1
10058244 101743652 1
10948157 12751145 1
10948157 13265063 3
10948157 21725741 4
10948157 39126522 4
10948157 40353332 1
10948157 58670652 1
10948157 95026052 2
10948157 97213622 2
10948157 101743652 1
12751145 13265063 2
12751145 21725741 2
12751145 39126522 2
12751145 40353332 1
12751145 58670652 1
12751145 95026052 1
12751145 97213622 2
12751145 101743652 1
13265063 21725741 5
13265063 39126522 5
13265063 40353332 1
13265063 58670652 1
13265063 95026052 2
13265063 97213622 3
13265063 101743652 1
21725741 39126522 6
21725741 40353332 1
21725741 58670652 1
21725741 95026052 2
21725741 97213622 3
21725741 101743652 1
39126522 40353332 1
39126522 58670652 1
39126522 95026052 2
39126522 97213622 3
39126522 101743652 1
40353332 58670652 1
40353332 95026052 1
40353332 97213622 1
40353332 101743652 1
58670652 95026052 1
58670652 97213622 1
58670652 101743652 1
95026052 97213622 2
95026052 101743652 1
97213622 101743652 1
698468 10240250 1
698468 11078077 1
698468 12962857 1
698468 13265063 1
698468 21725741 3
698468 39126522 1
698468 45742932 4
698468 74780672 1
698468 77667942 1
698468 100570522 1
10240250 11078077 2
10240250 12962857 1
10240250 13265063 2
10240250 21725741 3
10240250 39126522 3
10240250 45742932 3
10240250 74780672 1
10240250 77667942 1
10240250 100570522 2
11078077 12962857 1
11078077 13265063 1
11078077 21725741 2
11078077 39126522 2
11078077 45742932 3
11078077 74780672 1
11078077 77667942 1
11078077 100570522 2
12962857 13265063 1
12962857 21725741 1
12962857 39126522 1
12962857 45742932 1
12962857 74780672 1
12962857 77667942 1
12962857 100570522 1
13265063 45742932 3
13265063 74780672 1
13265063 77667942 1
13265063 100570522 3
21725741 45742932 6
21725741 74780672 1
21725741 77667942 1
21725741 100570522 3
39126522 45742932 4
39126522 74780672 1
39126522 77667942 1
39126522 100570522 3
45742932 74780672 1
45742932 77667942 1
45742932 100570522 4
74780672 77667942 1
74780672 100570522 1
77667942 100570522 1
698468 46926472 1
698468 54815922 1
21725741 46926472 1
21725741 54815922 1
45742932 46926472 1
45742932 54815922 1
46926472 54815922 1
698468 11813284 1
698468 14168713 1
698468 14433723 1
698468 96934632 1
698468 99782232 1
698468 100964022 1
698468 102547902 1
11813284 14168713 1
11813284 14433723 1
11813284 21725741 2
11813284 45742932 3
11813284 96934632 1
11813284 99782232 1
11813284 100964022 2
11813284 102547902 1
14168713 14433723 1
14168713 21725741 1
14168713 45742932 1
14168713 96934632 1
14168713 99782232 1
14168713 100964022 1
14168713 102547902 1
14433723 21725741 1
14433723 45742932 1
14433723 96934632 1
14433723 99782232 1
14433723 100964022 1
14433723 102547902 1
21725741 96934632 3
21725741 99782232 1
21725741 100964022 1
21725741 102547902 1
45742932 96934632 3
45742932 99782232 1
45742932 100964022 2
45742932 102547902 1
96934632 99782232 1
96934632 100964022 1
96934632 102547902 1
99782232 100964022 1
99782232 102547902 1
100964022 102547902 1
9470083 9735970 1
9470083 10240250 2
9470083 10948157 3
9470083 13265063 3
9470083 21725741 4
9470083 39126522 4
9470083 45742932 3
9470083 60130512 1
9470083 79130832 1
9470083 95026052 1
9470083 96934632 2
9470083 97213622 2
9470083 100570522 2
9470083 104443542 2
9470083 104949472 1
9735970 10240250 1
9735970 45742932 1
9735970 60130512 1
9735970 79130832 1
9735970 96934632 1
9735970 100570522 1
9735970 104443542 1
9735970 104949472 1
10240250 10948157 2
10240250 60130512 1
10240250 79130832 1
10240250 95026052 1
10240250 96934632 1
10240250 97213622 1
10240250 104443542 2
10240250 104949472 1
10948157 45742932 2
10948157 60130512 1
10948157 79130832 1
10948157 96934632 1
10948157 100570522 1
10948157 104443542 2
10948157 104949472 1
13265063 60130512 1
13265063 79130832 1
13265063 96934632 2
13265063 104443542 1
13265063 104949472 1
21725741 60130512 1
21725741 79130832 1
21725741 104443542 2
21725741 104949472 1
39126522 60130512 1
39126522 79130832 1
39126522 96934632 2
39126522 104443542 2
39126522 104949472 1
45742932 60130512 1
45742932 79130832 1
45742932 95026052 1
45742932 97213622 2
45742932 104443542 2
45742932 104949472 1
60130512 79130832 1
60130512 95026052 1
60130512 96934632 1
60130512 97213622 1
60130512 100570522 1
60130512 104443542 1
60130512 104949472 1
79130832 95026052 1
79130832 96934632 1
79130832 97213622 1
79130832 100570522 1
79130832 104443542 1
79130832 104949472 1
95026052 96934632 1
95026052 100570522 1
95026052 104443542 1
95026052 104949472 1
96934632 97213622 2
96934632 100570522 2
96934632 104443542 1
96934632 104949472 1
97213622 100570522 2
97213622 104443542 1
97213622 104949472 1
100570522 104443542 1
100570522 104949472 1
104443542 104949472 1
9470083 9813581 1
9470083 10093677 2
9470083 12751145 1
9470083 32177862 2
9470083 102369242 1
9813581 10093677 1
9813581 12751145 1
9813581 13265063 1
9813581 21725741 1
9813581 32177862 1
9813581 39126522 1
9813581 45742932 1
9813581 96934632 1
9813581 97213622 1
9813581 100570522 1
9813581 102369242 1
10093677 12751145 2
10093677 13265063 2
10093677 21725741 2
10093677 32177862 1
10093677 39126522 2
10093677 45742932 3
10093677 96934632 1
10093677 97213622 1
10093677 100570522 2
10093677 102369242 1
12751145 32177862 1
12751145 45742932 2
12751145 96934632 1
12751145 100570522 1
12751145 102369242 1
13265063 32177862 1
13265063 102369242 1
21725741 32177862 2
21725741 102369242 1
32177862 39126522 2
32177862 45742932 2
32177862 96934632 1
32177862 97213622 1
32177862 100570522 1
32177862 102369242 1
39126522 102369242 1
45742932 102369242 1
96934632 102369242 1
97213622 102369242 1
100570522 102369242 1
698468 10093677 1
698468 12751145 1
698468 46382932 1
10093677 46382932 1
12751145 46382932 1
45742932 46382932 1
10093677 11078077 1
10093677 11813284 1
10093677 100964022 1
11078077 11813284 2
11078077 100964022 1
11813284 100570522 1
100570522 100964022 1
10093677 10948157 1
9470083 9879586 1
9470083 11078077 1
9470083 11813284 1
9470083 13237243 1
9470083 13524938 1
9470083 90186342 1
9470083 104839812 1
9879586 10240250 1
9879586 10948157 1
9879586 11078077 1
9879586 11813284 1
9879586 13237243 1
9879586 13524938 1
9879586 21725741 1
9879586 32177862 1
9879586 39126522 1
9879586 45742932 1
9879586 90186342 1
9879586 104443542 1
9879586 104839812 1
10240250 11813284 1
10240250 13237243 1
10240250 13524938 1
10240250 32177862 1
10240250 90186342 1
10240250 104839812 1
10948157 11078077 1
10948157 11813284 1
10948157 13237243 1
10948157 13524938 1
10948157 32177862 1
10948157 90186342 1
10948157 104839812 1
11078077 13237243 1
11078077 13524938 1
11078077 32177862 1
11078077 90186342 1
11078077 104443542 1
11078077 104839812 1
11813284 13237243 1
11813284 13524938 1
11813284 32177862 1
11813284 39126522 1
11813284 90186342 1
11813284 104443542 1
11813284 104839812 1
13237243 13524938 1
13237243 21725741 1
13237243 32177862 1
13237243 39126522 1
13237243 45742932 1
13237243 90186342 1
13237243 104443542 1
13237243 104839812 1
13524938 21725741 1
13524938 32177862 1
13524938 39126522 1
13524938 45742932 1
13524938 90186342 1
13524938 104443542 1
13524938 104839812 1
21725741 90186342 1
21725741 104839812 1
32177862 90186342 1
32177862 104443542 1
32177862 104839812 1
39126522 90186342 1
39126522 104839812 1
45742932 90186342 1
45742932 104839812 1
90186342 104443542 1
90186342 104839812 1
104443542 104839812 1
