108427522 9470083 95026052 106561672 9730957 102962062 45851282 104443542 100570522 109292192 9879586 9735970 101743652 13265063 109314472 12751145 21725741 54815922 97213622 58670652 10948157 102547902 11078077 108340302 5313616 60130512 45742932 104949472 83276772 698468 60146662 77667942 10093677 97699062 39126522 9660030
5313616 9470083 3
5313616 9879586 1
5313616 10948157 1
5313616 13265063 3
5313616 21725741 6
5313616 39126522 4
5313616 54815922 1
5313616 83276772 1
5313616 95026052 1
5313616 97213622 1
5313616 97699062 2
5313616 100570522 2
5313616 102547902 1
9470083 9879586 1
9470083 10948157 1
9470083 13265063 4
9470083 21725741 4
9470083 39126522 2
9470083 54815922 1
9470083 83276772 1
9470083 95026052 2
9470083 97213622 1
9470083 97699062 1
9470083 100570522 1
9470083 102547902 1
9879586 10948157 1
9879586 13265063 1
9879586 21725741 1
9879586 39126522 1
9879586 54815922 1
9879586 83276772 1
9879586 95026052 1
9879586 97213622 1
9879586 97699062 1
9879586 100570522 1
9879586 102547902 1
10948157 13265063 2
10948157 21725741 2
10948157 39126522 2
10948157 54815922 1
10948157 83276772 2
10948157 95026052 1
10948157 97213622 1
10948157 97699062 1
10948157 100570522 2
10948157 102547902 2
13265063 21725741 5
13265063 39126522 3
13265063 54815922 1
13265063 83276772 2
13265063 95026052 2
13265063 97213622 1
13265063 97699062 1
13265063 100570522 2
13265063 102547902 2
21725741 39126522 5
21725741 54815922 1
21725741 83276772 2
21725741 95026052 2
21725741 97213622 1
21725741 97699062 2
21725741 100570522 4
21725741 102547902 2
39126522 54815922 1
39126522 83276772 2
39126522 95026052 1
39126522 97213622 1
39126522 97699062 1
39126522 100570522 3
39126522 102547902 2
54815922 83276772 1
54815922 95026052 1
54815922 97213622 1
54815922 97699062 1
54815922 100570522 1
54815922 102547902 1
83276772 95026052 1
83276772 97213622 1
83276772 97699062 1
83276772 100570522 2
83276772 102547902 2
95026052 97213622 1
95026052 97699062 1
95026052 100570522 1
95026052 102547902 1
97213622 97699062 1
97213622 100570522 1
97213622 102547902 1
97699062 100570522 1
97699062 102547902 1
100570522 102547902 2
5313616 10093677 4
5313616 12751145 4
5313616 45742932 4
5313616 58670652 4
9470083 10093677 2
9470083 12751145 3
9470083 45742932 3
9470083 58670652 2
10093677 12751145 4
10093677 13265063 3
10093677 21725741 7
10093677 45742932 4
10093677 58670652 3
12751145 13265063 3
12751145 21725741 5
12751145 45742932 4
12751145 58670652 3
13265063 45742932 3
13265063 58670652 2
21725741 45742932 5
21725741 58670652 4
45742932 58670652 4
10093677 95026052 1
12751145 95026052 1
45742932 95026052 1
9660030 10093677 2
9660030 10948157 1
9660030 13265063 1
9660030 21725741 2
9660030 39126522 1
9660030 83276772 1
9660030 100570522 2
9660030 102547902 1
10093677 10948157 1
10093677 39126522 3
10093677 83276772 1
10093677 100570522 3
10093677 102547902 1
5313616 11078077 1
5313616 45851282 1
5313616 60146662 2
5313616 77667942 3
5313616 102962062 1
5313616 108427522 1
10093677 11078077 1
10093677 45851282 1
10093677 60146662 2
10093677 77667942 2
10093677 102962062 1
10093677 108427522 1
11078077 21725741 1
11078077 39126522 1
11078077 45742932 1
11078077 45851282 1
11078077 58670652 1
11078077 60146662 1
11078077 77667942 1
11078077 100570522 1
11078077 102962062 1
11078077 108427522 1
21725741 45851282 1
21725741 60146662 2
21725741 77667942 3
21725741 102962062 1
21725741 108427522 1
39126522 45742932 4
39126522 45851282 1
39126522 58670652 3
39126522 60146662 2
39126522 77667942 3
39126522 102962062 1
39126522 108427522 1
45742932 45851282 1
45742932 60146662 2
45742932 77667942 3
45742932 100570522 1
45742932 102962062 1
45742932 108427522 1
45851282 58670652 1
45851282 60146662 1
45851282 77667942 1
45851282 100570522 1
45851282 102962062 1
45851282 108427522 1
58670652 60146662 2
58670652 77667942 3
58670652 100570522 1
58670652 102962062 1
58670652 108427522 1
60146662 77667942 2
60146662 100570522 1
60146662 102962062 1
60146662 108427522 1
77667942 100570522 1
77667942 102962062 1
77667942 108427522 1
100570522 102962062 1
100570522 108427522 1
102962062 108427522 1
698468 5313616 1
698468 10093677 2
698468 12751145 1
698468 21725741 2
698468 60130512 1
698468 97699062 1
698468 106561672 1
698468 108340302 2
5313616 60130512 1
5313616 106561672 1
5313616 108340302 1
10093677 60130512 1
10093677 97699062 1
10093677 106561672 1
10093677 108340302 2
12751145 60130512 1
12751145 97699062 1
12751145 106561672 1
12751145 108340302 1
21725741 60130512 1
21725741 106561672 1
21725741 108340302 2
60130512 97699062 1
60130512 106561672 1
60130512 108340302 1
97699062 106561672 1
97699062 108340302 1
106561672 108340302 1
39126522 101743652 1
45742932 101743652 1
5313616 9735970 1
5313616 104949472 1
5313616 109292192 1
5313616 109314472 1
9470083 9735970 1
9470083 77667942 1
9470083 104949472 1
9470083 109292192 1
9470083 109314472 1
9735970 12751145 1
9735970 13265063 1
9735970 21725741 1
9735970 39126522 1
9735970 45742932 1
9735970 58670652 1
9735970 77667942 1
9735970 104949472 1
9735970 109292192 1
9735970 109314472 1
12751145 39126522 2
12751145 77667942 2
12751145 104949472 1
12751145 109292192 1
12751145 109314472 1
13265063 77667942 1
13265063 104949472 1
13265063 109292192 1
13265063 109314472 1
21725741 104949472 1
21725741 109292192 1
21725741 109314472 1
39126522 104949472 1
39126522 109292192 1
39126522 109314472 1
45742932 104949472 1
45742932 109292192 1
45742932 109314472 1
58670652 104949472 1
58670652 109292192 1
58670652 109314472 1
77667942 104949472 1
77667942 109292192 1
77667942 109314472 1
104949472 109292192 1
104949472 109314472 1
109292192 109314472 1
698468 9660030 1
698468 9730957 1
698468 100570522 1
698468 104443542 1
9660030 9730957 1
9660030 104443542 1
9660030 108340302 1
9730957 10093677 1
9730957 21725741 1
9730957 100570522 1
9730957 104443542 1
9730957 108340302 1
10093677 104443542 1
21725741 104443542 1
100570522 104443542 1
100570522 108340302 1
104443542 108340302 1
12751145 60146662 1
