87057672 86627722 62313612 54235662 54423442 2507671 76881052 25361692 40912542 87078302 84586282 9660030 56227632 66879792 9173812 14653877 47751862 5222330 8759867 14304571 54271812 11806149 3321413 14097864 66108242 4994643 80574802 85467862 11932503 23486681 39561952 59122272 2277091 7408997 12340582 11868653 62243182 2344434 51159032 719099 62601982 13970047
2277091 2344434 1
2277091 4994643 1
2277091 7408997 1
2277091 8759867 1
2277091 11806149 1
2277091 11868653 1
2277091 13970047 1
2277091 23486681 1
2277091 40912542 1
2277091 54235662 1
2277091 54271812 1
2277091 56227632 1
2277091 66108242 1
2277091 66879792 1
2277091 76881052 1
2277091 84586282 1
2277091 85467862 1
2277091 86627722 1
2344434 4994643 1
2344434 7408997 1
2344434 8759867 1
2344434 11806149 1
2344434 11868653 1
2344434 13970047 1
2344434 23486681 1
2344434 40912542 1
2344434 54235662 1
2344434 54271812 1
2344434 56227632 1
2344434 66108242 1
2344434 66879792 1
2344434 76881052 1
2344434 84586282 1
2344434 85467862 1
2344434 86627722 1
4994643 7408997 1
4994643 8759867 1
4994643 11806149 1
4994643 11868653 1
4994643 13970047 1
4994643 23486681 1
4994643 40912542 1
4994643 54235662 1
4994643 54271812 1
4994643 56227632 1
4994643 66108242 1
4994643 66879792 1
4994643 76881052 1
4994643 84586282 1
4994643 85467862 1
4994643 86627722 1
7408997 8759867 1
7408997 11806149 1
7408997 11868653 1
7408997 13970047 1
7408997 23486681 2
7408997 40912542 1
7408997 54235662 1
7408997 54271812 1
7408997 56227632 1
7408997 66108242 1
7408997 66879792 1
7408997 76881052 1
7408997 84586282 2
7408997 85467862 1
7408997 86627722 1
8759867 11806149 1
8759867 11868653 3
8759867 13970047 1
8759867 23486681 2
8759867 40912542 1
8759867 54235662 1
8759867 54271812 1
8759867 56227632 3
8759867 66108242 1
8759867 66879792 2
8759867 76881052 2
8759867 84586282 1
8759867 85467862 2
8759867 86627722 1
11806149 11868653 1
11806149 13970047 1
11806149 23486681 1
11806149 40912542 1
11806149 54235662 1
11806149 54271812 1
11806149 56227632 1
11806149 66108242 1
11806149 66879792 1
11806149 76881052 1
11806149 84586282 1
11806149 85467862 1
11806149 86627722 1
11868653 13970047 2
11868653 23486681 3
11868653 40912542 1
11868653 54235662 1
11868653 54271812 1
11868653 56227632 3
11868653 66108242 1
11868653 66879792 2
11868653 76881052 1
11868653 84586282 1
11868653 85467862 2
11868653 86627722 1
13970047 23486681 2
13970047 40912542 1
13970047 54235662 1
13970047 54271812 1
13970047 56227632 2
13970047 66108242 1
13970047 66879792 2
13970047 76881052 1
13970047 84586282 1
13970047 85467862 2
13970047 86627722 1
23486681 40912542 1
23486681 54235662 1
23486681 54271812 1
23486681 56227632 2
23486681 66108242 1
23486681 66879792 2
23486681 76881052 1
23486681 84586282 2
23486681 85467862 2
23486681 86627722 1
40912542 54235662 1
40912542 54271812 1
40912542 56227632 1
40912542 66108242 1
40912542 66879792 1
40912542 76881052 1
40912542 84586282 1
40912542 85467862 1
40912542 86627722 1
54235662 54271812 1
54235662 56227632 1
54235662 66108242 1
54235662 66879792 1
54235662 76881052 1
54235662 84586282 1
54235662 85467862 1
54235662 86627722 1
54271812 56227632 1
54271812 66108242 1
54271812 66879792 1
54271812 76881052 1
54271812 84586282 1
54271812 85467862 1
54271812 86627722 1
56227632 66108242 1
56227632 66879792 3
56227632 76881052 1
56227632 84586282 2
56227632 85467862 3
56227632 86627722 1
66108242 66879792 1
66108242 76881052 1
66108242 84586282 1
66108242 85467862 1
66108242 86627722 1
66879792 76881052 1
66879792 84586282 1
66879792 85467862 3
66879792 86627722 1
76881052 84586282 1
76881052 85467862 1
76881052 86627722 1
84586282 85467862 1
84586282 86627722 1
85467862 86627722 1
3321413 8759867 1
3321413 39561952 2
3321413 62243182 1
3321413 76881052 1
8759867 39561952 2
8759867 62243182 3
39561952 62243182 1
39561952 76881052 1
62243182 76881052 1
7408997 9173812 1
7408997 12340582 1
7408997 47751862 1
7408997 51159032 1
7408997 62601982 1
7408997 80574802 1
7408997 87057672 1
7408997 87078302 1
9173812 12340582 1
9173812 23486681 1
9173812 47751862 1
9173812 51159032 1
9173812 62601982 1
9173812 80574802 1
9173812 84586282 1
9173812 87057672 1
9173812 87078302 1
12340582 23486681 1
12340582 47751862 1
12340582 51159032 1
12340582 62601982 1
12340582 80574802 1
12340582 84586282 1
12340582 87057672 1
12340582 87078302 1
23486681 47751862 1
23486681 51159032 1
23486681 62601982 1
23486681 80574802 1
23486681 87057672 2
23486681 87078302 2
47751862 51159032 1
47751862 62601982 1
47751862 80574802 1
47751862 84586282 1
47751862 87057672 1
47751862 87078302 1
51159032 62601982 1
51159032 80574802 2
51159032 84586282 1
51159032 87057672 3
51159032 87078302 1
62601982 80574802 1
62601982 84586282 1
62601982 87057672 1
62601982 87078302 1
80574802 84586282 1
80574802 87057672 2
80574802 87078302 1
84586282 87057672 1
84586282 87078302 1
87057672 87078302 2
3321413 56227632 1
3321413 84586282 1
39561952 56227632 1
39561952 84586282 1
14304571 51159032 1
14304571 62243182 1
14304571 66108242 1
14304571 87057672 1
51159032 62243182 2
51159032 66108242 1
62243182 66108242 1
62243182 87057672 2
66108242 87057672 1
8759867 87057672 2
8759867 87078302 1
11868653 39561952 1
11868653 87057672 1
11868653 87078302 1
23486681 39561952 1
39561952 87057672 1
39561952 87078302 1
719099 2507671 1
719099 5222330 1
719099 8759867 1
719099 9660030 1
719099 11932503 1
719099 51159032 1
719099 56227632 1
719099 59122272 1
719099 62243182 1
719099 62313612 1
719099 66879792 1
719099 80574802 1
719099 85467862 1
719099 87057672 1
2507671 5222330 1
2507671 8759867 1
2507671 9660030 2
2507671 11932503 1
2507671 51159032 1
2507671 56227632 2
2507671 59122272 2
2507671 62243182 2
2507671 62313612 1
2507671 66879792 2
2507671 80574802 1
2507671 85467862 2
2507671 87057672 1
5222330 8759867 1
5222330 9660030 1
5222330 11932503 1
5222330 51159032 1
5222330 56227632 1
5222330 59122272 1
5222330 62243182 1
5222330 62313612 1
5222330 66879792 1
5222330 80574802 1
5222330 85467862 1
5222330 87057672 1
8759867 9660030 1
8759867 11932503 1
8759867 51159032 1
8759867 59122272 1
8759867 62313612 1
8759867 80574802 1
9660030 11932503 1
9660030 51159032 1
9660030 56227632 2
9660030 59122272 2
9660030 62243182 2
9660030 62313612 1
9660030 66879792 2
9660030 80574802 1
9660030 85467862 2
9660030 87057672 1
11932503 51159032 1
11932503 56227632 1
11932503 59122272 1
11932503 62243182 1
11932503 62313612 1
11932503 66879792 1
11932503 80574802 1
11932503 85467862 1
11932503 87057672 1
51159032 56227632 1
51159032 59122272 1
51159032 62313612 1
51159032 66879792 1
51159032 85467862 1
56227632 59122272 2
56227632 62243182 3
56227632 62313612 1
56227632 80574802 1
56227632 87057672 1
59122272 62243182 2
59122272 62313612 1
59122272 66879792 2
59122272 80574802 1
59122272 85467862 2
59122272 87057672 1
62243182 62313612 1
62243182 66879792 2
62243182 80574802 1
62243182 85467862 2
62313612 66879792 1
62313612 80574802 1
62313612 85467862 1
62313612 87057672 1
66879792 80574802 1
66879792 87057672 1
80574802 85467862 1
85467862 87057672 1
2507671 11868653 1
2507671 13970047 1
2507671 14097864 1
2507671 14653877 1
2507671 23486681 1
2507671 54423442 1
9660030 11868653 1
9660030 13970047 1
9660030 14097864 1
9660030 14653877 1
9660030 23486681 1
9660030 54423442 1
11868653 14097864 1
11868653 14653877 1
11868653 54423442 1
11868653 59122272 1
11868653 62243182 2
13970047 14097864 1
13970047 14653877 1
13970047 54423442 1
13970047 59122272 1
13970047 62243182 1
14097864 14653877 1
14097864 23486681 1
14097864 54423442 1
14097864 56227632 1
14097864 59122272 1
14097864 62243182 1
14097864 66879792 1
14097864 85467862 1
14653877 23486681 1
14653877 54423442 1
14653877 56227632 1
14653877 59122272 1
14653877 62243182 1
14653877 66879792 1
14653877 85467862 1
23486681 54423442 1
23486681 59122272 1
23486681 62243182 1
54423442 56227632 1
54423442 59122272 1
54423442 62243182 1
54423442 66879792 1
54423442 85467862 1
8759867 25361692 1
11868653 25361692 1
25361692 56227632 1
25361692 62243182 1
