11854464 37547142 58960932 70771242 4373291 38199342 56227632 11580470 75021752 14304571 8759867 11806149 3321413 4497991 14097864 14456012 66108242 59958612 7631068 70668252 26388062 39561952 59122272 40031972 7408997 11868653 62243182 2344434 10749554 56994292 51159032 534011
8759867 11854464 1
8759867 11868653 7
8759867 14456012 7
8759867 51159032 6
8759867 56227632 5
8759867 62243182 6
8759867 66108242 4
11854464 11868653 1
11854464 14456012 1
11854464 51159032 1
11854464 56227632 1
11854464 62243182 1
11854464 66108242 1
11868653 14456012 6
11868653 51159032 5
11868653 56227632 5
11868653 62243182 5
11868653 66108242 4
14456012 51159032 5
14456012 56227632 5
14456012 62243182 6
14456012 66108242 4
51159032 56227632 5
51159032 62243182 5
51159032 66108242 2
56227632 62243182 4
56227632 66108242 2
62243182 66108242 3
7408997 8759867 2
7408997 11868653 2
7408997 14304571 1
7408997 14456012 2
7408997 39561952 1
7408997 66108242 2
8759867 14304571 2
8759867 39561952 4
11868653 14304571 2
11868653 39561952 4
14304571 14456012 1
14304571 39561952 1
14304571 66108242 1
14456012 39561952 5
39561952 66108242 2
14097864 14456012 4
14097864 39561952 2
14097864 56227632 3
39561952 56227632 3
534011 8759867 3
534011 11868653 3
534011 14097864 1
534011 14456012 2
534011 38199342 1
534011 39561952 2
534011 51159032 2
534011 56227632 2
534011 58960932 2
534011 62243182 3
8759867 14097864 3
8759867 38199342 3
8759867 58960932 2
11868653 14097864 2
11868653 38199342 3
11868653 58960932 2
14097864 38199342 2
14097864 51159032 3
14097864 58960932 1
14097864 62243182 3
14456012 38199342 3
14456012 58960932 2
38199342 39561952 2
38199342 51159032 3
38199342 56227632 3
38199342 58960932 1
38199342 62243182 2
39561952 51159032 2
39561952 58960932 1
39561952 62243182 2
51159032 58960932 2
56227632 58960932 2
58960932 62243182 3
2344434 8759867 1
2344434 11806149 1
2344434 11868653 1
2344434 14456012 2
2344434 38199342 1
2344434 39561952 1
2344434 51159032 1
2344434 56227632 1
2344434 56994292 1
2344434 70771242 1
8759867 11806149 5
8759867 56994292 2
8759867 70771242 3
11806149 11868653 4
11806149 14456012 4
11806149 38199342 2
11806149 39561952 2
11806149 51159032 4
11806149 56227632 3
11806149 56994292 2
11806149 70771242 3
11868653 56994292 1
11868653 70771242 3
14456012 56994292 2
14456012 70771242 3
38199342 56994292 1
38199342 70771242 2
39561952 56994292 1
39561952 70771242 2
51159032 56994292 2
51159032 70771242 2
56227632 56994292 1
56227632 70771242 2
56994292 70771242 1
534011 7631068 1
534011 11806149 2
534011 26388062 1
534011 66108242 1
534011 70771242 1
7631068 8759867 2
7631068 11806149 2
7631068 11868653 2
7631068 14456012 2
7631068 26388062 2
7631068 39561952 1
7631068 62243182 2
7631068 66108242 2
7631068 70771242 2
8759867 26388062 2
11806149 26388062 2
11806149 62243182 4
11806149 66108242 2
11868653 26388062 2
14456012 26388062 2
26388062 39561952 1
26388062 62243182 2
26388062 66108242 2
26388062 70771242 2
62243182 70771242 2
66108242 70771242 2
7408997 7631068 1
7408997 10749554 1
7408997 11806149 1
7408997 14097864 1
7408997 26388062 1
7408997 38199342 1
7408997 51159032 1
7408997 56227632 1
7408997 62243182 1
7408997 70771242 1
7631068 10749554 1
7631068 14097864 1
7631068 38199342 1
7631068 51159032 1
7631068 56227632 1
8759867 10749554 2
10749554 11806149 2
10749554 11868653 1
10749554 14097864 2
10749554 14456012 2
10749554 26388062 1
10749554 38199342 1
10749554 51159032 2
10749554 56227632 1
10749554 62243182 2
10749554 66108242 1
10749554 70771242 1
11806149 14097864 2
14097864 26388062 1
14097864 66108242 1
14097864 70771242 1
26388062 38199342 1
26388062 51159032 1
26388062 56227632 1
38199342 66108242 1
2344434 4373291 1
2344434 58960932 1
2344434 59122272 1
2344434 59958612 1
2344434 62243182 1
4373291 14456012 1
4373291 58960932 1
4373291 59122272 1
4373291 59958612 1
4373291 62243182 1
14456012 59122272 2
14456012 59958612 1
58960932 59122272 1
58960932 59958612 1
59122272 59958612 1
59122272 62243182 2
59958612 62243182 1
4497991 8759867 1
4497991 10749554 1
4497991 11580470 1
4497991 11806149 1
4497991 14097864 1
4497991 14456012 1
4497991 40031972 1
4497991 51159032 1
4497991 56994292 1
4497991 59122272 1
4497991 62243182 1
4497991 70668252 1
8759867 11580470 1
8759867 40031972 1
8759867 59122272 1
8759867 70668252 1
10749554 11580470 1
10749554 40031972 1
10749554 56994292 1
10749554 59122272 1
10749554 70668252 1
11580470 11806149 1
11580470 14097864 1
11580470 14456012 1
11580470 40031972 1
11580470 51159032 1
11580470 56994292 1
11580470 59122272 1
11580470 62243182 1
11580470 70668252 1
11806149 40031972 1
11806149 59122272 1
11806149 70668252 1
14097864 40031972 1
14097864 56994292 1
14097864 59122272 1
14097864 70668252 1
14456012 40031972 1
14456012 70668252 1
40031972 51159032 1
40031972 56994292 1
40031972 59122272 1
40031972 62243182 1
40031972 70668252 1
51159032 59122272 1
51159032 70668252 1
56994292 59122272 1
56994292 62243182 1
56994292 70668252 1
59122272 70668252 1
62243182 70668252 1
534011 3321413 1
534011 14304571 1
534011 37547142 1
534011 75021752 1
3321413 8759867 1
3321413 11806149 1
3321413 11868653 1
3321413 14304571 1
3321413 37547142 1
3321413 51159032 1
3321413 56227632 1
3321413 58960932 1
3321413 62243182 1
3321413 75021752 1
8759867 37547142 1
8759867 75021752 1
11806149 14304571 1
11806149 37547142 1
11806149 58960932 1
11806149 75021752 1
11868653 37547142 1
11868653 75021752 1
14304571 37547142 1
14304571 51159032 1
14304571 56227632 1
14304571 58960932 1
14304571 62243182 1
14304571 75021752 1
37547142 51159032 1
37547142 56227632 1
37547142 58960932 1
37547142 62243182 1
37547142 75021752 1
51159032 75021752 1
56227632 75021752 1
58960932 75021752 1
62243182 75021752 1
