13604740 10217092 37547142 38600072 87057672 17508881 54423442 87185042 66938902 534011 24827032 40912542 11947552 58960932 84586282 4373291 13809579 3129131 56227632 8303027 47751862 75021752 10198330 14304571 8759867 14099902 74345922 11806149 3321413 10295625 14456012 8314189 79524302 24318542 78347472 80574802 66108242 85467862 23486681 26388062 39561952 69450722 11112931 40031972 7408997 12340582 13972195 9295462 63070312 11868653 62243182 60003952 56994292 51159032 17038841 11629819 79876092 15147391
534011 3321413 4
534011 8759867 3
534011 11806149 3
534011 11868653 4
534011 14304571 2
534011 37547142 2
534011 51159032 3
534011 56227632 3
534011 58960932 1
534011 62243182 3
534011 75021752 2
3321413 8759867 6
3321413 11806149 6
3321413 11868653 6
3321413 14304571 3
3321413 37547142 2
3321413 51159032 4
3321413 56227632 4
3321413 58960932 1
3321413 62243182 4
3321413 75021752 3
8759867 11806149 5
8759867 11868653 6
8759867 14304571 3
8759867 37547142 2
8759867 51159032 4
8759867 56227632 3
8759867 58960932 1
8759867 62243182 4
8759867 75021752 3
11806149 11868653 5
11806149 14304571 2
11806149 37547142 1
11806149 51159032 4
11806149 56227632 4
11806149 58960932 1
11806149 62243182 3
11806149 75021752 3
11868653 14304571 3
11868653 37547142 2
11868653 51159032 5
11868653 56227632 4
11868653 58960932 1
11868653 62243182 4
11868653 75021752 3
14304571 37547142 2
14304571 51159032 1
14304571 56227632 1
14304571 58960932 1
14304571 62243182 2
14304571 75021752 1
37547142 51159032 1
37547142 56227632 1
37547142 58960932 1
37547142 62243182 2
37547142 75021752 1
51159032 56227632 4
51159032 58960932 1
51159032 62243182 3
51159032 75021752 3
56227632 58960932 1
56227632 62243182 3
56227632 75021752 3
58960932 62243182 1
58960932 75021752 1
62243182 75021752 3
534011 4373291 1
534011 7408997 1
534011 10198330 1
534011 10295625 1
534011 11112931 1
534011 11629819 1
534011 12340582 2
534011 13809579 1
534011 17038841 1
534011 66938902 1
534011 74345922 1
3321413 4373291 1
3321413 7408997 1
3321413 10198330 1
3321413 10295625 1
3321413 11112931 1
3321413 11629819 2
3321413 12340582 2
3321413 13809579 1
3321413 17038841 1
3321413 66938902 1
3321413 74345922 1
4373291 7408997 1
4373291 8759867 1
4373291 10198330 1
4373291 10295625 1
4373291 11112931 1
4373291 11629819 1
4373291 11868653 1
4373291 12340582 1
4373291 13809579 1
4373291 14304571 1
4373291 17038841 1
4373291 37547142 1
4373291 62243182 1
4373291 66938902 1
4373291 74345922 1
7408997 8759867 1
7408997 10198330 1
7408997 10295625 1
7408997 11112931 1
7408997 11629819 1
7408997 11868653 1
7408997 12340582 1
7408997 13809579 1
7408997 14304571 1
7408997 17038841 1
7408997 37547142 1
7408997 62243182 1
7408997 66938902 1
7408997 74345922 1
8759867 10198330 1
8759867 10295625 1
8759867 11112931 1
8759867 11629819 2
8759867 12340582 2
8759867 13809579 1
8759867 17038841 1
8759867 66938902 1
8759867 74345922 1
10198330 10295625 1
10198330 11112931 1
10198330 11629819 1
10198330 11868653 1
10198330 12340582 1
10198330 13809579 1
10198330 14304571 1
10198330 17038841 1
10198330 37547142 1
10198330 62243182 1
10198330 66938902 1
10198330 74345922 1
10295625 11112931 1
10295625 11629819 1
10295625 11868653 1
10295625 12340582 1
10295625 13809579 1
10295625 14304571 1
10295625 17038841 1
10295625 37547142 1
10295625 62243182 1
10295625 66938902 1
10295625 74345922 1
11112931 11629819 1
11112931 11868653 1
11112931 12340582 1
11112931 13809579 1
11112931 14304571 1
11112931 17038841 1
11112931 37547142 1
11112931 62243182 1
11112931 66938902 1
11112931 74345922 1
11629819 11868653 1
11629819 12340582 1
11629819 13809579 1
11629819 14304571 1
11629819 17038841 1
11629819 37547142 1
11629819 62243182 1
11629819 66938902 1
11629819 74345922 1
11868653 12340582 3
11868653 13809579 1
11868653 17038841 1
11868653 66938902 2
11868653 74345922 1
12340582 13809579 1
12340582 14304571 1
12340582 17038841 1
12340582 37547142 1
12340582 62243182 1
12340582 66938902 1
12340582 74345922 1
13809579 14304571 1
13809579 17038841 1
13809579 37547142 1
13809579 62243182 1
13809579 66938902 1
13809579 74345922 1
14304571 17038841 1
14304571 66938902 1
14304571 74345922 1
17038841 37547142 1
17038841 62243182 1
17038841 66938902 1
17038841 74345922 1
37547142 66938902 1
37547142 74345922 1
62243182 66938902 1
62243182 74345922 1
66938902 74345922 1
3129131 3321413 1
3129131 8303027 1
3129131 8759867 1
3129131 11806149 1
3129131 11868653 1
3129131 13604740 1
3129131 14304571 1
3129131 17508881 1
3129131 39561952 1
3129131 40912542 1
3129131 54423442 1
3129131 56994292 1
3129131 69450722 1
3321413 8303027 1
3321413 13604740 1
3321413 17508881 1
3321413 39561952 3
3321413 40912542 2
3321413 54423442 1
3321413 56994292 1
3321413 69450722 1
8303027 8759867 1
8303027 11806149 1
8303027 11868653 1
8303027 13604740 1
8303027 14304571 1
8303027 17508881 1
8303027 39561952 1
8303027 40912542 1
8303027 54423442 1
8303027 56994292 1
8303027 69450722 1
8759867 13604740 1
8759867 17508881 1
8759867 39561952 4
8759867 40912542 2
8759867 54423442 1
8759867 56994292 1
8759867 69450722 1
11806149 13604740 1
11806149 17508881 1
11806149 39561952 3
11806149 40912542 2
11806149 54423442 1
11806149 56994292 1
11806149 69450722 1
11868653 13604740 1
11868653 17508881 1
11868653 39561952 3
11868653 40912542 2
11868653 54423442 1
11868653 56994292 1
11868653 69450722 2
13604740 14304571 1
13604740 17508881 1
13604740 39561952 1
13604740 40912542 1
13604740 54423442 1
13604740 56994292 1
13604740 69450722 1
14304571 17508881 1
14304571 39561952 1
14304571 40912542 1
14304571 54423442 1
14304571 56994292 1
14304571 69450722 1
17508881 39561952 1
17508881 40912542 1
17508881 54423442 1
17508881 56994292 1
17508881 69450722 1
39561952 40912542 2
39561952 54423442 1
39561952 56994292 1
39561952 69450722 1
40912542 54423442 1
40912542 56994292 1
40912542 69450722 1
54423442 56994292 1
54423442 69450722 1
56994292 69450722 1
3321413 60003952 2
3321413 80574802 3
8759867 60003952 2
8759867 80574802 4
11629819 11806149 1
11629819 39561952 1
11629819 60003952 1
11629819 80574802 1
11806149 60003952 2
11806149 80574802 3
39561952 60003952 2
39561952 80574802 3
60003952 80574802 2
534011 39561952 1
534011 40912542 1
534011 47751862 1
534011 60003952 1
534011 66108242 2
534011 79876092 1
534011 80574802 1
3321413 47751862 2
3321413 66108242 3
3321413 79876092 2
8759867 47751862 3
8759867 66108242 3
8759867 79876092 2
11806149 47751862 2
11806149 66108242 3
11806149 79876092 2
11868653 47751862 3
11868653 60003952 1
11868653 66108242 4
11868653 79876092 2
11868653 80574802 4
39561952 47751862 2
39561952 51159032 2
39561952 56227632 2
39561952 62243182 1
39561952 66108242 3
39561952 75021752 1
39561952 79876092 1
40912542 47751862 1
40912542 51159032 1
40912542 56227632 1
40912542 60003952 1
40912542 62243182 1
40912542 66108242 1
40912542 75021752 1
40912542 79876092 1
40912542 80574802 1
47751862 51159032 3
47751862 56227632 2
47751862 60003952 1
47751862 62243182 2
47751862 66108242 3
47751862 75021752 2
47751862 79876092 2
47751862 80574802 3
51159032 60003952 1
51159032 66108242 4
51159032 79876092 2
51159032 80574802 3
56227632 60003952 1
56227632 66108242 4
56227632 79876092 2
56227632 80574802 2
60003952 62243182 1
60003952 66108242 1
60003952 75021752 1
60003952 79876092 1
62243182 66108242 2
62243182 79876092 2
62243182 80574802 2
66108242 75021752 2
66108242 79876092 2
66108242 80574802 3
75021752 79876092 2
75021752 80574802 2
79876092 80574802 2
8759867 10217092 1
8759867 24827032 1
8759867 40031972 1
8759867 78347472 1
8759867 79524302 1
10217092 11868653 1
10217092 12340582 1
10217092 24827032 1
10217092 39561952 1
10217092 40031972 1
10217092 47751862 1
10217092 51159032 1
10217092 66108242 1
10217092 78347472 1
10217092 79524302 1
10217092 80574802 1
11868653 24827032 1
11868653 40031972 1
11868653 78347472 1
11868653 79524302 2
12340582 24827032 1
12340582 39561952 1
12340582 40031972 1
12340582 47751862 1
12340582 51159032 2
12340582 66108242 2
12340582 78347472 1
12340582 79524302 1
12340582 80574802 1
24827032 39561952 1
24827032 40031972 1
24827032 47751862 1
24827032 51159032 1
24827032 66108242 1
24827032 78347472 1
24827032 79524302 1
24827032 80574802 1
39561952 40031972 1
39561952 78347472 1
39561952 79524302 1
40031972 47751862 1
40031972 51159032 1
40031972 66108242 1
40031972 78347472 1
40031972 79524302 1
40031972 80574802 1
47751862 78347472 1
47751862 79524302 1
51159032 78347472 1
51159032 79524302 1
66108242 78347472 1
66108242 79524302 1
78347472 79524302 1
78347472 80574802 1
79524302 80574802 2
11868653 84586282 2
66938902 69450722 1
66938902 79524302 1
66938902 80574802 1
66938902 84586282 2
69450722 79524302 1
69450722 80574802 1
69450722 84586282 1
79524302 84586282 1
80574802 84586282 2
23486681 39561952 1
23486681 56227632 2
23486681 66108242 2
23486681 66938902 1
23486681 84586282 1
39561952 66938902 1
39561952 84586282 1
56227632 66938902 1
56227632 84586282 2
66108242 66938902 1
66108242 84586282 2
534011 11947552 1
534011 13972195 1
534011 14099902 1
534011 14456012 1
534011 15147391 1
534011 23486681 1
534011 87185042 1
3321413 11947552 1
3321413 13972195 1
3321413 14099902 1
3321413 14456012 1
3321413 15147391 1
3321413 23486681 1
3321413 87185042 1
11806149 11947552 1
11806149 12340582 1
11806149 13972195 1
11806149 14099902 1
11806149 14456012 1
11806149 15147391 1
11806149 23486681 1
11806149 87185042 1
11868653 11947552 1
11868653 13972195 1
11868653 14099902 1
11868653 14456012 1
11868653 15147391 1
11868653 23486681 1
11868653 87185042 1
11947552 12340582 1
11947552 13972195 1
11947552 14099902 1
11947552 14456012 1
11947552 15147391 1
11947552 23486681 1
11947552 51159032 1
11947552 56227632 1
11947552 66108242 1
11947552 87185042 1
12340582 13972195 1
12340582 14099902 1
12340582 14456012 1
12340582 15147391 1
12340582 23486681 1
12340582 56227632 1
12340582 87185042 1
13972195 14099902 1
13972195 14456012 1
13972195 15147391 1
13972195 23486681 1
13972195 51159032 1
13972195 56227632 1
13972195 66108242 1
13972195 87185042 1
14099902 14456012 1
14099902 15147391 1
14099902 23486681 1
14099902 51159032 1
14099902 56227632 1
14099902 66108242 1
14099902 87185042 1
14456012 15147391 1
14456012 23486681 1
14456012 51159032 1
14456012 56227632 1
14456012 66108242 1
14456012 87185042 1
15147391 23486681 1
15147391 51159032 1
15147391 56227632 1
15147391 66108242 1
15147391 87185042 1
23486681 51159032 1
23486681 87185042 1
51159032 87185042 1
56227632 87185042 1
66108242 87185042 1
3321413 8314189 1
3321413 9295462 1
3321413 24318542 1
3321413 26388062 1
3321413 38600072 1
3321413 63070312 1
3321413 84586282 1
3321413 85467862 1
3321413 87057672 1
8314189 8759867 1
8314189 9295462 1
8314189 11806149 1
8314189 11868653 1
8314189 24318542 1
8314189 26388062 1
8314189 38600072 1
8314189 47751862 1
8314189 51159032 1
8314189 56227632 1
8314189 62243182 1
8314189 63070312 1
8314189 66108242 1
8314189 75021752 1
8314189 79876092 1
8314189 80574802 1
8314189 84586282 1
8314189 85467862 1
8314189 87057672 1
8759867 9295462 1
8759867 24318542 1
8759867 26388062 1
8759867 38600072 1
8759867 63070312 1
8759867 84586282 1
8759867 85467862 1
8759867 87057672 1
9295462 11806149 1
9295462 11868653 1
9295462 24318542 1
9295462 26388062 1
9295462 38600072 1
9295462 47751862 1
9295462 51159032 1
9295462 56227632 1
9295462 62243182 1
9295462 63070312 1
9295462 66108242 1
9295462 75021752 1
9295462 79876092 1
9295462 80574802 1
9295462 84586282 1
9295462 85467862 1
9295462 87057672 1
11806149 24318542 1
11806149 26388062 1
11806149 38600072 1
11806149 63070312 1
11806149 84586282 1
11806149 85467862 1
11806149 87057672 1
11868653 24318542 1
11868653 26388062 1
11868653 38600072 1
11868653 63070312 1
11868653 85467862 1
11868653 87057672 1
24318542 26388062 1
24318542 38600072 1
24318542 47751862 1
24318542 51159032 1
24318542 56227632 1
24318542 62243182 1
24318542 63070312 1
24318542 66108242 1
24318542 75021752 1
24318542 79876092 1
24318542 80574802 1
24318542 84586282 1
24318542 85467862 1
24318542 87057672 1
26388062 38600072 1
26388062 47751862 1
26388062 51159032 1
26388062 56227632 1
26388062 62243182 1
26388062 63070312 1
26388062 66108242 1
26388062 75021752 1
26388062 79876092 1
26388062 80574802 1
26388062 84586282 1
26388062 85467862 1
26388062 87057672 1
38600072 47751862 1
38600072 51159032 1
38600072 56227632 1
38600072 62243182 1
38600072 63070312 1
38600072 66108242 1
38600072 75021752 1
38600072 79876092 1
38600072 80574802 1
38600072 84586282 1
38600072 85467862 1
38600072 87057672 1
47751862 63070312 1
47751862 84586282 1
47751862 85467862 1
47751862 87057672 1
51159032 63070312 1
51159032 84586282 1
51159032 85467862 1
51159032 87057672 1
56227632 63070312 1
56227632 85467862 1
56227632 87057672 1
62243182 63070312 1
62243182 84586282 1
62243182 85467862 1
62243182 87057672 1
63070312 66108242 1
63070312 75021752 1
63070312 79876092 1
63070312 80574802 1
63070312 84586282 1
63070312 85467862 1
63070312 87057672 1
66108242 85467862 1
66108242 87057672 1
75021752 84586282 1
75021752 85467862 1
75021752 87057672 1
79876092 84586282 1
79876092 85467862 1
79876092 87057672 1
80574802 85467862 1
80574802 87057672 1
84586282 85467862 1
84586282 87057672 1
85467862 87057672 1
