12190720 126586372 1272839 130996232 182483472 62806552 85712922 11067431 183178793 105863722 1602608 183016519 31924812 97116252 26388062 27677792 91788392 153122422 26979962 37547142 80405132 67352212 2113690 76705962 150556842 111773872 55806132 12535989 183652022 94510772 47751862 184060606 79493312 21373131 85467862 39561952 171707622 8572135 183901931 6370031 183495409 164907262 183735551 180395272 2595088 157711642 3122465 43995942 45644582 3129131 56227632 66879792 41877302 62717252 66108242 80574802 182796631 148486502 62243182 70224752 13322100 75548022 27062142 8438144 183240076 146489742 2507671 11604376 184013734 51816872 155224502 164011962 11754948 183410125 12443086 125040592 140295132 174223842 182659046 11138029 11868653 56994292 51159032
2507671 11754948 1
2507671 26388062 1
2507671 43995942 1
2507671 45644582 1
2507671 51159032 1
2507671 56227632 1
2507671 62243182 2
2507671 62806552 1
2507671 66108242 2
2507671 79493312 1
2507671 80574802 2
2507671 111773872 1
2507671 130996232 1
2507671 148486502 1
2507671 182483472 1
11754948 26388062 2
11754948 43995942 1
11754948 45644582 1
11754948 51159032 1
11754948 56227632 2
11754948 62243182 1
11754948 62806552 2
11754948 66108242 2
11754948 79493312 1
11754948 80574802 2
11754948 111773872 2
11754948 130996232 2
11754948 148486502 2
11754948 182483472 2
26388062 43995942 1
26388062 45644582 1
26388062 51159032 1
26388062 56227632 2
26388062 62243182 1
26388062 62806552 2
26388062 66108242 2
26388062 79493312 1
26388062 80574802 2
26388062 111773872 2
26388062 130996232 2
26388062 148486502 2
26388062 182483472 2
43995942 45644582 1
43995942 51159032 1
43995942 56227632 1
43995942 62243182 1
43995942 62806552 1
43995942 66108242 2
43995942 79493312 1
43995942 80574802 1
43995942 111773872 1
43995942 130996232 1
43995942 148486502 1
43995942 182483472 1
45644582 51159032 1
45644582 56227632 1
45644582 62243182 2
45644582 62806552 2
45644582 66108242 2
45644582 79493312 1
45644582 80574802 2
45644582 111773872 1
45644582 130996232 1
45644582 148486502 2
45644582 182483472 1
51159032 56227632 2
51159032 62243182 2
51159032 62806552 1
51159032 66108242 2
51159032 79493312 1
51159032 80574802 2
51159032 111773872 1
51159032 130996232 1
51159032 148486502 2
51159032 182483472 2
56227632 62243182 4
56227632 62806552 2
56227632 66108242 5
56227632 79493312 1
56227632 80574802 4
56227632 111773872 2
56227632 130996232 3
56227632 148486502 3
56227632 182483472 4
62243182 62806552 1
62243182 66108242 6
62243182 79493312 1
62243182 80574802 5
62243182 111773872 1
62243182 130996232 2
62243182 148486502 2
62243182 182483472 3
62806552 66108242 2
62806552 79493312 1
62806552 80574802 3
62806552 111773872 2
62806552 130996232 2
62806552 148486502 3
62806552 182483472 2
66108242 79493312 1
66108242 80574802 5
66108242 111773872 2
66108242 130996232 3
66108242 148486502 3
66108242 182483472 4
79493312 80574802 1
79493312 111773872 1
79493312 130996232 1
79493312 148486502 1
79493312 182483472 1
80574802 111773872 2
80574802 130996232 2
80574802 148486502 4
80574802 182483472 4
111773872 130996232 2
111773872 148486502 2
111773872 182483472 2
130996232 148486502 2
130996232 182483472 2
148486502 182483472 3
2595088 56227632 1
2595088 62243182 1
2595088 66108242 1
2595088 67352212 1
2595088 70224752 1
2595088 80405132 1
2595088 85467862 1
2595088 97116252 1
2595088 130996232 1
2595088 157711642 1
56227632 67352212 2
56227632 70224752 1
56227632 80405132 1
56227632 85467862 3
56227632 97116252 3
56227632 157711642 2
62243182 67352212 2
62243182 70224752 1
62243182 80405132 2
62243182 85467862 4
62243182 97116252 4
62243182 157711642 2
66108242 67352212 2
66108242 70224752 1
66108242 80405132 1
66108242 85467862 4
66108242 97116252 4
66108242 157711642 2
67352212 70224752 1
67352212 80405132 1
67352212 85467862 2
67352212 97116252 2
67352212 130996232 1
67352212 157711642 1
70224752 80405132 1
70224752 85467862 1
70224752 97116252 1
70224752 130996232 1
70224752 157711642 1
80405132 85467862 1
80405132 97116252 1
80405132 130996232 1
80405132 157711642 1
85467862 97116252 4
85467862 130996232 1
85467862 157711642 2
97116252 130996232 1
97116252 157711642 2
130996232 157711642 1
8438144 11067431 1
8438144 11138029 1
8438144 11754948 1
8438144 12443086 1
8438144 26388062 1
8438144 26979962 1
8438144 37547142 1
8438144 56227632 2
8438144 62806552 1
8438144 66108242 2
8438144 66879792 1
8438144 80574802 2
8438144 91788392 1
8438144 111773872 1
8438144 125040592 1
8438144 130996232 1
8438144 146489742 1
8438144 148486502 1
8438144 174223842 1
8438144 182483472 2
11067431 11138029 1
11067431 11754948 1
11067431 12443086 2
11067431 26388062 1
11067431 26979962 1
11067431 37547142 1
11067431 56227632 2
11067431 62806552 1
11067431 66108242 2
11067431 66879792 2
11067431 80574802 2
11067431 91788392 1
11067431 111773872 1
11067431 125040592 1
11067431 130996232 1
11067431 146489742 1
11067431 148486502 2
11067431 174223842 1
11067431 182483472 2
11138029 11754948 1
11138029 12443086 1
11138029 26388062 1
11138029 26979962 1
11138029 37547142 1
11138029 56227632 1
11138029 62806552 1
11138029 66108242 1
11138029 66879792 1
11138029 80574802 1
11138029 91788392 1
11138029 111773872 1
11138029 125040592 1
11138029 130996232 1
11138029 146489742 1
11138029 148486502 1
11138029 174223842 1
11138029 182483472 1
11754948 12443086 1
11754948 26979962 1
11754948 37547142 1
11754948 66879792 1
11754948 91788392 1
11754948 125040592 1
11754948 146489742 1
11754948 174223842 1
12443086 26388062 1
12443086 26979962 1
12443086 37547142 1
12443086 56227632 2
12443086 62806552 1
12443086 66108242 2
12443086 66879792 2
12443086 80574802 2
12443086 91788392 1
12443086 111773872 1
12443086 125040592 1
12443086 130996232 1
12443086 146489742 1
12443086 148486502 2
12443086 174223842 1
12443086 182483472 2
26388062 26979962 1
26388062 37547142 1
26388062 66879792 1
26388062 91788392 1
26388062 125040592 1
26388062 146489742 1
26388062 174223842 1
26979962 37547142 1
26979962 56227632 1
26979962 62806552 1
26979962 66108242 1
26979962 66879792 1
26979962 80574802 1
26979962 91788392 1
26979962 111773872 1
26979962 125040592 1
26979962 130996232 1
26979962 146489742 1
26979962 148486502 1
26979962 174223842 1
26979962 182483472 1
37547142 56227632 1
37547142 62806552 1
37547142 66108242 1
37547142 66879792 1
37547142 80574802 1
37547142 91788392 1
37547142 111773872 1
37547142 125040592 1
37547142 130996232 1
37547142 146489742 1
37547142 148486502 1
37547142 174223842 1
37547142 182483472 1
56227632 66879792 2
56227632 91788392 1
56227632 125040592 1
56227632 146489742 1
56227632 174223842 1
62806552 66879792 1
62806552 91788392 2
62806552 125040592 1
62806552 146489742 1
62806552 174223842 1
66108242 66879792 2
66108242 91788392 2
66108242 125040592 1
66108242 146489742 1
66108242 174223842 1
66879792 80574802 2
66879792 91788392 1
66879792 111773872 1
66879792 125040592 1
66879792 130996232 1
66879792 146489742 1
66879792 148486502 2
66879792 174223842 1
66879792 182483472 2
80574802 91788392 3
80574802 125040592 1
80574802 146489742 1
80574802 174223842 1
91788392 111773872 1
91788392 125040592 1
91788392 130996232 1
91788392 146489742 1
91788392 148486502 2
91788392 174223842 1
91788392 182483472 1
111773872 125040592 1
111773872 146489742 1
111773872 174223842 1
125040592 130996232 1
125040592 146489742 1
125040592 148486502 1
125040592 174223842 1
125040592 182483472 1
130996232 146489742 1
130996232 174223842 1
146489742 148486502 1
146489742 174223842 1
146489742 182483472 1
148486502 174223842 1
174223842 182483472 1
1272839 1602608 1
1272839 2113690 1
1272839 3129131 1
1272839 8572135 1
1272839 11067431 1
1272839 11868653 1
1272839 12443086 1
1272839 12535989 1
1272839 21373131 1
1272839 31924812 1
1272839 41877302 1
1272839 51159032 1
1272839 51816872 1
1272839 56227632 1
1272839 56994292 1
1272839 62243182 1
1272839 62717252 1
1272839 66108242 1
1272839 66879792 1
1272839 80574802 1
1272839 85467862 1
1272839 97116252 1
1272839 148486502 1
1272839 157711642 1
1272839 182483472 1
1272839 182659046 1
1272839 182796631 1
1272839 183016519 1
1272839 183178793 1
1602608 2113690 1
1602608 3129131 1
1602608 8572135 1
1602608 11067431 1
1602608 11868653 1
1602608 12443086 1
1602608 12535989 1
1602608 21373131 1
1602608 31924812 1
1602608 41877302 1
1602608 51159032 1
1602608 51816872 1
1602608 56227632 1
1602608 56994292 1
1602608 62243182 1
1602608 62717252 1
1602608 66108242 1
1602608 66879792 1
1602608 80574802 1
1602608 85467862 1
1602608 97116252 1
1602608 148486502 1
1602608 157711642 1
1602608 182483472 1
1602608 182659046 1
1602608 182796631 1
1602608 183016519 1
1602608 183178793 1
2113690 3129131 1
2113690 8572135 1
2113690 11067431 1
2113690 11868653 1
2113690 12443086 1
2113690 12535989 1
2113690 21373131 1
2113690 31924812 1
2113690 41877302 1
2113690 51159032 1
2113690 51816872 1
2113690 56227632 1
2113690 56994292 1
2113690 62243182 1
2113690 62717252 1
2113690 66108242 1
2113690 66879792 1
2113690 80574802 1
2113690 85467862 1
2113690 97116252 1
2113690 148486502 1
2113690 157711642 1
2113690 182483472 1
2113690 182659046 1
2113690 182796631 1
2113690 183016519 1
2113690 183178793 1
3129131 8572135 1
3129131 11067431 1
3129131 11868653 1
3129131 12443086 1
3129131 12535989 1
3129131 21373131 2
3129131 31924812 1
3129131 41877302 1
3129131 51159032 1
3129131 51816872 1
3129131 56227632 1
3129131 56994292 1
3129131 62243182 1
3129131 62717252 1
3129131 66108242 1
3129131 66879792 1
3129131 80574802 2
3129131 85467862 1
3129131 97116252 1
3129131 148486502 2
3129131 157711642 1
3129131 182483472 1
3129131 182659046 2
3129131 182796631 1
3129131 183016519 1
3129131 183178793 1
8572135 11067431 1
8572135 11868653 1
8572135 12443086 1
8572135 12535989 1
8572135 21373131 1
8572135 31924812 1
8572135 41877302 1
8572135 51159032 1
8572135 51816872 1
8572135 56227632 1
8572135 56994292 1
8572135 62243182 1
8572135 62717252 1
8572135 66108242 1
8572135 66879792 1
8572135 80574802 1
8572135 85467862 1
8572135 97116252 1
8572135 148486502 1
8572135 157711642 1
8572135 182483472 1
8572135 182659046 1
8572135 182796631 1
8572135 183016519 1
8572135 183178793 1
11067431 11868653 1
11067431 12535989 1
11067431 21373131 1
11067431 31924812 1
11067431 41877302 1
11067431 51159032 1
11067431 51816872 1
11067431 56994292 1
11067431 62243182 1
11067431 62717252 1
11067431 85467862 1
11067431 97116252 1
11067431 157711642 1
11067431 182659046 1
11067431 182796631 1
11067431 183016519 1
11067431 183178793 1
11868653 12443086 1
11868653 12535989 1
11868653 21373131 1
11868653 31924812 1
11868653 41877302 1
11868653 51159032 1
11868653 51816872 1
11868653 56227632 1
11868653 56994292 1
11868653 62243182 2
11868653 62717252 1
11868653 66108242 2
11868653 66879792 1
11868653 80574802 1
11868653 85467862 1
11868653 97116252 1
11868653 148486502 1
11868653 157711642 1
11868653 182483472 1
11868653 182659046 1
11868653 182796631 1
11868653 183016519 1
11868653 183178793 1
12443086 12535989 1
12443086 21373131 1
12443086 31924812 1
12443086 41877302 1
12443086 51159032 1
12443086 51816872 1
12443086 56994292 1
12443086 62243182 1
12443086 62717252 1
12443086 85467862 1
12443086 97116252 1
12443086 157711642 1
12443086 182659046 1
12443086 182796631 1
12443086 183016519 1
12443086 183178793 1
12535989 21373131 1
12535989 31924812 1
12535989 41877302 1
12535989 51159032 1
12535989 51816872 1
12535989 56227632 1
12535989 56994292 1
12535989 62243182 1
12535989 62717252 1
12535989 66108242 1
12535989 66879792 1
12535989 80574802 1
12535989 85467862 1
12535989 97116252 1
12535989 148486502 1
12535989 157711642 1
12535989 182483472 1
12535989 182659046 1
12535989 182796631 1
12535989 183016519 1
12535989 183178793 1
21373131 31924812 1
21373131 41877302 1
21373131 51159032 1
21373131 51816872 1
21373131 56227632 1
21373131 56994292 1
21373131 62243182 2
21373131 62717252 1
21373131 66108242 3
21373131 66879792 1
21373131 80574802 3
21373131 85467862 2
21373131 97116252 2
21373131 148486502 2
21373131 157711642 1
21373131 182483472 1
21373131 182659046 2
21373131 182796631 1
21373131 183016519 1
21373131 183178793 1
31924812 41877302 1
31924812 51159032 1
31924812 51816872 1
31924812 56227632 1
31924812 56994292 1
31924812 62243182 1
31924812 62717252 1
31924812 66108242 1
31924812 66879792 1
31924812 80574802 1
31924812 85467862 1
31924812 97116252 1
31924812 148486502 1
31924812 157711642 1
31924812 182483472 1
31924812 182659046 1
31924812 182796631 1
31924812 183016519 1
31924812 183178793 1
41877302 51159032 1
41877302 51816872 1
41877302 56227632 1
41877302 56994292 1
41877302 62243182 1
41877302 62717252 1
41877302 66108242 1
41877302 66879792 1
41877302 80574802 1
41877302 85467862 1
41877302 97116252 1
41877302 148486502 1
41877302 157711642 1
41877302 182483472 1
41877302 182659046 1
41877302 182796631 1
41877302 183016519 1
41877302 183178793 1
51159032 51816872 1
51159032 56994292 1
51159032 62717252 1
51159032 66879792 1
51159032 85467862 1
51159032 97116252 1
51159032 157711642 1
51159032 182659046 1
51159032 182796631 1
51159032 183016519 1
51159032 183178793 1
51816872 56227632 2
51816872 56994292 1
51816872 62243182 2
51816872 62717252 1
51816872 66108242 2
51816872 66879792 1
51816872 80574802 2
51816872 85467862 2
51816872 97116252 2
51816872 148486502 1
51816872 157711642 1
51816872 182483472 2
51816872 182659046 1
51816872 182796631 1
51816872 183016519 1
51816872 183178793 2
56227632 56994292 1
56227632 62717252 1
56227632 182659046 1
56227632 182796631 1
56227632 183016519 1
56227632 183178793 2
56994292 62243182 1
56994292 62717252 1
56994292 66108242 1
56994292 66879792 1
56994292 80574802 1
56994292 85467862 1
56994292 97116252 1
56994292 148486502 1
56994292 157711642 1
56994292 182483472 1
56994292 182659046 1
56994292 182796631 1
56994292 183016519 1
56994292 183178793 1
62243182 62717252 1
62243182 66879792 1
62243182 182659046 1
62243182 182796631 1
62243182 183016519 1
62243182 183178793 2
62717252 66108242 1
62717252 66879792 1
62717252 80574802 1
62717252 85467862 1
62717252 97116252 1
62717252 148486502 1
62717252 157711642 1
62717252 182483472 1
62717252 182659046 1
62717252 182796631 1
62717252 183016519 1
62717252 183178793 1
66108242 182659046 1
66108242 182796631 1
66108242 183016519 1
66108242 183178793 2
66879792 85467862 1
66879792 97116252 1
66879792 157711642 1
66879792 182659046 1
66879792 182796631 1
66879792 183016519 1
66879792 183178793 1
80574802 85467862 3
80574802 97116252 3
80574802 157711642 1
80574802 182659046 2
80574802 182796631 1
80574802 183016519 1
80574802 183178793 2
85467862 148486502 1
85467862 182483472 2
85467862 182659046 1
85467862 182796631 1
85467862 183016519 1
85467862 183178793 2
97116252 148486502 1
97116252 182483472 2
97116252 182659046 1
97116252 182796631 1
97116252 183016519 1
97116252 183178793 2
148486502 157711642 1
148486502 182659046 2
148486502 182796631 1
148486502 183016519 1
148486502 183178793 1
157711642 182483472 1
157711642 182659046 1
157711642 182796631 1
157711642 183016519 1
157711642 183178793 1
182483472 182659046 1
182483472 182796631 1
182483472 183016519 1
182483472 183178793 2
182659046 182796631 1
182659046 183016519 1
182659046 183178793 1
182796631 183016519 1
182796631 183178793 1
183016519 183178793 1
39561952 62243182 1
39561952 80405132 1
39561952 80574802 2
39561952 164907262 1
62243182 164907262 1
80405132 80574802 1
80405132 164907262 1
80574802 164907262 1
2507671 3122465 1
2507671 21373131 1
2507671 85467862 1
2507671 91788392 1
2507671 97116252 1
2507671 126586372 1
2507671 153122422 1
2507671 171707622 1
2507671 180395272 1
2507671 183652022 1
2507671 183735551 1
3122465 21373131 1
3122465 62243182 2
3122465 66108242 2
3122465 80574802 2
3122465 85467862 2
3122465 91788392 1
3122465 97116252 2
3122465 126586372 1
3122465 153122422 1
3122465 171707622 1
3122465 180395272 1
3122465 183652022 1
3122465 183735551 1
21373131 91788392 2
21373131 126586372 1
21373131 153122422 1
21373131 171707622 1
21373131 180395272 1
21373131 183652022 1
21373131 183735551 1
62243182 91788392 1
62243182 126586372 1
62243182 153122422 1
62243182 171707622 1
62243182 180395272 1
62243182 183652022 1
62243182 183735551 1
66108242 126586372 1
66108242 153122422 1
66108242 171707622 1
66108242 180395272 1
66108242 183652022 1
66108242 183735551 1
80574802 126586372 1
80574802 153122422 1
80574802 171707622 1
80574802 180395272 1
80574802 183652022 1
80574802 183735551 1
85467862 91788392 1
85467862 126586372 1
85467862 153122422 1
85467862 171707622 1
85467862 180395272 1
85467862 183652022 1
85467862 183735551 1
91788392 97116252 1
91788392 126586372 1
91788392 153122422 1
91788392 171707622 1
91788392 180395272 1
91788392 183652022 1
91788392 183735551 1
97116252 126586372 1
97116252 153122422 1
97116252 171707622 1
97116252 180395272 1
97116252 183652022 1
97116252 183735551 1
126586372 153122422 1
126586372 171707622 1
126586372 180395272 1
126586372 183652022 1
126586372 183735551 1
153122422 171707622 1
153122422 180395272 1
153122422 183652022 1
153122422 183735551 1
171707622 180395272 1
171707622 183652022 1
171707622 183735551 1
180395272 183652022 1
180395272 183735551 1
183652022 183735551 1
21373131 39561952 2
21373131 43995942 1
21373131 76705962 2
39561952 43995942 1
39561952 66108242 1
39561952 76705962 2
43995942 76705962 1
66108242 76705962 1
3129131 6370031 1
3129131 11604376 1
3129131 13322100 1
3129131 27677792 1
3129131 39561952 1
3129131 45644582 1
3129131 62806552 1
3129131 75548022 1
3129131 76705962 1
3129131 91788392 1
3129131 155224502 1
3129131 183410125 1
3129131 183901931 1
3129131 184013734 1
3129131 184060606 1
6370031 11604376 1
6370031 13322100 1
6370031 21373131 1
6370031 27677792 1
6370031 39561952 1
6370031 45644582 1
6370031 62806552 1
6370031 75548022 1
6370031 76705962 1
6370031 80574802 1
6370031 91788392 1
6370031 148486502 1
6370031 155224502 1
6370031 182659046 1
6370031 183410125 1
6370031 183901931 1
6370031 184013734 1
6370031 184060606 1
11604376 13322100 1
11604376 21373131 1
11604376 27677792 1
11604376 39561952 1
11604376 45644582 1
11604376 62806552 1
11604376 75548022 1
11604376 76705962 1
11604376 80574802 1
11604376 91788392 1
11604376 148486502 1
11604376 155224502 1
11604376 182659046 1
11604376 183410125 1
11604376 183901931 1
11604376 184013734 1
11604376 184060606 1
13322100 21373131 1
13322100 27677792 1
13322100 39561952 1
13322100 45644582 1
13322100 62806552 1
13322100 75548022 1
13322100 76705962 1
13322100 80574802 1
13322100 91788392 1
13322100 148486502 1
13322100 155224502 1
13322100 182659046 1
13322100 183410125 1
13322100 183901931 1
13322100 184013734 1
13322100 184060606 1
21373131 27677792 1
21373131 45644582 1
21373131 62806552 1
21373131 75548022 1
21373131 155224502 1
21373131 183410125 1
21373131 183901931 1
21373131 184013734 1
21373131 184060606 1
27677792 39561952 1
27677792 45644582 1
27677792 62806552 1
27677792 75548022 1
27677792 76705962 1
27677792 80574802 1
27677792 91788392 1
27677792 148486502 1
27677792 155224502 1
27677792 182659046 1
27677792 183410125 1
27677792 183901931 1
27677792 184013734 1
27677792 184060606 1
39561952 45644582 1
39561952 62806552 1
39561952 75548022 1
39561952 91788392 1
39561952 148486502 1
39561952 155224502 1
39561952 182659046 1
39561952 183410125 1
39561952 183901931 1
39561952 184013734 1
39561952 184060606 1
45644582 75548022 1
45644582 76705962 1
45644582 91788392 1
45644582 155224502 1
45644582 182659046 1
45644582 183410125 2
45644582 183901931 2
45644582 184013734 1
45644582 184060606 1
62806552 75548022 1
62806552 76705962 1
62806552 155224502 1
62806552 182659046 1
62806552 183410125 1
62806552 183901931 1
62806552 184013734 1
62806552 184060606 1
75548022 76705962 1
75548022 80574802 1
75548022 91788392 1
75548022 148486502 1
75548022 155224502 1
75548022 182659046 1
75548022 183410125 1
75548022 183901931 1
75548022 184013734 1
75548022 184060606 1
76705962 80574802 1
76705962 91788392 1
76705962 148486502 1
76705962 155224502 1
76705962 182659046 1
76705962 183410125 1
76705962 183901931 1
76705962 184013734 1
76705962 184060606 1
80574802 155224502 1
80574802 183410125 2
80574802 183901931 2
80574802 184013734 1
80574802 184060606 1
91788392 155224502 1
91788392 182659046 1
91788392 183410125 1
91788392 183901931 1
91788392 184013734 1
91788392 184060606 1
148486502 155224502 1
148486502 183410125 1
148486502 183901931 1
148486502 184013734 1
148486502 184060606 1
155224502 182659046 1
155224502 183410125 1
155224502 183901931 1
155224502 184013734 1
155224502 184060606 1
182659046 183410125 1
182659046 183901931 1
182659046 184013734 1
182659046 184060606 1
183410125 183901931 3
183410125 184013734 1
183410125 184060606 1
183901931 184013734 1
183901931 184060606 1
184013734 184060606 1
3122465 8438144 1
3122465 12190720 1
3122465 27062142 1
3122465 51816872 1
3122465 55806132 1
3122465 56227632 1
3122465 67352212 1
3122465 94510772 1
3122465 105863722 1
3122465 150556842 1
3122465 164011962 1
3122465 182483472 1
3122465 183178793 1
3122465 183240076 1
3122465 183410125 1
3122465 183495409 1
3122465 183901931 1
8438144 12190720 1
8438144 27062142 1
8438144 51816872 1
8438144 55806132 1
8438144 62243182 1
8438144 67352212 1
8438144 85467862 1
8438144 94510772 1
8438144 97116252 1
8438144 105863722 1
8438144 150556842 1
8438144 164011962 1
8438144 183178793 1
8438144 183240076 1
8438144 183410125 1
8438144 183495409 1
8438144 183901931 1
12190720 27062142 1
12190720 51816872 1
12190720 55806132 1
12190720 56227632 1
12190720 62243182 1
12190720 66108242 1
12190720 67352212 1
12190720 80574802 1
12190720 85467862 1
12190720 94510772 1
12190720 97116252 1
12190720 105863722 1
12190720 150556842 1
12190720 164011962 1
12190720 182483472 1
12190720 183178793 1
12190720 183240076 1
12190720 183410125 1
12190720 183495409 1
12190720 183901931 1
27062142 51816872 1
27062142 55806132 1
27062142 56227632 1
27062142 62243182 1
27062142 66108242 1
27062142 67352212 1
27062142 80574802 1
27062142 85467862 1
27062142 94510772 1
27062142 97116252 1
27062142 105863722 1
27062142 150556842 1
27062142 164011962 1
27062142 182483472 1
27062142 183178793 1
27062142 183240076 1
27062142 183410125 1
27062142 183495409 1
27062142 183901931 1
51816872 55806132 1
51816872 67352212 1
51816872 94510772 1
51816872 105863722 1
51816872 150556842 1
51816872 164011962 1
51816872 183240076 1
51816872 183410125 1
51816872 183495409 1
51816872 183901931 1
55806132 56227632 1
55806132 62243182 1
55806132 66108242 1
55806132 67352212 1
55806132 80574802 1
55806132 85467862 1
55806132 94510772 1
55806132 97116252 1
55806132 105863722 1
55806132 150556842 1
55806132 164011962 1
55806132 182483472 1
55806132 183178793 1
55806132 183240076 1
55806132 183410125 1
55806132 183495409 1
55806132 183901931 1
56227632 94510772 1
56227632 105863722 1
56227632 150556842 1
56227632 164011962 1
56227632 183240076 1
56227632 183410125 1
56227632 183495409 1
56227632 183901931 1
62243182 94510772 1
62243182 105863722 1
62243182 150556842 1
62243182 164011962 1
62243182 183240076 1
62243182 183410125 2
62243182 183495409 1
62243182 183901931 2
66108242 94510772 1
66108242 105863722 1
66108242 150556842 1
66108242 164011962 1
66108242 183240076 1
66108242 183410125 2
66108242 183495409 1
66108242 183901931 2
67352212 80574802 1
67352212 94510772 1
67352212 105863722 1
67352212 150556842 1
67352212 164011962 1
67352212 182483472 1
67352212 183178793 1
67352212 183240076 1
67352212 183410125 1
67352212 183495409 1
67352212 183901931 1
80574802 94510772 1
80574802 105863722 1
80574802 150556842 1
80574802 164011962 1
80574802 183240076 1
80574802 183495409 1
85467862 94510772 1
85467862 105863722 1
85467862 150556842 1
85467862 164011962 1
85467862 183240076 1
85467862 183410125 1
85467862 183495409 1
85467862 183901931 1
94510772 97116252 1
94510772 105863722 1
94510772 150556842 1
94510772 164011962 1
94510772 182483472 1
94510772 183178793 1
94510772 183240076 1
94510772 183410125 1
94510772 183495409 1
94510772 183901931 1
97116252 105863722 1
97116252 150556842 1
97116252 164011962 1
97116252 183240076 1
97116252 183410125 1
97116252 183495409 1
97116252 183901931 1
105863722 150556842 1
105863722 164011962 1
105863722 182483472 1
105863722 183178793 1
105863722 183240076 1
105863722 183410125 1
105863722 183495409 1
105863722 183901931 1
150556842 164011962 1
150556842 182483472 1
150556842 183178793 1
150556842 183240076 1
150556842 183410125 1
150556842 183495409 1
150556842 183901931 1
164011962 182483472 1
164011962 183178793 1
164011962 183240076 1
164011962 183410125 1
164011962 183495409 1
164011962 183901931 1
182483472 183240076 1
182483472 183410125 1
182483472 183495409 1
182483472 183901931 1
183178793 183240076 1
183178793 183410125 1
183178793 183495409 1
183178793 183901931 1
183240076 183410125 1
183240076 183495409 1
183240076 183901931 1
183410125 183495409 1
183495409 183901931 1
11868653 45644582 1
11868653 47751862 1
11868653 85712922 1
11868653 140295132 1
11868653 183410125 1
11868653 183901931 1
45644582 47751862 1
45644582 85712922 1
45644582 140295132 1
47751862 62243182 1
47751862 66108242 1
47751862 85712922 1
47751862 140295132 1
47751862 183410125 1
47751862 183901931 1
62243182 85712922 1
62243182 140295132 1
66108242 85712922 1
66108242 140295132 1
85712922 140295132 1
85712922 183410125 1
85712922 183901931 1
140295132 183410125 1
140295132 183901931 1
