9381387 66764172 70419342 35834382 134402962 7092500 25494182 71378872 13310010 8535744 111383232 42560832 9980869 134355782 111227592 116257742 100407392 120111852 105082222 50431222 3071611
7092500 9980869 1
7092500 50431222 1
7092500 66764172 1
7092500 71378872 1
7092500 111227592 1
9980869 50431222 1
9980869 66764172 1
9980869 71378872 1
9980869 111227592 1
50431222 66764172 1
50431222 71378872 1
50431222 111227592 1
66764172 71378872 1
66764172 111227592 1
71378872 111227592 1
7092500 120111852 1
7092500 8535744 1
7092500 13310010 1
8535744 13310010 1
7092500 111383232 1
7092500 9381387 1
7092500 70419342 1
7092500 100407392 1
7092500 134355782 3
9381387 70419342 1
9381387 100407392 1
9381387 134355782 1
70419342 100407392 1
70419342 134355782 1
100407392 134355782 1
3071611 7092500 1
3071611 35834382 1
3071611 42560832 1
3071611 134355782 1
7092500 35834382 1
7092500 42560832 1
35834382 42560832 1
35834382 134355782 1
42560832 134355782 1
7092500 116257742 1
7092500 25494182 1
7092500 105082222 1
7092500 134402962 1
25494182 105082222 1
25494182 134355782 1
25494182 134402962 1
105082222 134355782 1
105082222 134402962 1
134355782 134402962 1
