56717312 164290432 486530 56998282 66764172 69221262 7005714 153635732 11761557 5675543 82125592 83080482 5205922 1372325 12083370 72703792 52122162 176465202 6578102 8535744 37463232 183600326 182825419 4171341 78898512 158565712 78119892 127409112 174933982 53265902 50419182 76482162 170515062 10559223 155258232 104183802
8535744 11761557 1
8535744 66764172 1
8535744 72703792 1
8535744 82125592 1
8535744 83080482 1
8535744 104183802 1
8535744 127409112 1
11761557 66764172 1
11761557 72703792 1
11761557 82125592 1
11761557 83080482 1
11761557 104183802 1
11761557 127409112 1
66764172 72703792 1
66764172 82125592 2
66764172 83080482 2
66764172 104183802 2
66764172 127409112 2
72703792 82125592 1
72703792 83080482 1
72703792 104183802 1
72703792 127409112 1
82125592 83080482 8
82125592 104183802 7
82125592 127409112 8
83080482 104183802 7
83080482 127409112 8
104183802 127409112 7
1372325 11761557 1
1372325 53265902 1
1372325 56717312 1
11761557 53265902 1
11761557 56717312 1
53265902 56717312 1
486530 10559223 1
486530 50419182 1
486530 52122162 1
486530 56717312 1
486530 69221262 1
486530 76482162 1
486530 78119892 1
486530 78898512 1
486530 82125592 1
486530 83080482 1
486530 104183802 1
486530 127409112 1
486530 164290432 1
10559223 50419182 1
10559223 52122162 1
10559223 56717312 1
10559223 69221262 1
10559223 76482162 1
10559223 78119892 1
10559223 78898512 1
10559223 82125592 1
10559223 83080482 1
10559223 104183802 1
10559223 127409112 1
10559223 164290432 1
50419182 52122162 1
50419182 56717312 1
50419182 69221262 1
50419182 76482162 1
50419182 78119892 1
50419182 78898512 1
50419182 82125592 1
50419182 83080482 1
50419182 104183802 1
50419182 127409112 1
50419182 164290432 1
52122162 56717312 1
52122162 69221262 1
52122162 76482162 2
52122162 78119892 1
52122162 78898512 2
52122162 82125592 3
52122162 83080482 3
52122162 104183802 2
52122162 127409112 3
52122162 164290432 1
56717312 69221262 1
56717312 76482162 1
56717312 78119892 1
56717312 78898512 1
56717312 82125592 1
56717312 83080482 1
56717312 104183802 1
56717312 127409112 1
56717312 164290432 1
69221262 76482162 1
69221262 78119892 1
69221262 78898512 1
69221262 82125592 1
69221262 83080482 1
69221262 104183802 1
69221262 127409112 1
69221262 164290432 1
76482162 78119892 1
76482162 78898512 1
76482162 82125592 2
76482162 83080482 2
76482162 104183802 2
76482162 127409112 2
76482162 164290432 1
78119892 78898512 1
78119892 82125592 1
78119892 83080482 1
78119892 104183802 1
78119892 127409112 1
78119892 164290432 1
78898512 82125592 2
78898512 83080482 2
78898512 104183802 1
78898512 127409112 2
78898512 164290432 1
82125592 164290432 1
83080482 164290432 1
104183802 164290432 1
127409112 164290432 1
5675543 66764172 1
5675543 82125592 1
5675543 83080482 1
5675543 104183802 1
5675543 127409112 1
5675543 153635732 1
5675543 158565712 1
5675543 170515062 1
66764172 153635732 1
66764172 158565712 1
66764172 170515062 1
82125592 153635732 1
82125592 158565712 1
82125592 170515062 3
83080482 153635732 1
83080482 158565712 1
83080482 170515062 3
104183802 153635732 1
104183802 158565712 1
104183802 170515062 3
127409112 153635732 1
127409112 158565712 1
127409112 170515062 3
153635732 158565712 1
153635732 170515062 1
158565712 170515062 1
12083370 82125592 1
12083370 83080482 1
12083370 104183802 1
12083370 127409112 1
12083370 155258232 1
12083370 170515062 1
12083370 176465202 1
82125592 155258232 1
82125592 176465202 1
83080482 155258232 1
83080482 176465202 1
104183802 155258232 1
104183802 176465202 1
127409112 155258232 1
127409112 176465202 1
155258232 170515062 1
155258232 176465202 1
170515062 176465202 1
6578102 7005714 1
6578102 82125592 1
6578102 83080482 1
6578102 104183802 1
6578102 127409112 1
6578102 170515062 1
6578102 174933982 1
7005714 82125592 1
7005714 83080482 1
7005714 104183802 1
7005714 127409112 1
7005714 170515062 1
7005714 174933982 1
82125592 174933982 2
83080482 174933982 2
104183802 174933982 2
127409112 174933982 2
170515062 174933982 1
4171341 5205922 1
4171341 37463232 1
4171341 56998282 1
4171341 82125592 1
4171341 83080482 1
4171341 104183802 1
4171341 127409112 1
4171341 174933982 1
4171341 182825419 1
5205922 37463232 1
5205922 56998282 1
5205922 82125592 1
5205922 83080482 1
5205922 104183802 1
5205922 127409112 1
5205922 174933982 1
5205922 182825419 1
37463232 56998282 1
37463232 82125592 1
37463232 83080482 1
37463232 104183802 1
37463232 127409112 1
37463232 174933982 1
37463232 182825419 1
56998282 82125592 1
56998282 83080482 1
56998282 104183802 1
56998282 127409112 1
56998282 174933982 1
56998282 182825419 1
82125592 182825419 1
83080482 182825419 1
104183802 182825419 1
127409112 182825419 1
174933982 182825419 1
52122162 183600326 1
76482162 183600326 1
82125592 183600326 1
83080482 183600326 1
104183802 183600326 1
127409112 183600326 1
