109471752 127236112 161106452 8208928 5048824 160007722 52122162 165589042 12554297 73582652 135731262 89061442 111166032 184206416 45828702 179723362 12530276 12409463 33895032 14060163 148716172 12329103 183264911 95965842 73662102 93552792 101388952 139760282 12382376 6348970 12850364 13861576 10529993 32130262 91218662 183901931 144195312 59396862 90440452 124931342 11824402 82125592 26587932 104986912 83080482 9706788 180229422 120427822 24704312 54148922 183140158 184245568 84965712 124601692 114629472 12860768 162906472 183612266 183300471 3294073 126894462 181751182 162992532 13513634 145317 14067624 183431092 112394682 85975482 73753532 72825292 131261902 114358222 151326672 66863062 11297249 168399352
145317 3294073 1
145317 6348970 1
145317 11297249 1
145317 12382376 1
145317 14067624 1
145317 52122162 2
145317 59396862 1
145317 73753532 1
145317 84965712 1
145317 93552792 1
145317 104986912 1
145317 162992532 1
145317 165589042 2
3294073 6348970 1
3294073 11297249 1
3294073 12382376 1
3294073 14067624 1
3294073 52122162 1
3294073 59396862 1
3294073 73753532 1
3294073 84965712 1
3294073 93552792 1
3294073 104986912 1
3294073 162992532 1
3294073 165589042 1
6348970 11297249 1
6348970 12382376 2
6348970 14067624 1
6348970 52122162 1
6348970 59396862 1
6348970 73753532 1
6348970 84965712 1
6348970 93552792 1
6348970 104986912 3
6348970 162992532 1
6348970 165589042 1
11297249 12382376 1
11297249 14067624 1
11297249 52122162 1
11297249 59396862 1
11297249 73753532 1
11297249 84965712 1
11297249 93552792 1
11297249 104986912 1
11297249 162992532 1
11297249 165589042 1
12382376 14067624 1
12382376 52122162 1
12382376 59396862 1
12382376 73753532 1
12382376 84965712 1
12382376 93552792 1
12382376 104986912 2
12382376 162992532 1
12382376 165589042 1
14067624 52122162 1
14067624 59396862 1
14067624 73753532 1
14067624 84965712 1
14067624 93552792 1
14067624 104986912 1
14067624 162992532 1
14067624 165589042 1
52122162 59396862 1
52122162 73753532 1
52122162 84965712 1
52122162 93552792 1
52122162 104986912 1
52122162 162992532 1
52122162 165589042 2
59396862 73753532 1
59396862 84965712 1
59396862 93552792 1
59396862 104986912 1
59396862 162992532 1
59396862 165589042 1
73753532 84965712 1
73753532 93552792 1
73753532 104986912 1
73753532 162992532 1
73753532 165589042 1
84965712 93552792 1
84965712 104986912 1
84965712 162992532 1
84965712 165589042 1
93552792 104986912 1
93552792 162992532 1
93552792 165589042 1
104986912 162992532 1
104986912 165589042 1
162992532 165589042 1
12382376 114629472 1
12382376 151326672 1
114629472 151326672 2
12382376 112394682 1
54148922 104986912 1
54148922 114629472 1
54148922 162906472 1
54148922 180229422 1
104986912 114629472 3
104986912 162906472 3
104986912 180229422 1
114629472 162906472 2
114629472 180229422 1
162906472 180229422 1
145317 5048824 1
145317 12850364 1
145317 124931342 1
145317 179723362 1
145317 181751182 1
5048824 12850364 1
5048824 52122162 1
5048824 124931342 1
5048824 165589042 1
5048824 179723362 1
5048824 181751182 1
12850364 52122162 1
12850364 124931342 1
12850364 165589042 1
12850364 179723362 1
12850364 181751182 1
52122162 124931342 1
52122162 179723362 1
52122162 181751182 1
124931342 165589042 1
124931342 179723362 1
124931342 181751182 1
165589042 179723362 1
165589042 181751182 1
179723362 181751182 1
6348970 11824402 1
6348970 32130262 1
6348970 66863062 1
6348970 73662102 1
6348970 101388952 1
6348970 114629472 1
6348970 120427822 1
6348970 124931342 1
6348970 139760282 2
6348970 148716172 1
6348970 151326672 1
6348970 183140158 1
6348970 183300471 1
6348970 183612266 1
11824402 32130262 1
11824402 66863062 1
11824402 73662102 1
11824402 101388952 1
11824402 104986912 1
11824402 114629472 1
11824402 120427822 1
11824402 124931342 1
11824402 139760282 1
11824402 148716172 1
11824402 151326672 1
11824402 183140158 1
11824402 183300471 1
11824402 183612266 1
32130262 66863062 1
32130262 73662102 1
32130262 101388952 1
32130262 104986912 2
32130262 114629472 1
32130262 120427822 1
32130262 124931342 1
32130262 139760282 1
32130262 148716172 1
32130262 151326672 1
32130262 183140158 1
32130262 183300471 1
32130262 183612266 2
66863062 73662102 1
66863062 101388952 1
66863062 104986912 1
66863062 114629472 1
66863062 120427822 1
66863062 124931342 1
66863062 139760282 1
66863062 148716172 1
66863062 151326672 1
66863062 183140158 1
66863062 183300471 1
66863062 183612266 1
73662102 101388952 1
73662102 104986912 1
73662102 114629472 1
73662102 120427822 1
73662102 124931342 1
73662102 139760282 1
73662102 148716172 1
73662102 151326672 1
73662102 183140158 1
73662102 183300471 1
73662102 183612266 1
101388952 104986912 1
101388952 114629472 1
101388952 120427822 1
101388952 124931342 1
101388952 139760282 1
101388952 148716172 1
101388952 151326672 1
101388952 183140158 1
101388952 183300471 1
101388952 183612266 1
104986912 120427822 1
104986912 124931342 1
104986912 139760282 3
104986912 148716172 1
104986912 151326672 2
104986912 183140158 1
104986912 183300471 1
104986912 183612266 3
114629472 120427822 1
114629472 124931342 1
114629472 139760282 2
114629472 148716172 1
114629472 183140158 1
114629472 183300471 1
114629472 183612266 2
120427822 124931342 1
120427822 139760282 1
120427822 148716172 1
120427822 151326672 1
120427822 183140158 1
120427822 183300471 1
120427822 183612266 1
124931342 139760282 1
124931342 148716172 1
124931342 151326672 1
124931342 183140158 1
124931342 183300471 1
124931342 183612266 1
139760282 148716172 1
139760282 151326672 1
139760282 183140158 1
139760282 183300471 1
139760282 183612266 2
148716172 151326672 1
148716172 183140158 1
148716172 183300471 1
148716172 183612266 1
151326672 183140158 1
151326672 183300471 1
151326672 183612266 1
183140158 183300471 1
183140158 183612266 1
183300471 183612266 1
12409463 12530276 1
12409463 12860768 1
12409463 13513634 1
12409463 13861576 1
12409463 14060163 1
12409463 26587932 1
12409463 33895032 1
12409463 72825292 1
12409463 73582652 2
12409463 91218662 1
12409463 104986912 2
12409463 109471752 1
12409463 111166032 1
12409463 114629472 1
12409463 127236112 1
12409463 131261902 1
12409463 139760282 1
12409463 162906472 1
12409463 168399352 1
12409463 183431092 2
12409463 183612266 2
12530276 12860768 1
12530276 13513634 1
12530276 13861576 1
12530276 14060163 1
12530276 26587932 1
12530276 33895032 1
12530276 72825292 1
12530276 73582652 1
12530276 91218662 1
12530276 104986912 1
12530276 109471752 1
12530276 111166032 1
12530276 114629472 1
12530276 127236112 1
12530276 131261902 1
12530276 139760282 1
12530276 162906472 1
12530276 168399352 1
12530276 183431092 1
12530276 183612266 1
12860768 13513634 1
12860768 13861576 1
12860768 14060163 1
12860768 26587932 1
12860768 33895032 1
12860768 72825292 1
12860768 73582652 1
12860768 91218662 1
12860768 104986912 1
12860768 109471752 1
12860768 111166032 1
12860768 114629472 1
12860768 127236112 1
12860768 131261902 1
12860768 139760282 1
12860768 162906472 1
12860768 168399352 1
12860768 183431092 1
12860768 183612266 1
13513634 13861576 1
13513634 14060163 1
13513634 26587932 1
13513634 33895032 1
13513634 72825292 1
13513634 73582652 1
13513634 91218662 1
13513634 104986912 1
13513634 109471752 1
13513634 111166032 1
13513634 114629472 1
13513634 127236112 1
13513634 131261902 1
13513634 139760282 1
13513634 162906472 1
13513634 168399352 1
13513634 183431092 1
13513634 183612266 1
13861576 14060163 1
13861576 26587932 1
13861576 33895032 1
13861576 72825292 1
13861576 73582652 1
13861576 91218662 1
13861576 104986912 1
13861576 109471752 1
13861576 111166032 1
13861576 114629472 1
13861576 127236112 1
13861576 131261902 1
13861576 139760282 1
13861576 162906472 1
13861576 168399352 1
13861576 183431092 1
13861576 183612266 1
14060163 26587932 1
14060163 33895032 1
14060163 72825292 1
14060163 73582652 1
14060163 91218662 1
14060163 104986912 1
14060163 109471752 1
14060163 111166032 1
14060163 114629472 1
14060163 127236112 1
14060163 131261902 1
14060163 139760282 1
14060163 162906472 1
14060163 168399352 1
14060163 183431092 1
14060163 183612266 1
26587932 33895032 1
26587932 72825292 1
26587932 73582652 1
26587932 91218662 1
26587932 104986912 1
26587932 109471752 1
26587932 111166032 1
26587932 114629472 1
26587932 127236112 1
26587932 131261902 1
26587932 139760282 1
26587932 162906472 1
26587932 168399352 1
26587932 183431092 1
26587932 183612266 1
33895032 72825292 1
33895032 73582652 1
33895032 91218662 1
33895032 104986912 1
33895032 109471752 1
33895032 111166032 1
33895032 114629472 1
33895032 127236112 1
33895032 131261902 1
33895032 139760282 1
33895032 162906472 1
33895032 168399352 1
33895032 183431092 1
33895032 183612266 1
72825292 73582652 1
72825292 91218662 1
72825292 104986912 1
72825292 109471752 1
72825292 111166032 1
72825292 114629472 1
72825292 127236112 1
72825292 131261902 1
72825292 139760282 1
72825292 162906472 1
72825292 168399352 1
72825292 183431092 1
72825292 183612266 1
73582652 91218662 1
73582652 104986912 2
73582652 109471752 1
73582652 111166032 1
73582652 114629472 1
73582652 127236112 1
73582652 131261902 1
73582652 139760282 1
73582652 162906472 1
73582652 168399352 1
73582652 183431092 2
73582652 183612266 2
91218662 104986912 1
91218662 109471752 1
91218662 111166032 1
91218662 114629472 1
91218662 127236112 1
91218662 131261902 1
91218662 139760282 1
91218662 162906472 1
91218662 168399352 1
91218662 183431092 1
91218662 183612266 1
104986912 109471752 1
104986912 111166032 1
104986912 127236112 1
104986912 131261902 1
104986912 168399352 1
104986912 183431092 2
109471752 111166032 1
109471752 114629472 1
109471752 127236112 1
109471752 131261902 1
109471752 139760282 1
109471752 162906472 1
109471752 168399352 1
109471752 183431092 1
109471752 183612266 1
111166032 114629472 1
111166032 127236112 1
111166032 131261902 1
111166032 139760282 1
111166032 162906472 1
111166032 168399352 1
111166032 183431092 1
111166032 183612266 1
114629472 127236112 1
114629472 131261902 1
114629472 168399352 1
114629472 183431092 1
127236112 131261902 1
127236112 139760282 1
127236112 162906472 1
127236112 168399352 1
127236112 183431092 1
127236112 183612266 1
131261902 139760282 1
131261902 162906472 1
131261902 168399352 1
131261902 183431092 1
131261902 183612266 1
139760282 162906472 2
139760282 168399352 1
139760282 183431092 1
162906472 168399352 1
162906472 183431092 1
162906472 183612266 1
168399352 183431092 1
168399352 183612266 1
183431092 183612266 2
6348970 8208928 1
6348970 9706788 1
6348970 12329103 1
6348970 89061442 1
6348970 90440452 1
6348970 95965842 1
6348970 124601692 1
6348970 160007722 1
6348970 161106452 1
6348970 162906472 1
6348970 183264911 1
6348970 183901931 1
6348970 184206416 1
8208928 9706788 1
8208928 12329103 1
8208928 12382376 1
8208928 89061442 1
8208928 90440452 1
8208928 95965842 1
8208928 104986912 1
8208928 124601692 1
8208928 139760282 1
8208928 160007722 1
8208928 161106452 1
8208928 162906472 1
8208928 183264911 1
8208928 183901931 1
8208928 184206416 1
9706788 12329103 1
9706788 12382376 1
9706788 89061442 1
9706788 90440452 1
9706788 95965842 1
9706788 104986912 1
9706788 124601692 1
9706788 139760282 1
9706788 160007722 1
9706788 161106452 1
9706788 162906472 1
9706788 183264911 1
9706788 183901931 1
9706788 184206416 1
12329103 12382376 1
12329103 89061442 1
12329103 90440452 1
12329103 95965842 1
12329103 104986912 1
12329103 124601692 1
12329103 139760282 1
12329103 160007722 1
12329103 161106452 1
12329103 162906472 1
12329103 183264911 1
12329103 183901931 1
12329103 184206416 1
12382376 89061442 1
12382376 90440452 1
12382376 95965842 1
12382376 124601692 1
12382376 139760282 1
12382376 160007722 1
12382376 161106452 1
12382376 162906472 1
12382376 183264911 1
12382376 183901931 1
12382376 184206416 1
89061442 90440452 1
89061442 95965842 1
89061442 104986912 1
89061442 124601692 1
89061442 139760282 1
89061442 160007722 1
89061442 161106452 1
89061442 162906472 1
89061442 183264911 1
89061442 183901931 1
89061442 184206416 1
90440452 95965842 1
90440452 104986912 1
90440452 124601692 1
90440452 139760282 1
90440452 160007722 1
90440452 161106452 1
90440452 162906472 1
90440452 183264911 1
90440452 183901931 1
90440452 184206416 1
95965842 104986912 1
95965842 124601692 1
95965842 139760282 1
95965842 160007722 1
95965842 161106452 1
95965842 162906472 1
95965842 183264911 1
95965842 183901931 1
95965842 184206416 1
104986912 124601692 1
104986912 160007722 1
104986912 161106452 1
104986912 183264911 1
104986912 183901931 2
104986912 184206416 1
124601692 139760282 1
124601692 160007722 1
124601692 161106452 1
124601692 162906472 1
124601692 183264911 1
124601692 183901931 1
124601692 184206416 1
139760282 160007722 1
139760282 161106452 1
139760282 183264911 1
139760282 183901931 1
139760282 184206416 1
160007722 161106452 1
160007722 162906472 1
160007722 183264911 1
160007722 183901931 1
160007722 184206416 1
161106452 162906472 1
161106452 183264911 1
161106452 183901931 1
161106452 184206416 1
162906472 183264911 1
162906472 183901931 1
162906472 184206416 1
183264911 183901931 1
183264911 184206416 1
183901931 184206416 1
12409463 12554297 1
12409463 24704312 1
12409463 32130262 1
12409463 82125592 1
12409463 83080482 1
12409463 85975482 1
12409463 114358222 1
12409463 126894462 1
12409463 135731262 1
12409463 144195312 1
12409463 183901931 1
12409463 184245568 1
12554297 24704312 1
12554297 32130262 1
12554297 73582652 1
12554297 82125592 1
12554297 83080482 1
12554297 85975482 1
12554297 104986912 1
12554297 114358222 1
12554297 126894462 1
12554297 135731262 1
12554297 144195312 1
12554297 183431092 1
12554297 183612266 1
12554297 183901931 1
12554297 184245568 1
24704312 32130262 1
24704312 73582652 1
24704312 82125592 1
24704312 83080482 1
24704312 85975482 1
24704312 104986912 1
24704312 114358222 1
24704312 126894462 1
24704312 135731262 1
24704312 144195312 1
24704312 183431092 1
24704312 183612266 1
24704312 183901931 1
24704312 184245568 1
32130262 73582652 1
32130262 82125592 1
32130262 83080482 1
32130262 85975482 1
32130262 114358222 1
32130262 126894462 1
32130262 135731262 1
32130262 144195312 1
32130262 183431092 1
32130262 183901931 1
32130262 184245568 1
73582652 82125592 1
73582652 83080482 1
73582652 85975482 1
73582652 114358222 1
73582652 126894462 1
73582652 135731262 1
73582652 144195312 1
73582652 183901931 1
73582652 184245568 1
82125592 83080482 1
82125592 85975482 1
82125592 104986912 1
82125592 114358222 1
82125592 126894462 1
82125592 135731262 1
82125592 144195312 1
82125592 183431092 1
82125592 183612266 1
82125592 183901931 1
82125592 184245568 1
83080482 85975482 1
83080482 104986912 1
83080482 114358222 1
83080482 126894462 1
83080482 135731262 1
83080482 144195312 1
83080482 183431092 1
83080482 183612266 1
83080482 183901931 1
83080482 184245568 1
85975482 104986912 1
85975482 114358222 1
85975482 126894462 1
85975482 135731262 1
85975482 144195312 1
85975482 183431092 1
85975482 183612266 1
85975482 183901931 1
85975482 184245568 1
104986912 114358222 1
104986912 126894462 1
104986912 135731262 1
104986912 144195312 1
104986912 184245568 1
114358222 126894462 1
114358222 135731262 1
114358222 144195312 1
114358222 183431092 1
114358222 183612266 1
114358222 183901931 1
114358222 184245568 1
126894462 135731262 1
126894462 144195312 1
126894462 183431092 1
126894462 183612266 1
126894462 183901931 1
126894462 184245568 1
135731262 144195312 1
135731262 183431092 1
135731262 183612266 1
135731262 183901931 1
135731262 184245568 1
144195312 183431092 1
144195312 183612266 1
144195312 183901931 1
144195312 184245568 1
183431092 183901931 1
183431092 184245568 1
183612266 183901931 1
183612266 184245568 1
183901931 184245568 1
10529993 45828702 1
10529993 104986912 1
10529993 151326672 1
45828702 104986912 1
45828702 151326672 1
