131431942 46855182 8208928 50444832 107504672 121426472 3308586 76009002 33556012 53841452 141537332 139514422 22668361 3858507 118985302 9019479 47237722 133261922 123532402 22573171 10120820 138233972 4773501 486530 134928012 137727122 86643862 153983642 8789157 12382376 6348970 104431792 102859442 95147712 2968769 127556812 119103702 14172375 2978534 134599932 143014662 155166982 108692232 60944142 17405711 124931342 136359192 17648921 26587932 120427822 78006062 24704312 54148922 107944252 31249222 61979982 25036632 124601692 114629472 14168427 128713072 126894462 10177923 9098120 12588946 31619482 73758622 29597602 145317 67550122 10093497 112394682 15982521 85975482 9022398 9999808 11049410 131676612 129326022 138900422 126491592 57051082 66863062 4227037 7290859 7953389 109838322 125289972 132254202
11049410 47237722 1
11049410 109838322 1
11049410 129326022 2
47237722 109838322 1
47237722 129326022 2
109838322 129326022 2
486530 2978534 1
486530 3308586 1
486530 3858507 1
486530 4773501 1
486530 10093497 1
486530 10177923 1
486530 12382376 1
486530 12588946 1
486530 22573171 1
486530 46855182 1
486530 66863062 1
486530 95147712 1
486530 102859442 1
486530 107944252 1
486530 112394682 1
486530 123532402 1
486530 126491592 1
486530 127556812 1
486530 129326022 1
486530 131431942 1
2978534 3308586 1
2978534 3858507 1
2978534 4773501 1
2978534 10093497 1
2978534 10177923 1
2978534 12382376 2
2978534 12588946 1
2978534 22573171 1
2978534 46855182 1
2978534 66863062 1
2978534 95147712 1
2978534 102859442 1
2978534 107944252 1
2978534 112394682 1
2978534 123532402 1
2978534 126491592 1
2978534 127556812 1
2978534 129326022 1
2978534 131431942 1
3308586 3858507 1
3308586 4773501 1
3308586 10093497 1
3308586 10177923 1
3308586 12382376 1
3308586 12588946 1
3308586 22573171 1
3308586 46855182 1
3308586 66863062 1
3308586 95147712 1
3308586 102859442 1
3308586 107944252 1
3308586 112394682 1
3308586 123532402 1
3308586 126491592 1
3308586 127556812 1
3308586 129326022 1
3308586 131431942 1
3858507 4773501 1
3858507 10093497 1
3858507 10177923 1
3858507 12382376 1
3858507 12588946 1
3858507 22573171 1
3858507 46855182 1
3858507 66863062 1
3858507 95147712 1
3858507 102859442 1
3858507 107944252 1
3858507 112394682 1
3858507 123532402 1
3858507 126491592 1
3858507 127556812 1
3858507 129326022 1
3858507 131431942 1
4773501 10093497 1
4773501 10177923 1
4773501 12382376 1
4773501 12588946 1
4773501 22573171 1
4773501 46855182 1
4773501 66863062 1
4773501 95147712 1
4773501 102859442 1
4773501 107944252 1
4773501 112394682 1
4773501 123532402 1
4773501 126491592 1
4773501 127556812 1
4773501 129326022 2
4773501 131431942 1
10093497 10177923 1
10093497 12382376 1
10093497 12588946 1
10093497 22573171 1
10093497 46855182 1
10093497 66863062 1
10093497 95147712 1
10093497 102859442 1
10093497 107944252 1
10093497 112394682 1
10093497 123532402 1
10093497 126491592 1
10093497 127556812 1
10093497 129326022 1
10093497 131431942 1
10177923 12382376 2
10177923 12588946 1
10177923 22573171 1
10177923 46855182 1
10177923 66863062 1
10177923 95147712 1
10177923 102859442 1
10177923 107944252 1
10177923 112394682 1
10177923 123532402 1
10177923 126491592 2
10177923 127556812 1
10177923 129326022 1
10177923 131431942 1
12382376 12588946 1
12382376 22573171 1
12382376 46855182 1
12382376 66863062 1
12382376 95147712 1
12382376 102859442 1
12382376 107944252 1
12382376 112394682 1
12382376 123532402 1
12382376 126491592 3
12382376 127556812 1
12382376 129326022 1
12382376 131431942 1
12588946 22573171 1
12588946 46855182 1
12588946 66863062 1
12588946 95147712 1
12588946 102859442 1
12588946 107944252 1
12588946 112394682 1
12588946 123532402 1
12588946 126491592 1
12588946 127556812 1
12588946 129326022 1
12588946 131431942 1
22573171 46855182 1
22573171 66863062 1
22573171 95147712 1
22573171 102859442 1
22573171 107944252 1
22573171 112394682 1
22573171 123532402 1
22573171 126491592 1
22573171 127556812 1
22573171 129326022 1
22573171 131431942 1
46855182 66863062 1
46855182 95147712 1
46855182 102859442 1
46855182 107944252 1
46855182 112394682 1
46855182 123532402 1
46855182 126491592 1
46855182 127556812 1
46855182 129326022 1
46855182 131431942 1
66863062 95147712 1
66863062 102859442 1
66863062 107944252 1
66863062 112394682 1
66863062 123532402 1
66863062 126491592 1
66863062 127556812 1
66863062 129326022 1
66863062 131431942 1
95147712 102859442 1
95147712 107944252 1
95147712 112394682 1
95147712 123532402 1
95147712 126491592 1
95147712 127556812 1
95147712 129326022 1
95147712 131431942 1
102859442 107944252 1
102859442 112394682 1
102859442 123532402 1
102859442 126491592 1
102859442 127556812 1
102859442 129326022 1
102859442 131431942 1
107944252 112394682 1
107944252 123532402 1
107944252 126491592 1
107944252 127556812 1
107944252 129326022 1
107944252 131431942 1
112394682 123532402 1
112394682 126491592 1
112394682 127556812 1
112394682 129326022 1
112394682 131431942 1
123532402 126491592 1
123532402 127556812 1
123532402 129326022 1
123532402 131431942 1
126491592 127556812 1
126491592 129326022 1
126491592 131431942 1
127556812 129326022 1
127556812 131431942 1
129326022 131431942 1
4773501 9022398 1
4773501 14168427 1
4773501 17405711 1
4773501 25036632 1
4773501 31249222 1
4773501 33556012 1
4773501 60944142 1
4773501 61979982 1
4773501 109838322 1
4773501 120427822 1
4773501 126894462 1
4773501 128713072 1
4773501 134599932 1
4773501 134928012 1
9022398 14168427 1
9022398 17405711 1
9022398 25036632 1
9022398 31249222 1
9022398 33556012 1
9022398 60944142 1
9022398 61979982 1
9022398 109838322 1
9022398 120427822 1
9022398 126894462 1
9022398 128713072 1
9022398 129326022 1
9022398 134599932 1
9022398 134928012 1
14168427 17405711 1
14168427 25036632 1
14168427 31249222 1
14168427 33556012 1
14168427 60944142 1
14168427 61979982 1
14168427 109838322 1
14168427 120427822 1
14168427 126894462 1
14168427 128713072 1
14168427 129326022 1
14168427 134599932 1
14168427 134928012 1
17405711 25036632 1
17405711 31249222 1
17405711 33556012 1
17405711 60944142 1
17405711 61979982 1
17405711 109838322 1
17405711 120427822 1
17405711 126894462 1
17405711 128713072 1
17405711 129326022 1
17405711 134599932 1
17405711 134928012 1
25036632 31249222 1
25036632 33556012 2
25036632 60944142 1
25036632 61979982 1
25036632 109838322 1
25036632 120427822 1
25036632 126894462 1
25036632 128713072 1
25036632 129326022 2
25036632 134599932 1
25036632 134928012 1
31249222 33556012 1
31249222 60944142 1
31249222 61979982 1
31249222 109838322 1
31249222 120427822 1
31249222 126894462 1
31249222 128713072 1
31249222 129326022 1
31249222 134599932 1
31249222 134928012 1
33556012 60944142 1
33556012 61979982 1
33556012 109838322 1
33556012 120427822 1
33556012 126894462 1
33556012 128713072 1
33556012 129326022 2
33556012 134599932 1
33556012 134928012 1
60944142 61979982 1
60944142 109838322 1
60944142 120427822 1
60944142 126894462 1
60944142 128713072 1
60944142 129326022 1
60944142 134599932 1
60944142 134928012 1
61979982 109838322 1
61979982 120427822 1
61979982 126894462 1
61979982 128713072 1
61979982 129326022 1
61979982 134599932 1
61979982 134928012 1
109838322 120427822 1
109838322 126894462 1
109838322 128713072 1
109838322 134599932 1
109838322 134928012 1
120427822 126894462 1
120427822 128713072 1
120427822 129326022 1
120427822 134599932 1
120427822 134928012 1
126894462 128713072 1
126894462 129326022 1
126894462 134599932 1
126894462 134928012 1
128713072 129326022 1
128713072 134599932 1
128713072 134928012 1
129326022 134599932 1
129326022 134928012 1
134599932 134928012 1
9019479 12382376 1
9019479 126491592 1
9019479 134599932 1
12382376 134599932 1
126491592 134599932 1
4227037 7290859 1
4227037 7953389 1
4227037 9999808 1
4227037 10120820 1
4227037 17648921 1
4227037 25036632 1
4227037 26587932 1
4227037 29597602 1
4227037 31619482 1
4227037 33556012 1
4227037 47237722 1
4227037 53841452 1
4227037 54148922 1
4227037 67550122 1
4227037 73758622 1
4227037 104431792 1
4227037 108692232 1
4227037 129326022 1
4227037 131676612 1
4227037 133261922 1
4227037 137727122 1
4227037 138233972 1
4227037 138900422 1
4227037 139514422 1
7290859 7953389 1
7290859 9999808 1
7290859 10120820 1
7290859 17648921 1
7290859 25036632 1
7290859 26587932 1
7290859 29597602 1
7290859 31619482 1
7290859 33556012 1
7290859 47237722 1
7290859 53841452 1
7290859 54148922 1
7290859 67550122 1
7290859 73758622 1
7290859 104431792 1
7290859 108692232 1
7290859 129326022 1
7290859 131676612 1
7290859 133261922 1
7290859 137727122 1
7290859 138233972 1
7290859 138900422 1
7290859 139514422 1
7953389 9999808 1
7953389 10120820 1
7953389 17648921 1
7953389 25036632 1
7953389 26587932 1
7953389 29597602 1
7953389 31619482 1
7953389 33556012 1
7953389 47237722 1
7953389 53841452 1
7953389 54148922 1
7953389 67550122 1
7953389 73758622 1
7953389 104431792 1
7953389 108692232 1
7953389 129326022 1
7953389 131676612 1
7953389 133261922 1
7953389 137727122 1
7953389 138233972 1
7953389 138900422 1
7953389 139514422 1
9999808 10120820 1
9999808 17648921 1
9999808 25036632 1
9999808 26587932 1
9999808 29597602 1
9999808 31619482 1
9999808 33556012 1
9999808 47237722 1
9999808 53841452 1
9999808 54148922 1
9999808 67550122 1
9999808 73758622 1
9999808 104431792 1
9999808 108692232 1
9999808 129326022 1
9999808 131676612 1
9999808 133261922 1
9999808 137727122 1
9999808 138233972 1
9999808 138900422 1
9999808 139514422 1
10120820 17648921 1
10120820 25036632 1
10120820 26587932 1
10120820 29597602 1
10120820 31619482 1
10120820 33556012 1
10120820 47237722 1
10120820 53841452 1
10120820 54148922 1
10120820 67550122 1
10120820 73758622 1
10120820 104431792 1
10120820 108692232 1
10120820 129326022 1
10120820 131676612 1
10120820 133261922 1
10120820 137727122 1
10120820 138233972 1
10120820 138900422 1
10120820 139514422 1
17648921 25036632 1
17648921 26587932 1
17648921 29597602 1
17648921 31619482 1
17648921 33556012 1
17648921 47237722 1
17648921 53841452 1
17648921 54148922 1
17648921 67550122 1
17648921 73758622 1
17648921 104431792 1
17648921 108692232 1
17648921 129326022 1
17648921 131676612 1
17648921 133261922 1
17648921 137727122 1
17648921 138233972 1
17648921 138900422 1
17648921 139514422 1
25036632 26587932 1
25036632 29597602 1
25036632 31619482 1
25036632 47237722 1
25036632 53841452 1
25036632 54148922 1
25036632 67550122 1
25036632 73758622 1
25036632 104431792 1
25036632 108692232 1
25036632 131676612 1
25036632 133261922 1
25036632 137727122 1
25036632 138233972 1
25036632 138900422 1
25036632 139514422 1
26587932 29597602 1
26587932 31619482 1
26587932 33556012 1
26587932 47237722 1
26587932 53841452 1
26587932 54148922 1
26587932 67550122 1
26587932 73758622 1
26587932 104431792 1
26587932 108692232 1
26587932 129326022 1
26587932 131676612 1
26587932 133261922 1
26587932 137727122 1
26587932 138233972 1
26587932 138900422 1
26587932 139514422 1
29597602 31619482 1
29597602 33556012 1
29597602 47237722 1
29597602 53841452 1
29597602 54148922 1
29597602 67550122 1
29597602 73758622 1
29597602 104431792 1
29597602 108692232 1
29597602 129326022 1
29597602 131676612 1
29597602 133261922 1
29597602 137727122 1
29597602 138233972 1
29597602 138900422 1
29597602 139514422 1
31619482 33556012 1
31619482 47237722 1
31619482 53841452 1
31619482 54148922 1
31619482 67550122 1
31619482 73758622 1
31619482 104431792 1
31619482 108692232 1
31619482 129326022 1
31619482 131676612 1
31619482 133261922 1
31619482 137727122 1
31619482 138233972 1
31619482 138900422 1
31619482 139514422 1
33556012 47237722 1
33556012 53841452 1
33556012 54148922 1
33556012 67550122 1
33556012 73758622 1
33556012 104431792 1
33556012 108692232 1
33556012 131676612 1
33556012 133261922 1
33556012 137727122 1
33556012 138233972 1
33556012 138900422 1
33556012 139514422 1
47237722 53841452 1
47237722 54148922 1
47237722 67550122 1
47237722 73758622 1
47237722 104431792 1
47237722 108692232 1
47237722 131676612 1
47237722 133261922 1
47237722 137727122 1
47237722 138233972 1
47237722 138900422 1
47237722 139514422 1
53841452 54148922 1
53841452 67550122 1
53841452 73758622 1
53841452 104431792 1
53841452 108692232 1
53841452 129326022 1
53841452 131676612 1
53841452 133261922 1
53841452 137727122 1
53841452 138233972 1
53841452 138900422 1
53841452 139514422 1
54148922 67550122 1
54148922 73758622 1
54148922 104431792 1
54148922 108692232 1
54148922 129326022 1
54148922 131676612 1
54148922 133261922 1
54148922 137727122 1
54148922 138233972 1
54148922 138900422 1
54148922 139514422 1
67550122 73758622 1
67550122 104431792 1
67550122 108692232 1
67550122 129326022 1
67550122 131676612 1
67550122 133261922 1
67550122 137727122 1
67550122 138233972 1
67550122 138900422 1
67550122 139514422 1
73758622 104431792 1
73758622 108692232 1
73758622 129326022 1
73758622 131676612 1
73758622 133261922 1
73758622 137727122 1
73758622 138233972 1
73758622 138900422 1
73758622 139514422 1
104431792 108692232 1
104431792 129326022 1
104431792 131676612 1
104431792 133261922 1
104431792 137727122 1
104431792 138233972 1
104431792 138900422 1
104431792 139514422 1
108692232 129326022 1
108692232 131676612 1
108692232 133261922 1
108692232 137727122 1
108692232 138233972 1
108692232 138900422 1
108692232 139514422 1
129326022 131676612 1
129326022 133261922 1
129326022 137727122 1
129326022 138233972 2
129326022 138900422 1
129326022 139514422 1
131676612 133261922 1
131676612 137727122 1
131676612 138233972 1
131676612 138900422 1
131676612 139514422 1
133261922 137727122 1
133261922 138233972 1
133261922 138900422 1
133261922 139514422 1
137727122 138233972 1
137727122 138900422 1
137727122 139514422 1
138233972 138900422 1
138233972 139514422 1
138900422 139514422 1
12382376 118985302 2
145317 8208928 1
145317 10177923 1
145317 12382376 1
145317 25036632 1
145317 50444832 1
145317 114629472 1
145317 118985302 1
145317 124931342 1
145317 126491592 1
145317 132254202 1
145317 143014662 1
8208928 10177923 1
8208928 12382376 1
8208928 25036632 1
8208928 50444832 1
8208928 114629472 1
8208928 118985302 1
8208928 124931342 1
8208928 126491592 1
8208928 132254202 1
8208928 143014662 1
10177923 25036632 1
10177923 50444832 1
10177923 114629472 1
10177923 118985302 1
10177923 124931342 1
10177923 132254202 1
10177923 143014662 1
12382376 25036632 1
12382376 50444832 1
12382376 114629472 2
12382376 124931342 1
12382376 132254202 1
12382376 143014662 1
25036632 50444832 1
25036632 114629472 1
25036632 118985302 1
25036632 124931342 1
25036632 126491592 1
25036632 132254202 1
25036632 143014662 1
50444832 114629472 1
50444832 118985302 1
50444832 124931342 1
50444832 126491592 1
50444832 132254202 1
50444832 143014662 1
114629472 118985302 1
114629472 124931342 1
114629472 126491592 1
114629472 132254202 1
114629472 143014662 1
118985302 124931342 1
118985302 126491592 1
118985302 132254202 1
118985302 143014662 1
124931342 126491592 1
124931342 132254202 1
124931342 143014662 1
126491592 132254202 1
126491592 143014662 1
132254202 143014662 1
15982521 129326022 1
15982521 138233972 1
2968769 2978534 1
2968769 6348970 1
2968769 8789157 1
2968769 9098120 1
2968769 12382376 1
2968769 14172375 1
2968769 17405711 1
2968769 17648921 1
2968769 22668361 1
2968769 24704312 1
2968769 57051082 1
2968769 76009002 1
2968769 78006062 1
2968769 85975482 1
2968769 86643862 1
2968769 107504672 1
2968769 114629472 1
2968769 119103702 1
2968769 121426472 1
2968769 124601692 1
2968769 125289972 1
2968769 136359192 1
2968769 141537332 1
2968769 153983642 1
2968769 155166982 1
2978534 6348970 1
2978534 8789157 1
2978534 9098120 1
2978534 14172375 1
2978534 17405711 1
2978534 17648921 1
2978534 22668361 1
2978534 24704312 1
2978534 57051082 1
2978534 76009002 1
2978534 78006062 1
2978534 85975482 1
2978534 86643862 1
2978534 107504672 1
2978534 114629472 1
2978534 119103702 1
2978534 121426472 1
2978534 124601692 1
2978534 125289972 1
2978534 136359192 1
2978534 141537332 1
2978534 153983642 1
2978534 155166982 1
6348970 8789157 1
6348970 9098120 1
6348970 12382376 1
6348970 14172375 1
6348970 17405711 1
6348970 17648921 1
6348970 22668361 1
6348970 24704312 1
6348970 57051082 1
6348970 76009002 1
6348970 78006062 1
6348970 85975482 1
6348970 86643862 1
6348970 107504672 1
6348970 114629472 1
6348970 119103702 1
6348970 121426472 1
6348970 124601692 1
6348970 125289972 1
6348970 136359192 1
6348970 141537332 1
6348970 153983642 1
6348970 155166982 1
8789157 9098120 1
8789157 12382376 1
8789157 14172375 1
8789157 17405711 1
8789157 17648921 1
8789157 22668361 1
8789157 24704312 1
8789157 57051082 1
8789157 76009002 1
8789157 78006062 1
8789157 85975482 1
8789157 86643862 1
8789157 107504672 1
8789157 114629472 1
8789157 119103702 1
8789157 121426472 1
8789157 124601692 1
8789157 125289972 1
8789157 136359192 1
8789157 141537332 1
8789157 153983642 1
8789157 155166982 1
9098120 12382376 1
9098120 14172375 1
9098120 17405711 1
9098120 17648921 1
9098120 22668361 1
9098120 24704312 1
9098120 57051082 1
9098120 76009002 1
9098120 78006062 1
9098120 85975482 1
9098120 86643862 1
9098120 107504672 1
9098120 114629472 1
9098120 119103702 1
9098120 121426472 1
9098120 124601692 1
9098120 125289972 1
9098120 136359192 1
9098120 141537332 1
9098120 153983642 1
9098120 155166982 1
12382376 14172375 1
12382376 17405711 1
12382376 17648921 1
12382376 22668361 1
12382376 24704312 1
12382376 57051082 1
12382376 76009002 1
12382376 78006062 1
12382376 85975482 1
12382376 86643862 1
12382376 107504672 1
12382376 119103702 1
12382376 121426472 1
12382376 124601692 1
12382376 125289972 1
12382376 136359192 1
12382376 141537332 1
12382376 153983642 1
12382376 155166982 1
14172375 17405711 1
14172375 17648921 1
14172375 22668361 1
14172375 24704312 1
14172375 57051082 1
14172375 76009002 1
14172375 78006062 1
14172375 85975482 1
14172375 86643862 1
14172375 107504672 1
14172375 114629472 1
14172375 119103702 1
14172375 121426472 1
14172375 124601692 1
14172375 125289972 1
14172375 136359192 1
14172375 141537332 1
14172375 153983642 1
14172375 155166982 1
17405711 17648921 1
17405711 22668361 1
17405711 24704312 1
17405711 57051082 1
17405711 76009002 1
17405711 78006062 1
17405711 85975482 1
17405711 86643862 1
17405711 107504672 1
17405711 114629472 1
17405711 119103702 1
17405711 121426472 1
17405711 124601692 1
17405711 125289972 1
17405711 136359192 1
17405711 141537332 1
17405711 153983642 1
17405711 155166982 1
17648921 22668361 1
17648921 24704312 1
17648921 57051082 1
17648921 76009002 1
17648921 78006062 1
17648921 85975482 1
17648921 86643862 1
17648921 107504672 1
17648921 114629472 1
17648921 119103702 1
17648921 121426472 1
17648921 124601692 1
17648921 125289972 1
17648921 136359192 1
17648921 141537332 1
17648921 153983642 1
17648921 155166982 1
22668361 24704312 1
22668361 57051082 1
22668361 76009002 1
22668361 78006062 1
22668361 85975482 1
22668361 86643862 1
22668361 107504672 1
22668361 114629472 1
22668361 119103702 1
22668361 121426472 1
22668361 124601692 1
22668361 125289972 1
22668361 136359192 1
22668361 141537332 1
22668361 153983642 1
22668361 155166982 1
24704312 57051082 1
24704312 76009002 1
24704312 78006062 1
24704312 85975482 1
24704312 86643862 1
24704312 107504672 1
24704312 114629472 1
24704312 119103702 1
24704312 121426472 1
24704312 124601692 1
24704312 125289972 1
24704312 136359192 1
24704312 141537332 1
24704312 153983642 1
24704312 155166982 1
57051082 76009002 1
57051082 78006062 1
57051082 85975482 1
57051082 86643862 1
57051082 107504672 1
57051082 114629472 1
57051082 119103702 1
57051082 121426472 1
57051082 124601692 1
57051082 125289972 1
57051082 136359192 1
57051082 141537332 1
57051082 153983642 1
57051082 155166982 1
76009002 78006062 1
76009002 85975482 1
76009002 86643862 1
76009002 107504672 1
76009002 114629472 1
76009002 119103702 1
76009002 121426472 1
76009002 124601692 1
76009002 125289972 1
76009002 136359192 1
76009002 141537332 1
76009002 153983642 1
76009002 155166982 1
78006062 85975482 1
78006062 86643862 1
78006062 107504672 1
78006062 114629472 1
78006062 119103702 1
78006062 121426472 1
78006062 124601692 1
78006062 125289972 1
78006062 136359192 1
78006062 141537332 1
78006062 153983642 1
78006062 155166982 1
85975482 86643862 1
85975482 107504672 1
85975482 114629472 1
85975482 119103702 1
85975482 121426472 1
85975482 124601692 1
85975482 125289972 1
85975482 136359192 1
85975482 141537332 1
85975482 153983642 1
85975482 155166982 1
86643862 107504672 1
86643862 114629472 1
86643862 119103702 1
86643862 121426472 1
86643862 124601692 1
86643862 125289972 1
86643862 136359192 1
86643862 141537332 1
86643862 153983642 1
86643862 155166982 1
107504672 114629472 1
107504672 119103702 1
107504672 121426472 1
107504672 124601692 1
107504672 125289972 1
107504672 136359192 1
107504672 141537332 1
107504672 153983642 1
107504672 155166982 1
114629472 119103702 1
114629472 121426472 1
114629472 124601692 1
114629472 125289972 1
114629472 136359192 1
114629472 141537332 1
114629472 153983642 1
114629472 155166982 1
119103702 121426472 1
119103702 124601692 1
119103702 125289972 1
119103702 136359192 1
119103702 141537332 1
119103702 153983642 1
119103702 155166982 1
121426472 124601692 1
121426472 125289972 1
121426472 136359192 1
121426472 141537332 1
121426472 153983642 1
121426472 155166982 1
124601692 125289972 1
124601692 136359192 1
124601692 141537332 1
124601692 153983642 1
124601692 155166982 1
125289972 136359192 1
125289972 141537332 1
125289972 153983642 1
125289972 155166982 1
136359192 141537332 1
136359192 153983642 1
136359192 155166982 1
141537332 153983642 1
141537332 155166982 1
153983642 155166982 1
