102702082 46404612 161604612 89821702 152799762 4034579 46897172 187634195 13218329 189829147 185944097 79756332 182658606 183412275 57109562 182493246 92910142 89755202 165490242 184441925 15414861 7585362 4683861 188214869 189840982 187792984 188311130 9301088 114509922 185979491 154890852 188479075 8428138 127713392 189742715 71441532 189803648 178035332 6788741 184515718 185471625 185749641 183475339 3416228 148292772 186095783 79978152 186111174 144287432 185361099 186553549 12275408 129528532 105640152 96167652 110337262 184181491 149426932 8310011 11395842 107166472 186129673 124584202 134695692 13540109 112246542 103574802 103975192 188672284 97455392 100226342 173974822 75992372 37958452 48935732 125245762 188083015 152807242 150624592 13585235 37284692 91353942 75067222 183056726 94131042 122503522 186722150 96438122 188994934 37480312 10190712 59065722 14519166 99222912 35463042 6336391 8509319 12067721 126534032 178915732 173907862 15410081 58789282 187706279 110581162 12655020 185846706 166641592 188911032 112394682 7906750 186358724 13356998 66067912 108458442 181857742 185381328 186855376 184456146 187902418 182324712 11861996 13285877 186084853 13838333
4683861 71441532 1
4683861 89755202 2
4683861 96438122 1
4683861 105640152 2
4683861 107166472 1
4683861 112394682 2
4683861 126534032 1
4683861 129528532 2
4683861 154890852 3
4683861 178035332 1
4683861 178915732 1
71441532 89755202 1
71441532 96438122 1
71441532 105640152 1
71441532 107166472 1
71441532 112394682 1
71441532 126534032 1
71441532 129528532 1
71441532 154890852 1
71441532 178035332 1
71441532 178915732 1
89755202 96438122 1
89755202 105640152 2
89755202 107166472 1
89755202 112394682 2
89755202 126534032 1
89755202 129528532 1
89755202 154890852 2
89755202 178035332 1
89755202 178915732 1
96438122 105640152 1
96438122 107166472 1
96438122 112394682 1
96438122 126534032 1
96438122 129528532 1
96438122 154890852 1
96438122 178035332 1
96438122 178915732 1
105640152 107166472 1
105640152 112394682 2
105640152 126534032 1
105640152 129528532 1
105640152 154890852 3
105640152 178035332 1
105640152 178915732 1
107166472 112394682 1
107166472 126534032 1
107166472 129528532 1
107166472 154890852 1
107166472 178035332 1
107166472 178915732 1
112394682 126534032 1
112394682 129528532 1
112394682 154890852 2
112394682 178035332 1
112394682 178915732 1
126534032 129528532 1
126534032 154890852 1
126534032 178035332 1
126534032 178915732 1
129528532 154890852 2
129528532 178035332 1
129528532 178915732 1
154890852 178035332 2
154890852 178915732 1
178035332 178915732 1
4683861 96167652 1
4683861 97455392 1
4683861 99222912 1
4683861 102702082 1
4683861 103574802 2
4683861 149426932 2
4683861 165490242 1
4683861 181857742 1
4683861 182658606 2
96167652 97455392 1
96167652 99222912 1
96167652 102702082 1
96167652 103574802 1
96167652 129528532 1
96167652 149426932 1
96167652 154890852 1
96167652 165490242 1
96167652 181857742 1
96167652 182658606 1
97455392 99222912 1
97455392 102702082 1
97455392 103574802 1
97455392 129528532 1
97455392 149426932 1
97455392 154890852 1
97455392 165490242 1
97455392 181857742 1
97455392 182658606 1
99222912 102702082 1
99222912 103574802 1
99222912 129528532 1
99222912 149426932 1
99222912 154890852 1
99222912 165490242 1
99222912 181857742 1
99222912 182658606 1
102702082 103574802 1
102702082 129528532 1
102702082 149426932 1
102702082 154890852 1
102702082 165490242 1
102702082 181857742 1
102702082 182658606 1
103574802 129528532 1
103574802 149426932 2
103574802 154890852 2
103574802 165490242 1
103574802 181857742 1
103574802 182658606 2
129528532 149426932 1
129528532 165490242 1
129528532 181857742 1
129528532 182658606 1
149426932 154890852 2
149426932 165490242 1
149426932 181857742 1
149426932 182658606 2
154890852 165490242 1
154890852 181857742 1
154890852 182658606 2
165490242 181857742 1
165490242 182658606 1
181857742 182658606 1
4683861 6336391 1
4683861 9301088 1
4683861 10190712 1
4683861 12275408 1
4683861 15410081 1
4683861 15414861 1
4683861 46897172 1
4683861 75992372 1
4683861 100226342 1
4683861 127713392 1
4683861 144287432 1
4683861 152807242 1
4683861 166641592 1
4683861 173974822 1
4683861 182324712 1
4683861 182493246 1
4683861 184181491 1
4683861 184456146 1
6336391 9301088 1
6336391 10190712 1
6336391 12275408 1
6336391 15410081 1
6336391 15414861 1
6336391 46897172 1
6336391 75992372 1
6336391 89755202 1
6336391 100226342 1
6336391 103574802 1
6336391 105640152 1
6336391 112394682 1
6336391 127713392 1
6336391 144287432 1
6336391 149426932 1
6336391 152807242 1
6336391 154890852 2
6336391 166641592 1
6336391 173974822 1
6336391 182324712 1
6336391 182493246 1
6336391 182658606 1
6336391 184181491 1
6336391 184456146 1
9301088 10190712 1
9301088 12275408 1
9301088 15410081 1
9301088 15414861 1
9301088 46897172 1
9301088 75992372 1
9301088 89755202 1
9301088 100226342 1
9301088 103574802 1
9301088 105640152 1
9301088 112394682 1
9301088 127713392 1
9301088 144287432 1
9301088 149426932 1
9301088 152807242 1
9301088 154890852 1
9301088 166641592 1
9301088 173974822 1
9301088 182324712 1
9301088 182493246 1
9301088 182658606 1
9301088 184181491 1
9301088 184456146 1
10190712 12275408 1
10190712 15410081 1
10190712 15414861 1
10190712 46897172 2
10190712 75992372 2
10190712 89755202 2
10190712 100226342 1
10190712 103574802 1
10190712 105640152 1
10190712 112394682 1
10190712 127713392 1
10190712 144287432 1
10190712 149426932 1
10190712 152807242 1
10190712 154890852 1
10190712 166641592 1
10190712 173974822 1
10190712 182324712 1
10190712 182493246 1
10190712 182658606 1
10190712 184181491 1
10190712 184456146 1
12275408 15410081 1
12275408 15414861 1
12275408 46897172 1
12275408 75992372 1
12275408 89755202 1
12275408 100226342 1
12275408 103574802 1
12275408 105640152 2
12275408 112394682 1
12275408 127713392 3
12275408 144287432 1
12275408 149426932 1
12275408 152807242 2
12275408 154890852 3
12275408 166641592 1
12275408 173974822 1
12275408 182324712 1
12275408 182493246 1
12275408 182658606 1
12275408 184181491 1
12275408 184456146 1
15410081 15414861 1
15410081 46897172 1
15410081 75992372 1
15410081 89755202 1
15410081 100226342 1
15410081 103574802 1
15410081 105640152 1
15410081 112394682 1
15410081 127713392 1
15410081 144287432 1
15410081 149426932 1
15410081 152807242 1
15410081 154890852 1
15410081 166641592 1
15410081 173974822 1
15410081 182324712 1
15410081 182493246 1
15410081 182658606 1
15410081 184181491 1
15410081 184456146 1
15414861 46897172 1
15414861 75992372 1
15414861 89755202 1
15414861 100226342 1
15414861 103574802 1
15414861 105640152 1
15414861 112394682 1
15414861 127713392 1
15414861 144287432 1
15414861 149426932 1
15414861 152807242 1
15414861 154890852 1
15414861 166641592 1
15414861 173974822 1
15414861 182324712 1
15414861 182493246 1
15414861 182658606 1
15414861 184181491 1
15414861 184456146 1
46897172 75992372 2
46897172 89755202 2
46897172 100226342 1
46897172 103574802 1
46897172 105640152 1
46897172 112394682 1
46897172 127713392 1
46897172 144287432 1
46897172 149426932 1
46897172 152807242 1
46897172 154890852 1
46897172 166641592 1
46897172 173974822 1
46897172 182324712 1
46897172 182493246 1
46897172 182658606 1
46897172 184181491 1
46897172 184456146 1
75992372 89755202 2
75992372 100226342 1
75992372 103574802 1
75992372 105640152 1
75992372 112394682 1
75992372 127713392 1
75992372 144287432 1
75992372 149426932 1
75992372 152807242 1
75992372 154890852 1
75992372 166641592 1
75992372 173974822 1
75992372 182324712 1
75992372 182493246 1
75992372 182658606 1
75992372 184181491 1
75992372 184456146 1
89755202 100226342 1
89755202 103574802 1
89755202 127713392 1
89755202 144287432 1
89755202 149426932 1
89755202 152807242 1
89755202 166641592 1
89755202 173974822 1
89755202 182324712 1
89755202 182493246 1
89755202 182658606 1
89755202 184181491 1
89755202 184456146 1
100226342 103574802 1
100226342 105640152 1
100226342 112394682 1
100226342 127713392 1
100226342 144287432 1
100226342 149426932 1
100226342 152807242 1
100226342 154890852 1
100226342 166641592 1
100226342 173974822 1
100226342 182324712 1
100226342 182493246 1
100226342 182658606 1
100226342 184181491 1
100226342 184456146 1
103574802 105640152 1
103574802 112394682 1
103574802 127713392 1
103574802 144287432 1
103574802 152807242 1
103574802 166641592 1
103574802 173974822 1
103574802 182324712 1
103574802 182493246 1
103574802 184181491 1
103574802 184456146 1
105640152 127713392 2
105640152 144287432 1
105640152 149426932 1
105640152 152807242 2
105640152 166641592 1
105640152 173974822 1
105640152 182324712 1
105640152 182493246 1
105640152 182658606 1
105640152 184181491 1
105640152 184456146 1
112394682 127713392 1
112394682 144287432 1
112394682 149426932 1
112394682 152807242 1
112394682 166641592 1
112394682 173974822 1
112394682 182324712 1
112394682 182493246 1
112394682 182658606 1
112394682 184181491 1
112394682 184456146 1
127713392 144287432 1
127713392 149426932 1
127713392 152807242 2
127713392 154890852 3
127713392 166641592 1
127713392 173974822 1
127713392 182324712 1
127713392 182493246 1
127713392 182658606 1
127713392 184181491 1
127713392 184456146 1
144287432 149426932 1
144287432 152807242 1
144287432 154890852 1
144287432 166641592 1
144287432 173974822 1
144287432 182324712 1
144287432 182493246 1
144287432 182658606 1
144287432 184181491 1
144287432 184456146 1
149426932 152807242 1
149426932 166641592 1
149426932 173974822 1
149426932 182324712 1
149426932 182493246 1
149426932 184181491 1
149426932 184456146 1
152807242 154890852 2
152807242 166641592 1
152807242 173974822 1
152807242 182324712 1
152807242 182493246 1
152807242 182658606 1
152807242 184181491 1
152807242 184456146 1
154890852 166641592 1
154890852 173974822 1
154890852 182324712 1
154890852 182493246 1
154890852 184181491 1
154890852 184456146 1
166641592 173974822 1
166641592 182324712 1
166641592 182493246 1
166641592 182658606 1
166641592 184181491 1
166641592 184456146 1
173974822 182324712 1
173974822 182493246 1
173974822 182658606 1
173974822 184181491 1
173974822 184456146 1
182324712 182493246 1
182324712 182658606 1
182324712 184181491 1
182324712 184456146 1
182493246 182658606 1
182493246 184181491 1
182493246 184456146 1
182658606 184181491 1
182658606 184456146 1
184181491 184456146 1
6788741 7585362 1
6788741 8310011 1
6788741 10190712 1
6788741 13540109 1
6788741 13585235 1
6788741 13838333 1
6788741 35463042 1
6788741 37958452 1
6788741 46897172 1
6788741 66067912 1
6788741 75992372 1
6788741 89755202 1
6788741 89821702 1
6788741 91353942 1
6788741 92910142 1
7585362 8310011 1
7585362 10190712 1
7585362 13540109 1
7585362 13585235 1
7585362 13838333 2
7585362 35463042 1
7585362 37958452 1
7585362 46897172 1
7585362 66067912 1
7585362 75992372 1
7585362 89755202 1
7585362 89821702 1
7585362 91353942 1
7585362 92910142 1
8310011 10190712 1
8310011 13540109 1
8310011 13585235 1
8310011 13838333 1
8310011 35463042 1
8310011 37958452 1
8310011 46897172 1
8310011 66067912 1
8310011 75992372 1
8310011 89755202 1
8310011 89821702 1
8310011 91353942 1
8310011 92910142 1
10190712 13540109 1
10190712 13585235 1
10190712 13838333 1
10190712 35463042 1
10190712 37958452 1
10190712 66067912 1
10190712 89821702 1
10190712 91353942 1
10190712 92910142 1
13540109 13585235 1
13540109 13838333 1
13540109 35463042 1
13540109 37958452 1
13540109 46897172 1
13540109 66067912 1
13540109 75992372 1
13540109 89755202 1
13540109 89821702 1
13540109 91353942 1
13540109 92910142 1
13585235 13838333 1
13585235 35463042 1
13585235 37958452 1
13585235 46897172 1
13585235 66067912 1
13585235 75992372 1
13585235 89755202 1
13585235 89821702 1
13585235 91353942 1
13585235 92910142 1
13838333 35463042 1
13838333 37958452 1
13838333 46897172 1
13838333 66067912 1
13838333 75992372 1
13838333 89755202 1
13838333 89821702 1
13838333 91353942 1
13838333 92910142 1
35463042 37958452 1
35463042 46897172 1
35463042 66067912 1
35463042 75992372 1
35463042 89755202 1
35463042 89821702 1
35463042 91353942 1
35463042 92910142 1
37958452 46897172 1
37958452 66067912 1
37958452 75992372 1
37958452 89755202 1
37958452 89821702 1
37958452 91353942 1
37958452 92910142 1
46897172 66067912 1
46897172 89821702 1
46897172 91353942 1
46897172 92910142 1
66067912 75992372 1
66067912 89755202 1
66067912 89821702 1
66067912 91353942 1
66067912 92910142 1
75992372 89821702 1
75992372 91353942 1
75992372 92910142 1
89755202 89821702 1
89755202 91353942 1
89755202 92910142 1
89821702 91353942 1
89821702 92910142 1
91353942 92910142 1
3416228 7585362 1
3416228 12067721 1
3416228 12275408 1
3416228 13285877 1
3416228 37480312 1
3416228 48935732 1
3416228 59065722 1
3416228 94131042 1
3416228 127713392 1
3416228 148292772 1
3416228 150624592 1
3416228 154890852 1
3416228 178035332 1
3416228 183475339 1
3416228 184515718 1
3416228 185381328 1
3416228 185471625 1
3416228 185846706 1
3416228 186084853 1
3416228 186111174 1
3416228 186129673 1
7585362 12067721 2
7585362 12275408 2
7585362 13285877 1
7585362 37480312 1
7585362 48935732 1
7585362 59065722 1
7585362 94131042 1
7585362 127713392 2
7585362 148292772 1
7585362 150624592 3
7585362 154890852 3
7585362 178035332 1
7585362 183475339 1
7585362 184515718 1
7585362 185381328 1
7585362 185471625 1
7585362 185846706 1
7585362 186084853 2
7585362 186111174 1
7585362 186129673 1
12067721 12275408 1
12067721 13285877 1
12067721 37480312 1
12067721 48935732 1
12067721 59065722 1
12067721 94131042 1
12067721 127713392 1
12067721 148292772 1
12067721 150624592 2
12067721 154890852 2
12067721 178035332 1
12067721 183475339 1
12067721 184515718 1
12067721 185381328 1
12067721 185471625 1
12067721 185846706 1
12067721 186084853 1
12067721 186111174 1
12067721 186129673 1
12275408 13285877 1
12275408 37480312 1
12275408 48935732 1
12275408 59065722 1
12275408 94131042 1
12275408 148292772 1
12275408 150624592 2
12275408 178035332 1
12275408 183475339 1
12275408 184515718 1
12275408 185381328 1
12275408 185471625 1
12275408 185846706 1
12275408 186084853 2
12275408 186111174 1
12275408 186129673 1
13285877 37480312 1
13285877 48935732 1
13285877 59065722 1
13285877 94131042 1
13285877 127713392 1
13285877 148292772 1
13285877 150624592 1
13285877 154890852 1
13285877 178035332 1
13285877 183475339 1
13285877 184515718 1
13285877 185381328 1
13285877 185471625 1
13285877 185846706 1
13285877 186084853 1
13285877 186111174 1
13285877 186129673 1
37480312 48935732 1
37480312 59065722 1
37480312 94131042 1
37480312 127713392 1
37480312 148292772 1
37480312 150624592 1
37480312 154890852 1
37480312 178035332 1
37480312 183475339 1
37480312 184515718 1
37480312 185381328 1
37480312 185471625 1
37480312 185846706 1
37480312 186084853 1
37480312 186111174 1
37480312 186129673 1
48935732 59065722 1
48935732 94131042 1
48935732 127713392 1
48935732 148292772 1
48935732 150624592 1
48935732 154890852 1
48935732 178035332 1
48935732 183475339 1
48935732 184515718 1
48935732 185381328 1
48935732 185471625 1
48935732 185846706 1
48935732 186084853 1
48935732 186111174 1
48935732 186129673 1
59065722 94131042 1
59065722 127713392 1
59065722 148292772 1
59065722 150624592 1
59065722 154890852 1
59065722 178035332 1
59065722 183475339 1
59065722 184515718 1
59065722 185381328 1
59065722 185471625 1
59065722 185846706 1
59065722 186084853 1
59065722 186111174 1
59065722 186129673 1
94131042 127713392 1
94131042 148292772 1
94131042 150624592 1
94131042 154890852 1
94131042 178035332 1
94131042 183475339 1
94131042 184515718 1
94131042 185381328 1
94131042 185471625 1
94131042 185846706 1
94131042 186084853 1
94131042 186111174 1
94131042 186129673 1
127713392 148292772 1
127713392 150624592 2
127713392 178035332 1
127713392 183475339 1
127713392 184515718 1
127713392 185381328 1
127713392 185471625 1
127713392 185846706 1
127713392 186084853 2
127713392 186111174 1
127713392 186129673 1
148292772 150624592 1
148292772 154890852 1
148292772 178035332 1
148292772 183475339 1
148292772 184515718 1
148292772 185381328 1
148292772 185471625 1
148292772 185846706 1
148292772 186084853 1
148292772 186111174 1
148292772 186129673 1
150624592 154890852 3
150624592 178035332 1
150624592 183475339 1
150624592 184515718 1
150624592 185381328 1
150624592 185471625 1
150624592 185846706 1
150624592 186084853 2
150624592 186111174 1
150624592 186129673 1
154890852 183475339 1
154890852 184515718 1
154890852 185381328 1
154890852 185471625 1
154890852 185846706 1
154890852 186084853 2
154890852 186111174 1
154890852 186129673 1
178035332 183475339 1
178035332 184515718 1
178035332 185381328 1
178035332 185471625 1
178035332 185846706 1
178035332 186084853 1
178035332 186111174 1
178035332 186129673 1
183475339 184515718 1
183475339 185381328 1
183475339 185471625 1
183475339 185846706 1
183475339 186084853 1
183475339 186111174 1
183475339 186129673 1
184515718 185381328 1
184515718 185471625 1
184515718 185846706 1
184515718 186084853 1
184515718 186111174 1
184515718 186129673 1
185381328 185471625 1
185381328 185846706 1
185381328 186084853 1
185381328 186111174 1
185381328 186129673 1
185471625 185846706 1
185471625 186084853 1
185471625 186111174 1
185471625 186129673 1
185846706 186084853 1
185846706 186111174 1
185846706 186129673 1
186084853 186111174 1
186084853 186129673 1
186111174 186129673 1
4034579 7585362 2
4034579 7906750 1
4034579 8509319 1
4034579 11861996 1
4034579 12275408 1
4034579 13356998 1
4034579 13838333 1
4034579 37284692 1
4034579 46404612 1
4034579 75067222 1
4034579 79756332 2
4034579 79978152 1
4034579 105640152 1
4034579 110337262 1
4034579 110581162 2
4034579 114509922 1
4034579 124584202 2
4034579 125245762 1
4034579 127713392 1
4034579 134695692 1
4034579 150624592 2
4034579 152807242 1
4034579 154890852 2
4034579 173907862 2
4034579 184441925 2
4034579 185361099 2
4034579 185944097 2
4034579 185979491 1
4034579 186084853 1
4034579 186095783 1
4034579 186553549 1
4034579 186722150 1
4034579 187634195 1
4034579 187706279 1
4034579 187792984 1
4034579 187902418 1
4034579 188214869 2
4034579 188311130 1
4034579 188479075 1
4034579 188672284 1
7585362 7906750 1
7585362 8509319 1
7585362 11861996 1
7585362 13356998 1
7585362 37284692 1
7585362 46404612 1
7585362 75067222 1
7585362 79756332 2
7585362 79978152 1
7585362 105640152 1
7585362 110337262 1
7585362 110581162 2
7585362 114509922 1
7585362 124584202 2
7585362 125245762 1
7585362 134695692 1
7585362 152807242 1
7585362 173907862 2
7585362 184441925 2
7585362 185361099 2
7585362 185944097 2
7585362 185979491 1
7585362 186095783 1
7585362 186553549 1
7585362 186722150 1
7585362 187634195 1
7585362 187706279 1
7585362 187792984 1
7585362 187902418 1
7585362 188214869 2
7585362 188311130 1
7585362 188479075 1
7585362 188672284 1
7906750 8509319 1
7906750 11861996 1
7906750 12275408 1
7906750 13356998 1
7906750 13838333 1
7906750 37284692 1
7906750 46404612 1
7906750 75067222 1
7906750 79756332 1
7906750 79978152 1
7906750 105640152 1
7906750 110337262 1
7906750 110581162 1
7906750 114509922 1
7906750 124584202 1
7906750 125245762 1
7906750 127713392 1
7906750 134695692 1
7906750 150624592 1
7906750 152807242 1
7906750 154890852 1
7906750 173907862 1
7906750 184441925 1
7906750 185361099 1
7906750 185944097 1
7906750 185979491 1
7906750 186084853 1
7906750 186095783 1
7906750 186553549 1
7906750 186722150 1
7906750 187634195 1
7906750 187706279 1
7906750 187792984 1
7906750 187902418 1
7906750 188214869 1
7906750 188311130 1
7906750 188479075 1
7906750 188672284 1
8509319 11861996 1
8509319 12275408 1
8509319 13356998 1
8509319 13838333 1
8509319 37284692 1
8509319 46404612 1
8509319 75067222 1
8509319 79756332 1
8509319 79978152 1
8509319 105640152 1
8509319 110337262 1
8509319 110581162 1
8509319 114509922 1
8509319 124584202 1
8509319 125245762 1
8509319 127713392 1
8509319 134695692 1
8509319 150624592 1
8509319 152807242 1
8509319 154890852 1
8509319 173907862 1
8509319 184441925 1
8509319 185361099 1
8509319 185944097 1
8509319 185979491 1
8509319 186084853 1
8509319 186095783 1
8509319 186553549 1
8509319 186722150 1
8509319 187634195 1
8509319 187706279 1
8509319 187792984 1
8509319 187902418 1
8509319 188214869 1
8509319 188311130 1
8509319 188479075 1
8509319 188672284 1
11861996 12275408 1
11861996 13356998 1
11861996 13838333 1
11861996 37284692 1
11861996 46404612 1
11861996 75067222 1
11861996 79756332 1
11861996 79978152 1
11861996 105640152 1
11861996 110337262 1
11861996 110581162 1
11861996 114509922 1
11861996 124584202 1
11861996 125245762 1
11861996 127713392 1
11861996 134695692 1
11861996 150624592 1
11861996 152807242 1
11861996 154890852 1
11861996 173907862 1
11861996 184441925 1
11861996 185361099 1
11861996 185944097 1
11861996 185979491 1
11861996 186084853 1
11861996 186095783 1
11861996 186553549 1
11861996 186722150 1
11861996 187634195 1
11861996 187706279 1
11861996 187792984 1
11861996 187902418 1
11861996 188214869 1
11861996 188311130 1
11861996 188479075 1
11861996 188672284 1
12275408 13356998 1
12275408 13838333 1
12275408 37284692 1
12275408 46404612 1
12275408 75067222 1
12275408 79756332 1
12275408 79978152 1
12275408 110337262 1
12275408 110581162 1
12275408 114509922 1
12275408 124584202 1
12275408 125245762 1
12275408 134695692 1
12275408 173907862 1
12275408 184441925 1
12275408 185361099 1
12275408 185944097 1
12275408 185979491 1
12275408 186095783 1
12275408 186553549 1
12275408 186722150 1
12275408 187634195 1
12275408 187706279 1
12275408 187792984 1
12275408 187902418 1
12275408 188214869 1
12275408 188311130 1
12275408 188479075 1
12275408 188672284 1
13356998 13838333 1
13356998 37284692 1
13356998 46404612 1
13356998 75067222 1
13356998 79756332 1
13356998 79978152 1
13356998 105640152 1
13356998 110337262 1
13356998 110581162 1
13356998 114509922 1
13356998 124584202 1
13356998 125245762 1
13356998 127713392 1
13356998 134695692 1
13356998 150624592 1
13356998 152807242 1
13356998 154890852 1
13356998 173907862 1
13356998 184441925 1
13356998 185361099 1
13356998 185944097 1
13356998 185979491 1
13356998 186084853 1
13356998 186095783 1
13356998 186553549 1
13356998 186722150 1
13356998 187634195 1
13356998 187706279 1
13356998 187792984 1
13356998 187902418 1
13356998 188214869 1
13356998 188311130 1
13356998 188479075 1
13356998 188672284 1
13838333 37284692 1
13838333 46404612 1
13838333 75067222 1
13838333 79756332 1
13838333 79978152 1
13838333 105640152 1
13838333 110337262 1
13838333 110581162 1
13838333 114509922 1
13838333 124584202 1
13838333 125245762 1
13838333 127713392 1
13838333 134695692 1
13838333 150624592 1
13838333 152807242 1
13838333 154890852 1
13838333 173907862 1
13838333 184441925 1
13838333 185361099 1
13838333 185944097 1
13838333 185979491 1
13838333 186084853 1
13838333 186095783 1
13838333 186553549 1
13838333 186722150 1
13838333 187634195 1
13838333 187706279 1
13838333 187792984 1
13838333 187902418 1
13838333 188214869 1
13838333 188311130 1
13838333 188479075 1
13838333 188672284 1
37284692 46404612 1
37284692 75067222 1
37284692 79756332 1
37284692 79978152 1
37284692 105640152 1
37284692 110337262 1
37284692 110581162 1
37284692 114509922 1
37284692 124584202 1
37284692 125245762 1
37284692 127713392 1
37284692 134695692 1
37284692 150624592 1
37284692 152807242 1
37284692 154890852 1
37284692 173907862 1
37284692 184441925 1
37284692 185361099 1
37284692 185944097 1
37284692 185979491 1
37284692 186084853 1
37284692 186095783 1
37284692 186553549 1
37284692 186722150 1
37284692 187634195 1
37284692 187706279 1
37284692 187792984 1
37284692 187902418 1
37284692 188214869 1
37284692 188311130 1
37284692 188479075 1
37284692 188672284 1
46404612 75067222 1
46404612 79756332 1
46404612 79978152 1
46404612 105640152 1
46404612 110337262 1
46404612 110581162 1
46404612 114509922 1
46404612 124584202 1
46404612 125245762 1
46404612 127713392 1
46404612 134695692 1
46404612 150624592 1
46404612 152807242 1
46404612 154890852 1
46404612 173907862 1
46404612 184441925 1
46404612 185361099 1
46404612 185944097 1
46404612 185979491 1
46404612 186084853 1
46404612 186095783 1
46404612 186553549 1
46404612 186722150 1
46404612 187634195 1
46404612 187706279 1
46404612 187792984 1
46404612 187902418 1
46404612 188214869 1
46404612 188311130 1
46404612 188479075 1
46404612 188672284 1
75067222 79756332 1
75067222 79978152 1
75067222 105640152 1
75067222 110337262 1
75067222 110581162 1
75067222 114509922 1
75067222 124584202 1
75067222 125245762 1
75067222 127713392 1
75067222 134695692 1
75067222 150624592 1
75067222 152807242 1
75067222 154890852 1
75067222 173907862 1
75067222 184441925 1
75067222 185361099 1
75067222 185944097 1
75067222 185979491 1
75067222 186084853 1
75067222 186095783 1
75067222 186553549 1
75067222 186722150 1
75067222 187634195 1
75067222 187706279 1
75067222 187792984 1
75067222 187902418 1
75067222 188214869 1
75067222 188311130 1
75067222 188479075 1
75067222 188672284 1
79756332 79978152 1
79756332 105640152 1
79756332 110337262 1
79756332 110581162 2
79756332 114509922 1
79756332 124584202 2
79756332 125245762 1
79756332 127713392 1
79756332 134695692 1
79756332 150624592 2
79756332 152807242 1
79756332 154890852 2
79756332 173907862 2
79756332 184441925 2
79756332 185361099 2
79756332 185944097 2
79756332 185979491 1
79756332 186084853 1
79756332 186095783 1
79756332 186553549 1
79756332 186722150 1
79756332 187634195 1
79756332 187706279 1
79756332 187792984 1
79756332 187902418 1
79756332 188214869 2
79756332 188311130 1
79756332 188479075 1
79756332 188672284 1
79978152 105640152 1
79978152 110337262 1
79978152 110581162 1
79978152 114509922 1
79978152 124584202 1
79978152 125245762 1
79978152 127713392 1
79978152 134695692 1
79978152 150624592 1
79978152 152807242 1
79978152 154890852 1
79978152 173907862 1
79978152 184441925 1
79978152 185361099 1
79978152 185944097 1
79978152 185979491 1
79978152 186084853 1
79978152 186095783 1
79978152 186553549 1
79978152 186722150 1
79978152 187634195 1
79978152 187706279 1
79978152 187792984 1
79978152 187902418 1
79978152 188214869 1
79978152 188311130 1
79978152 188479075 1
79978152 188672284 1
105640152 110337262 1
105640152 110581162 1
105640152 114509922 1
105640152 124584202 1
105640152 125245762 1
105640152 134695692 1
105640152 150624592 1
105640152 173907862 1
105640152 184441925 1
105640152 185361099 1
105640152 185944097 1
105640152 185979491 1
105640152 186084853 1
105640152 186095783 1
105640152 186553549 1
105640152 186722150 1
105640152 187634195 1
105640152 187706279 1
105640152 187792984 1
105640152 187902418 1
105640152 188214869 1
105640152 188311130 1
105640152 188479075 1
105640152 188672284 1
110337262 110581162 1
110337262 114509922 1
110337262 124584202 1
110337262 125245762 1
110337262 127713392 1
110337262 134695692 1
110337262 150624592 1
110337262 152807242 1
110337262 154890852 1
110337262 173907862 1
110337262 184441925 1
110337262 185361099 1
110337262 185944097 1
110337262 185979491 1
110337262 186084853 1
110337262 186095783 1
110337262 186553549 1
110337262 186722150 1
110337262 187634195 1
110337262 187706279 1
110337262 187792984 1
110337262 187902418 1
110337262 188214869 1
110337262 188311130 1
110337262 188479075 1
110337262 188672284 1
110581162 114509922 1
110581162 124584202 2
110581162 125245762 1
110581162 127713392 1
110581162 134695692 1
110581162 150624592 2
110581162 152807242 1
110581162 154890852 2
110581162 173907862 2
110581162 184441925 2
110581162 185361099 2
110581162 185944097 2
110581162 185979491 1
110581162 186084853 1
110581162 186095783 1
110581162 186553549 1
110581162 186722150 1
110581162 187634195 1
110581162 187706279 1
110581162 187792984 1
110581162 187902418 1
110581162 188214869 2
110581162 188311130 1
110581162 188479075 1
110581162 188672284 1
114509922 124584202 1
114509922 125245762 1
114509922 127713392 1
114509922 134695692 1
114509922 150624592 1
114509922 152807242 1
114509922 154890852 1
114509922 173907862 1
114509922 184441925 1
114509922 185361099 1
114509922 185944097 1
114509922 185979491 1
114509922 186084853 1
114509922 186095783 1
114509922 186553549 1
114509922 186722150 1
114509922 187634195 1
114509922 187706279 1
114509922 187792984 1
114509922 187902418 1
114509922 188214869 1
114509922 188311130 1
114509922 188479075 1
114509922 188672284 1
124584202 125245762 1
124584202 127713392 1
124584202 134695692 1
124584202 150624592 2
124584202 152807242 1
124584202 154890852 2
124584202 173907862 2
124584202 184441925 2
124584202 185361099 2
124584202 185944097 2
124584202 185979491 1
124584202 186084853 1
124584202 186095783 1
124584202 186553549 1
124584202 186722150 1
124584202 187634195 1
124584202 187706279 1
124584202 187792984 1
124584202 187902418 1
124584202 188214869 2
124584202 188311130 1
124584202 188479075 1
124584202 188672284 1
125245762 127713392 1
125245762 134695692 1
125245762 150624592 1
125245762 152807242 1
125245762 154890852 1
125245762 173907862 1
125245762 184441925 1
125245762 185361099 1
125245762 185944097 1
125245762 185979491 1
125245762 186084853 1
125245762 186095783 1
125245762 186553549 1
125245762 186722150 1
125245762 187634195 1
125245762 187706279 1
125245762 187792984 1
125245762 187902418 1
125245762 188214869 1
125245762 188311130 1
125245762 188479075 1
125245762 188672284 1
127713392 134695692 1
127713392 173907862 1
127713392 184441925 1
127713392 185361099 1
127713392 185944097 1
127713392 185979491 1
127713392 186095783 1
127713392 186553549 1
127713392 186722150 1
127713392 187634195 1
127713392 187706279 1
127713392 187792984 1
127713392 187902418 1
127713392 188214869 1
127713392 188311130 1
127713392 188479075 1
127713392 188672284 1
134695692 150624592 1
134695692 152807242 1
134695692 154890852 1
134695692 173907862 1
134695692 184441925 1
134695692 185361099 1
134695692 185944097 1
134695692 185979491 1
134695692 186084853 1
134695692 186095783 1
134695692 186553549 1
134695692 186722150 1
134695692 187634195 1
134695692 187706279 1
134695692 187792984 1
134695692 187902418 1
134695692 188214869 1
134695692 188311130 1
134695692 188479075 1
134695692 188672284 1
150624592 152807242 1
150624592 173907862 2
150624592 184441925 2
150624592 185361099 2
150624592 185944097 2
150624592 185979491 1
150624592 186095783 1
150624592 186553549 1
150624592 186722150 1
150624592 187634195 1
150624592 187706279 1
150624592 187792984 1
150624592 187902418 1
150624592 188214869 2
150624592 188311130 1
150624592 188479075 1
150624592 188672284 1
152807242 173907862 1
152807242 184441925 1
152807242 185361099 1
152807242 185944097 1
152807242 185979491 1
152807242 186084853 1
152807242 186095783 1
152807242 186553549 1
152807242 186722150 1
152807242 187634195 1
152807242 187706279 1
152807242 187792984 1
152807242 187902418 1
152807242 188214869 1
152807242 188311130 1
152807242 188479075 1
152807242 188672284 1
154890852 173907862 2
154890852 184441925 2
154890852 185361099 2
154890852 185944097 2
154890852 185979491 1
154890852 186095783 1
154890852 186553549 1
154890852 186722150 1
154890852 187634195 1
154890852 187706279 1
154890852 187792984 1
154890852 187902418 1
154890852 188214869 2
154890852 188311130 1
154890852 188479075 1
154890852 188672284 1
173907862 184441925 2
173907862 185361099 2
173907862 185944097 2
173907862 185979491 1
173907862 186084853 1
173907862 186095783 1
173907862 186553549 1
173907862 186722150 1
173907862 187634195 1
173907862 187706279 1
173907862 187792984 1
173907862 187902418 1
173907862 188214869 2
173907862 188311130 1
173907862 188479075 1
173907862 188672284 1
184441925 185361099 2
184441925 185944097 2
184441925 185979491 1
184441925 186084853 1
184441925 186095783 1
184441925 186553549 1
184441925 186722150 1
184441925 187634195 1
184441925 187706279 1
184441925 187792984 1
184441925 187902418 1
184441925 188214869 2
184441925 188311130 1
184441925 188479075 1
184441925 188672284 1
185361099 185944097 2
185361099 185979491 1
185361099 186084853 1
185361099 186095783 1
185361099 186553549 1
185361099 186722150 1
185361099 187634195 1
185361099 187706279 1
185361099 187792984 1
185361099 187902418 1
185361099 188214869 2
185361099 188311130 1
185361099 188479075 1
185361099 188672284 1
185944097 185979491 1
185944097 186084853 1
185944097 186095783 1
185944097 186553549 1
185944097 186722150 1
185944097 187634195 1
185944097 187706279 1
185944097 187792984 1
185944097 187902418 1
185944097 188214869 2
185944097 188311130 1
185944097 188479075 1
185944097 188672284 1
185979491 186084853 1
185979491 186095783 1
185979491 186553549 1
185979491 186722150 1
185979491 187634195 1
185979491 187706279 1
185979491 187792984 1
185979491 187902418 1
185979491 188214869 1
185979491 188311130 1
185979491 188479075 1
185979491 188672284 1
186084853 186095783 1
186084853 186553549 1
186084853 186722150 1
186084853 187634195 1
186084853 187706279 1
186084853 187792984 1
186084853 187902418 1
186084853 188214869 1
186084853 188311130 1
186084853 188479075 1
186084853 188672284 1
186095783 186553549 1
186095783 186722150 1
186095783 187634195 1
186095783 187706279 1
186095783 187792984 1
186095783 187902418 1
186095783 188214869 1
186095783 188311130 1
186095783 188479075 1
186095783 188672284 1
186553549 186722150 1
186553549 187634195 1
186553549 187706279 1
186553549 187792984 1
186553549 187902418 1
186553549 188214869 1
186553549 188311130 1
186553549 188479075 1
186553549 188672284 1
186722150 187634195 1
186722150 187706279 1
186722150 187792984 1
186722150 187902418 1
186722150 188214869 1
186722150 188311130 1
186722150 188479075 1
186722150 188672284 1
187634195 187706279 1
187634195 187792984 1
187634195 187902418 1
187634195 188214869 1
187634195 188311130 1
187634195 188479075 1
187634195 188672284 1
187706279 187792984 1
187706279 187902418 1
187706279 188214869 1
187706279 188311130 1
187706279 188479075 1
187706279 188672284 1
187792984 187902418 1
187792984 188214869 1
187792984 188311130 1
187792984 188479075 1
187792984 188672284 1
187902418 188214869 1
187902418 188311130 1
187902418 188479075 1
187902418 188672284 1
188214869 188311130 1
188214869 188479075 1
188214869 188672284 1
188311130 188479075 1
188311130 188672284 1
188479075 188672284 1
4034579 6336391 1
4034579 8428138 1
4034579 11395842 1
4034579 12067721 1
4034579 12655020 1
4034579 13218329 1
4034579 14519166 1
4034579 57109562 1
4034579 58789282 1
4034579 103975192 1
4034579 108458442 1
4034579 112246542 1
4034579 122503522 1
4034579 152799762 1
4034579 161604612 1
4034579 183056726 1
4034579 183412275 1
4034579 185749641 1
4034579 186358724 1
4034579 186855376 1
4034579 188083015 1
4034579 188911032 1
4034579 188994934 1
4034579 189742715 1
4034579 189803648 1
4034579 189829147 1
4034579 189840982 1
6336391 7585362 1
6336391 8428138 1
6336391 11395842 1
6336391 12067721 1
6336391 12655020 1
6336391 13218329 1
6336391 14519166 1
6336391 57109562 1
6336391 58789282 1
6336391 79756332 1
6336391 103975192 1
6336391 108458442 1
6336391 110581162 1
6336391 112246542 1
6336391 122503522 1
6336391 124584202 1
6336391 150624592 1
6336391 152799762 1
6336391 161604612 1
6336391 173907862 1
6336391 183056726 1
6336391 183412275 1
6336391 184441925 1
6336391 185361099 1
6336391 185749641 1
6336391 185944097 1
6336391 186358724 1
6336391 186855376 1
6336391 188083015 1
6336391 188214869 1
6336391 188911032 1
6336391 188994934 1
6336391 189742715 1
6336391 189803648 1
6336391 189829147 1
6336391 189840982 1
7585362 8428138 1
7585362 11395842 1
7585362 12655020 1
7585362 13218329 1
7585362 14519166 1
7585362 57109562 1
7585362 58789282 1
7585362 103975192 1
7585362 108458442 1
7585362 112246542 1
7585362 122503522 1
7585362 152799762 1
7585362 161604612 1
7585362 183056726 1
7585362 183412275 1
7585362 185749641 1
7585362 186358724 1
7585362 186855376 1
7585362 188083015 1
7585362 188911032 1
7585362 188994934 1
7585362 189742715 1
7585362 189803648 1
7585362 189829147 1
7585362 189840982 1
8428138 11395842 1
8428138 12067721 1
8428138 12655020 1
8428138 13218329 1
8428138 14519166 1
8428138 57109562 1
8428138 58789282 1
8428138 79756332 1
8428138 103975192 1
8428138 108458442 1
8428138 110581162 1
8428138 112246542 1
8428138 122503522 1
8428138 124584202 1
8428138 150624592 1
8428138 152799762 1
8428138 154890852 1
8428138 161604612 1
8428138 173907862 1
8428138 183056726 1
8428138 183412275 1
8428138 184441925 1
8428138 185361099 1
8428138 185749641 1
8428138 185944097 1
8428138 186358724 1
8428138 186855376 1
8428138 188083015 1
8428138 188214869 1
8428138 188911032 1
8428138 188994934 1
8428138 189742715 1
8428138 189803648 1
8428138 189829147 1
8428138 189840982 1
11395842 12067721 1
11395842 12655020 1
11395842 13218329 1
11395842 14519166 1
11395842 57109562 1
11395842 58789282 1
11395842 79756332 1
11395842 103975192 1
11395842 108458442 1
11395842 110581162 1
11395842 112246542 1
11395842 122503522 1
11395842 124584202 1
11395842 150624592 1
11395842 152799762 1
11395842 154890852 1
11395842 161604612 1
11395842 173907862 1
11395842 183056726 1
11395842 183412275 1
11395842 184441925 1
11395842 185361099 1
11395842 185749641 1
11395842 185944097 1
11395842 186358724 1
11395842 186855376 1
11395842 188083015 1
11395842 188214869 1
11395842 188911032 1
11395842 188994934 1
11395842 189742715 1
11395842 189803648 1
11395842 189829147 1
11395842 189840982 1
12067721 12655020 1
12067721 13218329 1
12067721 14519166 1
12067721 57109562 1
12067721 58789282 1
12067721 79756332 1
12067721 103975192 1
12067721 108458442 1
12067721 110581162 1
12067721 112246542 1
12067721 122503522 1
12067721 124584202 1
12067721 152799762 1
12067721 161604612 1
12067721 173907862 1
12067721 183056726 1
12067721 183412275 1
12067721 184441925 1
12067721 185361099 1
12067721 185749641 1
12067721 185944097 1
12067721 186358724 1
12067721 186855376 1
12067721 188083015 1
12067721 188214869 1
12067721 188911032 1
12067721 188994934 1
12067721 189742715 1
12067721 189803648 1
12067721 189829147 1
12067721 189840982 1
12655020 13218329 1
12655020 14519166 1
12655020 57109562 1
12655020 58789282 1
12655020 79756332 1
12655020 103975192 1
12655020 108458442 1
12655020 110581162 1
12655020 112246542 1
12655020 122503522 1
12655020 124584202 1
12655020 150624592 1
12655020 152799762 1
12655020 154890852 1
12655020 161604612 1
12655020 173907862 1
12655020 183056726 1
12655020 183412275 1
12655020 184441925 1
12655020 185361099 1
12655020 185749641 1
12655020 185944097 1
12655020 186358724 1
12655020 186855376 1
12655020 188083015 1
12655020 188214869 1
12655020 188911032 1
12655020 188994934 1
12655020 189742715 1
12655020 189803648 1
12655020 189829147 1
12655020 189840982 1
13218329 14519166 1
13218329 57109562 1
13218329 58789282 1
13218329 79756332 1
13218329 103975192 1
13218329 108458442 1
13218329 110581162 1
13218329 112246542 1
13218329 122503522 1
13218329 124584202 1
13218329 150624592 1
13218329 152799762 1
13218329 154890852 1
13218329 161604612 1
13218329 173907862 1
13218329 183056726 1
13218329 183412275 1
13218329 184441925 1
13218329 185361099 1
13218329 185749641 1
13218329 185944097 1
13218329 186358724 1
13218329 186855376 1
13218329 188083015 1
13218329 188214869 1
13218329 188911032 1
13218329 188994934 1
13218329 189742715 1
13218329 189803648 1
13218329 189829147 1
13218329 189840982 1
14519166 57109562 1
14519166 58789282 1
14519166 79756332 1
14519166 103975192 1
14519166 108458442 1
14519166 110581162 1
14519166 112246542 1
14519166 122503522 1
14519166 124584202 1
14519166 150624592 1
14519166 152799762 1
14519166 154890852 1
14519166 161604612 1
14519166 173907862 1
14519166 183056726 1
14519166 183412275 1
14519166 184441925 1
14519166 185361099 1
14519166 185749641 1
14519166 185944097 1
14519166 186358724 1
14519166 186855376 1
14519166 188083015 1
14519166 188214869 1
14519166 188911032 1
14519166 188994934 1
14519166 189742715 1
14519166 189803648 1
14519166 189829147 1
14519166 189840982 1
57109562 58789282 1
57109562 79756332 1
57109562 103975192 1
57109562 108458442 1
57109562 110581162 1
57109562 112246542 1
57109562 122503522 1
57109562 124584202 1
57109562 150624592 1
57109562 152799762 1
57109562 154890852 1
57109562 161604612 1
57109562 173907862 1
57109562 183056726 1
57109562 183412275 1
57109562 184441925 1
57109562 185361099 1
57109562 185749641 1
57109562 185944097 1
57109562 186358724 1
57109562 186855376 1
57109562 188083015 1
57109562 188214869 1
57109562 188911032 1
57109562 188994934 1
57109562 189742715 1
57109562 189803648 1
57109562 189829147 1
57109562 189840982 1
58789282 79756332 1
58789282 103975192 1
58789282 108458442 1
58789282 110581162 1
58789282 112246542 1
58789282 122503522 1
58789282 124584202 1
58789282 150624592 1
58789282 152799762 1
58789282 154890852 1
58789282 161604612 1
58789282 173907862 1
58789282 183056726 1
58789282 183412275 1
58789282 184441925 1
58789282 185361099 1
58789282 185749641 1
58789282 185944097 1
58789282 186358724 1
58789282 186855376 1
58789282 188083015 1
58789282 188214869 1
58789282 188911032 1
58789282 188994934 1
58789282 189742715 1
58789282 189803648 1
58789282 189829147 1
58789282 189840982 1
79756332 103975192 1
79756332 108458442 1
79756332 112246542 1
79756332 122503522 1
79756332 152799762 1
79756332 161604612 1
79756332 183056726 1
79756332 183412275 1
79756332 185749641 1
79756332 186358724 1
79756332 186855376 1
79756332 188083015 1
79756332 188911032 1
79756332 188994934 1
79756332 189742715 1
79756332 189803648 1
79756332 189829147 1
79756332 189840982 1
103975192 108458442 1
103975192 110581162 1
103975192 112246542 1
103975192 122503522 1
103975192 124584202 1
103975192 150624592 1
103975192 152799762 1
103975192 154890852 1
103975192 161604612 1
103975192 173907862 1
103975192 183056726 1
103975192 183412275 1
103975192 184441925 1
103975192 185361099 1
103975192 185749641 1
103975192 185944097 1
103975192 186358724 1
103975192 186855376 1
103975192 188083015 1
103975192 188214869 1
103975192 188911032 1
103975192 188994934 1
103975192 189742715 1
103975192 189803648 1
103975192 189829147 1
103975192 189840982 1
108458442 110581162 1
108458442 112246542 1
108458442 122503522 1
108458442 124584202 1
108458442 150624592 1
108458442 152799762 1
108458442 154890852 1
108458442 161604612 1
108458442 173907862 1
108458442 183056726 1
108458442 183412275 1
108458442 184441925 1
108458442 185361099 1
108458442 185749641 1
108458442 185944097 1
108458442 186358724 1
108458442 186855376 1
108458442 188083015 1
108458442 188214869 1
108458442 188911032 1
108458442 188994934 1
108458442 189742715 1
108458442 189803648 1
108458442 189829147 1
108458442 189840982 1
110581162 112246542 1
110581162 122503522 1
110581162 152799762 1
110581162 161604612 1
110581162 183056726 1
110581162 183412275 1
110581162 185749641 1
110581162 186358724 1
110581162 186855376 1
110581162 188083015 1
110581162 188911032 1
110581162 188994934 1
110581162 189742715 1
110581162 189803648 1
110581162 189829147 1
110581162 189840982 1
112246542 122503522 1
112246542 124584202 1
112246542 150624592 1
112246542 152799762 1
112246542 154890852 1
112246542 161604612 1
112246542 173907862 1
112246542 183056726 1
112246542 183412275 1
112246542 184441925 1
112246542 185361099 1
112246542 185749641 1
112246542 185944097 1
112246542 186358724 1
112246542 186855376 1
112246542 188083015 1
112246542 188214869 1
112246542 188911032 1
112246542 188994934 1
112246542 189742715 1
112246542 189803648 1
112246542 189829147 1
112246542 189840982 1
122503522 124584202 1
122503522 150624592 1
122503522 152799762 1
122503522 154890852 1
122503522 161604612 1
122503522 173907862 1
122503522 183056726 1
122503522 183412275 1
122503522 184441925 1
122503522 185361099 1
122503522 185749641 1
122503522 185944097 1
122503522 186358724 1
122503522 186855376 1
122503522 188083015 1
122503522 188214869 1
122503522 188911032 1
122503522 188994934 1
122503522 189742715 1
122503522 189803648 1
122503522 189829147 1
122503522 189840982 1
124584202 152799762 1
124584202 161604612 1
124584202 183056726 1
124584202 183412275 1
124584202 185749641 1
124584202 186358724 1
124584202 186855376 1
124584202 188083015 1
124584202 188911032 1
124584202 188994934 1
124584202 189742715 1
124584202 189803648 1
124584202 189829147 1
124584202 189840982 1
150624592 152799762 1
150624592 161604612 1
150624592 183056726 1
150624592 183412275 1
150624592 185749641 1
150624592 186358724 1
150624592 186855376 1
150624592 188083015 1
150624592 188911032 1
150624592 188994934 1
150624592 189742715 1
150624592 189803648 1
150624592 189829147 1
150624592 189840982 1
152799762 154890852 1
152799762 161604612 1
152799762 173907862 1
152799762 183056726 1
152799762 183412275 1
152799762 184441925 1
152799762 185361099 1
152799762 185749641 1
152799762 185944097 1
152799762 186358724 1
152799762 186855376 1
152799762 188083015 1
152799762 188214869 1
152799762 188911032 1
152799762 188994934 1
152799762 189742715 1
152799762 189803648 1
152799762 189829147 1
152799762 189840982 1
154890852 161604612 1
154890852 183056726 1
154890852 183412275 1
154890852 185749641 1
154890852 186358724 1
154890852 186855376 1
154890852 188083015 1
154890852 188911032 1
154890852 188994934 1
154890852 189742715 1
154890852 189803648 1
154890852 189829147 1
154890852 189840982 1
161604612 173907862 1
161604612 183056726 1
161604612 183412275 1
161604612 184441925 1
161604612 185361099 1
161604612 185749641 1
161604612 185944097 1
161604612 186358724 1
161604612 186855376 1
161604612 188083015 1
161604612 188214869 1
161604612 188911032 1
161604612 188994934 1
161604612 189742715 1
161604612 189803648 1
161604612 189829147 1
161604612 189840982 1
173907862 183056726 1
173907862 183412275 1
173907862 185749641 1
173907862 186358724 1
173907862 186855376 1
173907862 188083015 1
173907862 188911032 1
173907862 188994934 1
173907862 189742715 1
173907862 189803648 1
173907862 189829147 1
173907862 189840982 1
183056726 183412275 1
183056726 184441925 1
183056726 185361099 1
183056726 185749641 1
183056726 185944097 1
183056726 186358724 1
183056726 186855376 1
183056726 188083015 1
183056726 188214869 1
183056726 188911032 1
183056726 188994934 1
183056726 189742715 1
183056726 189803648 1
183056726 189829147 1
183056726 189840982 1
183412275 184441925 1
183412275 185361099 1
183412275 185749641 1
183412275 185944097 1
183412275 186358724 1
183412275 186855376 1
183412275 188083015 1
183412275 188214869 1
183412275 188911032 1
183412275 188994934 1
183412275 189742715 1
183412275 189803648 1
183412275 189829147 1
183412275 189840982 1
184441925 185749641 1
184441925 186358724 1
184441925 186855376 1
184441925 188083015 1
184441925 188911032 1
184441925 188994934 1
184441925 189742715 1
184441925 189803648 1
184441925 189829147 1
184441925 189840982 1
185361099 185749641 1
185361099 186358724 1
185361099 186855376 1
185361099 188083015 1
185361099 188911032 1
185361099 188994934 1
185361099 189742715 1
185361099 189803648 1
185361099 189829147 1
185361099 189840982 1
185749641 185944097 1
185749641 186358724 1
185749641 186855376 1
185749641 188083015 1
185749641 188214869 1
185749641 188911032 1
185749641 188994934 1
185749641 189742715 1
185749641 189803648 1
185749641 189829147 1
185749641 189840982 1
185944097 186358724 1
185944097 186855376 1
185944097 188083015 1
185944097 188911032 1
185944097 188994934 1
185944097 189742715 1
185944097 189803648 1
185944097 189829147 1
185944097 189840982 1
186358724 186855376 1
186358724 188083015 1
186358724 188214869 1
186358724 188911032 1
186358724 188994934 1
186358724 189742715 1
186358724 189803648 1
186358724 189829147 1
186358724 189840982 1
186855376 188083015 1
186855376 188214869 1
186855376 188911032 1
186855376 188994934 1
186855376 189742715 1
186855376 189803648 1
186855376 189829147 1
186855376 189840982 1
188083015 188214869 1
188083015 188911032 1
188083015 188994934 1
188083015 189742715 1
188083015 189803648 1
188083015 189829147 1
188083015 189840982 1
188214869 188911032 1
188214869 188994934 1
188214869 189742715 1
188214869 189803648 1
188214869 189829147 1
188214869 189840982 1
188911032 188994934 1
188911032 189742715 1
188911032 189803648 1
188911032 189829147 1
188911032 189840982 1
188994934 189742715 1
188994934 189803648 1
188994934 189829147 1
188994934 189840982 1
189742715 189803648 1
189742715 189829147 1
189742715 189840982 1
189803648 189829147 1
189803648 189840982 1
189829147 189840982 1
