41236352 99983232 137342722 173316482 13593988 14135942 30715542 50280982 12613913 120471452 107201692 145696252 11945383 39133352 27633322 140403242 60150572 61497392 117181872 113043762 14615091 120196532 151810872 12816186 12045116 6932028 84024382 70577342 67108672 118708032 135457092 14547404 44135502 14454735 8741200 146849362 68711132 77092572 11962973 145890812 59276512 15680991 69832292 9769190 4284647 65973862 80958442 11944940 110484462 29476592 133282672 152002932 10386037 89906422 163363572 120732922 132982652 55474942 8879359
4284647 12613913 5
4284647 60150572 2
4284647 61497392 1
4284647 68711132 1
12613913 60150572 3
12613913 61497392 1
12613913 68711132 1
60150572 61497392 1
60150572 68711132 1
61497392 68711132 1
4284647 12045116 2
4284647 27633322 1
4284647 44135502 1
4284647 67108672 1
4284647 80958442 2
4284647 110484462 1
12045116 12613913 4
12045116 27633322 1
12045116 44135502 1
12045116 67108672 1
12045116 80958442 2
12045116 110484462 1
12613913 27633322 2
12613913 44135502 2
12613913 67108672 1
12613913 80958442 3
12613913 110484462 1
27633322 44135502 2
27633322 67108672 1
27633322 80958442 1
27633322 110484462 1
44135502 67108672 1
44135502 80958442 1
44135502 110484462 1
67108672 80958442 1
67108672 110484462 1
80958442 110484462 1
8879359 12045116 2
8879359 12613913 3
8879359 14135942 1
8879359 29476592 2
8879359 60150572 1
8879359 120471452 3
12045116 14135942 1
12045116 29476592 2
12045116 60150572 1
12045116 120471452 2
12613913 14135942 2
12613913 29476592 2
12613913 120471452 5
14135942 29476592 1
14135942 60150572 1
14135942 120471452 2
29476592 60150572 1
29476592 120471452 2
60150572 120471452 1
8879359 84024382 1
8879359 133282672 1
12045116 84024382 1
12045116 133282672 1
12613913 84024382 1
12613913 133282672 2
29476592 84024382 1
29476592 133282672 1
84024382 120471452 1
84024382 133282672 1
120471452 133282672 1
4284647 14547404 1
4284647 69832292 1
4284647 77092572 1
4284647 107201692 2
4284647 118708032 1
4284647 120732922 1
12045116 14547404 1
12045116 69832292 1
12045116 77092572 1
12045116 107201692 1
12045116 118708032 1
12045116 120732922 1
12613913 14547404 1
12613913 69832292 1
12613913 77092572 1
12613913 107201692 2
12613913 118708032 1
12613913 120732922 1
14547404 69832292 1
14547404 77092572 1
14547404 80958442 1
14547404 107201692 1
14547404 118708032 1
14547404 120732922 1
69832292 77092572 1
69832292 80958442 1
69832292 107201692 1
69832292 118708032 1
69832292 120732922 1
77092572 80958442 1
77092572 107201692 1
77092572 118708032 1
77092572 120732922 1
80958442 107201692 1
80958442 118708032 1
80958442 120732922 1
107201692 118708032 1
107201692 120732922 1
118708032 120732922 1
8879359 10386037 1
8879359 11945383 1
8879359 14615091 1
8879359 70577342 1
8879359 80958442 1
8879359 89906422 1
8879359 120196532 1
8879359 132982652 1
8879359 140403242 1
10386037 11945383 1
10386037 12613913 1
10386037 14615091 1
10386037 70577342 1
10386037 80958442 1
10386037 89906422 1
10386037 120196532 1
10386037 120471452 1
10386037 132982652 1
10386037 140403242 1
11945383 12613913 1
11945383 14615091 1
11945383 70577342 1
11945383 80958442 1
11945383 89906422 1
11945383 120196532 1
11945383 120471452 1
11945383 132982652 1
11945383 140403242 1
12613913 14615091 1
12613913 70577342 1
12613913 89906422 1
12613913 120196532 1
12613913 132982652 1
12613913 140403242 1
14615091 70577342 1
14615091 80958442 1
14615091 89906422 1
14615091 120196532 1
14615091 120471452 1
14615091 132982652 1
14615091 140403242 1
70577342 80958442 1
70577342 89906422 1
70577342 120196532 1
70577342 120471452 1
70577342 132982652 1
70577342 140403242 1
80958442 89906422 1
80958442 120196532 1
80958442 120471452 1
80958442 132982652 1
80958442 140403242 1
89906422 120196532 1
89906422 120471452 1
89906422 132982652 1
89906422 140403242 1
120196532 120471452 1
120196532 132982652 1
120196532 140403242 1
120471452 132982652 1
120471452 140403242 1
132982652 140403242 1
4284647 11962973 1
4284647 39133352 1
11962973 12613913 1
11962973 39133352 1
11962973 107201692 1
12613913 39133352 1
39133352 107201692 1
4284647 6932028 1
4284647 8741200 1
4284647 9769190 1
4284647 12816186 1
4284647 30715542 1
4284647 41236352 1
4284647 55474942 1
4284647 65973862 1
4284647 133282672 1
4284647 145696252 1
4284647 152002932 1
6932028 8741200 1
6932028 9769190 1
6932028 12613913 1
6932028 12816186 1
6932028 30715542 1
6932028 41236352 1
6932028 55474942 1
6932028 60150572 1
6932028 65973862 1
6932028 133282672 1
6932028 145696252 1
6932028 152002932 1
8741200 9769190 1
8741200 12613913 1
8741200 12816186 1
8741200 30715542 1
8741200 41236352 1
8741200 55474942 1
8741200 60150572 1
8741200 65973862 1
8741200 133282672 1
8741200 145696252 1
8741200 152002932 1
9769190 12613913 1
9769190 12816186 1
9769190 30715542 1
9769190 41236352 1
9769190 55474942 1
9769190 60150572 1
9769190 65973862 1
9769190 133282672 1
9769190 145696252 1
9769190 152002932 1
12613913 12816186 1
12613913 30715542 1
12613913 41236352 1
12613913 55474942 1
12613913 65973862 1
12613913 145696252 1
12613913 152002932 1
12816186 30715542 1
12816186 41236352 1
12816186 55474942 1
12816186 60150572 1
12816186 65973862 1
12816186 133282672 1
12816186 145696252 1
12816186 152002932 1
30715542 41236352 1
30715542 55474942 1
30715542 60150572 1
30715542 65973862 1
30715542 133282672 1
30715542 145696252 1
30715542 152002932 1
41236352 55474942 1
41236352 60150572 1
41236352 65973862 1
41236352 133282672 1
41236352 145696252 1
41236352 152002932 1
55474942 60150572 1
55474942 65973862 1
55474942 133282672 1
55474942 145696252 1
55474942 152002932 1
60150572 65973862 1
60150572 133282672 1
60150572 145696252 1
60150572 152002932 1
65973862 133282672 1
65973862 145696252 1
65973862 152002932 1
133282672 145696252 1
133282672 152002932 1
145696252 152002932 1
11944940 12613913 1
11944940 13593988 1
11944940 14454735 1
11944940 27633322 1
11944940 44135502 1
11944940 50280982 1
11944940 59276512 1
11944940 117181872 1
11944940 120471452 1
11944940 137342722 1
11944940 145890812 1
11944940 146849362 1
11944940 151810872 1
11944940 163363572 1
12613913 13593988 1
12613913 14454735 1
12613913 50280982 1
12613913 59276512 1
12613913 117181872 1
12613913 137342722 1
12613913 145890812 1
12613913 146849362 2
12613913 151810872 1
12613913 163363572 1
13593988 14454735 1
13593988 27633322 1
13593988 44135502 1
13593988 50280982 1
13593988 59276512 1
13593988 117181872 1
13593988 120471452 1
13593988 137342722 1
13593988 145890812 1
13593988 146849362 1
13593988 151810872 1
13593988 163363572 1
14454735 27633322 1
14454735 44135502 1
14454735 50280982 1
14454735 59276512 1
14454735 117181872 1
14454735 120471452 1
14454735 137342722 1
14454735 145890812 1
14454735 146849362 1
14454735 151810872 1
14454735 163363572 1
27633322 50280982 1
27633322 59276512 1
27633322 117181872 1
27633322 120471452 1
27633322 137342722 1
27633322 145890812 1
27633322 146849362 1
27633322 151810872 1
27633322 163363572 1
44135502 50280982 1
44135502 59276512 1
44135502 117181872 1
44135502 120471452 1
44135502 137342722 1
44135502 145890812 1
44135502 146849362 1
44135502 151810872 1
44135502 163363572 1
50280982 59276512 1
50280982 117181872 1
50280982 120471452 1
50280982 137342722 1
50280982 145890812 1
50280982 146849362 1
50280982 151810872 1
50280982 163363572 1
59276512 117181872 1
59276512 120471452 1
59276512 137342722 1
59276512 145890812 1
59276512 146849362 1
59276512 151810872 1
59276512 163363572 1
117181872 120471452 1
117181872 137342722 1
117181872 145890812 1
117181872 146849362 1
117181872 151810872 1
117181872 163363572 1
120471452 137342722 1
120471452 145890812 1
120471452 146849362 2
120471452 151810872 1
120471452 163363572 1
137342722 145890812 1
137342722 146849362 1
137342722 151810872 1
137342722 163363572 1
145890812 146849362 1
145890812 151810872 1
145890812 163363572 1
146849362 151810872 1
146849362 163363572 1
151810872 163363572 1
12613913 15680991 1
12613913 99983232 1
12613913 113043762 1
12613913 135457092 1
12613913 173316482 1
14135942 15680991 1
14135942 99983232 1
14135942 113043762 1
14135942 135457092 1
14135942 146849362 1
14135942 173316482 1
15680991 99983232 1
15680991 113043762 1
15680991 120471452 1
15680991 135457092 1
15680991 146849362 1
15680991 173316482 1
99983232 113043762 1
99983232 120471452 1
99983232 135457092 1
99983232 146849362 1
99983232 173316482 1
113043762 120471452 1
113043762 135457092 1
113043762 146849362 1
113043762 173316482 1
120471452 135457092 1
120471452 173316482 1
135457092 146849362 1
135457092 173316482 1
146849362 173316482 1
