193239302 184908678 129807752 142326152 189199633 3824662 3752861 183539230 189442337 189428131 189832621 99396142 193529655 60269772 193364186 190125149 185749984 183074659 190853998 187608304 354291 62987892 193788019 152809462 191996153 23966202 190853886
354291 3752861 2
354291 3824662 2
354291 60269772 2
354291 62987892 2
354291 129807752 1
354291 152809462 3
354291 183539230 1
354291 189199633 3
354291 189428131 2
354291 190125149 3
3752861 3824662 2
3752861 60269772 2
3752861 62987892 3
3752861 129807752 1
3752861 152809462 2
3752861 183539230 1
3752861 189199633 2
3752861 189428131 2
3752861 190125149 2
3824662 60269772 2
3824662 62987892 2
3824662 129807752 1
3824662 152809462 2
3824662 183539230 1
3824662 189199633 2
3824662 189428131 2
3824662 190125149 2
60269772 62987892 5
60269772 129807752 1
60269772 152809462 5
60269772 183539230 4
60269772 189199633 3
60269772 189428131 3
60269772 190125149 4
62987892 129807752 2
62987892 152809462 6
62987892 183539230 4
62987892 189199633 3
62987892 189428131 3
62987892 190125149 4
129807752 152809462 2
129807752 183539230 1
129807752 189199633 1
129807752 189428131 1
129807752 190125149 1
152809462 183539230 4
152809462 189199633 5
152809462 189428131 3
152809462 190125149 5
183539230 189199633 2
183539230 189428131 2
183539230 190125149 3
189199633 189428131 2
189199633 190125149 3
189428131 190125149 3
354291 23966202 2
354291 99396142 1
354291 187608304 2
354291 189442337 1
354291 189832621 1
354291 190853886 1
354291 190853998 1
354291 191996153 1
354291 193239302 2
23966202 99396142 3
23966202 152809462 7
23966202 187608304 4
23966202 189199633 4
23966202 189442337 2
23966202 189832621 2
23966202 190125149 4
23966202 190853886 2
23966202 190853998 2
23966202 191996153 1
23966202 193239302 6
99396142 152809462 3
99396142 187608304 1
99396142 189199633 2
99396142 189442337 2
99396142 189832621 2
99396142 190125149 1
99396142 190853886 2
99396142 190853998 2
99396142 191996153 1
99396142 193239302 3
152809462 187608304 4
152809462 189442337 2
152809462 189832621 2
152809462 190853886 2
152809462 190853998 2
152809462 191996153 1
152809462 193239302 6
187608304 189199633 3
187608304 189442337 1
187608304 189832621 1
187608304 190125149 3
187608304 190853886 1
187608304 190853998 1
187608304 191996153 1
187608304 193239302 3
189199633 189442337 1
189199633 189832621 1
189199633 190853886 1
189199633 190853998 1
189199633 191996153 1
189199633 193239302 5
189442337 189832621 2
189442337 190125149 1
189442337 190853886 2
189442337 190853998 2
189442337 191996153 1
189442337 193239302 2
189832621 190125149 1
189832621 190853886 2
189832621 190853998 2
189832621 191996153 1
189832621 193239302 2
190125149 190853886 1
190125149 190853998 1
190125149 191996153 1
190125149 193239302 3
190853886 190853998 2
190853886 191996153 1
190853886 193239302 2
190853998 191996153 1
190853998 193239302 2
191996153 193239302 1
3752861 23966202 2
3752861 187608304 1
3752861 193239302 1
3824662 23966202 1
3824662 187608304 1
3824662 193239302 1
23966202 60269772 4
23966202 62987892 6
23966202 189428131 2
60269772 187608304 3
60269772 193239302 3
62987892 187608304 3
62987892 193239302 4
187608304 189428131 2
189428131 193239302 1
23966202 129807752 1
23966202 183074659 1
23966202 184908678 1
23966202 185749984 1
23966202 193364186 1
23966202 193529655 2
62987892 99396142 1
62987892 183074659 1
62987892 184908678 1
62987892 185749984 1
62987892 189442337 1
62987892 189832621 1
62987892 190853886 1
62987892 190853998 1
62987892 193364186 1
62987892 193529655 2
99396142 129807752 1
99396142 183074659 1
99396142 184908678 1
99396142 185749984 1
99396142 193364186 1
99396142 193529655 1
129807752 183074659 1
129807752 184908678 1
129807752 185749984 1
129807752 189442337 1
129807752 189832621 1
129807752 190853886 1
129807752 190853998 1
129807752 193239302 1
129807752 193364186 1
129807752 193529655 1
152809462 183074659 1
152809462 184908678 1
152809462 185749984 1
152809462 193364186 1
152809462 193529655 2
183074659 184908678 1
183074659 185749984 1
183074659 189442337 1
183074659 189832621 1
183074659 190853886 1
183074659 190853998 1
183074659 193239302 1
183074659 193364186 1
183074659 193529655 1
184908678 185749984 1
184908678 189442337 1
184908678 189832621 1
184908678 190853886 1
184908678 190853998 1
184908678 193239302 1
184908678 193364186 1
184908678 193529655 1
185749984 189442337 1
185749984 189832621 1
185749984 190853886 1
185749984 190853998 1
185749984 193239302 1
185749984 193364186 1
185749984 193529655 1
189442337 193364186 1
189442337 193529655 1
189832621 193364186 1
189832621 193529655 1
190853886 193364186 1
190853886 193529655 1
190853998 193364186 1
190853998 193529655 1
193239302 193364186 1
193239302 193529655 2
193364186 193529655 1
23966202 183539230 3
183539230 187608304 2
23966202 193788019 3
60269772 193529655 1
60269772 193788019 2
62987892 193788019 2
152809462 193788019 3
183539230 193239302 2
183539230 193529655 1
183539230 193788019 2
190125149 193529655 1
190125149 193788019 1
193239302 193788019 4
193529655 193788019 1
189199633 193788019 3
23966202 142326152 2
60269772 142326152 1
62987892 142326152 1
142326152 152809462 2
142326152 183539230 1
142326152 187608304 1
142326152 189199633 2
142326152 193239302 2
142326152 193788019 2
187608304 193788019 1
99396142 142326152 1
99396142 193788019 1
