138812032 15632001 171082502 194336903 13900818 11414425 13367706 195005599 9041705 137040682 192820138 140585262 185213522 15105371 7658204 131992422 11092710 63222632 14291821 53653752 31517822 7898495
9041705 11414425 5
9041705 13367706 2
9041705 13900818 1
9041705 14291821 1
9041705 131992422 1
9041705 137040682 1
9041705 140585262 1
11414425 13367706 2
11414425 13900818 1
11414425 14291821 1
11414425 131992422 1
11414425 137040682 1
11414425 140585262 1
13367706 13900818 1
13367706 14291821 1
13367706 131992422 1
13367706 137040682 1
13367706 140585262 1
13900818 14291821 1
13900818 131992422 1
13900818 137040682 1
13900818 140585262 1
14291821 131992422 1
14291821 137040682 1
14291821 140585262 1
131992422 137040682 1
131992422 140585262 1
137040682 140585262 1
9041705 11092710 1
9041705 171082502 2
9041705 185213522 1
9041705 194336903 2
11092710 11414425 1
11092710 13367706 1
11092710 171082502 1
11092710 185213522 1
11092710 194336903 1
11414425 171082502 1
11414425 185213522 1
11414425 194336903 2
13367706 171082502 1
13367706 185213522 1
13367706 194336903 1
171082502 185213522 1
171082502 194336903 1
185213522 194336903 1
7658204 7898495 1
7658204 11092710 1
7658204 31517822 1
7658204 53653752 1
7658204 63222632 1
7658204 131992422 1
7658204 138812032 1
7658204 192820138 1
7658204 195005599 1
7898495 11092710 1
7898495 31517822 1
7898495 53653752 1
7898495 63222632 1
7898495 131992422 1
7898495 138812032 1
7898495 192820138 1
7898495 195005599 1
11092710 31517822 1
11092710 53653752 1
11092710 63222632 1
11092710 131992422 1
11092710 138812032 1
11092710 192820138 1
11092710 195005599 1
31517822 53653752 1
31517822 63222632 1
31517822 131992422 1
31517822 138812032 1
31517822 192820138 1
31517822 195005599 1
53653752 63222632 1
53653752 131992422 1
53653752 138812032 1
53653752 192820138 1
53653752 195005599 1
63222632 131992422 1
63222632 138812032 1
63222632 192820138 1
63222632 195005599 1
131992422 138812032 1
131992422 192820138 1
131992422 195005599 1
138812032 192820138 1
138812032 195005599 1
192820138 195005599 1
9041705 15105371 1
9041705 15632001 1
15105371 15632001 1
15105371 171082502 1
15632001 171082502 1
