9025024 37921282 14104071 1276683 3077900 74071952 10746003 51199382 2230551 8099871 42350242 8738351 31485512 5144780 13418830 42631502 72745682 8470999 9709153 39134562 21471331 5756649 3091817 9712106 43983212 11205490 70882932 77086072
1276683 2230551 1
1276683 5756649 1
1276683 8470999 1
1276683 10746003 1
1276683 21471331 1
1276683 74071952 1
2230551 5756649 1
2230551 8470999 1
2230551 10746003 1
2230551 21471331 1
2230551 74071952 1
5756649 8470999 1
5756649 10746003 1
5756649 21471331 1
5756649 74071952 1
8470999 10746003 1
8470999 21471331 3
8470999 74071952 2
10746003 21471331 1
10746003 74071952 1
21471331 74071952 1
8470999 9025024 1
8470999 11205490 1
8470999 31485512 4
8470999 39134562 1
8470999 51199382 1
8470999 70882932 1
8470999 72745682 3
9025024 11205490 1
9025024 31485512 1
9025024 39134562 1
9025024 51199382 1
9025024 70882932 1
9025024 72745682 1
11205490 31485512 1
11205490 39134562 1
11205490 51199382 1
11205490 70882932 1
11205490 72745682 1
31485512 39134562 1
31485512 51199382 1
31485512 70882932 1
31485512 72745682 2
39134562 51199382 1
39134562 70882932 1
39134562 72745682 1
51199382 70882932 1
51199382 72745682 1
70882932 72745682 1
21471331 72745682 1
3091817 8099871 1
3091817 8470999 1
3091817 9712106 1
3091817 13418830 1
3091817 14104071 1
3091817 37921282 1
3091817 42350242 1
3091817 42631502 1
3091817 74071952 1
3091817 77086072 1
8099871 8470999 1
8099871 9712106 1
8099871 13418830 1
8099871 14104071 1
8099871 37921282 1
8099871 42350242 1
8099871 42631502 1
8099871 74071952 1
8099871 77086072 1
8470999 9712106 4
8470999 13418830 1
8470999 14104071 1
8470999 37921282 1
8470999 42350242 1
8470999 42631502 1
8470999 77086072 1
9712106 13418830 1
9712106 14104071 1
9712106 37921282 1
9712106 42350242 1
9712106 42631502 1
9712106 74071952 1
9712106 77086072 1
13418830 14104071 1
13418830 37921282 1
13418830 42350242 1
13418830 42631502 1
13418830 74071952 1
13418830 77086072 1
14104071 37921282 1
14104071 42350242 1
14104071 42631502 1
14104071 74071952 1
14104071 77086072 1
37921282 42350242 1
37921282 42631502 1
37921282 74071952 1
37921282 77086072 1
42350242 42631502 1
42350242 74071952 1
42350242 77086072 1
42631502 74071952 1
42631502 77086072 1
74071952 77086072 1
8470999 9709153 1
9709153 31485512 1
3077900 8470999 1
3077900 9712106 1
3077900 31485512 1
3077900 72745682 1
9712106 31485512 2
9712106 72745682 1
8470999 43983212 1
9712106 43983212 1
5144780 8470999 1
5144780 9712106 1
5144780 31485512 1
8470999 8738351 1
8738351 21471331 1
