90867712 80536192 152975622 14945671 64100872 107894682 86326302 48986142 50254242 102074022 147294502 113770152 7534249 10763943 151903022 147865392 116900402 142105652 145438262 33586232 3758009 9323962 125708222 89082562 148886722 8019525 72131912 153891912 143533132 13199566 14067152 1464786 5272275 139949012 53518292 148875222 104542552 10531672 129995352 127375832 145178332 128493532 61810532 95831782 134785382 95142762 135139962
5272275 10531672 1
5272275 13199566 1
5272275 61810532 1
5272275 86326302 1
5272275 89082562 1
5272275 95142762 1
5272275 135139962 1
5272275 139949012 1
5272275 143533132 1
10531672 13199566 6
10531672 61810532 4
10531672 86326302 1
10531672 89082562 2
10531672 95142762 3
10531672 135139962 3
10531672 139949012 2
10531672 143533132 3
13199566 61810532 7
13199566 86326302 1
13199566 89082562 2
13199566 95142762 5
13199566 135139962 6
13199566 139949012 2
13199566 143533132 5
61810532 86326302 1
61810532 89082562 1
61810532 95142762 3
61810532 135139962 6
61810532 139949012 1
61810532 143533132 3
86326302 89082562 1
86326302 95142762 1
86326302 135139962 1
86326302 139949012 1
86326302 143533132 1
89082562 95142762 2
89082562 135139962 1
89082562 139949012 2
89082562 143533132 2
95142762 135139962 3
95142762 139949012 2
95142762 143533132 3
135139962 139949012 1
135139962 143533132 3
139949012 143533132 2
10531672 33586232 1
10531672 53518292 1
10531672 113770152 1
10531672 145178332 1
13199566 33586232 1
13199566 53518292 1
13199566 113770152 2
13199566 145178332 1
33586232 53518292 1
33586232 89082562 1
33586232 95142762 1
33586232 113770152 1
33586232 139949012 1
33586232 143533132 1
33586232 145178332 1
53518292 89082562 1
53518292 95142762 1
53518292 113770152 1
53518292 139949012 1
53518292 143533132 1
53518292 145178332 1
89082562 113770152 1
89082562 145178332 1
95142762 113770152 1
95142762 145178332 1
113770152 139949012 1
113770152 143533132 1
113770152 145178332 1
139949012 145178332 1
143533132 145178332 1
10531672 14945671 1
10531672 102074022 1
10531672 104542552 1
10531672 116900402 1
10531672 125708222 1
10531672 145438262 1
13199566 14945671 2
13199566 102074022 1
13199566 104542552 3
13199566 116900402 1
13199566 125708222 1
13199566 145438262 2
14945671 102074022 1
14945671 104542552 1
14945671 116900402 1
14945671 125708222 1
14945671 143533132 1
14945671 145438262 1
102074022 104542552 1
102074022 116900402 1
102074022 125708222 1
102074022 143533132 1
102074022 145438262 1
104542552 116900402 1
104542552 125708222 1
104542552 143533132 2
104542552 145438262 2
116900402 125708222 1
116900402 143533132 1
116900402 145438262 1
125708222 143533132 1
125708222 145438262 1
143533132 145438262 2
13199566 95831782 3
61810532 95831782 2
61810532 104542552 1
61810532 145438262 1
95831782 104542552 2
95831782 135139962 1
95831782 143533132 1
95831782 145438262 1
104542552 135139962 1
135139962 145438262 1
8019525 13199566 1
8019525 95142762 1
8019525 95831782 1
8019525 104542552 1
8019525 107894682 1
13199566 107894682 1
95142762 95831782 1
95142762 104542552 1
95142762 107894682 1
95831782 107894682 1
104542552 107894682 1
7534249 9323962 1
7534249 10531672 1
7534249 13199566 1
7534249 61810532 1
7534249 64100872 1
7534249 90867712 1
7534249 95831782 1
7534249 147865392 1
7534249 148875222 1
7534249 148886722 1
9323962 10531672 2
9323962 13199566 3
9323962 61810532 3
9323962 64100872 1
9323962 90867712 1
9323962 95831782 1
9323962 147865392 1
9323962 148875222 1
9323962 148886722 2
10531672 64100872 1
10531672 90867712 1
10531672 95831782 1
10531672 147865392 1
10531672 148875222 1
10531672 148886722 1
13199566 64100872 1
13199566 90867712 1
13199566 147865392 2
13199566 148875222 1
13199566 148886722 3
61810532 64100872 1
61810532 90867712 1
61810532 147865392 2
61810532 148875222 1
61810532 148886722 3
64100872 90867712 1
64100872 95831782 1
64100872 147865392 1
64100872 148875222 1
64100872 148886722 1
90867712 95831782 1
90867712 147865392 1
90867712 148875222 1
90867712 148886722 1
95831782 147865392 1
95831782 148875222 1
95831782 148886722 1
147865392 148875222 1
147865392 148886722 2
148875222 148886722 1
13199566 50254242 1
13199566 129995352 1
14945671 50254242 1
14945671 61810532 1
14945671 113770152 1
14945671 129995352 1
14945671 135139962 1
14945671 147865392 1
14945671 148886722 1
50254242 61810532 1
50254242 113770152 1
50254242 129995352 1
50254242 135139962 1
50254242 147865392 1
50254242 148886722 1
61810532 113770152 1
61810532 129995352 1
113770152 129995352 1
113770152 135139962 1
113770152 147865392 1
113770152 148886722 1
129995352 135139962 1
129995352 147865392 1
129995352 148886722 1
135139962 147865392 1
135139962 148886722 2
1464786 10531672 1
1464786 13199566 1
1464786 61810532 1
1464786 95142762 1
1464786 135139962 1
1464786 147294502 1
1464786 151903022 1
10531672 147294502 1
10531672 151903022 1
13199566 147294502 1
13199566 151903022 1
61810532 147294502 1
61810532 151903022 1
95142762 147294502 1
95142762 151903022 1
135139962 147294502 1
135139962 151903022 1
147294502 151903022 1
9323962 14067152 1
9323962 48986142 2
9323962 72131912 1
9323962 95142762 1
9323962 127375832 1
9323962 128493532 1
9323962 134785382 1
9323962 135139962 2
9323962 143533132 1
9323962 152975622 1
13199566 14067152 1
13199566 48986142 2
13199566 72131912 1
13199566 127375832 1
13199566 128493532 1
13199566 134785382 1
13199566 152975622 1
14067152 48986142 1
14067152 61810532 1
14067152 72131912 1
14067152 95142762 1
14067152 127375832 1
14067152 128493532 1
14067152 134785382 1
14067152 135139962 1
14067152 143533132 1
14067152 148886722 1
14067152 152975622 1
48986142 61810532 2
48986142 72131912 1
48986142 95142762 1
48986142 127375832 1
48986142 128493532 1
48986142 134785382 1
48986142 135139962 2
48986142 143533132 1
48986142 148886722 1
48986142 152975622 1
61810532 72131912 1
61810532 127375832 1
61810532 128493532 1
61810532 134785382 1
61810532 152975622 1
72131912 95142762 1
72131912 127375832 1
72131912 128493532 1
72131912 134785382 1
72131912 135139962 1
72131912 143533132 1
72131912 148886722 1
72131912 152975622 1
95142762 127375832 1
95142762 128493532 1
95142762 134785382 1
95142762 148886722 1
95142762 152975622 1
127375832 128493532 1
127375832 134785382 1
127375832 135139962 1
127375832 143533132 1
127375832 148886722 1
127375832 152975622 1
128493532 134785382 1
128493532 135139962 1
128493532 143533132 1
128493532 148886722 1
128493532 152975622 1
134785382 135139962 1
134785382 143533132 1
134785382 148886722 1
134785382 152975622 1
135139962 152975622 1
143533132 148886722 1
143533132 152975622 1
148886722 152975622 1
3758009 9323962 1
3758009 10531672 1
3758009 10763943 1
3758009 13199566 1
3758009 48986142 1
3758009 61810532 1
3758009 80536192 1
3758009 135139962 1
3758009 142105652 1
3758009 153891912 1
9323962 10763943 1
9323962 80536192 1
9323962 142105652 1
9323962 153891912 1
10531672 10763943 1
10531672 48986142 1
10531672 80536192 1
10531672 142105652 1
10531672 153891912 1
10763943 13199566 1
10763943 48986142 1
10763943 61810532 1
10763943 80536192 1
10763943 135139962 1
10763943 142105652 1
10763943 153891912 1
13199566 80536192 1
13199566 142105652 1
13199566 153891912 1
48986142 80536192 1
48986142 142105652 1
48986142 153891912 1
61810532 80536192 1
61810532 142105652 1
61810532 153891912 1
80536192 135139962 1
80536192 142105652 1
80536192 153891912 1
135139962 142105652 1
135139962 153891912 1
142105652 153891912 1
