4986977 13939266 13363618 8298212 13638565 10346150 13429255 6957541 13345612 13340529 13371089 7198259 13359380 14040564 13813365 9696793 3387838 13347999
7198259 13340529 4
7198259 13359380 7
13340529 13359380 4
7198259 10346150 3
10346150 13340529 3
10346150 13359380 3
3387838 4986977 1
3387838 7198259 1
3387838 8298212 1
3387838 10346150 1
3387838 13340529 1
3387838 13345612 1
3387838 13359380 1
3387838 13638565 1
3387838 14040564 1
4986977 7198259 4
4986977 8298212 1
4986977 10346150 2
4986977 13340529 2
4986977 13345612 1
4986977 13359380 3
4986977 13638565 1
4986977 14040564 1
7198259 8298212 1
7198259 13345612 1
7198259 13638565 1
7198259 14040564 1
8298212 10346150 1
8298212 13340529 1
8298212 13345612 1
8298212 13359380 1
8298212 13638565 1
8298212 14040564 1
10346150 13345612 1
10346150 13638565 1
10346150 14040564 1
13340529 13345612 1
13340529 13638565 1
13340529 14040564 1
13345612 13359380 1
13345612 13638565 1
13345612 14040564 1
13359380 13638565 1
13359380 14040564 1
13638565 14040564 1
4986977 9696793 1
4986977 13371089 1
4986977 13429255 1
4986977 13813365 1
4986977 13939266 1
7198259 9696793 2
7198259 13371089 2
7198259 13429255 3
7198259 13813365 2
7198259 13939266 1
9696793 10346150 1
9696793 13340529 1
9696793 13359380 2
9696793 13371089 2
9696793 13429255 2
9696793 13813365 1
9696793 13939266 1
10346150 13371089 1
10346150 13429255 1
10346150 13813365 1
10346150 13939266 1
13340529 13371089 1
13340529 13429255 1
13340529 13813365 1
13340529 13939266 1
13359380 13371089 2
13359380 13429255 2
13359380 13813365 1
13359380 13939266 1
13371089 13429255 2
13371089 13813365 1
13371089 13939266 1
13429255 13813365 2
13429255 13939266 1
13813365 13939266 1
6957541 7198259 1
6957541 13359380 1
13347999 13359380 2
7198259 13363618 2
13363618 13429255 2
13363618 13813365 1
7198259 13347999 1
9696793 13347999 1
9696793 13363618 1
13347999 13363618 1
13347999 13371089 1
13347999 13429255 1
13359380 13363618 1
13363618 13371089 1
