115359242 149343372 61610512 13359380 13611414 184714774 150083992 102218652 13638565 32001832 13350060 17749041 7198259 142395062 8242617 17434041 68083522 38918212 85460292 14074053 58067792 99159892 161101142 19911771 76277982 14333025 184608741 13340529 7782134 121103102
14333025 17434041 1
14333025 61610512 1
14333025 99159892 1
14333025 161101142 1
17434041 61610512 1
17434041 99159892 1
17434041 161101142 1
61610512 99159892 1
61610512 161101142 1
99159892 161101142 1
7782134 13611414 1
7782134 13638565 1
7782134 17434041 1
7782134 19911771 1
7782134 32001832 1
7782134 38918212 1
7782134 115359242 1
7782134 121103102 1
7782134 142395062 1
7782134 149343372 1
7782134 184608741 1
13611414 13638565 1
13611414 17434041 1
13611414 19911771 1
13611414 32001832 1
13611414 38918212 1
13611414 115359242 1
13611414 121103102 1
13611414 142395062 1
13611414 149343372 1
13611414 184608741 1
13638565 17434041 1
13638565 19911771 1
13638565 32001832 1
13638565 38918212 1
13638565 115359242 1
13638565 121103102 1
13638565 142395062 1
13638565 149343372 1
13638565 184608741 1
17434041 19911771 1
17434041 32001832 1
17434041 38918212 1
17434041 115359242 1
17434041 121103102 1
17434041 142395062 1
17434041 149343372 2
17434041 184608741 1
19911771 32001832 1
19911771 38918212 1
19911771 115359242 1
19911771 121103102 1
19911771 142395062 1
19911771 149343372 1
19911771 184608741 1
32001832 38918212 1
32001832 115359242 1
32001832 121103102 1
32001832 142395062 1
32001832 149343372 1
32001832 184608741 1
38918212 115359242 1
38918212 121103102 1
38918212 142395062 1
38918212 149343372 1
38918212 184608741 1
115359242 121103102 1
115359242 142395062 1
115359242 149343372 1
115359242 184608741 1
121103102 142395062 1
121103102 149343372 1
121103102 184608741 1
142395062 149343372 1
142395062 184608741 1
149343372 184608741 2
7198259 8242617 2
7198259 13340529 1
7198259 13638565 1
7198259 17749041 1
7198259 76277982 1
7198259 102218652 1
7198259 150083992 1
8242617 13340529 1
8242617 13638565 1
8242617 17749041 1
8242617 76277982 1
8242617 102218652 1
8242617 150083992 1
13340529 13638565 1
13340529 17749041 1
13340529 76277982 1
13340529 102218652 1
13340529 150083992 1
13638565 17749041 1
13638565 76277982 1
13638565 102218652 1
13638565 150083992 1
17749041 76277982 1
17749041 102218652 1
17749041 150083992 1
76277982 102218652 1
76277982 150083992 1
102218652 150083992 1
13359380 17434041 2
13359380 149343372 1
7198259 85460292 1
7198259 149343372 1
7198259 184608741 1
85460292 149343372 1
85460292 184608741 1
7198259 13350060 1
7198259 14074053 1
7198259 58067792 1
7198259 68083522 1
8242617 13350060 1
8242617 14074053 1
8242617 58067792 1
8242617 68083522 1
13350060 14074053 1
13350060 58067792 1
13350060 68083522 1
14074053 58067792 1
14074053 68083522 1
58067792 68083522 1
13359380 184714774 1
17434041 184714774 1
