195485697 43519492 81613832 24345102 93728782 74238992 141246992 187449874 58090512 102448142 188277275 2797596 112128542 63134752 194215456 184889898 190898733 115270702 91429422 107513392 173438512 191908910 96991792 194749999 194311221 185227833 26325562 8671305 188311115 162822222 37354072 22192731 193659492 174789732 189373543 34124392 183176811 55645292 184641649 51823732 183033467 185965692 105189502 183242887 26885772 190979724 68050572 182470801 192963221 6651541 184939169 33694372 12832425 188985515 146897582 23198391 35527352 14453946 75639482 135279812 192322253 13887696 195587793 60664022 106193122 12630247 185029864 186117868 119271662 193387770 16930571 178143502 11669775 82013982 140970782 151148832 187456287 107093282 71095072 94064942 190700847 191850294 59801912 191516474 191413564 94654782 186145089 187061570 190512968 12819274 188995915 78159692 183584589 187700043 3278666 73930062 156755282 93510482 90496852 176933202 37519192 20626781 182708575 194831202 46709092 163132262 186663785 12928361 194518889 128798572 140323692 72591212 11879279 141538162 184082294 74717562 61633402 103193982 193879935 187246468 10789769 149212042 195483017 9329039 184276880 189061009 97035152 180184982 83501472 188915108 188054953 193012651 63655342 13870006 132391352 127852472 58046392 33536452 189810629 182626767 9622480 126752722 184581586 143694302 190224351 11297249 195937251 124720102 158617062 190853094 13518318 7452143 140763122 151904242 184358391
13518318 16930571 4
13518318 24345102 9
13518318 74238992 1
13518318 106193122 7
13518318 107513392 2
13518318 115270702 10
13518318 124720102 1
13518318 127852472 9
13518318 132391352 2
13518318 135279812 2
13518318 140763122 6
13518318 151148832 3
13518318 162822222 9
13518318 180184982 9
13518318 183242887 7
13518318 184082294 2
13518318 184641649 3
13518318 184889898 6
13518318 184939169 6
13518318 185227833 4
16930571 24345102 3
16930571 74238992 1
16930571 106193122 4
16930571 107513392 2
16930571 115270702 4
16930571 124720102 1
16930571 127852472 3
16930571 132391352 1
16930571 135279812 1
16930571 140763122 2
16930571 151148832 3
16930571 162822222 3
16930571 180184982 4
16930571 183242887 4
16930571 184082294 2
16930571 184641649 3
16930571 184889898 3
16930571 184939169 4
16930571 185227833 3
24345102 74238992 1
24345102 106193122 6
24345102 107513392 1
24345102 115270702 9
24345102 124720102 1
24345102 127852472 9
24345102 132391352 2
24345102 135279812 2
24345102 140763122 6
24345102 151148832 3
24345102 162822222 8
24345102 180184982 8
24345102 183242887 6
24345102 184082294 1
24345102 184641649 3
24345102 184889898 6
24345102 184939169 5
24345102 185227833 3
74238992 106193122 1
74238992 107513392 1
74238992 115270702 1
74238992 124720102 1
74238992 127852472 1
74238992 132391352 1
74238992 135279812 1
74238992 140763122 1
74238992 151148832 1
74238992 162822222 1
74238992 180184982 1
74238992 183242887 1
74238992 184082294 1
74238992 184641649 1
74238992 184889898 1
74238992 184939169 1
74238992 185227833 1
106193122 107513392 2
106193122 115270702 7
106193122 124720102 1
106193122 127852472 6
106193122 132391352 2
106193122 135279812 2
106193122 140763122 3
106193122 151148832 3
106193122 162822222 6
106193122 180184982 7
106193122 183242887 6
106193122 184082294 2
106193122 184641649 3
106193122 184889898 3
106193122 184939169 5
106193122 185227833 4
107513392 115270702 2
107513392 124720102 1
107513392 127852472 1
107513392 132391352 1
107513392 135279812 1
107513392 140763122 1
107513392 151148832 1
107513392 162822222 2
107513392 180184982 2
107513392 183242887 2
107513392 184082294 2
107513392 184641649 1
107513392 184889898 1
107513392 184939169 2
107513392 185227833 2
115270702 124720102 1
115270702 127852472 9
115270702 132391352 2
115270702 135279812 2
115270702 140763122 6
115270702 151148832 3
115270702 162822222 9
115270702 180184982 9
115270702 183242887 7
115270702 184082294 2
115270702 184641649 3
115270702 184889898 6
115270702 184939169 6
115270702 185227833 4
124720102 127852472 1
124720102 132391352 1
124720102 135279812 1
124720102 140763122 1
124720102 151148832 1
124720102 162822222 1
124720102 180184982 1
124720102 183242887 1
124720102 184082294 1
124720102 184641649 1
124720102 184889898 1
124720102 184939169 1
124720102 185227833 1
127852472 132391352 2
127852472 135279812 2
127852472 140763122 6
127852472 151148832 3
127852472 162822222 8
127852472 180184982 8
127852472 183242887 6
127852472 184082294 1
127852472 184641649 3
127852472 184889898 6
127852472 184939169 5
127852472 185227833 3
132391352 135279812 1
132391352 140763122 1
132391352 151148832 1
132391352 162822222 2
132391352 180184982 2
132391352 183242887 1
132391352 184082294 1
132391352 184641649 1
132391352 184889898 1
132391352 184939169 1
132391352 185227833 2
135279812 140763122 2
135279812 151148832 1
135279812 162822222 2
135279812 180184982 2
135279812 183242887 2
135279812 184082294 1
135279812 184641649 1
135279812 184889898 1
135279812 184939169 2
135279812 185227833 1
140763122 151148832 2
140763122 162822222 6
140763122 180184982 5
140763122 183242887 4
140763122 184082294 1
140763122 184641649 2
140763122 184889898 5
140763122 184939169 4
140763122 185227833 1
151148832 162822222 2
151148832 180184982 3
151148832 183242887 3
151148832 184082294 1
151148832 184641649 3
151148832 184889898 3
151148832 184939169 3
151148832 185227833 2
162822222 180184982 8
162822222 183242887 6
162822222 184082294 2
162822222 184641649 2
162822222 184889898 5
162822222 184939169 5
162822222 185227833 3
180184982 183242887 7
180184982 184082294 2
180184982 184641649 3
180184982 184889898 5
180184982 184939169 5
180184982 185227833 4
183242887 184082294 2
183242887 184641649 3
183242887 184889898 4
183242887 184939169 5
183242887 185227833 3
184082294 184641649 1
184082294 184889898 1
184082294 184939169 2
184082294 185227833 2
184641649 184889898 3
184641649 184939169 3
184641649 185227833 2
184889898 184939169 4
184889898 185227833 2
184939169 185227833 3
2797596 9329039 1
2797596 12819274 1
2797596 13518318 4
2797596 16930571 1
2797596 24345102 4
2797596 33694372 2
2797596 37519192 1
2797596 74717562 1
2797596 106193122 2
2797596 107093282 1
2797596 115270702 4
2797596 127852472 4
2797596 128798572 1
2797596 140323692 3
2797596 141538162 1
2797596 151148832 1
2797596 151904242 1
2797596 156755282 1
2797596 158617062 1
2797596 180184982 3
2797596 182708575 1
2797596 183176811 1
2797596 183242887 1
2797596 184641649 1
2797596 184889898 3
2797596 184939169 2
2797596 185227833 2
2797596 185965692 2
2797596 186117868 1
2797596 186145089 2
9329039 12819274 1
9329039 13518318 1
9329039 16930571 1
9329039 24345102 1
9329039 33694372 1
9329039 37519192 1
9329039 74717562 1
9329039 106193122 1
9329039 107093282 1
9329039 115270702 1
9329039 127852472 1
9329039 128798572 1
9329039 140323692 1
9329039 141538162 1
9329039 151148832 1
9329039 151904242 1
9329039 156755282 1
9329039 158617062 1
9329039 180184982 1
9329039 182708575 1
9329039 183176811 1
9329039 183242887 1
9329039 184641649 1
9329039 184889898 1
9329039 184939169 1
9329039 185227833 1
9329039 185965692 1
9329039 186117868 1
9329039 186145089 1
12819274 13518318 2
12819274 16930571 1
12819274 24345102 2
12819274 33694372 1
12819274 37519192 1
12819274 74717562 1
12819274 106193122 2
12819274 107093282 1
12819274 115270702 2
12819274 127852472 2
12819274 128798572 1
12819274 140323692 1
12819274 141538162 1
12819274 151148832 1
12819274 151904242 1
12819274 156755282 1
12819274 158617062 1
12819274 180184982 2
12819274 182708575 1
12819274 183176811 1
12819274 183242887 2
12819274 184641649 1
12819274 184889898 1
12819274 184939169 1
12819274 185227833 1
12819274 185965692 2
12819274 186117868 1
12819274 186145089 2
13518318 33694372 3
13518318 37519192 2
13518318 74717562 1
13518318 107093282 3
13518318 128798572 1
13518318 140323692 5
13518318 141538162 4
13518318 151904242 1
13518318 156755282 1
13518318 158617062 1
13518318 182708575 1
13518318 183176811 3
13518318 185965692 6
13518318 186117868 2
13518318 186145089 5
16930571 33694372 2
16930571 37519192 2
16930571 74717562 1
16930571 107093282 3
16930571 128798572 1
16930571 140323692 2
16930571 141538162 3
16930571 151904242 1
16930571 156755282 1
16930571 158617062 1
16930571 182708575 1
16930571 183176811 3
16930571 185965692 2
16930571 186117868 2
16930571 186145089 3
24345102 33694372 3
24345102 37519192 2
24345102 74717562 1
24345102 107093282 2
24345102 128798572 1
24345102 140323692 4
24345102 141538162 3
24345102 151904242 1
24345102 156755282 1
24345102 158617062 1
24345102 182708575 1
24345102 183176811 2
24345102 185965692 5
24345102 186117868 2
24345102 186145089 4
33694372 37519192 2
33694372 74717562 1
33694372 106193122 2
33694372 107093282 2
33694372 115270702 3
33694372 127852472 3
33694372 128798572 1
33694372 140323692 1
33694372 141538162 2
33694372 151148832 2
33694372 151904242 1
33694372 156755282 1
33694372 158617062 1
33694372 180184982 2
33694372 182708575 1
33694372 183176811 2
33694372 183242887 2
33694372 184641649 2
33694372 184889898 3
33694372 184939169 3
33694372 185227833 1
33694372 185965692 1
33694372 186117868 2
33694372 186145089 2
37519192 74717562 1
37519192 106193122 2
37519192 107093282 2
37519192 115270702 2
37519192 127852472 2
37519192 128798572 1
37519192 140323692 1
37519192 141538162 2
37519192 151148832 2
37519192 151904242 1
37519192 156755282 1
37519192 158617062 1
37519192 180184982 2
37519192 182708575 1
37519192 183176811 2
37519192 183242887 2
37519192 184641649 2
37519192 184889898 2
37519192 184939169 2
37519192 185227833 1
37519192 185965692 1
37519192 186117868 2
37519192 186145089 2
74717562 106193122 1
74717562 107093282 1
74717562 115270702 1
74717562 127852472 1
74717562 128798572 1
74717562 140323692 1
74717562 141538162 1
74717562 151148832 1
74717562 151904242 1
74717562 156755282 1
74717562 158617062 1
74717562 180184982 1
74717562 182708575 1
74717562 183176811 1
74717562 183242887 1
74717562 184641649 1
74717562 184889898 1
74717562 184939169 1
74717562 185227833 1
74717562 185965692 1
74717562 186117868 1
74717562 186145089 1
106193122 107093282 3
106193122 128798572 1
106193122 140323692 4
106193122 141538162 3
106193122 151904242 1
106193122 156755282 1
106193122 158617062 1
106193122 182708575 1
106193122 183176811 3
106193122 185965692 5
106193122 186117868 2
106193122 186145089 5
107093282 115270702 3
107093282 127852472 2
107093282 128798572 1
107093282 140323692 2
107093282 141538162 3
107093282 151148832 2
107093282 151904242 1
107093282 156755282 1
107093282 158617062 1
107093282 180184982 3
107093282 182708575 1
107093282 183176811 3
107093282 183242887 3
107093282 184641649 2
107093282 184889898 2
107093282 184939169 3
107093282 185227833 2
107093282 185965692 2
107093282 186117868 2
107093282 186145089 3
115270702 128798572 1
115270702 140323692 5
115270702 141538162 4
115270702 151904242 1
115270702 156755282 1
115270702 158617062 1
115270702 182708575 1
115270702 183176811 3
115270702 185965692 6
115270702 186117868 2
115270702 186145089 5
127852472 128798572 1
127852472 140323692 4
127852472 141538162 3
127852472 151904242 1
127852472 156755282 1
127852472 158617062 1
127852472 182708575 1
127852472 183176811 2
127852472 185965692 5
127852472 186117868 2
127852472 186145089 4
128798572 140323692 1
128798572 141538162 1
128798572 151148832 1
128798572 151904242 1
128798572 156755282 1
128798572 158617062 1
128798572 180184982 1
128798572 182708575 1
128798572 183176811 1
128798572 183242887 1
128798572 184641649 1
128798572 184889898 1
128798572 184939169 1
128798572 185227833 1
128798572 185965692 1
128798572 186117868 1
128798572 186145089 1
140323692 141538162 2
140323692 151148832 1
140323692 151904242 1
140323692 156755282 1
140323692 158617062 1
140323692 180184982 5
140323692 182708575 1
140323692 183176811 2
140323692 183242887 3
140323692 184641649 1
140323692 184889898 2
140323692 184939169 3
140323692 185227833 3
140323692 185965692 4
140323692 186117868 1
140323692 186145089 3
141538162 151148832 2
141538162 151904242 1
141538162 156755282 1
141538162 158617062 1
141538162 180184982 4
141538162 182708575 1
141538162 183176811 3
141538162 183242887 4
141538162 184641649 2
141538162 184889898 3
141538162 184939169 3
141538162 185227833 2
141538162 185965692 3
141538162 186117868 2
141538162 186145089 3
151148832 151904242 1
151148832 156755282 1
151148832 158617062 1
151148832 182708575 1
151148832 183176811 2
151148832 185965692 1
151148832 186117868 2
151148832 186145089 2
151904242 156755282 1
151904242 158617062 1
151904242 180184982 1
151904242 182708575 1
151904242 183176811 1
151904242 183242887 1
151904242 184641649 1
151904242 184889898 1
151904242 184939169 1
151904242 185227833 1
151904242 185965692 1
151904242 186117868 1
151904242 186145089 1
156755282 158617062 1
156755282 180184982 1
156755282 182708575 1
156755282 183176811 1
156755282 183242887 1
156755282 184641649 1
156755282 184889898 1
156755282 184939169 1
156755282 185227833 1
156755282 185965692 1
156755282 186117868 1
156755282 186145089 1
158617062 180184982 1
158617062 182708575 1
158617062 183176811 1
158617062 183242887 1
158617062 184641649 1
158617062 184889898 1
158617062 184939169 1
158617062 185227833 1
158617062 185965692 1
158617062 186117868 1
158617062 186145089 1
180184982 182708575 1
180184982 183176811 3
180184982 185965692 6
180184982 186117868 2
180184982 186145089 5
182708575 183176811 1
182708575 183242887 1
182708575 184641649 1
182708575 184889898 1
182708575 184939169 1
182708575 185227833 1
182708575 185965692 1
182708575 186117868 1
182708575 186145089 1
183176811 183242887 3
183176811 184641649 2
183176811 184889898 2
183176811 184939169 3
183176811 185227833 2
183176811 185965692 2
183176811 186117868 2
183176811 186145089 3
183242887 185965692 5
183242887 186117868 2
183242887 186145089 4
184641649 185965692 1
184641649 186117868 2
184641649 186145089 2
184889898 185965692 2
184889898 186117868 2
184889898 186145089 2
184939169 185965692 3
184939169 186117868 2
184939169 186145089 3
185227833 185965692 3
185227833 186117868 1
185227833 186145089 3
185965692 186117868 1
185965692 186145089 4
186117868 186145089 2
10789769 12832425 1
10789769 13518318 1
10789769 16930571 1
10789769 24345102 1
10789769 33694372 1
10789769 37519192 1
10789769 58046392 1
10789769 59801912 1
10789769 82013982 1
10789769 91429422 1
10789769 94064942 1
10789769 106193122 1
10789769 107093282 1
10789769 115270702 1
10789769 126752722 1
10789769 127852472 1
10789769 140763122 1
10789769 141538162 1
10789769 151148832 1
10789769 162822222 1
10789769 180184982 1
10789769 183176811 1
10789769 183242887 1
10789769 184581586 1
10789769 184641649 1
10789769 184889898 1
10789769 184939169 1
10789769 186117868 1
10789769 186145089 1
10789769 186663785 1
10789769 187246468 1
10789769 187449874 1
12832425 13518318 1
12832425 16930571 1
12832425 24345102 1
12832425 33694372 1
12832425 37519192 1
12832425 58046392 1
12832425 59801912 1
12832425 82013982 1
12832425 91429422 1
12832425 94064942 1
12832425 106193122 1
12832425 107093282 1
12832425 115270702 1
12832425 126752722 1
12832425 127852472 1
12832425 140763122 1
12832425 141538162 1
12832425 151148832 1
12832425 162822222 1
12832425 180184982 1
12832425 183176811 1
12832425 183242887 1
12832425 184581586 1
12832425 184641649 1
12832425 184889898 1
12832425 184939169 1
12832425 186117868 1
12832425 186145089 1
12832425 186663785 1
12832425 187246468 1
12832425 187449874 1
13518318 58046392 4
13518318 59801912 3
13518318 82013982 3
13518318 91429422 1
13518318 94064942 1
13518318 126752722 2
13518318 184581586 1
13518318 186663785 1
13518318 187246468 1
13518318 187449874 1
16930571 58046392 1
16930571 59801912 2
16930571 82013982 1
16930571 91429422 1
16930571 94064942 1
16930571 126752722 1
16930571 184581586 1
16930571 186663785 1
16930571 187246468 1
16930571 187449874 1
24345102 58046392 4
24345102 59801912 2
24345102 82013982 3
24345102 91429422 1
24345102 94064942 1
24345102 126752722 2
24345102 184581586 1
24345102 186663785 1
24345102 187246468 1
24345102 187449874 1
33694372 58046392 2
33694372 59801912 2
33694372 82013982 2
33694372 91429422 1
33694372 94064942 1
33694372 126752722 1
33694372 140763122 2
33694372 162822222 2
33694372 184581586 1
33694372 186663785 1
33694372 187246468 1
33694372 187449874 1
37519192 58046392 1
37519192 59801912 1
37519192 82013982 1
37519192 91429422 1
37519192 94064942 1
37519192 126752722 1
37519192 140763122 1
37519192 162822222 1
37519192 184581586 1
37519192 186663785 1
37519192 187246468 1
37519192 187449874 1
58046392 59801912 2
58046392 82013982 3
58046392 91429422 1
58046392 94064942 1
58046392 106193122 1
58046392 107093282 1
58046392 115270702 4
58046392 126752722 1
58046392 127852472 4
58046392 140763122 4
58046392 141538162 2
58046392 151148832 1
58046392 162822222 4
58046392 180184982 3
58046392 183176811 1
58046392 183242887 2
58046392 184581586 1
58046392 184641649 1
58046392 184889898 4
58046392 184939169 2
58046392 186117868 1
58046392 186145089 1
58046392 186663785 1
58046392 187246468 1
58046392 187449874 1
59801912 82013982 2
59801912 91429422 1
59801912 94064942 1
59801912 106193122 2
59801912 107093282 2
59801912 115270702 3
59801912 126752722 1
59801912 127852472 2
59801912 140763122 2
59801912 141538162 2
59801912 151148832 1
59801912 162822222 3
59801912 180184982 2
59801912 183176811 2
59801912 183242887 2
59801912 184581586 1
59801912 184641649 1
59801912 184889898 2
59801912 184939169 3
59801912 186117868 1
59801912 186145089 2
59801912 186663785 1
59801912 187246468 1
59801912 187449874 1
82013982 91429422 1
82013982 94064942 1
82013982 106193122 1
82013982 107093282 1
82013982 115270702 3
82013982 126752722 1
82013982 127852472 3
82013982 140763122 3
82013982 141538162 2
82013982 151148832 1
82013982 162822222 3
82013982 180184982 2
82013982 183176811 1
82013982 183242887 2
82013982 184581586 1
82013982 184641649 1
82013982 184889898 3
82013982 184939169 2
82013982 186117868 1
82013982 186145089 1
82013982 186663785 1
82013982 187246468 1
82013982 187449874 1
91429422 94064942 1
91429422 106193122 1
91429422 107093282 1
91429422 115270702 1
91429422 126752722 1
91429422 127852472 1
91429422 140763122 1
91429422 141538162 1
91429422 151148832 1
91429422 162822222 1
91429422 180184982 1
91429422 183176811 1
91429422 183242887 1
91429422 184581586 1
91429422 184641649 1
91429422 184889898 1
91429422 184939169 1
91429422 186117868 1
91429422 186145089 1
91429422 186663785 1
91429422 187246468 1
91429422 187449874 1
94064942 106193122 1
94064942 107093282 1
94064942 115270702 1
94064942 126752722 1
94064942 127852472 1
94064942 140763122 1
94064942 141538162 1
94064942 151148832 1
94064942 162822222 1
94064942 180184982 1
94064942 183176811 1
94064942 183242887 1
94064942 184581586 1
94064942 184641649 1
94064942 184889898 1
94064942 184939169 1
94064942 186117868 1
94064942 186145089 1
94064942 186663785 1
94064942 187246468 1
94064942 187449874 1
106193122 126752722 2
106193122 184581586 1
106193122 186663785 1
106193122 187246468 1
106193122 187449874 1
107093282 126752722 1
107093282 140763122 1
107093282 162822222 2
107093282 184581586 1
107093282 186663785 1
107093282 187246468 1
107093282 187449874 1
115270702 126752722 2
115270702 184581586 1
115270702 186663785 1
115270702 187246468 1
115270702 187449874 1
126752722 127852472 2
126752722 140763122 1
126752722 141538162 1
126752722 151148832 1
126752722 162822222 2
126752722 180184982 2
126752722 183176811 1
126752722 183242887 2
126752722 184581586 1
126752722 184641649 1
126752722 184889898 1
126752722 184939169 1
126752722 186117868 1
126752722 186145089 2
126752722 186663785 1
126752722 187246468 1
126752722 187449874 1
127852472 184581586 1
127852472 186663785 1
127852472 187246468 1
127852472 187449874 1
140763122 141538162 2
140763122 183176811 1
140763122 184581586 1
140763122 186117868 1
140763122 186145089 1
140763122 186663785 1
140763122 187246468 1
140763122 187449874 1
141538162 162822222 3
141538162 184581586 1
141538162 186663785 1
141538162 187246468 1
141538162 187449874 1
151148832 184581586 1
151148832 186663785 1
151148832 187246468 1
151148832 187449874 1
162822222 183176811 2
162822222 184581586 1
162822222 186117868 1
162822222 186145089 4
162822222 186663785 1
162822222 187246468 1
162822222 187449874 1
180184982 184581586 1
180184982 186663785 1
180184982 187246468 1
180184982 187449874 1
183176811 184581586 1
183176811 186663785 1
183176811 187246468 1
183176811 187449874 1
183242887 184581586 1
183242887 186663785 1
183242887 187246468 1
183242887 187449874 1
184581586 184641649 1
184581586 184889898 1
184581586 184939169 1
184581586 186117868 1
184581586 186145089 1
184581586 186663785 1
184581586 187246468 1
184581586 187449874 1
184641649 186663785 1
184641649 187246468 1
184641649 187449874 1
184889898 186663785 1
184889898 187246468 1
184889898 187449874 1
184939169 186663785 1
184939169 187246468 1
184939169 187449874 1
186117868 186663785 1
186117868 187246468 1
186117868 187449874 1
186145089 186663785 1
186145089 187246468 1
186145089 187449874 1
186663785 187246468 1
186663785 187449874 1
187246468 187449874 1
11669775 13518318 1
11669775 14453946 1
11669775 16930571 1
11669775 20626781 1
11669775 26325562 1
11669775 34124392 1
11669775 43519492 1
11669775 59801912 1
11669775 72591212 1
11669775 105189502 1
11669775 106193122 1
11669775 107093282 1
11669775 107513392 1
11669775 115270702 1
11669775 140323692 1
11669775 140970782 1
11669775 141246992 1
11669775 141538162 1
11669775 146897582 1
11669775 162822222 1
11669775 180184982 1
11669775 182470801 1
11669775 183176811 1
11669775 183242887 1
11669775 184082294 1
11669775 184939169 1
11669775 185227833 1
11669775 185965692 1
11669775 186145089 1
11669775 187456287 1
11669775 188054953 1
11669775 188311115 1
11669775 188915108 1
11669775 188995915 1
13518318 14453946 1
13518318 20626781 2
13518318 26325562 2
13518318 34124392 1
13518318 43519492 1
13518318 72591212 1
13518318 105189502 1
13518318 140970782 1
13518318 141246992 3
13518318 146897582 1
13518318 182470801 7
13518318 187456287 1
13518318 188054953 2
13518318 188311115 1
13518318 188915108 1
13518318 188995915 1
14453946 16930571 1
14453946 20626781 1
14453946 26325562 1
14453946 34124392 1
14453946 43519492 1
14453946 59801912 1
14453946 72591212 1
14453946 105189502 1
14453946 106193122 1
14453946 107093282 1
14453946 107513392 1
14453946 115270702 1
14453946 140323692 1
14453946 140970782 1
14453946 141246992 1
14453946 141538162 1
14453946 146897582 1
14453946 162822222 1
14453946 180184982 1
14453946 182470801 1
14453946 183176811 1
14453946 183242887 1
14453946 184082294 1
14453946 184939169 1
14453946 185227833 1
14453946 185965692 1
14453946 186145089 1
14453946 187456287 1
14453946 188054953 1
14453946 188311115 1
14453946 188915108 1
14453946 188995915 1
16930571 20626781 1
16930571 26325562 1
16930571 34124392 1
16930571 43519492 1
16930571 72591212 1
16930571 105189502 1
16930571 140970782 1
16930571 141246992 1
16930571 146897582 1
16930571 182470801 1
16930571 187456287 1
16930571 188054953 1
16930571 188311115 1
16930571 188915108 1
16930571 188995915 1
20626781 26325562 1
20626781 34124392 1
20626781 43519492 1
20626781 59801912 1
20626781 72591212 1
20626781 105189502 1
20626781 106193122 2
20626781 107093282 1
20626781 107513392 1
20626781 115270702 2
20626781 140323692 2
20626781 140970782 1
20626781 141246992 2
20626781 141538162 1
20626781 146897582 1
20626781 162822222 2
20626781 180184982 2
20626781 182470801 2
20626781 183176811 1
20626781 183242887 1
20626781 184082294 1
20626781 184939169 1
20626781 185227833 2
20626781 185965692 2
20626781 186145089 2
20626781 187456287 1
20626781 188054953 1
20626781 188311115 1
20626781 188915108 1
20626781 188995915 1
26325562 34124392 1
26325562 43519492 1
26325562 59801912 1
26325562 72591212 1
26325562 105189502 1
26325562 106193122 1
26325562 107093282 1
26325562 107513392 1
26325562 115270702 2
26325562 140323692 2
26325562 140970782 1
26325562 141246992 1
26325562 141538162 1
26325562 146897582 1
26325562 162822222 2
26325562 180184982 2
26325562 182470801 2
26325562 183176811 1
26325562 183242887 1
26325562 184082294 1
26325562 184939169 1
26325562 185227833 1
26325562 185965692 1
26325562 186145089 1
26325562 187456287 1
26325562 188054953 1
26325562 188311115 1
26325562 188915108 1
26325562 188995915 1
34124392 43519492 1
34124392 59801912 1
34124392 72591212 1
34124392 105189502 1
34124392 106193122 1
34124392 107093282 1
34124392 107513392 1
34124392 115270702 1
34124392 140323692 1
34124392 140970782 1
34124392 141246992 1
34124392 141538162 1
34124392 146897582 1
34124392 162822222 1
34124392 180184982 1
34124392 182470801 1
34124392 183176811 1
34124392 183242887 1
34124392 184082294 1
34124392 184939169 1
34124392 185227833 1
34124392 185965692 1
34124392 186145089 1
34124392 187456287 1
34124392 188054953 1
34124392 188311115 1
34124392 188915108 1
34124392 188995915 1
43519492 59801912 1
43519492 72591212 1
43519492 105189502 1
43519492 106193122 1
43519492 107093282 1
43519492 107513392 1
43519492 115270702 1
43519492 140323692 1
43519492 140970782 1
43519492 141246992 1
43519492 141538162 1
43519492 146897582 1
43519492 162822222 1
43519492 180184982 1
43519492 182470801 1
43519492 183176811 1
43519492 183242887 1
43519492 184082294 1
43519492 184939169 1
43519492 185227833 1
43519492 185965692 1
43519492 186145089 1
43519492 187456287 1
43519492 188054953 1
43519492 188311115 1
43519492 188915108 1
43519492 188995915 1
59801912 72591212 1
59801912 105189502 1
59801912 107513392 1
59801912 140323692 1
59801912 140970782 1
59801912 141246992 1
59801912 146897582 1
59801912 182470801 2
59801912 184082294 1
59801912 185227833 1
59801912 185965692 1
59801912 187456287 1
59801912 188054953 1
59801912 188311115 1
59801912 188915108 1
59801912 188995915 1
72591212 105189502 1
72591212 106193122 1
72591212 107093282 1
72591212 107513392 1
72591212 115270702 1
72591212 140323692 1
72591212 140970782 1
72591212 141246992 1
72591212 141538162 1
72591212 146897582 1
72591212 162822222 1
72591212 180184982 1
72591212 182470801 1
72591212 183176811 1
72591212 183242887 1
72591212 184082294 1
72591212 184939169 1
72591212 185227833 1
72591212 185965692 1
72591212 186145089 1
72591212 187456287 1
72591212 188054953 1
72591212 188311115 1
72591212 188915108 1
72591212 188995915 1
105189502 106193122 1
105189502 107093282 1
105189502 107513392 1
105189502 115270702 1
105189502 140323692 1
105189502 140970782 1
105189502 141246992 1
105189502 141538162 1
105189502 146897582 1
105189502 162822222 1
105189502 180184982 1
105189502 182470801 1
105189502 183176811 1
105189502 183242887 1
105189502 184082294 1
105189502 184939169 1
105189502 185227833 1
105189502 185965692 1
105189502 186145089 1
105189502 187456287 1
105189502 188054953 1
105189502 188311115 1
105189502 188915108 1
105189502 188995915 1
106193122 140970782 1
106193122 141246992 3
106193122 146897582 1
106193122 182470801 4
106193122 187456287 1
106193122 188054953 1
106193122 188311115 1
106193122 188915108 1
106193122 188995915 1
107093282 107513392 1
107093282 140970782 1
107093282 141246992 1
107093282 146897582 1
107093282 182470801 1
107093282 184082294 1
107093282 187456287 1
107093282 188054953 1
107093282 188311115 1
107093282 188915108 1
107093282 188995915 1
107513392 140323692 1
107513392 140970782 1
107513392 141246992 1
107513392 141538162 1
107513392 146897582 1
107513392 182470801 1
107513392 183176811 1
107513392 185965692 1
107513392 186145089 1
107513392 187456287 1
107513392 188054953 1
107513392 188311115 1
107513392 188915108 1
107513392 188995915 1
115270702 140970782 1
115270702 141246992 3
115270702 146897582 1
115270702 182470801 7
115270702 187456287 1
115270702 188054953 2
115270702 188311115 1
115270702 188915108 1
115270702 188995915 1
140323692 140970782 1
140323692 141246992 3
140323692 146897582 1
140323692 162822222 4
140323692 182470801 4
140323692 184082294 1
140323692 187456287 1
140323692 188054953 1
140323692 188311115 1
140323692 188915108 1
140323692 188995915 1
140970782 141246992 1
140970782 141538162 1
140970782 146897582 1
140970782 162822222 1
140970782 180184982 1
140970782 182470801 1
140970782 183176811 1
140970782 183242887 1
140970782 184082294 1
140970782 184939169 1
140970782 185227833 1
140970782 185965692 1
140970782 186145089 1
140970782 187456287 1
140970782 188054953 1
140970782 188311115 1
140970782 188915108 1
140970782 188995915 1
141246992 141538162 1
141246992 146897582 1
141246992 162822222 3
141246992 180184982 3
141246992 182470801 3
141246992 183176811 1
141246992 183242887 2
141246992 184082294 1
141246992 184939169 2
141246992 185227833 2
141246992 185965692 3
141246992 186145089 2
141246992 187456287 1
141246992 188054953 1
141246992 188311115 1
141246992 188915108 1
141246992 188995915 1
141538162 146897582 1
141538162 182470801 2
141538162 184082294 1
141538162 187456287 1
141538162 188054953 2
141538162 188311115 1
141538162 188915108 1
141538162 188995915 1
146897582 162822222 1
146897582 180184982 1
146897582 182470801 1
146897582 183176811 1
146897582 183242887 1
146897582 184082294 1
146897582 184939169 1
146897582 185227833 1
146897582 185965692 1
146897582 186145089 1
146897582 187456287 1
146897582 188054953 1
146897582 188311115 1
146897582 188915108 1
146897582 188995915 1
162822222 182470801 7
162822222 185965692 5
162822222 187456287 1
162822222 188054953 2
162822222 188311115 1
162822222 188915108 1
162822222 188995915 1
180184982 182470801 6
180184982 187456287 1
180184982 188054953 2
180184982 188311115 1
180184982 188915108 1
180184982 188995915 1
182470801 183176811 1
182470801 183242887 4
182470801 184082294 1
182470801 184939169 3
182470801 185227833 2
182470801 185965692 5
182470801 186145089 3
182470801 187456287 1
182470801 188054953 2
182470801 188311115 1
182470801 188915108 1
182470801 188995915 1
183176811 184082294 1
183176811 187456287 1
183176811 188054953 1
183176811 188311115 1
183176811 188915108 1
183176811 188995915 1
183242887 187456287 1
183242887 188054953 2
183242887 188311115 1
183242887 188915108 1
183242887 188995915 1
184082294 185965692 1
184082294 186145089 1
184082294 187456287 1
184082294 188054953 1
184082294 188311115 1
184082294 188915108 1
184082294 188995915 1
184939169 187456287 1
184939169 188054953 1
184939169 188311115 1
184939169 188915108 1
184939169 188995915 1
185227833 187456287 1
185227833 188054953 1
185227833 188311115 1
185227833 188915108 1
185227833 188995915 1
185965692 187456287 1
185965692 188054953 2
185965692 188311115 1
185965692 188915108 1
185965692 188995915 1
186145089 187456287 1
186145089 188054953 1
186145089 188311115 1
186145089 188915108 1
186145089 188995915 1
187456287 188054953 1
187456287 188311115 1
187456287 188915108 1
187456287 188995915 1
188054953 188311115 1
188054953 188915108 1
188054953 188995915 1
188311115 188915108 1
188311115 188995915 1
188915108 188995915 1
2797596 8671305 1
2797596 20626781 1
2797596 22192731 2
2797596 35527352 1
2797596 78159692 3
2797596 93728782 1
2797596 132391352 1
2797596 141246992 1
2797596 162822222 3
2797596 163132262 2
2797596 182470801 3
2797596 183033467 3
2797596 184276880 1
2797596 188277275 1
2797596 188985515 1
2797596 189373543 2
2797596 190224351 3
8671305 13518318 2
8671305 20626781 1
8671305 22192731 1
8671305 24345102 2
8671305 35527352 1
8671305 78159692 2
8671305 93728782 2
8671305 106193122 2
8671305 115270702 2
8671305 127852472 2
8671305 132391352 1
8671305 140323692 1
8671305 141246992 1
8671305 162822222 2
8671305 163132262 2
8671305 180184982 2
8671305 182470801 2
8671305 183033467 2
8671305 184276880 1
8671305 185227833 1
8671305 185965692 2
8671305 186145089 2
8671305 188277275 1
8671305 188985515 1
8671305 189373543 2
8671305 190224351 2
13518318 22192731 3
13518318 35527352 2
13518318 78159692 6
13518318 93728782 4
13518318 163132262 5
13518318 183033467 6
13518318 184276880 1
13518318 188277275 1
13518318 188985515 1
13518318 189373543 4
13518318 190224351 6
20626781 22192731 1
20626781 24345102 1
20626781 35527352 1
20626781 78159692 1
20626781 93728782 1
20626781 127852472 1
20626781 132391352 1
20626781 163132262 1
20626781 183033467 1
20626781 184276880 1
20626781 188277275 1
20626781 188985515 1
20626781 189373543 1
20626781 190224351 1
22192731 24345102 3
22192731 35527352 2
22192731 78159692 3
22192731 93728782 2
22192731 106193122 1
22192731 115270702 3
22192731 127852472 3
22192731 132391352 1
22192731 140323692 2
22192731 141246992 1
22192731 162822222 3
22192731 163132262 3
22192731 180184982 3
22192731 182470801 3
22192731 183033467 3
22192731 184276880 1
22192731 185227833 1
22192731 185965692 2
22192731 186145089 1
22192731 188277275 1
22192731 188985515 1
22192731 189373543 1
22192731 190224351 3
24345102 35527352 2
24345102 78159692 6
24345102 93728782 4
24345102 141246992 2
24345102 163132262 5
24345102 182470801 6
24345102 183033467 6
24345102 184276880 1
24345102 188277275 1
24345102 188985515 1
24345102 189373543 4
24345102 190224351 6
35527352 78159692 2
35527352 93728782 2
35527352 106193122 1
35527352 115270702 2
35527352 127852472 2
35527352 132391352 1
35527352 140323692 1
35527352 141246992 1
35527352 162822222 2
35527352 163132262 2
35527352 180184982 2
35527352 182470801 2
35527352 183033467 2
35527352 184276880 1
35527352 185227833 1
35527352 185965692 2
35527352 186145089 1
35527352 188277275 1
35527352 188985515 1
35527352 189373543 1
35527352 190224351 2
78159692 93728782 4
78159692 106193122 3
78159692 115270702 6
78159692 127852472 6
78159692 132391352 1
78159692 140323692 3
78159692 141246992 2
78159692 162822222 6
78159692 163132262 5
78159692 180184982 5
78159692 182470801 6
78159692 183033467 6
78159692 184276880 1
78159692 185227833 1
78159692 185965692 4
78159692 186145089 2
78159692 188277275 1
78159692 188985515 1
78159692 189373543 4
78159692 190224351 6
93728782 106193122 3
93728782 115270702 4
93728782 127852472 4
93728782 132391352 1
93728782 140323692 2
93728782 141246992 2
93728782 162822222 4
93728782 163132262 4
93728782 180184982 4
93728782 182470801 4
93728782 183033467 4
93728782 184276880 1
93728782 185227833 1
93728782 185965692 4
93728782 186145089 2
93728782 188277275 1
93728782 188985515 1
93728782 189373543 3
93728782 190224351 4
106193122 163132262 3
106193122 183033467 3
106193122 184276880 1
106193122 188277275 1
106193122 188985515 1
106193122 189373543 3
106193122 190224351 3
115270702 163132262 5
115270702 183033467 6
115270702 184276880 1
115270702 188277275 1
115270702 188985515 1
115270702 189373543 4
115270702 190224351 6
127852472 141246992 2
127852472 163132262 5
127852472 182470801 6
127852472 183033467 6
127852472 184276880 1
127852472 188277275 1
127852472 188985515 1
127852472 189373543 4
127852472 190224351 6
132391352 140323692 1
132391352 141246992 1
132391352 163132262 1
132391352 182470801 1
132391352 183033467 1
132391352 184276880 1
132391352 185965692 1
132391352 186145089 1
132391352 188277275 1
132391352 188985515 1
132391352 189373543 1
132391352 190224351 1
140323692 163132262 3
140323692 183033467 3
140323692 184276880 1
140323692 188277275 1
140323692 188985515 1
140323692 189373543 2
140323692 190224351 3
141246992 163132262 2
141246992 183033467 2
141246992 184276880 1
141246992 188277275 1
141246992 188985515 1
141246992 189373543 2
141246992 190224351 2
162822222 163132262 5
162822222 183033467 6
162822222 184276880 1
162822222 188277275 1
162822222 188985515 1
162822222 189373543 4
162822222 190224351 6
163132262 180184982 5
163132262 182470801 5
163132262 183033467 5
163132262 184276880 1
163132262 185227833 1
163132262 185965692 4
163132262 186145089 2
163132262 188277275 1
163132262 188985515 1
163132262 189373543 3
163132262 190224351 5
180184982 183033467 5
180184982 184276880 1
180184982 188277275 1
180184982 188985515 1
180184982 189373543 3
180184982 190224351 5
182470801 183033467 6
182470801 184276880 1
182470801 188277275 1
182470801 188985515 1
182470801 189373543 4
182470801 190224351 6
183033467 184276880 1
183033467 185227833 1
183033467 185965692 4
183033467 186145089 2
183033467 188277275 1
183033467 188985515 1
183033467 189373543 4
183033467 190224351 6
184276880 185227833 1
184276880 185965692 1
184276880 186145089 1
184276880 188277275 1
184276880 188985515 1
184276880 189373543 1
184276880 190224351 1
185227833 188277275 1
185227833 188985515 1
185227833 189373543 1
185227833 190224351 1
185965692 188277275 1
185965692 188985515 1
185965692 189373543 3
185965692 190224351 4
186145089 188277275 1
186145089 188985515 1
186145089 189373543 2
186145089 190224351 2
188277275 188985515 1
188277275 189373543 1
188277275 190224351 1
188985515 189373543 1
188985515 190224351 1
189373543 190224351 4
7452143 8671305 1
7452143 12819274 1
7452143 13518318 1
7452143 13870006 1
7452143 13887696 1
7452143 23198391 1
7452143 24345102 1
7452143 26885772 1
7452143 37354072 1
7452143 46709092 1
7452143 51823732 1
7452143 60664022 1
7452143 63134752 1
7452143 63655342 1
7452143 71095072 1
7452143 78159692 1
7452143 93510482 1
7452143 93728782 1
7452143 94654782 1
7452143 103193982 1
7452143 106193122 1
7452143 115270702 1
7452143 126752722 1
7452143 127852472 1
7452143 162822222 1
7452143 163132262 1
7452143 173438512 1
7452143 178143502 1
7452143 180184982 1
7452143 182470801 1
7452143 183033467 1
7452143 183242887 1
7452143 183584589 1
7452143 184358391 1
7452143 185965692 1
7452143 186145089 1
7452143 189373543 1
7452143 190224351 1
7452143 190700847 1
7452143 190853094 1
7452143 190898733 1
7452143 190979724 1
7452143 191413564 1
7452143 191516474 1
7452143 191908910 1
8671305 12819274 1
8671305 13870006 1
8671305 13887696 1
8671305 23198391 1
8671305 26885772 1
8671305 37354072 1
8671305 46709092 1
8671305 51823732 1
8671305 60664022 1
8671305 63134752 1
8671305 63655342 1
8671305 71095072 1
8671305 93510482 1
8671305 94654782 1
8671305 103193982 1
8671305 126752722 1
8671305 173438512 1
8671305 178143502 1
8671305 183242887 1
8671305 183584589 1
8671305 184358391 1
8671305 190700847 1
8671305 190853094 1
8671305 190898733 1
8671305 190979724 1
8671305 191413564 1
8671305 191516474 1
8671305 191908910 1
12819274 13870006 1
12819274 13887696 1
12819274 23198391 1
12819274 26885772 1
12819274 37354072 1
12819274 46709092 1
12819274 51823732 1
12819274 60664022 1
12819274 63134752 1
12819274 63655342 1
12819274 71095072 1
12819274 78159692 1
12819274 93510482 1
12819274 93728782 1
12819274 94654782 1
12819274 103193982 1
12819274 126752722 1
12819274 162822222 1
12819274 163132262 1
12819274 173438512 1
12819274 178143502 1
12819274 182470801 1
12819274 183033467 1
12819274 183584589 1
12819274 184358391 1
12819274 189373543 1
12819274 190224351 1
12819274 190700847 1
12819274 190853094 1
12819274 190898733 1
12819274 190979724 1
12819274 191413564 1
12819274 191516474 1
12819274 191908910 1
13518318 13870006 2
13518318 13887696 4
13518318 23198391 1
13518318 26885772 2
13518318 37354072 1
13518318 46709092 1
13518318 51823732 2
13518318 60664022 1
13518318 63134752 1
13518318 63655342 3
13518318 71095072 1
13518318 93510482 2
13518318 94654782 1
13518318 103193982 1
13518318 173438512 2
13518318 178143502 2
13518318 183584589 1
13518318 184358391 3
13518318 190700847 3
13518318 190853094 1
13518318 190898733 2
13518318 190979724 2
13518318 191413564 1
13518318 191516474 2
13518318 191908910 4
13870006 13887696 2
13870006 23198391 1
13870006 24345102 2
13870006 26885772 2
13870006 37354072 1
13870006 46709092 1
13870006 51823732 2
13870006 60664022 1
13870006 63134752 1
13870006 63655342 2
13870006 71095072 1
13870006 78159692 2
13870006 93510482 1
13870006 93728782 2
13870006 94654782 1
13870006 103193982 1
13870006 106193122 2
13870006 115270702 2
13870006 126752722 1
13870006 127852472 2
13870006 162822222 2
13870006 163132262 2
13870006 173438512 2
13870006 178143502 1
13870006 180184982 2
13870006 182470801 2
13870006 183033467 2
13870006 183242887 2
13870006 183584589 1
13870006 184358391 2
13870006 185965692 2
13870006 186145089 1
13870006 189373543 2
13870006 190224351 2
13870006 190700847 2
13870006 190853094 1
13870006 190898733 1
13870006 190979724 2
13870006 191413564 1
13870006 191516474 2
13870006 191908910 2
13887696 23198391 1
13887696 24345102 4
13887696 26885772 2
13887696 37354072 1
13887696 46709092 1
13887696 51823732 2
13887696 60664022 1
13887696 63134752 1
13887696 63655342 2
13887696 71095072 1
13887696 78159692 4
13887696 93510482 2
13887696 93728782 3
13887696 94654782 1
13887696 103193982 1
13887696 106193122 2
13887696 115270702 4
13887696 126752722 1
13887696 127852472 4
13887696 162822222 4
13887696 163132262 4
13887696 173438512 2
13887696 178143502 1
13887696 180184982 4
13887696 182470801 4
13887696 183033467 4
13887696 183242887 3
13887696 183584589 1
13887696 184358391 3
13887696 185965692 3
13887696 186145089 1
13887696 189373543 2
13887696 190224351 4
13887696 190700847 3
13887696 190853094 1
13887696 190898733 2
13887696 190979724 2
13887696 191413564 1
13887696 191516474 2
13887696 191908910 4
23198391 24345102 1
23198391 26885772 1
23198391 37354072 1
23198391 46709092 1
23198391 51823732 1
23198391 60664022 1
23198391 63134752 1
23198391 63655342 1
23198391 71095072 1
23198391 78159692 1
23198391 93510482 1
23198391 93728782 1
23198391 94654782 1
23198391 103193982 1
23198391 106193122 1
23198391 115270702 1
23198391 126752722 1
23198391 127852472 1
23198391 162822222 1
23198391 163132262 1
23198391 173438512 1
23198391 178143502 1
23198391 180184982 1
23198391 182470801 1
23198391 183033467 1
23198391 183242887 1
23198391 183584589 1
23198391 184358391 1
23198391 185965692 1
23198391 186145089 1
23198391 189373543 1
23198391 190224351 1
23198391 190700847 1
23198391 190853094 1
23198391 190898733 1
23198391 190979724 1
23198391 191413564 1
23198391 191516474 1
23198391 191908910 1
24345102 26885772 2
24345102 37354072 1
24345102 46709092 1
24345102 51823732 2
24345102 60664022 1
24345102 63134752 1
24345102 63655342 3
24345102 71095072 1
24345102 93510482 2
24345102 94654782 1
24345102 103193982 1
24345102 173438512 2
24345102 178143502 2
24345102 183584589 1
24345102 184358391 3
24345102 190700847 3
24345102 190853094 1
24345102 190898733 2
24345102 190979724 2
24345102 191413564 1
24345102 191516474 2
24345102 191908910 4
26885772 37354072 1
26885772 46709092 1
26885772 51823732 2
26885772 60664022 1
26885772 63134752 1
26885772 63655342 2
26885772 71095072 1
26885772 78159692 2
26885772 93510482 1
26885772 93728782 2
26885772 94654782 1
26885772 103193982 1
26885772 106193122 2
26885772 115270702 2
26885772 126752722 1
26885772 127852472 2
26885772 162822222 2
26885772 163132262 2
26885772 173438512 2
26885772 178143502 1
26885772 180184982 2
26885772 182470801 2
26885772 183033467 2
26885772 183242887 2
26885772 183584589 1
26885772 184358391 2
26885772 185965692 2
26885772 186145089 1
26885772 189373543 2
26885772 190224351 2
26885772 190700847 2
26885772 190853094 1
26885772 190898733 1
26885772 190979724 2
26885772 191413564 1
26885772 191516474 2
26885772 191908910 2
37354072 46709092 1
37354072 51823732 1
37354072 60664022 1
37354072 63134752 1
37354072 63655342 1
37354072 71095072 1
37354072 78159692 1
37354072 93510482 1
37354072 93728782 1
37354072 94654782 1
37354072 103193982 1
37354072 106193122 1
37354072 115270702 1
37354072 126752722 1
37354072 127852472 1
37354072 162822222 1
37354072 163132262 1
37354072 173438512 1
37354072 178143502 1
37354072 180184982 1
37354072 182470801 1
37354072 183033467 1
37354072 183242887 1
37354072 183584589 1
37354072 184358391 1
37354072 185965692 1
37354072 186145089 1
37354072 189373543 1
37354072 190224351 1
37354072 190700847 1
37354072 190853094 1
37354072 190898733 1
37354072 190979724 1
37354072 191413564 1
37354072 191516474 1
37354072 191908910 1
46709092 51823732 1
46709092 60664022 1
46709092 63134752 1
46709092 63655342 1
46709092 71095072 1
46709092 78159692 1
46709092 93510482 1
46709092 93728782 1
46709092 94654782 1
46709092 103193982 1
46709092 106193122 1
46709092 115270702 1
46709092 126752722 1
46709092 127852472 1
46709092 162822222 1
46709092 163132262 1
46709092 173438512 1
46709092 178143502 1
46709092 180184982 1
46709092 182470801 1
46709092 183033467 1
46709092 183242887 1
46709092 183584589 1
46709092 184358391 1
46709092 185965692 1
46709092 186145089 1
46709092 189373543 1
46709092 190224351 1
46709092 190700847 1
46709092 190853094 1
46709092 190898733 1
46709092 190979724 1
46709092 191413564 1
46709092 191516474 1
46709092 191908910 1
51823732 60664022 1
51823732 63134752 1
51823732 63655342 2
51823732 71095072 1
51823732 78159692 2
51823732 93510482 1
51823732 93728782 2
51823732 94654782 1
51823732 103193982 1
51823732 106193122 2
51823732 115270702 2
51823732 126752722 1
51823732 127852472 2
51823732 162822222 2
51823732 163132262 2
51823732 173438512 2
51823732 178143502 1
51823732 180184982 2
51823732 182470801 2
51823732 183033467 2
51823732 183242887 2
51823732 183584589 1
51823732 184358391 2
51823732 185965692 2
51823732 186145089 1
51823732 189373543 2
51823732 190224351 2
51823732 190700847 2
51823732 190853094 1
51823732 190898733 1
51823732 190979724 2
51823732 191413564 1
51823732 191516474 2
51823732 191908910 2
60664022 63134752 1
60664022 63655342 1
60664022 71095072 1
60664022 78159692 1
60664022 93510482 1
60664022 93728782 1
60664022 94654782 1
60664022 103193982 1
60664022 106193122 1
60664022 115270702 1
60664022 126752722 1
60664022 127852472 1
60664022 162822222 1
60664022 163132262 1
60664022 173438512 1
60664022 178143502 1
60664022 180184982 1
60664022 182470801 1
60664022 183033467 1
60664022 183242887 1
60664022 183584589 1
60664022 184358391 1
60664022 185965692 1
60664022 186145089 1
60664022 189373543 1
60664022 190224351 1
60664022 190700847 1
60664022 190853094 1
60664022 190898733 1
60664022 190979724 1
60664022 191413564 1
60664022 191516474 1
60664022 191908910 1
63134752 63655342 1
63134752 71095072 1
63134752 78159692 1
63134752 93510482 1
63134752 93728782 1
63134752 94654782 1
63134752 103193982 1
63134752 106193122 1
63134752 115270702 1
63134752 126752722 1
63134752 127852472 1
63134752 162822222 1
63134752 163132262 1
63134752 173438512 1
63134752 178143502 1
63134752 180184982 1
63134752 182470801 1
63134752 183033467 1
63134752 183242887 1
63134752 183584589 1
63134752 184358391 1
63134752 185965692 1
63134752 186145089 1
63134752 189373543 1
63134752 190224351 1
63134752 190700847 1
63134752 190853094 1
63134752 190898733 1
63134752 190979724 1
63134752 191413564 1
63134752 191516474 1
63134752 191908910 1
63655342 71095072 1
63655342 78159692 3
63655342 93510482 1
63655342 93728782 2
63655342 94654782 1
63655342 103193982 1
63655342 106193122 2
63655342 115270702 3
63655342 126752722 1
63655342 127852472 3
63655342 162822222 3
63655342 163132262 2
63655342 173438512 2
63655342 178143502 2
63655342 180184982 2
63655342 182470801 3
63655342 183033467 3
63655342 183242887 2
63655342 183584589 1
63655342 184358391 2
63655342 185965692 2
63655342 186145089 1
63655342 189373543 3
63655342 190224351 3
63655342 190700847 2
63655342 190853094 1
63655342 190898733 1
63655342 190979724 2
63655342 191413564 1
63655342 191516474 2
63655342 191908910 2
71095072 78159692 1
71095072 93510482 1
71095072 93728782 1
71095072 94654782 1
71095072 103193982 1
71095072 106193122 1
71095072 115270702 1
71095072 126752722 1
71095072 127852472 1
71095072 162822222 1
71095072 163132262 1
71095072 173438512 1
71095072 178143502 1
71095072 180184982 1
71095072 182470801 1
71095072 183033467 1
71095072 183242887 1
71095072 183584589 1
71095072 184358391 1
71095072 185965692 1
71095072 186145089 1
71095072 189373543 1
71095072 190224351 1
71095072 190700847 1
71095072 190853094 1
71095072 190898733 1
71095072 190979724 1
71095072 191413564 1
71095072 191516474 1
71095072 191908910 1
78159692 93510482 2
78159692 94654782 1
78159692 103193982 1
78159692 126752722 1
78159692 173438512 2
78159692 178143502 2
78159692 183242887 3
78159692 183584589 1
78159692 184358391 3
78159692 190700847 3
78159692 190853094 1
78159692 190898733 2
78159692 190979724 2
78159692 191413564 1
78159692 191516474 2
78159692 191908910 4
93510482 93728782 2
93510482 94654782 1
93510482 103193982 1
93510482 106193122 1
93510482 115270702 2
93510482 126752722 1
93510482 127852472 2
93510482 162822222 2
93510482 163132262 2
93510482 173438512 1
93510482 178143502 1
93510482 180184982 2
93510482 182470801 2
93510482 183033467 2
93510482 183242887 2
93510482 183584589 1
93510482 184358391 2
93510482 185965692 2
93510482 186145089 1
93510482 189373543 1
93510482 190224351 2
93510482 190700847 2
93510482 190853094 1
93510482 190898733 2
93510482 190979724 1
93510482 191413564 1
93510482 191516474 1
93510482 191908910 2
93728782 94654782 1
93728782 103193982 1
93728782 126752722 1
93728782 173438512 2
93728782 178143502 1
93728782 183242887 3
93728782 183584589 1
93728782 184358391 3
93728782 190700847 3
93728782 190853094 1
93728782 190898733 2
93728782 190979724 2
93728782 191413564 1
93728782 191516474 2
93728782 191908910 3
94654782 103193982 1
94654782 106193122 1
94654782 115270702 1
94654782 126752722 1
94654782 127852472 1
94654782 162822222 1
94654782 163132262 1
94654782 173438512 1
94654782 178143502 1
94654782 180184982 1
94654782 182470801 1
94654782 183033467 1
94654782 183242887 1
94654782 183584589 1
94654782 184358391 1
94654782 185965692 1
94654782 186145089 1
94654782 189373543 1
94654782 190224351 1
94654782 190700847 1
94654782 190853094 1
94654782 190898733 1
94654782 190979724 1
94654782 191413564 1
94654782 191516474 1
94654782 191908910 1
103193982 106193122 1
103193982 115270702 1
103193982 126752722 1
103193982 127852472 1
103193982 162822222 1
103193982 163132262 1
103193982 173438512 1
103193982 178143502 1
103193982 180184982 1
103193982 182470801 1
103193982 183033467 1
103193982 183242887 1
103193982 183584589 1
103193982 184358391 1
103193982 185965692 1
103193982 186145089 1
103193982 189373543 1
103193982 190224351 1
103193982 190700847 1
103193982 190853094 1
103193982 190898733 1
103193982 190979724 1
103193982 191413564 1
103193982 191516474 1
103193982 191908910 1
106193122 173438512 2
106193122 178143502 1
106193122 183584589 1
106193122 184358391 2
106193122 190700847 2
106193122 190853094 1
106193122 190898733 1
106193122 190979724 2
106193122 191413564 1
106193122 191516474 2
106193122 191908910 2
115270702 173438512 2
115270702 178143502 2
115270702 183584589 1
115270702 184358391 3
115270702 190700847 3
115270702 190853094 1
115270702 190898733 2
115270702 190979724 2
115270702 191413564 1
115270702 191516474 2
115270702 191908910 4
126752722 163132262 1
126752722 173438512 1
126752722 178143502 1
126752722 182470801 1
126752722 183033467 1
126752722 183584589 1
126752722 184358391 1
126752722 185965692 1
126752722 189373543 1
126752722 190224351 1
126752722 190700847 1
126752722 190853094 1
126752722 190898733 1
126752722 190979724 1
126752722 191413564 1
126752722 191516474 1
126752722 191908910 1
127852472 173438512 2
127852472 178143502 2
127852472 183584589 1
127852472 184358391 3
127852472 190700847 3
127852472 190853094 1
127852472 190898733 2
127852472 190979724 2
127852472 191413564 1
127852472 191516474 2
127852472 191908910 4
162822222 173438512 2
162822222 178143502 2
162822222 183584589 1
162822222 184358391 3
162822222 190700847 3
162822222 190853094 1
162822222 190898733 2
162822222 190979724 2
162822222 191413564 1
162822222 191516474 2
162822222 191908910 4
163132262 173438512 2
163132262 178143502 1
163132262 183242887 3
163132262 183584589 1
163132262 184358391 3
163132262 190700847 3
163132262 190853094 1
163132262 190898733 2
163132262 190979724 2
163132262 191413564 1
163132262 191516474 2
163132262 191908910 4
173438512 178143502 1
173438512 180184982 2
173438512 182470801 2
173438512 183033467 2
173438512 183242887 2
173438512 183584589 1
173438512 184358391 2
173438512 185965692 2
173438512 186145089 1
173438512 189373543 2
173438512 190224351 2
173438512 190700847 2
173438512 190853094 1
173438512 190898733 1
173438512 190979724 2
173438512 191413564 1
173438512 191516474 2
173438512 191908910 2
178143502 180184982 1
178143502 182470801 2
178143502 183033467 2
178143502 183242887 1
178143502 183584589 1
178143502 184358391 1
178143502 185965692 1
178143502 186145089 1
178143502 189373543 2
178143502 190224351 2
178143502 190700847 1
178143502 190853094 1
178143502 190898733 1
178143502 190979724 1
178143502 191413564 1
178143502 191516474 1
178143502 191908910 1
180184982 183584589 1
180184982 184358391 3
180184982 190700847 3
180184982 190853094 1
180184982 190898733 2
180184982 190979724 2
180184982 191413564 1
180184982 191516474 2
180184982 191908910 4
182470801 183584589 1
182470801 184358391 3
182470801 190700847 3
182470801 190853094 1
182470801 190898733 2
182470801 190979724 2
182470801 191413564 1
182470801 191516474 2
182470801 191908910 4
183033467 183242887 3
183033467 183584589 1
183033467 184358391 3
183033467 190700847 3
183033467 190853094 1
183033467 190898733 2
183033467 190979724 2
183033467 191413564 1
183033467 191516474 2
183033467 191908910 4
183242887 183584589 1
183242887 184358391 3
183242887 189373543 2
183242887 190224351 3
183242887 190700847 3
183242887 190853094 1
183242887 190898733 2
183242887 190979724 2
183242887 191413564 1
183242887 191516474 2
183242887 191908910 3
183584589 184358391 1
183584589 185965692 1
183584589 186145089 1
183584589 189373543 1
183584589 190224351 1
183584589 190700847 1
183584589 190853094 1
183584589 190898733 1
183584589 190979724 1
183584589 191413564 1
183584589 191516474 1
183584589 191908910 1
184358391 185965692 3
184358391 186145089 1
184358391 189373543 2
184358391 190224351 3
184358391 190700847 3
184358391 190853094 1
184358391 190898733 2
184358391 190979724 2
184358391 191413564 1
184358391 191516474 2
184358391 191908910 3
185965692 190700847 3
185965692 190853094 1
185965692 190898733 2
185965692 190979724 2
185965692 191413564 1
185965692 191516474 2
185965692 191908910 3
186145089 190700847 1
186145089 190853094 1
186145089 190898733 1
186145089 190979724 1
186145089 191413564 1
186145089 191516474 1
186145089 191908910 1
189373543 190700847 2
189373543 190853094 1
189373543 190898733 1
189373543 190979724 2
189373543 191413564 1
189373543 191516474 2
189373543 191908910 2
190224351 190700847 3
190224351 190853094 1
190224351 190898733 2
190224351 190979724 2
190224351 191413564 1
190224351 191516474 2
190224351 191908910 4
190700847 190853094 1
190700847 190898733 2
190700847 190979724 2
190700847 191413564 1
190700847 191516474 2
190700847 191908910 3
190853094 190898733 1
190853094 190979724 1
190853094 191413564 1
190853094 191516474 1
190853094 191908910 1
190898733 190979724 1
190898733 191413564 1
190898733 191516474 1
190898733 191908910 2
190979724 191413564 1
190979724 191516474 2
190979724 191908910 2
191413564 191516474 1
191413564 191908910 1
191516474 191908910 2
13518318 83501472 1
13518318 143694302 1
13518318 185029864 1
13518318 187700043 1
13518318 189061009 1
13518318 192322253 1
13870006 83501472 1
13870006 135279812 1
13870006 140323692 1
13870006 140763122 1
13870006 141246992 1
13870006 143694302 1
13870006 184939169 1
13870006 185029864 1
13870006 187700043 1
13870006 189061009 1
13870006 192322253 1
13887696 83501472 1
13887696 135279812 1
13887696 140323692 2
13887696 140763122 3
13887696 141246992 1
13887696 143694302 1
13887696 184939169 1
13887696 185029864 1
13887696 187700043 1
13887696 189061009 1
13887696 192322253 1
24345102 83501472 1
24345102 143694302 1
24345102 185029864 1
24345102 187700043 1
24345102 189061009 1
24345102 192322253 1
26885772 83501472 1
26885772 135279812 1
26885772 140323692 1
26885772 140763122 1
26885772 141246992 1
26885772 143694302 1
26885772 184939169 1
26885772 185029864 1
26885772 187700043 1
26885772 189061009 1
26885772 192322253 1
51823732 83501472 1
51823732 135279812 1
51823732 140323692 1
51823732 140763122 1
51823732 141246992 1
51823732 143694302 1
51823732 184939169 1
51823732 185029864 1
51823732 187700043 1
51823732 189061009 1
51823732 192322253 1
63655342 83501472 1
63655342 135279812 1
63655342 140323692 1
63655342 140763122 2
63655342 141246992 1
63655342 143694302 1
63655342 184939169 2
63655342 185029864 1
63655342 187700043 1
63655342 189061009 1
63655342 192322253 1
78159692 83501472 1
78159692 135279812 1
78159692 140763122 4
78159692 143694302 1
78159692 184939169 2
78159692 185029864 1
78159692 187700043 1
78159692 189061009 1
78159692 192322253 1
83501472 93728782 1
83501472 106193122 1
83501472 115270702 1
83501472 127852472 1
83501472 135279812 1
83501472 140323692 1
83501472 140763122 1
83501472 141246992 1
83501472 143694302 1
83501472 162822222 1
83501472 163132262 1
83501472 173438512 1
83501472 180184982 1
83501472 182470801 1
83501472 183033467 1
83501472 183242887 1
83501472 184358391 1
83501472 184939169 1
83501472 185029864 1
83501472 185965692 1
83501472 187700043 1
83501472 189061009 1
83501472 189373543 1
83501472 190224351 1
83501472 190700847 1
83501472 190979724 1
83501472 191516474 1
83501472 191908910 1
83501472 192322253 1
93728782 135279812 1
93728782 140763122 2
93728782 143694302 1
93728782 184939169 1
93728782 185029864 1
93728782 187700043 1
93728782 189061009 1
93728782 192322253 1
106193122 143694302 1
106193122 185029864 1
106193122 187700043 1
106193122 189061009 1
106193122 192322253 1
115270702 143694302 1
115270702 185029864 1
115270702 187700043 1
115270702 189061009 1
115270702 192322253 1
127852472 143694302 1
127852472 185029864 1
127852472 187700043 1
127852472 189061009 1
127852472 192322253 1
135279812 140323692 1
135279812 141246992 1
135279812 143694302 1
135279812 163132262 1
135279812 173438512 1
135279812 182470801 1
135279812 183033467 1
135279812 184358391 1
135279812 185029864 1
135279812 185965692 1
135279812 187700043 1
135279812 189061009 1
135279812 189373543 1
135279812 190224351 1
135279812 190700847 1
135279812 190979724 1
135279812 191516474 1
135279812 191908910 1
135279812 192322253 1
140323692 140763122 2
140323692 143694302 1
140323692 173438512 1
140323692 184358391 1
140323692 185029864 1
140323692 187700043 1
140323692 189061009 1
140323692 190700847 1
140323692 190979724 1
140323692 191516474 1
140323692 191908910 2
140323692 192322253 1
140763122 141246992 1
140763122 143694302 1
140763122 163132262 3
140763122 173438512 1
140763122 182470801 4
140763122 183033467 4
140763122 184358391 2
140763122 185029864 1
140763122 185965692 2
140763122 187700043 1
140763122 189061009 1
140763122 189373543 2
140763122 190224351 4
140763122 190700847 2
140763122 190979724 1
140763122 191516474 1
140763122 191908910 3
140763122 192322253 1
141246992 143694302 1
141246992 173438512 1
141246992 184358391 1
141246992 185029864 1
141246992 187700043 1
141246992 189061009 1
141246992 190700847 1
141246992 190979724 1
141246992 191516474 1
141246992 191908910 1
141246992 192322253 1
143694302 162822222 1
143694302 163132262 1
143694302 173438512 1
143694302 180184982 1
143694302 182470801 1
143694302 183033467 1
143694302 183242887 1
143694302 184358391 1
143694302 184939169 1
143694302 185029864 1
143694302 185965692 1
143694302 187700043 1
143694302 189061009 1
143694302 189373543 1
143694302 190224351 1
143694302 190700847 1
143694302 190979724 1
143694302 191516474 1
143694302 191908910 1
143694302 192322253 1
162822222 185029864 1
162822222 187700043 1
162822222 189061009 1
162822222 192322253 1
163132262 184939169 1
163132262 185029864 1
163132262 187700043 1
163132262 189061009 1
163132262 192322253 1
173438512 184939169 1
173438512 185029864 1
173438512 187700043 1
173438512 189061009 1
173438512 192322253 1
180184982 185029864 1
180184982 187700043 1
180184982 189061009 1
180184982 192322253 1
182470801 185029864 1
182470801 187700043 1
182470801 189061009 1
182470801 192322253 1
183033467 184939169 2
183033467 185029864 1
183033467 187700043 1
183033467 189061009 1
183033467 192322253 1
183242887 185029864 1
183242887 187700043 1
183242887 189061009 1
183242887 192322253 1
184358391 184939169 1
184358391 185029864 1
184358391 187700043 1
184358391 189061009 1
184358391 192322253 1
184939169 185029864 1
184939169 187700043 1
184939169 189061009 1
184939169 189373543 2
184939169 190224351 2
184939169 190700847 1
184939169 190979724 1
184939169 191516474 1
184939169 191908910 1
184939169 192322253 1
185029864 185965692 1
185029864 187700043 1
185029864 189061009 1
185029864 189373543 1
185029864 190224351 1
185029864 190700847 1
185029864 190979724 1
185029864 191516474 1
185029864 191908910 1
185029864 192322253 1
185965692 187700043 1
185965692 189061009 1
185965692 192322253 1
187700043 189061009 1
187700043 189373543 1
187700043 190224351 1
187700043 190700847 1
187700043 190979724 1
187700043 191516474 1
187700043 191908910 1
187700043 192322253 1
189061009 189373543 1
189061009 190224351 1
189061009 190700847 1
189061009 190979724 1
189061009 191516474 1
189061009 191908910 1
189061009 192322253 1
189373543 192322253 1
190224351 192322253 1
190700847 192322253 1
190979724 192322253 1
191516474 192322253 1
191908910 192322253 1
9622480 11297249 1
9622480 11879279 1
9622480 12928361 1
9622480 13518318 1
9622480 13887696 1
9622480 22192731 1
9622480 24345102 1
9622480 35527352 1
9622480 55645292 1
9622480 58046392 1
9622480 68050572 1
9622480 75639482 1
9622480 78159692 1
9622480 82013982 1
9622480 90496852 1
9622480 93510482 1
9622480 93728782 1
9622480 96991792 1
9622480 115270702 1
9622480 127852472 1
9622480 140763122 1
9622480 141538162 1
9622480 162822222 1
9622480 163132262 1
9622480 180184982 1
9622480 182470801 1
9622480 183033467 1
9622480 183242887 1
9622480 184358391 1
9622480 184889898 1
9622480 185965692 1
9622480 188054953 1
9622480 190224351 1
9622480 190700847 1
9622480 190898733 1
9622480 191908910 1
9622480 192963221 1
9622480 193387770 1
9622480 193659492 1
9622480 193879935 1
9622480 194215456 1
9622480 194518889 1
11297249 11879279 1
11297249 12928361 1
11297249 13518318 1
11297249 13887696 1
11297249 22192731 1
11297249 24345102 1
11297249 35527352 1
11297249 55645292 1
11297249 58046392 1
11297249 68050572 1
11297249 75639482 1
11297249 78159692 1
11297249 82013982 1
11297249 90496852 1
11297249 93510482 1
11297249 93728782 1
11297249 96991792 1
11297249 115270702 1
11297249 127852472 1
11297249 140763122 1
11297249 141538162 1
11297249 162822222 1
11297249 163132262 1
11297249 180184982 1
11297249 182470801 1
11297249 183033467 1
11297249 183242887 1
11297249 184358391 1
11297249 184889898 1
11297249 185965692 1
11297249 188054953 1
11297249 190224351 1
11297249 190700847 1
11297249 190898733 1
11297249 191908910 1
11297249 192963221 1
11297249 193387770 1
11297249 193659492 1
11297249 193879935 1
11297249 194215456 1
11297249 194518889 1
11879279 12928361 1
11879279 13518318 1
11879279 13887696 1
11879279 22192731 1
11879279 24345102 1
11879279 35527352 1
11879279 55645292 1
11879279 58046392 1
11879279 68050572 1
11879279 75639482 1
11879279 78159692 1
11879279 82013982 1
11879279 90496852 1
11879279 93510482 1
11879279 93728782 1
11879279 96991792 1
11879279 115270702 1
11879279 127852472 1
11879279 140763122 1
11879279 141538162 1
11879279 162822222 1
11879279 163132262 1
11879279 180184982 1
11879279 182470801 1
11879279 183033467 1
11879279 183242887 1
11879279 184358391 1
11879279 184889898 1
11879279 185965692 1
11879279 188054953 1
11879279 190224351 1
11879279 190700847 1
11879279 190898733 1
11879279 191908910 1
11879279 192963221 1
11879279 193387770 1
11879279 193659492 1
11879279 193879935 1
11879279 194215456 1
11879279 194518889 1
12928361 13518318 1
12928361 13887696 1
12928361 22192731 1
12928361 24345102 1
12928361 35527352 1
12928361 55645292 1
12928361 58046392 1
12928361 68050572 1
12928361 75639482 1
12928361 78159692 1
12928361 82013982 1
12928361 90496852 1
12928361 93510482 1
12928361 93728782 1
12928361 96991792 1
12928361 115270702 1
12928361 127852472 1
12928361 140763122 1
12928361 141538162 1
12928361 162822222 1
12928361 163132262 1
12928361 180184982 1
12928361 182470801 1
12928361 183033467 1
12928361 183242887 1
12928361 184358391 1
12928361 184889898 1
12928361 185965692 1
12928361 188054953 1
12928361 190224351 1
12928361 190700847 1
12928361 190898733 1
12928361 191908910 1
12928361 192963221 1
12928361 193387770 1
12928361 193659492 1
12928361 193879935 1
12928361 194215456 1
12928361 194518889 1
13518318 55645292 1
13518318 68050572 1
13518318 75639482 1
13518318 90496852 3
13518318 96991792 1
13518318 192963221 1
13518318 193387770 1
13518318 193659492 3
13518318 193879935 2
13518318 194215456 2
13518318 194518889 1
13887696 22192731 2
13887696 35527352 1
13887696 55645292 1
13887696 58046392 2
13887696 68050572 1
13887696 75639482 1
13887696 82013982 1
13887696 90496852 2
13887696 96991792 1
13887696 141538162 1
13887696 184889898 2
13887696 188054953 1
13887696 192963221 1
13887696 193387770 1
13887696 193659492 2
13887696 193879935 1
13887696 194215456 2
13887696 194518889 1
22192731 55645292 1
22192731 58046392 2
22192731 68050572 1
22192731 75639482 1
22192731 82013982 1
22192731 90496852 2
22192731 93510482 1
22192731 96991792 1
22192731 140763122 2
22192731 141538162 1
22192731 183242887 1
22192731 184358391 1
22192731 184889898 2
22192731 188054953 1
22192731 190700847 1
22192731 190898733 1
22192731 191908910 2
22192731 192963221 1
22192731 193387770 1
22192731 193659492 2
22192731 193879935 1
22192731 194215456 2
22192731 194518889 1
24345102 55645292 1
24345102 68050572 1
24345102 75639482 1
24345102 90496852 3
24345102 96991792 1
24345102 188054953 1
24345102 192963221 1
24345102 193387770 1
24345102 193659492 3
24345102 193879935 2
24345102 194215456 2
24345102 194518889 1
35527352 55645292 1
35527352 58046392 1
35527352 68050572 1
35527352 75639482 1
35527352 82013982 1
35527352 90496852 1
35527352 93510482 1
35527352 96991792 1
35527352 140763122 1
35527352 141538162 1
35527352 183242887 1
35527352 184358391 1
35527352 184889898 1
35527352 188054953 1
35527352 190700847 1
35527352 190898733 1
35527352 191908910 1
35527352 192963221 1
35527352 193387770 1
35527352 193659492 1
35527352 193879935 1
35527352 194215456 1
35527352 194518889 1
55645292 58046392 1
55645292 68050572 1
55645292 75639482 1
55645292 78159692 1
55645292 82013982 1
55645292 90496852 1
55645292 93510482 1
55645292 93728782 1
55645292 96991792 1
55645292 115270702 1
55645292 127852472 1
55645292 140763122 1
55645292 141538162 1
55645292 162822222 1
55645292 163132262 1
55645292 180184982 1
55645292 182470801 1
55645292 183033467 1
55645292 183242887 1
55645292 184358391 1
55645292 184889898 1
55645292 185965692 1
55645292 188054953 1
55645292 190224351 1
55645292 190700847 1
55645292 190898733 1
55645292 191908910 1
55645292 192963221 1
55645292 193387770 1
55645292 193659492 1
55645292 193879935 1
55645292 194215456 1
55645292 194518889 1
58046392 68050572 1
58046392 75639482 1
58046392 78159692 3
58046392 90496852 3
58046392 93510482 1
58046392 93728782 1
58046392 96991792 1
58046392 163132262 2
58046392 182470801 3
58046392 183033467 3
58046392 184358391 1
58046392 185965692 1
58046392 188054953 1
58046392 190224351 3
58046392 190700847 1
58046392 190898733 1
58046392 191908910 2
58046392 192963221 1
58046392 193387770 1
58046392 193659492 3
58046392 193879935 2
58046392 194215456 2
58046392 194518889 1
68050572 75639482 1
68050572 78159692 1
68050572 82013982 1
68050572 90496852 1
68050572 93510482 1
68050572 93728782 1
68050572 96991792 1
68050572 115270702 1
68050572 127852472 1
68050572 140763122 1
68050572 141538162 1
68050572 162822222 1
68050572 163132262 1
68050572 180184982 1
68050572 182470801 1
68050572 183033467 1
68050572 183242887 1
68050572 184358391 1
68050572 184889898 1
68050572 185965692 1
68050572 188054953 1
68050572 190224351 1
68050572 190700847 1
68050572 190898733 1
68050572 191908910 1
68050572 192963221 1
68050572 193387770 1
68050572 193659492 1
68050572 193879935 1
68050572 194215456 1
68050572 194518889 1
75639482 78159692 1
75639482 82013982 1
75639482 90496852 1
75639482 93510482 1
75639482 93728782 1
75639482 96991792 1
75639482 115270702 1
75639482 127852472 1
75639482 140763122 1
75639482 141538162 1
75639482 162822222 1
75639482 163132262 1
75639482 180184982 1
75639482 182470801 1
75639482 183033467 1
75639482 183242887 1
75639482 184358391 1
75639482 184889898 1
75639482 185965692 1
75639482 188054953 1
75639482 190224351 1
75639482 190700847 1
75639482 190898733 1
75639482 191908910 1
75639482 192963221 1
75639482 193387770 1
75639482 193659492 1
75639482 193879935 1
75639482 194215456 1
75639482 194518889 1
78159692 82013982 2
78159692 90496852 3
78159692 96991792 1
78159692 141538162 1
78159692 184889898 3
78159692 188054953 1
78159692 192963221 1
78159692 193387770 1
78159692 193659492 3
78159692 193879935 2
78159692 194215456 2
78159692 194518889 1
82013982 90496852 2
82013982 93510482 1
82013982 93728782 1
82013982 96991792 1
82013982 163132262 1
82013982 182470801 2
82013982 183033467 2
82013982 184358391 1
82013982 185965692 1
82013982 188054953 1
82013982 190224351 2
82013982 190700847 1
82013982 190898733 1
82013982 191908910 1
82013982 192963221 1
82013982 193387770 1
82013982 193659492 2
82013982 193879935 2
82013982 194215456 1
82013982 194518889 1
90496852 93510482 1
90496852 93728782 1
90496852 96991792 1
90496852 115270702 3
90496852 127852472 3
90496852 140763122 3
90496852 141538162 1
90496852 162822222 3
90496852 163132262 2
90496852 180184982 2
90496852 182470801 3
90496852 183033467 3
90496852 183242887 1
90496852 184358391 1
90496852 184889898 3
90496852 185965692 1
90496852 188054953 1
90496852 190224351 3
90496852 190700847 1
90496852 190898733 1
90496852 191908910 2
90496852 192963221 1
90496852 193387770 1
90496852 193659492 3
90496852 193879935 2
90496852 194215456 2
90496852 194518889 1
93510482 96991792 1
93510482 140763122 1
93510482 141538162 1
93510482 184889898 1
93510482 188054953 1
93510482 192963221 1
93510482 193387770 1
93510482 193659492 1
93510482 193879935 1
93510482 194215456 1
93510482 194518889 1
93728782 96991792 1
93728782 141538162 1
93728782 184889898 1
93728782 188054953 1
93728782 192963221 1
93728782 193387770 1
93728782 193659492 1
93728782 193879935 1
93728782 194215456 1
93728782 194518889 1
96991792 115270702 1
96991792 127852472 1
96991792 140763122 1
96991792 141538162 1
96991792 162822222 1
96991792 163132262 1
96991792 180184982 1
96991792 182470801 1
96991792 183033467 1
96991792 183242887 1
96991792 184358391 1
96991792 184889898 1
96991792 185965692 1
96991792 188054953 1
96991792 190224351 1
96991792 190700847 1
96991792 190898733 1
96991792 191908910 1
96991792 192963221 1
96991792 193387770 1
96991792 193659492 1
96991792 193879935 1
96991792 194215456 1
96991792 194518889 1
115270702 192963221 1
115270702 193387770 1
115270702 193659492 3
115270702 193879935 2
115270702 194215456 2
115270702 194518889 1
127852472 188054953 1
127852472 192963221 1
127852472 193387770 1
127852472 193659492 3
127852472 193879935 2
127852472 194215456 2
127852472 194518889 1
140763122 188054953 1
140763122 190898733 1
140763122 192963221 1
140763122 193387770 1
140763122 193659492 3
140763122 193879935 2
140763122 194215456 2
140763122 194518889 1
141538162 163132262 1
141538162 183033467 1
141538162 184358391 1
141538162 190224351 1
141538162 190700847 1
141538162 190898733 1
141538162 191908910 1
141538162 192963221 1
141538162 193387770 1
141538162 193659492 1
141538162 193879935 1
141538162 194215456 1
141538162 194518889 1
162822222 192963221 1
162822222 193387770 1
162822222 193659492 3
162822222 193879935 2
162822222 194215456 2
162822222 194518889 1
163132262 184889898 2
163132262 188054953 1
163132262 192963221 1
163132262 193387770 1
163132262 193659492 2
163132262 193879935 1
163132262 194215456 2
163132262 194518889 1
180184982 192963221 1
180184982 193387770 1
180184982 193659492 2
180184982 193879935 1
180184982 194215456 2
180184982 194518889 1
182470801 184889898 3
182470801 192963221 1
182470801 193387770 1
182470801 193659492 3
182470801 193879935 2
182470801 194215456 2
182470801 194518889 1
183033467 184889898 3
183033467 188054953 1
183033467 192963221 1
183033467 193387770 1
183033467 193659492 3
183033467 193879935 2
183033467 194215456 2
183033467 194518889 1
183242887 192963221 1
183242887 193387770 1
183242887 193659492 1
183242887 193879935 1
183242887 194215456 1
183242887 194518889 1
184358391 184889898 1
184358391 188054953 1
184358391 192963221 1
184358391 193387770 1
184358391 193659492 1
184358391 193879935 1
184358391 194215456 1
184358391 194518889 1
184889898 188054953 1
184889898 190224351 3
184889898 190700847 1
184889898 190898733 1
184889898 191908910 2
184889898 192963221 1
184889898 193387770 1
184889898 193659492 3
184889898 193879935 2
184889898 194215456 2
184889898 194518889 1
185965692 192963221 1
185965692 193387770 1
185965692 193659492 1
185965692 193879935 1
185965692 194215456 1
185965692 194518889 1
188054953 190224351 1
188054953 190700847 1
188054953 190898733 1
188054953 191908910 1
188054953 192963221 1
188054953 193387770 1
188054953 193659492 1
188054953 193879935 1
188054953 194215456 1
188054953 194518889 1
190224351 192963221 1
190224351 193387770 1
190224351 193659492 3
190224351 193879935 2
190224351 194215456 2
190224351 194518889 1
190700847 192963221 1
190700847 193387770 1
190700847 193659492 1
190700847 193879935 1
190700847 194215456 1
190700847 194518889 1
190898733 192963221 1
190898733 193387770 1
190898733 193659492 1
190898733 193879935 1
190898733 194215456 1
190898733 194518889 1
191908910 192963221 1
191908910 193387770 1
191908910 193659492 2
191908910 193879935 1
191908910 194215456 2
191908910 194518889 1
192963221 193387770 1
192963221 193659492 1
192963221 193879935 1
192963221 194215456 1
192963221 194518889 1
193387770 193659492 1
193387770 193879935 1
193387770 194215456 1
193387770 194518889 1
193659492 193879935 2
193659492 194215456 2
193659492 194518889 1
193879935 194215456 1
193879935 194518889 1
194215456 194518889 1
2797596 6651541 2
2797596 58046392 2
2797596 58090512 1
2797596 59801912 1
2797596 61633402 1
2797596 63655342 1
2797596 82013982 1
2797596 90496852 2
2797596 112128542 1
2797596 119271662 1
2797596 140763122 2
2797596 149212042 1
2797596 176933202 1
2797596 178143502 1
2797596 182626767 1
2797596 187061570 1
2797596 190512968 1
2797596 191850294 2
2797596 193012651 1
2797596 193659492 2
2797596 193879935 1
2797596 194311221 1
2797596 194749999 2
2797596 194831202 1
2797596 195483017 1
6651541 13518318 2
6651541 24345102 2
6651541 33694372 1
6651541 58046392 2
6651541 58090512 1
6651541 59801912 1
6651541 61633402 1
6651541 63655342 1
6651541 78159692 2
6651541 82013982 1
6651541 90496852 2
6651541 112128542 1
6651541 115270702 2
6651541 119271662 1
6651541 127852472 2
6651541 140763122 2
6651541 149212042 1
6651541 162822222 2
6651541 176933202 1
6651541 178143502 1
6651541 182470801 2
6651541 182626767 1
6651541 183033467 2
6651541 184889898 2
6651541 184939169 1
6651541 187061570 1
6651541 189373543 1
6651541 190224351 2
6651541 190512968 1
6651541 191850294 2
6651541 193012651 1
6651541 193659492 2
6651541 193879935 1
6651541 194311221 1
6651541 194749999 2
6651541 194831202 1
6651541 195483017 1
13518318 58090512 1
13518318 61633402 1
13518318 112128542 1
13518318 119271662 1
13518318 149212042 1
13518318 176933202 1
13518318 182626767 1
13518318 187061570 1
13518318 190512968 1
13518318 191850294 2
13518318 193012651 1
13518318 194311221 1
13518318 194749999 2
13518318 194831202 1
13518318 195483017 1
24345102 58090512 1
24345102 61633402 1
24345102 112128542 1
24345102 119271662 1
24345102 149212042 1
24345102 176933202 1
24345102 182626767 1
24345102 187061570 1
24345102 190512968 1
24345102 191850294 2
24345102 193012651 1
24345102 194311221 1
24345102 194749999 2
24345102 194831202 1
24345102 195483017 1
33694372 58090512 1
33694372 61633402 1
33694372 63655342 1
33694372 78159692 1
33694372 90496852 1
33694372 112128542 1
33694372 119271662 1
33694372 149212042 1
33694372 176933202 1
33694372 178143502 1
33694372 182470801 1
33694372 182626767 1
33694372 183033467 1
33694372 187061570 1
33694372 189373543 1
33694372 190224351 1
33694372 190512968 1
33694372 191850294 1
33694372 193012651 1
33694372 193659492 1
33694372 193879935 1
33694372 194311221 1
33694372 194749999 1
33694372 194831202 1
33694372 195483017 1
58046392 58090512 1
58046392 61633402 1
58046392 63655342 1
58046392 112128542 1
58046392 119271662 1
58046392 149212042 1
58046392 176933202 1
58046392 178143502 1
58046392 182626767 1
58046392 187061570 1
58046392 189373543 1
58046392 190512968 1
58046392 191850294 2
58046392 193012651 1
58046392 194311221 1
58046392 194749999 2
58046392 194831202 1
58046392 195483017 1
58090512 59801912 1
58090512 61633402 1
58090512 63655342 1
58090512 78159692 1
58090512 82013982 1
58090512 90496852 1
58090512 112128542 1
58090512 115270702 1
58090512 119271662 1
58090512 127852472 1
58090512 140763122 1
58090512 149212042 1
58090512 162822222 1
58090512 176933202 1
58090512 178143502 1
58090512 182470801 1
58090512 182626767 1
58090512 183033467 1
58090512 184889898 1
58090512 184939169 1
58090512 187061570 1
58090512 189373543 1
58090512 190224351 1
58090512 190512968 1
58090512 191850294 1
58090512 193012651 1
58090512 193659492 1
58090512 193879935 1
58090512 194311221 1
58090512 194749999 1
58090512 194831202 1
58090512 195483017 1
59801912 61633402 1
59801912 63655342 1
59801912 78159692 1
59801912 90496852 1
59801912 112128542 1
59801912 119271662 1
59801912 149212042 1
59801912 176933202 1
59801912 178143502 1
59801912 182626767 1
59801912 183033467 1
59801912 187061570 1
59801912 189373543 1
59801912 190224351 1
59801912 190512968 1
59801912 191850294 1
59801912 193012651 1
59801912 193659492 1
59801912 193879935 1
59801912 194311221 1
59801912 194749999 1
59801912 194831202 1
59801912 195483017 1
61633402 63655342 1
61633402 78159692 1
61633402 82013982 1
61633402 90496852 1
61633402 112128542 1
61633402 115270702 1
61633402 119271662 1
61633402 127852472 1
61633402 140763122 1
61633402 149212042 1
61633402 162822222 1
61633402 176933202 1
61633402 178143502 1
61633402 182470801 1
61633402 182626767 1
61633402 183033467 1
61633402 184889898 1
61633402 184939169 1
61633402 187061570 1
61633402 189373543 1
61633402 190224351 1
61633402 190512968 1
61633402 191850294 1
61633402 193012651 1
61633402 193659492 1
61633402 193879935 1
61633402 194311221 1
61633402 194749999 1
61633402 194831202 1
61633402 195483017 1
63655342 82013982 1
63655342 90496852 1
63655342 112128542 1
63655342 119271662 1
63655342 149212042 1
63655342 176933202 1
63655342 182626767 1
63655342 184889898 1
63655342 187061570 1
63655342 190512968 1
63655342 191850294 1
63655342 193012651 1
63655342 193659492 1
63655342 193879935 1
63655342 194311221 1
63655342 194749999 1
63655342 194831202 1
63655342 195483017 1
78159692 112128542 1
78159692 119271662 1
78159692 149212042 1
78159692 176933202 1
78159692 182626767 1
78159692 187061570 1
78159692 190512968 1
78159692 191850294 2
78159692 193012651 1
78159692 194311221 1
78159692 194749999 2
78159692 194831202 1
78159692 195483017 1
82013982 112128542 1
82013982 119271662 1
82013982 149212042 1
82013982 176933202 1
82013982 178143502 1
82013982 182626767 1
82013982 187061570 1
82013982 189373543 1
82013982 190512968 1
82013982 191850294 1
82013982 193012651 1
82013982 194311221 1
82013982 194749999 1
82013982 194831202 1
82013982 195483017 1
90496852 112128542 1
90496852 119271662 1
90496852 149212042 1
90496852 176933202 1
90496852 178143502 1
90496852 182626767 1
90496852 184939169 1
90496852 187061570 1
90496852 189373543 1
90496852 190512968 1
90496852 191850294 2
90496852 193012651 1
90496852 194311221 1
90496852 194749999 2
90496852 194831202 1
90496852 195483017 1
112128542 115270702 1
112128542 119271662 1
112128542 127852472 1
112128542 140763122 1
112128542 149212042 1
112128542 162822222 1
112128542 176933202 1
112128542 178143502 1
112128542 182470801 1
112128542 182626767 1
112128542 183033467 1
112128542 184889898 1
112128542 184939169 1
112128542 187061570 1
112128542 189373543 1
112128542 190224351 1
112128542 190512968 1
112128542 191850294 1
112128542 193012651 1
112128542 193659492 1
112128542 193879935 1
112128542 194311221 1
112128542 194749999 1
112128542 194831202 1
112128542 195483017 1
115270702 119271662 1
115270702 149212042 1
115270702 176933202 1
115270702 182626767 1
115270702 187061570 1
115270702 190512968 1
115270702 191850294 2
115270702 193012651 1
115270702 194311221 1
115270702 194749999 2
115270702 194831202 1
115270702 195483017 1
119271662 127852472 1
119271662 140763122 1
119271662 149212042 1
119271662 162822222 1
119271662 176933202 1
119271662 178143502 1
119271662 182470801 1
119271662 182626767 1
119271662 183033467 1
119271662 184889898 1
119271662 184939169 1
119271662 187061570 1
119271662 189373543 1
119271662 190224351 1
119271662 190512968 1
119271662 191850294 1
119271662 193012651 1
119271662 193659492 1
119271662 193879935 1
119271662 194311221 1
119271662 194749999 1
119271662 194831202 1
119271662 195483017 1
127852472 149212042 1
127852472 176933202 1
127852472 182626767 1
127852472 187061570 1
127852472 190512968 1
127852472 191850294 2
127852472 193012651 1
127852472 194311221 1
127852472 194749999 2
127852472 194831202 1
127852472 195483017 1
140763122 149212042 1
140763122 176933202 1
140763122 178143502 1
140763122 182626767 1
140763122 187061570 1
140763122 190512968 1
140763122 191850294 2
140763122 193012651 1
140763122 194311221 1
140763122 194749999 2
140763122 194831202 1
140763122 195483017 1
149212042 162822222 1
149212042 176933202 1
149212042 178143502 1
149212042 182470801 1
149212042 182626767 1
149212042 183033467 1
149212042 184889898 1
149212042 184939169 1
149212042 187061570 1
149212042 189373543 1
149212042 190224351 1
149212042 190512968 1
149212042 191850294 1
149212042 193012651 1
149212042 193659492 1
149212042 193879935 1
149212042 194311221 1
149212042 194749999 1
149212042 194831202 1
149212042 195483017 1
162822222 176933202 1
162822222 182626767 1
162822222 187061570 1
162822222 190512968 1
162822222 191850294 2
162822222 193012651 1
162822222 194311221 1
162822222 194749999 2
162822222 194831202 1
162822222 195483017 1
176933202 178143502 1
176933202 182470801 1
176933202 182626767 1
176933202 183033467 1
176933202 184889898 1
176933202 184939169 1
176933202 187061570 1
176933202 189373543 1
176933202 190224351 1
176933202 190512968 1
176933202 191850294 1
176933202 193012651 1
176933202 193659492 1
176933202 193879935 1
176933202 194311221 1
176933202 194749999 1
176933202 194831202 1
176933202 195483017 1
178143502 182626767 1
178143502 184889898 1
178143502 184939169 1
178143502 187061570 1
178143502 190512968 1
178143502 191850294 1
178143502 193012651 1
178143502 193659492 1
178143502 193879935 1
178143502 194311221 1
178143502 194749999 1
178143502 194831202 1
178143502 195483017 1
182470801 182626767 1
182470801 187061570 1
182470801 190512968 1
182470801 191850294 2
182470801 193012651 1
182470801 194311221 1
182470801 194749999 2
182470801 194831202 1
182470801 195483017 1
182626767 183033467 1
182626767 184889898 1
182626767 184939169 1
182626767 187061570 1
182626767 189373543 1
182626767 190224351 1
182626767 190512968 1
182626767 191850294 1
182626767 193012651 1
182626767 193659492 1
182626767 193879935 1
182626767 194311221 1
182626767 194749999 1
182626767 194831202 1
182626767 195483017 1
183033467 187061570 1
183033467 190512968 1
183033467 191850294 2
183033467 193012651 1
183033467 194311221 1
183033467 194749999 2
183033467 194831202 1
183033467 195483017 1
184889898 187061570 1
184889898 189373543 1
184889898 190512968 1
184889898 191850294 2
184889898 193012651 1
184889898 194311221 1
184889898 194749999 2
184889898 194831202 1
184889898 195483017 1
184939169 187061570 1
184939169 190512968 1
184939169 191850294 1
184939169 193012651 1
184939169 193659492 1
184939169 193879935 1
184939169 194311221 1
184939169 194749999 1
184939169 194831202 1
184939169 195483017 1
187061570 189373543 1
187061570 190224351 1
187061570 190512968 1
187061570 191850294 1
187061570 193012651 1
187061570 193659492 1
187061570 193879935 1
187061570 194311221 1
187061570 194749999 1
187061570 194831202 1
187061570 195483017 1
189373543 190512968 1
189373543 191850294 1
189373543 193012651 1
189373543 193659492 1
189373543 193879935 1
189373543 194311221 1
189373543 194749999 1
189373543 194831202 1
189373543 195483017 1
190224351 190512968 1
190224351 191850294 2
190224351 193012651 1
190224351 194311221 1
190224351 194749999 2
190224351 194831202 1
190224351 195483017 1
190512968 191850294 1
190512968 193012651 1
190512968 193659492 1
190512968 193879935 1
190512968 194311221 1
190512968 194749999 1
190512968 194831202 1
190512968 195483017 1
191850294 193012651 1
191850294 193659492 2
191850294 193879935 1
191850294 194311221 1
191850294 194749999 2
191850294 194831202 1
191850294 195483017 1
193012651 193659492 1
193012651 193879935 1
193012651 194311221 1
193012651 194749999 1
193012651 194831202 1
193012651 195483017 1
193659492 194311221 1
193659492 194749999 2
193659492 194831202 1
193659492 195483017 1
193879935 194311221 1
193879935 194749999 1
193879935 194831202 1
193879935 195483017 1
194311221 194749999 1
194311221 194831202 1
194311221 195483017 1
194749999 194831202 1
194749999 195483017 1
194831202 195483017 1
2797596 3278666 1
2797596 12630247 1
2797596 13887696 1
2797596 26325562 1
2797596 33536452 1
2797596 73930062 1
2797596 81613832 1
2797596 97035152 1
2797596 102448142 1
2797596 174789732 1
2797596 189810629 1
2797596 191908910 1
2797596 194215456 1
2797596 195485697 1
2797596 195587793 1
2797596 195937251 1
3278666 6651541 1
3278666 12630247 1
3278666 13518318 1
3278666 13887696 1
3278666 22192731 1
3278666 24345102 1
3278666 26325562 1
3278666 33536452 1
3278666 58046392 1
3278666 73930062 1
3278666 78159692 1
3278666 81613832 1
3278666 90496852 1
3278666 97035152 1
3278666 102448142 1
3278666 115270702 1
3278666 127852472 1
3278666 140323692 1
3278666 140763122 1
3278666 162822222 1
3278666 163132262 1
3278666 174789732 1
3278666 180184982 1
3278666 182470801 1
3278666 183033467 1
3278666 184889898 1
3278666 189810629 1
3278666 190224351 1
3278666 191850294 1
3278666 191908910 1
3278666 193659492 1
3278666 194215456 1
3278666 194749999 1
3278666 195485697 1
3278666 195587793 1
3278666 195937251 1
6651541 12630247 1
6651541 13887696 1
6651541 22192731 1
6651541 26325562 1
6651541 33536452 1
6651541 73930062 1
6651541 81613832 1
6651541 97035152 1
6651541 102448142 1
6651541 140323692 1
6651541 163132262 1
6651541 174789732 1
6651541 180184982 1
6651541 189810629 1
6651541 191908910 1
6651541 194215456 1
6651541 195485697 1
6651541 195587793 1
6651541 195937251 1
12630247 13518318 1
12630247 13887696 1
12630247 22192731 1
12630247 24345102 1
12630247 26325562 1
12630247 33536452 1
12630247 58046392 1
12630247 73930062 1
12630247 78159692 1
12630247 81613832 1
12630247 90496852 1
12630247 97035152 1
12630247 102448142 1
12630247 115270702 1
12630247 127852472 1
12630247 140323692 1
12630247 140763122 1
12630247 162822222 1
12630247 163132262 1
12630247 174789732 1
12630247 180184982 1
12630247 182470801 1
12630247 183033467 1
12630247 184889898 1
12630247 189810629 1
12630247 190224351 1
12630247 191850294 1
12630247 191908910 1
12630247 193659492 1
12630247 194215456 1
12630247 194749999 1
12630247 195485697 1
12630247 195587793 1
12630247 195937251 1
13518318 33536452 1
13518318 73930062 1
13518318 81613832 1
13518318 97035152 1
13518318 102448142 1
13518318 174789732 1
13518318 189810629 1
13518318 195485697 1
13518318 195587793 1
13518318 195937251 1
13887696 26325562 1
13887696 33536452 1
13887696 73930062 1
13887696 81613832 1
13887696 97035152 1
13887696 102448142 1
13887696 174789732 1
13887696 189810629 1
13887696 191850294 1
13887696 194749999 1
13887696 195485697 1
13887696 195587793 1
13887696 195937251 1
22192731 26325562 1
22192731 33536452 1
22192731 73930062 1
22192731 81613832 1
22192731 97035152 1
22192731 102448142 1
22192731 174789732 1
22192731 189810629 1
22192731 191850294 1
22192731 194749999 1
22192731 195485697 1
22192731 195587793 1
22192731 195937251 1
24345102 26325562 1
24345102 33536452 1
24345102 73930062 1
24345102 81613832 1
24345102 97035152 1
24345102 102448142 1
24345102 174789732 1
24345102 189810629 1
24345102 195485697 1
24345102 195587793 1
24345102 195937251 1
26325562 33536452 1
26325562 58046392 1
26325562 73930062 1
26325562 78159692 1
26325562 81613832 1
26325562 90496852 1
26325562 97035152 1
26325562 102448142 1
26325562 127852472 1
26325562 140763122 1
26325562 163132262 1
26325562 174789732 1
26325562 183033467 1
26325562 184889898 1
26325562 189810629 1
26325562 190224351 1
26325562 191850294 1
26325562 191908910 1
26325562 193659492 1
26325562 194215456 1
26325562 194749999 1
26325562 195485697 1
26325562 195587793 1
26325562 195937251 1
33536452 58046392 1
33536452 73930062 1
33536452 78159692 1
33536452 81613832 1
33536452 90496852 1
33536452 97035152 1
33536452 102448142 1
33536452 115270702 1
33536452 127852472 1
33536452 140323692 1
33536452 140763122 1
33536452 162822222 1
33536452 163132262 1
33536452 174789732 1
33536452 180184982 1
33536452 182470801 1
33536452 183033467 1
33536452 184889898 1
33536452 189810629 1
33536452 190224351 1
33536452 191850294 1
33536452 191908910 1
33536452 193659492 1
33536452 194215456 1
33536452 194749999 1
33536452 195485697 1
33536452 195587793 1
33536452 195937251 1
58046392 73930062 1
58046392 81613832 1
58046392 97035152 1
58046392 102448142 1
58046392 140323692 1
58046392 174789732 1
58046392 189810629 1
58046392 195485697 1
58046392 195587793 1
58046392 195937251 1
73930062 78159692 1
73930062 81613832 1
73930062 90496852 1
73930062 97035152 1
73930062 102448142 1
73930062 115270702 1
73930062 127852472 1
73930062 140323692 1
73930062 140763122 1
73930062 162822222 1
73930062 163132262 1
73930062 174789732 1
73930062 180184982 1
73930062 182470801 1
73930062 183033467 1
73930062 184889898 1
73930062 189810629 1
73930062 190224351 1
73930062 191850294 1
73930062 191908910 1
73930062 193659492 1
73930062 194215456 1
73930062 194749999 1
73930062 195485697 1
73930062 195587793 1
73930062 195937251 1
78159692 81613832 1
78159692 97035152 1
78159692 102448142 1
78159692 174789732 1
78159692 189810629 1
78159692 195485697 1
78159692 195587793 1
78159692 195937251 1
81613832 90496852 1
81613832 97035152 1
81613832 102448142 1
81613832 115270702 1
81613832 127852472 1
81613832 140323692 1
81613832 140763122 1
81613832 162822222 1
81613832 163132262 1
81613832 174789732 1
81613832 180184982 1
81613832 182470801 1
81613832 183033467 1
81613832 184889898 1
81613832 189810629 1
81613832 190224351 1
81613832 191850294 1
81613832 191908910 1
81613832 193659492 1
81613832 194215456 1
81613832 194749999 1
81613832 195485697 1
81613832 195587793 1
81613832 195937251 1
90496852 97035152 1
90496852 102448142 1
90496852 140323692 1
90496852 174789732 1
90496852 189810629 1
90496852 195485697 1
90496852 195587793 1
90496852 195937251 1
97035152 102448142 1
97035152 115270702 1
97035152 127852472 1
97035152 140323692 1
97035152 140763122 1
97035152 162822222 1
97035152 163132262 1
97035152 174789732 1
97035152 180184982 1
97035152 182470801 1
97035152 183033467 1
97035152 184889898 1
97035152 189810629 1
97035152 190224351 1
97035152 191850294 1
97035152 191908910 1
97035152 193659492 1
97035152 194215456 1
97035152 194749999 1
97035152 195485697 1
97035152 195587793 1
97035152 195937251 1
102448142 115270702 1
102448142 127852472 1
102448142 140323692 1
102448142 140763122 1
102448142 162822222 1
102448142 163132262 1
102448142 174789732 1
102448142 180184982 1
102448142 182470801 1
102448142 183033467 1
102448142 184889898 1
102448142 189810629 1
102448142 190224351 1
102448142 191850294 1
102448142 191908910 1
102448142 193659492 1
102448142 194215456 1
102448142 194749999 1
102448142 195485697 1
102448142 195587793 1
102448142 195937251 1
115270702 174789732 1
115270702 189810629 1
115270702 195485697 1
115270702 195587793 1
115270702 195937251 1
127852472 174789732 1
127852472 189810629 1
127852472 195485697 1
127852472 195587793 1
127852472 195937251 1
140323692 174789732 1
140323692 189810629 1
140323692 191850294 1
140323692 193659492 1
140323692 194215456 1
140323692 194749999 1
140323692 195485697 1
140323692 195587793 1
140323692 195937251 1
140763122 174789732 1
140763122 189810629 1
140763122 195485697 1
140763122 195587793 1
140763122 195937251 1
162822222 174789732 1
162822222 189810629 1
162822222 195485697 1
162822222 195587793 1
162822222 195937251 1
163132262 174789732 1
163132262 189810629 1
163132262 191850294 1
163132262 194749999 1
163132262 195485697 1
163132262 195587793 1
163132262 195937251 1
174789732 180184982 1
174789732 182470801 1
174789732 183033467 1
174789732 184889898 1
174789732 189810629 1
174789732 190224351 1
174789732 191850294 1
174789732 191908910 1
174789732 193659492 1
174789732 194215456 1
174789732 194749999 1
174789732 195485697 1
174789732 195587793 1
174789732 195937251 1
180184982 189810629 1
180184982 191850294 1
180184982 194749999 1
180184982 195485697 1
180184982 195587793 1
180184982 195937251 1
182470801 189810629 1
182470801 195485697 1
182470801 195587793 1
182470801 195937251 1
183033467 189810629 1
183033467 195485697 1
183033467 195587793 1
183033467 195937251 1
184889898 189810629 1
184889898 195485697 1
184889898 195587793 1
184889898 195937251 1
189810629 190224351 1
189810629 191850294 1
189810629 191908910 1
189810629 193659492 1
189810629 194215456 1
189810629 194749999 1
189810629 195485697 1
189810629 195587793 1
189810629 195937251 1
190224351 195485697 1
190224351 195587793 1
190224351 195937251 1
191850294 191908910 1
191850294 194215456 1
191850294 195485697 1
191850294 195587793 1
191850294 195937251 1
191908910 194749999 1
191908910 195485697 1
191908910 195587793 1
191908910 195937251 1
193659492 195485697 1
193659492 195587793 1
193659492 195937251 1
194215456 194749999 1
194215456 195485697 1
194215456 195587793 1
194215456 195937251 1
194749999 195485697 1
194749999 195587793 1
194749999 195937251 1
195485697 195587793 1
195485697 195937251 1
195587793 195937251 1
