38735042 9712106 14424330 36470732 3918990 11309807 13418830 8204850 21715481 13129467
3918990 13129467 1
8204850 9712106 1
8204850 11309807 1
8204850 13418830 1
8204850 14424330 1
8204850 21715481 1
8204850 38735042 1
9712106 11309807 1
9712106 13418830 1
9712106 14424330 1
9712106 21715481 1
9712106 38735042 1
11309807 13418830 1
11309807 14424330 1
11309807 21715481 1
11309807 38735042 1
13418830 14424330 1
13418830 21715481 1
13418830 38735042 1
14424330 21715481 1
14424330 38735042 1
21715481 38735042 1
3918990 14424330 1
9712106 36470732 1
