149492962 65736292 8381989 116443082 10177196 183664685 57958062 69819182 7917968 3918990 162602162 33646452 11092181 22227221 183713082 22551931 183284188 49169662
7917968 8381989 2
7917968 11092181 1
7917968 57958062 1
7917968 116443082 1
7917968 149492962 1
8381989 11092181 1
8381989 57958062 3
8381989 116443082 3
8381989 149492962 1
11092181 57958062 1
11092181 116443082 1
11092181 149492962 1
57958062 116443082 3
57958062 149492962 1
116443082 149492962 1
8381989 69819182 1
57958062 69819182 1
69819182 116443082 1
3918990 10177196 1
22227221 22551931 1
22227221 33646452 1
22227221 162602162 1
22227221 183284188 2
22551931 33646452 1
22551931 162602162 1
22551931 183284188 1
33646452 162602162 1
33646452 183284188 2
162602162 183284188 1
8381989 10177196 1
8381989 65736292 1
8381989 162602162 1
8381989 183664685 1
10177196 65736292 1
10177196 162602162 1
10177196 183664685 1
65736292 162602162 1
65736292 183664685 1
162602162 183664685 1
3918990 33646452 2
3918990 183713082 1
33646452 183713082 1
22227221 49169662 1
49169662 183284188 1
3918990 183284188 1
