13262343 12557832 7567888 3430929 3040788 64524312 2358808 130970162 14563900 14616129 22176331 3897935 119898192 105804372 10222174 69310562 12530276 9511524 25063022 5731440 100416122 486530 156533892 124905612 13171345 31941272 12609184 10329248 89881762 7966375 119534262 4225208 87167162 60995772 8898749 8535744 12375233 80591052 57903822 9748175 10491090 34471132 136983262 59726562 59736292 2978534 91079912 15462121 7177963 91572462 143439602 28183282 135503602 719099 132324092 95024892 71864062 8269051 9477883 32002312 4848397 8548109 59513102 8053520 125758742 91128602 152273182 16016681 12607786 4997932 18035501 14022958 93893942 4143928 71969602 40460612 90305862 1612116 84664152 131160922 108667742 39427422 72319842 68707682 147452772 2607982 3386222 141538162 145275252 8531325 49943422 10830721 74256262 89126792 18410381 153975702 135628702 2921892 7164837 12371365 80563622 8204200 1001388 5401525 12615094 10093497 82256322 66980292 12640207 48475612 9064416 4027876 115742702 145583602 131662322 4059125 120699382 65262582 154032122
719099 2978534 1
719099 5731440 1
719099 7177963 1
719099 8053520 1
719099 8531325 1
719099 12530276 1
719099 12557832 5
719099 12609184 1
719099 12640207 1
719099 13171345 5
719099 22176331 1
719099 34471132 1
719099 69310562 1
719099 72319842 2
719099 89126792 1
719099 89881762 1
719099 105804372 1
719099 115742702 1
719099 143439602 1
2978534 5731440 1
2978534 7177963 1
2978534 8053520 1
2978534 8531325 1
2978534 12530276 1
2978534 12557832 1
2978534 12609184 1
2978534 12640207 1
2978534 13171345 1
2978534 22176331 1
2978534 34471132 1
2978534 69310562 1
2978534 72319842 1
2978534 89126792 1
2978534 89881762 1
2978534 105804372 1
2978534 115742702 1
2978534 143439602 1
5731440 7177963 1
5731440 8053520 1
5731440 8531325 1
5731440 12530276 1
5731440 12557832 1
5731440 12609184 1
5731440 12640207 1
5731440 13171345 1
5731440 22176331 1
5731440 34471132 1
5731440 69310562 1
5731440 72319842 1
5731440 89126792 1
5731440 89881762 1
5731440 105804372 1
5731440 115742702 1
5731440 143439602 1
7177963 8053520 1
7177963 8531325 1
7177963 12530276 1
7177963 12557832 1
7177963 12609184 1
7177963 12640207 1
7177963 13171345 1
7177963 22176331 1
7177963 34471132 1
7177963 69310562 1
7177963 72319842 1
7177963 89126792 1
7177963 89881762 1
7177963 105804372 1
7177963 115742702 1
7177963 143439602 1
8053520 8531325 1
8053520 12530276 1
8053520 12557832 2
8053520 12609184 1
8053520 12640207 2
8053520 13171345 2
8053520 22176331 1
8053520 34471132 1
8053520 69310562 1
8053520 72319842 2
8053520 89126792 1
8053520 89881762 1
8053520 105804372 1
8053520 115742702 1
8053520 143439602 1
8531325 12530276 1
8531325 12557832 1
8531325 12609184 1
8531325 12640207 1
8531325 13171345 1
8531325 22176331 1
8531325 34471132 1
8531325 69310562 1
8531325 72319842 1
8531325 89126792 1
8531325 89881762 1
8531325 105804372 1
8531325 115742702 1
8531325 143439602 1
12530276 12557832 2
12530276 12609184 1
12530276 12640207 2
12530276 13171345 2
12530276 22176331 1
12530276 34471132 1
12530276 69310562 1
12530276 72319842 1
12530276 89126792 1
12530276 89881762 1
12530276 105804372 1
12530276 115742702 1
12530276 143439602 1
12557832 12609184 1
12557832 12640207 5
12557832 13171345 9
12557832 22176331 1
12557832 34471132 1
12557832 69310562 1
12557832 72319842 4
12557832 89126792 1
12557832 89881762 1
12557832 105804372 1
12557832 115742702 1
12557832 143439602 1
12609184 12640207 1
12609184 13171345 1
12609184 22176331 1
12609184 34471132 1
12609184 69310562 1
12609184 72319842 1
12609184 89126792 1
12609184 89881762 1
12609184 105804372 1
12609184 115742702 1
12609184 143439602 1
12640207 13171345 5
12640207 22176331 1
12640207 34471132 1
12640207 69310562 1
12640207 72319842 4
12640207 89126792 1
12640207 89881762 2
12640207 105804372 2
12640207 115742702 1
12640207 143439602 1
13171345 22176331 1
13171345 34471132 1
13171345 69310562 1
13171345 72319842 4
13171345 89126792 1
13171345 89881762 1
13171345 105804372 1
13171345 115742702 1
13171345 143439602 1
22176331 34471132 1
22176331 69310562 1
22176331 72319842 1
22176331 89126792 1
22176331 89881762 1
22176331 105804372 1
22176331 115742702 1
22176331 143439602 1
34471132 69310562 1
34471132 72319842 1
34471132 89126792 1
34471132 89881762 1
34471132 105804372 1
34471132 115742702 1
34471132 143439602 1
69310562 72319842 1
69310562 89126792 1
69310562 89881762 1
69310562 105804372 1
69310562 115742702 1
69310562 143439602 1
72319842 89126792 1
72319842 89881762 2
72319842 105804372 2
72319842 115742702 1
72319842 143439602 1
89126792 89881762 1
89126792 105804372 1
89126792 115742702 1
89126792 143439602 1
89881762 105804372 2
89881762 115742702 1
89881762 143439602 1
105804372 115742702 1
105804372 143439602 1
115742702 143439602 1
486530 2607982 1
486530 3386222 1
486530 4143928 1
486530 4225208 1
486530 4848397 1
486530 7164837 1
486530 8053520 1
486530 8548109 1
486530 9748175 1
486530 10222174 1
486530 10491090 1
486530 10830721 1
486530 12371365 1
486530 12557832 1
486530 12607786 1
486530 12640207 1
486530 13171345 1
486530 14022958 1
486530 14616129 1
486530 18410381 1
486530 25063022 1
486530 28183282 1
486530 31941272 1
486530 40460612 1
486530 57903822 1
486530 59726562 1
486530 71969602 1
486530 72319842 1
486530 74256262 1
486530 80563622 1
486530 84664152 1
486530 90305862 1
486530 91079912 1
486530 95024892 1
486530 100416122 1
486530 125758742 1
486530 131160922 1
486530 135628702 1
486530 145583602 1
486530 153975702 1
2607982 3386222 1
2607982 4143928 1
2607982 4225208 1
2607982 4848397 1
2607982 7164837 1
2607982 8053520 1
2607982 8548109 1
2607982 9748175 1
2607982 10222174 1
2607982 10491090 1
2607982 10830721 1
2607982 12371365 1
2607982 12557832 1
2607982 12607786 1
2607982 12640207 1
2607982 13171345 1
2607982 14022958 1
2607982 14616129 1
2607982 18410381 1
2607982 25063022 1
2607982 28183282 1
2607982 31941272 1
2607982 40460612 1
2607982 57903822 1
2607982 59726562 1
2607982 71969602 1
2607982 72319842 1
2607982 74256262 1
2607982 80563622 1
2607982 84664152 1
2607982 90305862 1
2607982 91079912 1
2607982 95024892 1
2607982 100416122 1
2607982 125758742 1
2607982 131160922 1
2607982 135628702 1
2607982 145583602 1
2607982 153975702 1
3386222 4143928 1
3386222 4225208 1
3386222 4848397 1
3386222 7164837 1
3386222 8053520 1
3386222 8548109 1
3386222 9748175 1
3386222 10222174 1
3386222 10491090 1
3386222 10830721 1
3386222 12371365 1
3386222 12557832 2
3386222 12607786 3
3386222 12640207 3
3386222 13171345 2
3386222 14022958 1
3386222 14616129 1
3386222 18410381 1
3386222 25063022 1
3386222 28183282 1
3386222 31941272 1
3386222 40460612 2
3386222 57903822 1
3386222 59726562 1
3386222 71969602 1
3386222 72319842 2
3386222 74256262 1
3386222 80563622 3
3386222 84664152 1
3386222 90305862 1
3386222 91079912 1
3386222 95024892 1
3386222 100416122 1
3386222 125758742 1
3386222 131160922 1
3386222 135628702 2
3386222 145583602 1
3386222 153975702 1
4143928 4225208 1
4143928 4848397 1
4143928 7164837 1
4143928 8053520 1
4143928 8548109 1
4143928 9748175 2
4143928 10222174 1
4143928 10491090 1
4143928 10830721 1
4143928 12371365 1
4143928 12557832 2
4143928 12607786 2
4143928 12640207 1
4143928 13171345 2
4143928 14022958 1
4143928 14616129 1
4143928 18410381 1
4143928 25063022 1
4143928 28183282 1
4143928 31941272 1
4143928 40460612 1
4143928 57903822 1
4143928 59726562 1
4143928 71969602 1
4143928 72319842 2
4143928 74256262 1
4143928 80563622 2
4143928 84664152 1
4143928 90305862 1
4143928 91079912 1
4143928 95024892 1
4143928 100416122 1
4143928 125758742 1
4143928 131160922 1
4143928 135628702 1
4143928 145583602 1
4143928 153975702 1
4225208 4848397 1
4225208 7164837 1
4225208 8053520 1
4225208 8548109 1
4225208 9748175 1
4225208 10222174 1
4225208 10491090 1
4225208 10830721 1
4225208 12371365 1
4225208 12557832 1
4225208 12607786 1
4225208 12640207 1
4225208 13171345 1
4225208 14022958 1
4225208 14616129 1
4225208 18410381 1
4225208 25063022 1
4225208 28183282 1
4225208 31941272 1
4225208 40460612 1
4225208 57903822 1
4225208 59726562 1
4225208 71969602 1
4225208 72319842 1
4225208 74256262 1
4225208 80563622 1
4225208 84664152 1
4225208 90305862 1
4225208 91079912 1
4225208 95024892 1
4225208 100416122 1
4225208 125758742 1
4225208 131160922 1
4225208 135628702 1
4225208 145583602 1
4225208 153975702 1
4848397 7164837 1
4848397 8053520 1
4848397 8548109 1
4848397 9748175 1
4848397 10222174 1
4848397 10491090 1
4848397 10830721 1
4848397 12371365 1
4848397 12557832 1
4848397 12607786 1
4848397 12640207 1
4848397 13171345 1
4848397 14022958 1
4848397 14616129 1
4848397 18410381 1
4848397 25063022 1
4848397 28183282 1
4848397 31941272 1
4848397 40460612 1
4848397 57903822 1
4848397 59726562 1
4848397 71969602 1
4848397 72319842 1
4848397 74256262 1
4848397 80563622 1
4848397 84664152 1
4848397 90305862 1
4848397 91079912 1
4848397 95024892 1
4848397 100416122 1
4848397 125758742 1
4848397 131160922 1
4848397 135628702 1
4848397 145583602 1
4848397 153975702 1
7164837 8053520 1
7164837 8548109 1
7164837 9748175 1
7164837 10222174 1
7164837 10491090 1
7164837 10830721 1
7164837 12371365 1
7164837 12557832 1
7164837 12607786 1
7164837 12640207 1
7164837 13171345 1
7164837 14022958 1
7164837 14616129 1
7164837 18410381 1
7164837 25063022 1
7164837 28183282 1
7164837 31941272 1
7164837 40460612 1
7164837 57903822 1
7164837 59726562 1
7164837 71969602 1
7164837 72319842 1
7164837 74256262 1
7164837 80563622 1
7164837 84664152 1
7164837 90305862 1
7164837 91079912 1
7164837 95024892 1
7164837 100416122 1
7164837 125758742 1
7164837 131160922 1
7164837 135628702 1
7164837 145583602 1
7164837 153975702 1
8053520 8548109 1
8053520 9748175 1
8053520 10222174 1
8053520 10491090 1
8053520 10830721 1
8053520 12371365 1
8053520 12607786 1
8053520 14022958 1
8053520 14616129 1
8053520 18410381 1
8053520 25063022 1
8053520 28183282 1
8053520 31941272 1
8053520 40460612 1
8053520 57903822 1
8053520 59726562 1
8053520 71969602 1
8053520 74256262 1
8053520 80563622 1
8053520 84664152 1
8053520 90305862 1
8053520 91079912 1
8053520 95024892 1
8053520 100416122 1
8053520 125758742 1
8053520 131160922 1
8053520 135628702 1
8053520 145583602 1
8053520 153975702 1
8548109 9748175 1
8548109 10222174 1
8548109 10491090 1
8548109 10830721 1
8548109 12371365 1
8548109 12557832 1
8548109 12607786 1
8548109 12640207 1
8548109 13171345 1
8548109 14022958 1
8548109 14616129 1
8548109 18410381 1
8548109 25063022 1
8548109 28183282 1
8548109 31941272 1
8548109 40460612 1
8548109 57903822 1
8548109 59726562 1
8548109 71969602 1
8548109 72319842 1
8548109 74256262 1
8548109 80563622 1
8548109 84664152 1
8548109 90305862 1
8548109 91079912 1
8548109 95024892 1
8548109 100416122 1
8548109 125758742 1
8548109 131160922 1
8548109 135628702 1
8548109 145583602 1
8548109 153975702 1
9748175 10222174 1
9748175 10491090 1
9748175 10830721 1
9748175 12371365 1
9748175 12557832 5
9748175 12607786 5
9748175 12640207 3
9748175 13171345 5
9748175 14022958 1
9748175 14616129 1
9748175 18410381 2
9748175 25063022 1
9748175 28183282 1
9748175 31941272 1
9748175 40460612 1
9748175 57903822 1
9748175 59726562 1
9748175 71969602 1
9748175 72319842 3
9748175 74256262 1
9748175 80563622 4
9748175 84664152 1
9748175 90305862 1
9748175 91079912 1
9748175 95024892 1
9748175 100416122 1
9748175 125758742 1
9748175 131160922 1
9748175 135628702 1
9748175 145583602 1
9748175 153975702 1
10222174 10491090 1
10222174 10830721 1
10222174 12371365 1
10222174 12557832 1
10222174 12607786 1
10222174 12640207 1
10222174 13171345 1
10222174 14022958 1
10222174 14616129 1
10222174 18410381 1
10222174 25063022 1
10222174 28183282 1
10222174 31941272 1
10222174 40460612 1
10222174 57903822 1
10222174 59726562 1
10222174 71969602 1
10222174 72319842 1
10222174 74256262 1
10222174 80563622 1
10222174 84664152 1
10222174 90305862 1
10222174 91079912 1
10222174 95024892 1
10222174 100416122 1
10222174 125758742 1
10222174 131160922 1
10222174 135628702 1
10222174 145583602 1
10222174 153975702 1
10491090 10830721 1
10491090 12371365 1
10491090 12557832 1
10491090 12607786 1
10491090 12640207 1
10491090 13171345 1
10491090 14022958 1
10491090 14616129 1
10491090 18410381 1
10491090 25063022 1
10491090 28183282 1
10491090 31941272 1
10491090 40460612 1
10491090 57903822 1
10491090 59726562 1
10491090 71969602 1
10491090 72319842 1
10491090 74256262 1
10491090 80563622 1
10491090 84664152 1
10491090 90305862 1
10491090 91079912 1
10491090 95024892 1
10491090 100416122 1
10491090 125758742 1
10491090 131160922 1
10491090 135628702 1
10491090 145583602 1
10491090 153975702 1
10830721 12371365 1
10830721 12557832 1
10830721 12607786 1
10830721 12640207 1
10830721 13171345 1
10830721 14022958 1
10830721 14616129 1
10830721 18410381 1
10830721 25063022 1
10830721 28183282 1
10830721 31941272 1
10830721 40460612 1
10830721 57903822 1
10830721 59726562 1
10830721 71969602 1
10830721 72319842 1
10830721 74256262 1
10830721 80563622 1
10830721 84664152 1
10830721 90305862 1
10830721 91079912 1
10830721 95024892 1
10830721 100416122 1
10830721 125758742 1
10830721 131160922 1
10830721 135628702 1
10830721 145583602 1
10830721 153975702 1
12371365 12557832 1
12371365 12607786 1
12371365 12640207 1
12371365 13171345 1
12371365 14022958 1
12371365 14616129 1
12371365 18410381 1
12371365 25063022 1
12371365 28183282 1
12371365 31941272 1
12371365 40460612 1
12371365 57903822 1
12371365 59726562 1
12371365 71969602 1
12371365 72319842 1
12371365 74256262 1
12371365 80563622 1
12371365 84664152 1
12371365 90305862 1
12371365 91079912 1
12371365 95024892 1
12371365 100416122 1
12371365 125758742 1
12371365 131160922 1
12371365 135628702 1
12371365 145583602 1
12371365 153975702 1
12557832 12607786 8
12557832 14022958 1
12557832 14616129 1
12557832 18410381 2
12557832 25063022 1
12557832 28183282 1
12557832 31941272 1
12557832 40460612 2
12557832 57903822 1
12557832 59726562 1
12557832 71969602 1
12557832 74256262 1
12557832 80563622 7
12557832 84664152 1
12557832 90305862 1
12557832 91079912 1
12557832 95024892 1
12557832 100416122 1
12557832 125758742 1
12557832 131160922 1
12557832 135628702 1
12557832 145583602 1
12557832 153975702 1
12607786 12640207 5
12607786 13171345 8
12607786 14022958 1
12607786 14616129 1
12607786 18410381 2
12607786 25063022 1
12607786 28183282 1
12607786 31941272 1
12607786 40460612 2
12607786 57903822 1
12607786 59726562 1
12607786 71969602 1
12607786 72319842 4
12607786 74256262 1
12607786 80563622 8
12607786 84664152 1
12607786 90305862 1
12607786 91079912 1
12607786 95024892 1
12607786 100416122 1
12607786 125758742 1
12607786 131160922 1
12607786 135628702 2
12607786 145583602 1
12607786 153975702 1
12640207 14022958 1
12640207 14616129 1
12640207 18410381 2
12640207 25063022 1
12640207 28183282 1
12640207 31941272 1
12640207 40460612 2
12640207 57903822 1
12640207 59726562 1
12640207 71969602 1
12640207 74256262 1
12640207 80563622 5
12640207 84664152 1
12640207 90305862 1
12640207 91079912 1
12640207 95024892 1
12640207 100416122 1
12640207 125758742 1
12640207 131160922 1
12640207 135628702 2
12640207 145583602 1
12640207 153975702 1
13171345 14022958 1
13171345 14616129 1
13171345 18410381 2
13171345 25063022 1
13171345 28183282 1
13171345 31941272 1
13171345 40460612 2
13171345 57903822 1
13171345 59726562 1
13171345 71969602 1
13171345 74256262 1
13171345 80563622 7
13171345 84664152 1
13171345 90305862 1
13171345 91079912 1
13171345 95024892 1
13171345 100416122 1
13171345 125758742 1
13171345 131160922 1
13171345 135628702 1
13171345 145583602 1
13171345 153975702 1
14022958 14616129 1
14022958 18410381 1
14022958 25063022 1
14022958 28183282 1
14022958 31941272 1
14022958 40460612 1
14022958 57903822 1
14022958 59726562 1
14022958 71969602 1
14022958 72319842 1
14022958 74256262 1
14022958 80563622 1
14022958 84664152 1
14022958 90305862 1
14022958 91079912 1
14022958 95024892 1
14022958 100416122 1
14022958 125758742 1
14022958 131160922 1
14022958 135628702 1
14022958 145583602 1
14022958 153975702 1
14616129 18410381 1
14616129 25063022 1
14616129 28183282 1
14616129 31941272 1
14616129 40460612 1
14616129 57903822 1
14616129 59726562 1
14616129 71969602 1
14616129 72319842 1
14616129 74256262 1
14616129 80563622 1
14616129 84664152 1
14616129 90305862 1
14616129 91079912 1
14616129 95024892 1
14616129 100416122 1
14616129 125758742 1
14616129 131160922 1
14616129 135628702 1
14616129 145583602 1
14616129 153975702 1
18410381 25063022 1
18410381 28183282 1
18410381 31941272 1
18410381 40460612 1
18410381 57903822 1
18410381 59726562 1
18410381 71969602 1
18410381 72319842 2
18410381 74256262 1
18410381 80563622 2
18410381 84664152 1
18410381 90305862 1
18410381 91079912 1
18410381 95024892 1
18410381 100416122 1
18410381 125758742 1
18410381 131160922 1
18410381 135628702 1
18410381 145583602 1
18410381 153975702 1
25063022 28183282 1
25063022 31941272 1
25063022 40460612 1
25063022 57903822 1
25063022 59726562 1
25063022 71969602 1
25063022 72319842 1
25063022 74256262 1
25063022 80563622 1
25063022 84664152 1
25063022 90305862 1
25063022 91079912 1
25063022 95024892 1
25063022 100416122 1
25063022 125758742 1
25063022 131160922 1
25063022 135628702 1
25063022 145583602 1
25063022 153975702 1
28183282 31941272 1
28183282 40460612 1
28183282 57903822 1
28183282 59726562 1
28183282 71969602 1
28183282 72319842 1
28183282 74256262 1
28183282 80563622 1
28183282 84664152 1
28183282 90305862 1
28183282 91079912 1
28183282 95024892 1
28183282 100416122 1
28183282 125758742 1
28183282 131160922 1
28183282 135628702 1
28183282 145583602 1
28183282 153975702 1
31941272 40460612 1
31941272 57903822 1
31941272 59726562 1
31941272 71969602 1
31941272 72319842 1
31941272 74256262 1
31941272 80563622 1
31941272 84664152 1
31941272 90305862 1
31941272 91079912 1
31941272 95024892 1
31941272 100416122 1
31941272 125758742 1
31941272 131160922 1
31941272 135628702 1
31941272 145583602 1
31941272 153975702 1
40460612 57903822 1
40460612 59726562 1
40460612 71969602 1
40460612 72319842 1
40460612 74256262 1
40460612 80563622 2
40460612 84664152 1
40460612 90305862 1
40460612 91079912 1
40460612 95024892 1
40460612 100416122 1
40460612 125758742 1
40460612 131160922 1
40460612 135628702 1
40460612 145583602 1
40460612 153975702 1
57903822 59726562 1
57903822 71969602 1
57903822 72319842 1
57903822 74256262 1
57903822 80563622 1
57903822 84664152 1
57903822 90305862 1
57903822 91079912 1
57903822 95024892 1
57903822 100416122 1
57903822 125758742 1
57903822 131160922 1
57903822 135628702 1
57903822 145583602 1
57903822 153975702 1
59726562 71969602 1
59726562 72319842 1
59726562 74256262 1
59726562 80563622 1
59726562 84664152 1
59726562 90305862 1
59726562 91079912 1
59726562 95024892 1
59726562 100416122 1
59726562 125758742 1
59726562 131160922 1
59726562 135628702 1
59726562 145583602 1
59726562 153975702 1
71969602 72319842 1
71969602 74256262 1
71969602 80563622 1
71969602 84664152 1
71969602 90305862 1
71969602 91079912 1
71969602 95024892 1
71969602 100416122 1
71969602 125758742 1
71969602 131160922 1
71969602 135628702 1
71969602 145583602 1
71969602 153975702 1
72319842 74256262 1
72319842 80563622 4
72319842 84664152 1
72319842 90305862 1
72319842 91079912 1
72319842 95024892 1
72319842 100416122 1
72319842 125758742 1
72319842 131160922 1
72319842 135628702 2
72319842 145583602 1
72319842 153975702 1
74256262 80563622 1
74256262 84664152 1
74256262 90305862 1
74256262 91079912 1
74256262 95024892 1
74256262 100416122 1
74256262 125758742 1
74256262 131160922 1
74256262 135628702 1
74256262 145583602 1
74256262 153975702 1
80563622 84664152 1
80563622 90305862 1
80563622 91079912 1
80563622 95024892 1
80563622 100416122 1
80563622 125758742 1
80563622 131160922 1
80563622 135628702 2
80563622 145583602 1
80563622 153975702 1
84664152 90305862 1
84664152 91079912 1
84664152 95024892 1
84664152 100416122 1
84664152 125758742 1
84664152 131160922 1
84664152 135628702 1
84664152 145583602 1
84664152 153975702 1
90305862 91079912 1
90305862 95024892 1
90305862 100416122 1
90305862 125758742 1
90305862 131160922 1
90305862 135628702 1
90305862 145583602 1
90305862 153975702 1
91079912 95024892 1
91079912 100416122 1
91079912 125758742 1
91079912 131160922 1
91079912 135628702 1
91079912 145583602 1
91079912 153975702 1
95024892 100416122 1
95024892 125758742 1
95024892 131160922 1
95024892 135628702 1
95024892 145583602 1
95024892 153975702 1
100416122 125758742 1
100416122 131160922 1
100416122 135628702 1
100416122 145583602 1
100416122 153975702 1
125758742 131160922 1
125758742 135628702 1
125758742 145583602 1
125758742 153975702 1
131160922 135628702 1
131160922 145583602 1
131160922 153975702 1
135628702 145583602 1
135628702 153975702 1
145583602 153975702 1
3040788 3430929 1
3040788 9748175 1
3040788 12557832 1
3040788 12607786 1
3040788 12615094 1
3040788 12640207 1
3040788 13171345 1
3040788 18035501 1
3040788 18410381 1
3040788 48475612 1
3040788 59736292 1
3040788 72319842 1
3040788 80563622 1
3040788 108667742 1
3040788 130970162 1
3040788 132324092 1
3040788 141538162 1
3040788 156533892 1
3430929 9748175 1
3430929 12557832 2
3430929 12607786 2
3430929 12615094 1
3430929 12640207 1
3430929 13171345 2
3430929 18035501 1
3430929 18410381 1
3430929 48475612 1
3430929 59736292 1
3430929 72319842 1
3430929 80563622 2
3430929 108667742 2
3430929 130970162 1
3430929 132324092 1
3430929 141538162 1
3430929 156533892 1
9748175 12615094 1
9748175 18035501 1
9748175 48475612 2
9748175 59736292 1
9748175 108667742 1
9748175 130970162 1
9748175 132324092 1
9748175 141538162 1
9748175 156533892 2
12557832 12615094 1
12557832 18035501 2
12557832 48475612 2
12557832 59736292 1
12557832 108667742 2
12557832 130970162 1
12557832 132324092 1
12557832 141538162 1
12557832 156533892 2
12607786 12615094 1
12607786 18035501 2
12607786 48475612 2
12607786 59736292 1
12607786 108667742 2
12607786 130970162 1
12607786 132324092 2
12607786 141538162 1
12607786 156533892 2
12615094 12640207 1
12615094 13171345 1
12615094 18035501 1
12615094 18410381 1
12615094 48475612 1
12615094 59736292 1
12615094 72319842 1
12615094 80563622 1
12615094 108667742 1
12615094 130970162 1
12615094 132324092 1
12615094 141538162 1
12615094 156533892 1
12640207 18035501 2
12640207 48475612 2
12640207 59736292 1
12640207 108667742 1
12640207 130970162 1
12640207 132324092 2
12640207 141538162 1
12640207 156533892 2
13171345 18035501 2
13171345 48475612 2
13171345 59736292 1
13171345 108667742 2
13171345 130970162 1
13171345 132324092 1
13171345 141538162 1
13171345 156533892 2
18035501 18410381 1
18035501 48475612 1
18035501 59736292 1
18035501 72319842 1
18035501 80563622 2
18035501 108667742 1
18035501 130970162 1
18035501 132324092 1
18035501 141538162 1
18035501 156533892 1
18410381 48475612 1
18410381 59736292 1
18410381 108667742 1
18410381 130970162 1
18410381 132324092 1
18410381 141538162 1
18410381 156533892 1
48475612 59736292 1
48475612 72319842 1
48475612 80563622 2
48475612 108667742 1
48475612 130970162 1
48475612 132324092 1
48475612 141538162 1
48475612 156533892 2
59736292 72319842 1
59736292 80563622 1
59736292 108667742 1
59736292 130970162 1
59736292 132324092 1
59736292 141538162 1
59736292 156533892 1
72319842 108667742 1
72319842 130970162 1
72319842 132324092 2
72319842 141538162 1
72319842 156533892 1
80563622 108667742 2
80563622 130970162 1
80563622 132324092 2
80563622 141538162 1
80563622 156533892 2
108667742 130970162 1
108667742 132324092 1
108667742 141538162 1
108667742 156533892 1
130970162 132324092 1
130970162 141538162 1
130970162 156533892 1
132324092 141538162 1
132324092 156533892 1
141538162 156533892 1
2921892 3386222 1
2921892 10093497 1
2921892 12607786 1
2921892 12640207 1
2921892 15462121 1
2921892 16016681 1
2921892 59513102 1
2921892 72319842 1
2921892 80563622 1
2921892 89881762 1
2921892 93893942 1
2921892 105804372 1
2921892 124905612 1
2921892 131662322 1
2921892 132324092 1
2921892 135503602 1
2921892 135628702 1
2921892 145275252 1
3386222 10093497 1
3386222 15462121 1
3386222 16016681 1
3386222 59513102 1
3386222 89881762 1
3386222 93893942 1
3386222 105804372 1
3386222 124905612 1
3386222 131662322 1
3386222 132324092 1
3386222 135503602 1
3386222 145275252 1
10093497 12607786 1
10093497 12640207 1
10093497 15462121 1
10093497 16016681 1
10093497 59513102 1
10093497 72319842 1
10093497 80563622 1
10093497 89881762 1
10093497 93893942 1
10093497 105804372 1
10093497 124905612 1
10093497 131662322 1
10093497 132324092 1
10093497 135503602 1
10093497 135628702 1
10093497 145275252 1
12607786 15462121 1
12607786 16016681 1
12607786 59513102 1
12607786 89881762 1
12607786 93893942 1
12607786 105804372 1
12607786 124905612 1
12607786 131662322 1
12607786 135503602 1
12607786 145275252 2
12640207 15462121 1
12640207 16016681 1
12640207 59513102 1
12640207 93893942 1
12640207 124905612 1
12640207 131662322 1
12640207 135503602 1
12640207 145275252 1
15462121 16016681 1
15462121 59513102 1
15462121 72319842 1
15462121 80563622 1
15462121 89881762 1
15462121 93893942 1
15462121 105804372 1
15462121 124905612 1
15462121 131662322 1
15462121 132324092 1
15462121 135503602 1
15462121 135628702 1
15462121 145275252 1
16016681 59513102 1
16016681 72319842 1
16016681 80563622 1
16016681 89881762 1
16016681 93893942 1
16016681 105804372 1
16016681 124905612 1
16016681 131662322 1
16016681 132324092 1
16016681 135503602 1
16016681 135628702 1
16016681 145275252 1
59513102 72319842 1
59513102 80563622 1
59513102 89881762 1
59513102 93893942 1
59513102 105804372 1
59513102 124905612 1
59513102 131662322 1
59513102 132324092 1
59513102 135503602 1
59513102 135628702 1
59513102 145275252 1
72319842 93893942 1
72319842 124905612 1
72319842 131662322 1
72319842 135503602 1
72319842 145275252 1
80563622 89881762 1
80563622 93893942 1
80563622 105804372 1
80563622 124905612 1
80563622 131662322 1
80563622 135503602 1
80563622 145275252 2
89881762 93893942 1
89881762 124905612 1
89881762 131662322 1
89881762 132324092 1
89881762 135503602 1
89881762 135628702 1
89881762 145275252 1
93893942 105804372 1
93893942 124905612 1
93893942 131662322 1
93893942 132324092 1
93893942 135503602 1
93893942 135628702 1
93893942 145275252 1
105804372 124905612 1
105804372 131662322 1
105804372 132324092 1
105804372 135503602 1
105804372 135628702 1
105804372 145275252 1
124905612 131662322 1
124905612 132324092 1
124905612 135503602 1
124905612 135628702 1
124905612 145275252 1
131662322 132324092 1
131662322 135503602 1
131662322 135628702 1
131662322 145275252 1
132324092 135503602 1
132324092 135628702 1
132324092 145275252 1
135503602 135628702 1
135503602 145275252 1
135628702 145275252 1
719099 1001388 2
719099 1612116 1
719099 4059125 2
719099 4143928 1
719099 9748175 2
719099 10329248 1
719099 12607786 4
719099 32002312 1
719099 39427422 1
719099 60995772 1
719099 64524312 1
719099 66980292 1
719099 71864062 1
719099 80563622 3
1001388 1612116 1
1001388 4059125 1
1001388 4143928 1
1001388 9748175 2
1001388 10329248 1
1001388 12557832 2
1001388 12607786 2
1001388 13171345 2
1001388 32002312 1
1001388 39427422 1
1001388 60995772 1
1001388 64524312 1
1001388 66980292 1
1001388 71864062 1
1001388 72319842 1
1001388 80563622 1
1612116 4059125 1
1612116 4143928 1
1612116 9748175 1
1612116 10329248 1
1612116 12557832 1
1612116 12607786 1
1612116 13171345 1
1612116 32002312 1
1612116 39427422 1
1612116 60995772 1
1612116 64524312 1
1612116 66980292 1
1612116 71864062 1
1612116 72319842 1
1612116 80563622 1
4059125 4143928 1
4059125 9748175 1
4059125 10329248 1
4059125 12557832 2
4059125 12607786 2
4059125 13171345 2
4059125 32002312 1
4059125 39427422 1
4059125 60995772 1
4059125 64524312 1
4059125 66980292 1
4059125 71864062 1
4059125 72319842 1
4059125 80563622 2
4143928 10329248 1
4143928 32002312 1
4143928 39427422 1
4143928 60995772 1
4143928 64524312 1
4143928 66980292 1
4143928 71864062 1
9748175 10329248 1
9748175 32002312 1
9748175 39427422 1
9748175 60995772 1
9748175 64524312 1
9748175 66980292 1
9748175 71864062 1
10329248 12557832 1
10329248 12607786 1
10329248 13171345 1
10329248 32002312 1
10329248 39427422 1
10329248 60995772 1
10329248 64524312 1
10329248 66980292 1
10329248 71864062 1
10329248 72319842 1
10329248 80563622 1
12557832 32002312 1
12557832 39427422 1
12557832 60995772 1
12557832 64524312 1
12557832 66980292 1
12557832 71864062 1
12607786 32002312 1
12607786 39427422 1
12607786 60995772 1
12607786 64524312 1
12607786 66980292 1
12607786 71864062 1
13171345 32002312 1
13171345 39427422 1
13171345 60995772 1
13171345 64524312 1
13171345 66980292 1
13171345 71864062 1
32002312 39427422 1
32002312 60995772 1
32002312 64524312 1
32002312 66980292 1
32002312 71864062 1
32002312 72319842 1
32002312 80563622 1
39427422 60995772 1
39427422 64524312 1
39427422 66980292 1
39427422 71864062 1
39427422 72319842 1
39427422 80563622 1
60995772 64524312 1
60995772 66980292 1
60995772 71864062 1
60995772 72319842 1
60995772 80563622 1
64524312 66980292 1
64524312 71864062 1
64524312 72319842 1
64524312 80563622 1
66980292 71864062 1
66980292 72319842 1
66980292 80563622 1
71864062 72319842 1
71864062 80563622 1
8269051 9511524 1
8269051 9748175 1
8269051 12375233 1
8269051 12557832 1
8269051 12607786 1
8269051 12640207 1
8269051 13171345 1
8269051 48475612 1
8269051 80563622 1
8269051 82256322 1
8269051 91128602 1
8269051 120699382 1
8269051 154032122 1
8269051 156533892 1
9511524 9748175 2
9511524 12375233 1
9511524 12557832 2
9511524 12607786 2
9511524 12640207 1
9511524 13171345 2
9511524 48475612 1
9511524 80563622 1
9511524 82256322 1
9511524 91128602 1
9511524 120699382 1
9511524 154032122 2
9511524 156533892 1
9748175 12375233 1
9748175 82256322 1
9748175 91128602 1
9748175 120699382 1
9748175 154032122 2
12375233 12557832 2
12375233 12607786 2
12375233 12640207 1
12375233 13171345 2
12375233 48475612 1
12375233 80563622 2
12375233 82256322 1
12375233 91128602 1
12375233 120699382 2
12375233 154032122 1
12375233 156533892 1
12557832 82256322 1
12557832 91128602 1
12557832 120699382 3
12557832 154032122 2
12607786 82256322 1
12607786 91128602 1
12607786 120699382 3
12607786 154032122 2
12640207 82256322 1
12640207 91128602 1
12640207 120699382 2
12640207 154032122 1
13171345 82256322 1
13171345 91128602 1
13171345 120699382 3
13171345 154032122 2
48475612 82256322 1
48475612 91128602 1
48475612 120699382 1
48475612 154032122 1
80563622 82256322 1
80563622 91128602 1
80563622 120699382 3
80563622 154032122 1
82256322 91128602 1
82256322 120699382 1
82256322 154032122 1
82256322 156533892 1
91128602 120699382 1
91128602 154032122 1
91128602 156533892 1
120699382 154032122 1
120699382 156533892 1
154032122 156533892 1
719099 2358808 1
719099 3897935 1
719099 4027876 2
719099 4997932 1
719099 7567888 1
719099 7966375 1
719099 8204200 1
719099 8535744 1
719099 8898749 1
719099 9064416 2
719099 9477883 1
719099 9511524 1
719099 49943422 2
719099 68707682 1
719099 80591052 1
719099 87167162 1
719099 91572462 1
719099 119898192 1
719099 136983262 1
719099 154032122 1
1001388 2358808 1
1001388 3897935 1
1001388 4027876 1
1001388 4997932 1
1001388 7567888 1
1001388 7966375 1
1001388 8204200 1
1001388 8535744 1
1001388 8898749 1
1001388 9064416 1
1001388 9477883 1
1001388 9511524 1
1001388 49943422 1
1001388 68707682 1
1001388 80591052 1
1001388 87167162 1
1001388 91572462 1
1001388 119898192 1
1001388 136983262 1
1001388 154032122 1
2358808 3897935 1
2358808 4027876 1
2358808 4997932 1
2358808 7567888 1
2358808 7966375 1
2358808 8204200 1
2358808 8535744 1
2358808 8898749 1
2358808 9064416 1
2358808 9477883 1
2358808 9511524 1
2358808 9748175 1
2358808 12557832 1
2358808 12607786 1
2358808 13171345 1
2358808 49943422 1
2358808 68707682 1
2358808 80591052 1
2358808 87167162 1
2358808 91572462 1
2358808 119898192 1
2358808 136983262 1
2358808 154032122 1
3897935 4027876 1
3897935 4997932 1
3897935 7567888 1
3897935 7966375 1
3897935 8204200 1
3897935 8535744 1
3897935 8898749 1
3897935 9064416 1
3897935 9477883 1
3897935 9511524 1
3897935 9748175 1
3897935 12557832 1
3897935 12607786 1
3897935 13171345 1
3897935 49943422 1
3897935 68707682 1
3897935 80591052 1
3897935 87167162 1
3897935 91572462 1
3897935 119898192 1
3897935 136983262 1
3897935 154032122 1
4027876 4997932 1
4027876 7567888 1
4027876 7966375 1
4027876 8204200 1
4027876 8535744 1
4027876 8898749 1
4027876 9064416 2
4027876 9477883 1
4027876 9511524 1
4027876 9748175 1
4027876 12557832 2
4027876 12607786 2
4027876 13171345 2
4027876 49943422 2
4027876 68707682 1
4027876 80591052 1
4027876 87167162 1
4027876 91572462 1
4027876 119898192 1
4027876 136983262 1
4027876 154032122 1
4997932 7567888 1
4997932 7966375 1
4997932 8204200 1
4997932 8535744 1
4997932 8898749 1
4997932 9064416 1
4997932 9477883 1
4997932 9511524 1
4997932 9748175 1
4997932 12557832 1
4997932 12607786 1
4997932 13171345 1
4997932 49943422 1
4997932 68707682 1
4997932 80591052 1
4997932 87167162 1
4997932 91572462 1
4997932 119898192 1
4997932 136983262 1
4997932 154032122 1
7567888 7966375 1
7567888 8204200 1
7567888 8535744 1
7567888 8898749 1
7567888 9064416 1
7567888 9477883 1
7567888 9511524 1
7567888 9748175 1
7567888 12557832 1
7567888 12607786 1
7567888 13171345 1
7567888 49943422 1
7567888 68707682 1
7567888 80591052 1
7567888 87167162 1
7567888 91572462 1
7567888 119898192 1
7567888 136983262 1
7567888 154032122 1
7966375 8204200 1
7966375 8535744 1
7966375 8898749 1
7966375 9064416 1
7966375 9477883 1
7966375 9511524 1
7966375 9748175 1
7966375 12557832 1
7966375 12607786 1
7966375 13171345 1
7966375 49943422 1
7966375 68707682 1
7966375 80591052 1
7966375 87167162 1
7966375 91572462 1
7966375 119898192 1
7966375 136983262 1
7966375 154032122 1
8204200 8535744 1
8204200 8898749 1
8204200 9064416 1
8204200 9477883 1
8204200 9511524 1
8204200 9748175 1
8204200 12557832 1
8204200 12607786 1
8204200 13171345 1
8204200 49943422 1
8204200 68707682 1
8204200 80591052 1
8204200 87167162 1
8204200 91572462 1
8204200 119898192 1
8204200 136983262 1
8204200 154032122 1
8535744 8898749 1
8535744 9064416 1
8535744 9477883 1
8535744 9511524 1
8535744 9748175 1
8535744 12557832 1
8535744 12607786 1
8535744 13171345 1
8535744 49943422 1
8535744 68707682 1
8535744 80591052 1
8535744 87167162 1
8535744 91572462 1
8535744 119898192 1
8535744 136983262 1
8535744 154032122 1
8898749 9064416 1
8898749 9477883 1
8898749 9511524 1
8898749 9748175 1
8898749 12557832 1
8898749 12607786 1
8898749 13171345 1
8898749 49943422 1
8898749 68707682 1
8898749 80591052 1
8898749 87167162 1
8898749 91572462 1
8898749 119898192 1
8898749 136983262 1
8898749 154032122 1
9064416 9477883 1
9064416 9511524 1
9064416 9748175 1
9064416 12557832 2
9064416 12607786 2
9064416 13171345 2
9064416 49943422 2
9064416 68707682 1
9064416 80591052 1
9064416 87167162 1
9064416 91572462 1
9064416 119898192 1
9064416 136983262 1
9064416 154032122 1
9477883 9511524 1
9477883 9748175 1
9477883 12557832 1
9477883 12607786 1
9477883 13171345 1
9477883 49943422 1
9477883 68707682 1
9477883 80591052 1
9477883 87167162 1
9477883 91572462 1
9477883 119898192 1
9477883 136983262 1
9477883 154032122 1
9511524 49943422 1
9511524 68707682 1
9511524 80591052 1
9511524 87167162 1
9511524 91572462 1
9511524 119898192 1
9511524 136983262 1
9748175 49943422 1
9748175 68707682 1
9748175 80591052 1
9748175 87167162 1
9748175 91572462 1
9748175 119898192 1
9748175 136983262 1
12557832 49943422 2
12557832 68707682 1
12557832 80591052 1
12557832 87167162 1
12557832 91572462 1
12557832 119898192 1
12557832 136983262 1
12607786 49943422 2
12607786 68707682 1
12607786 80591052 1
12607786 87167162 1
12607786 91572462 1
12607786 119898192 1
12607786 136983262 1
13171345 49943422 2
13171345 68707682 1
13171345 80591052 1
13171345 87167162 1
13171345 91572462 1
13171345 119898192 1
13171345 136983262 1
49943422 68707682 1
49943422 80591052 1
49943422 87167162 1
49943422 91572462 1
49943422 119898192 1
49943422 136983262 1
49943422 154032122 1
68707682 80591052 1
68707682 87167162 1
68707682 91572462 1
68707682 119898192 1
68707682 136983262 1
68707682 154032122 1
80591052 87167162 1
80591052 91572462 1
80591052 119898192 1
80591052 136983262 1
80591052 154032122 1
87167162 91572462 1
87167162 119898192 1
87167162 136983262 1
87167162 154032122 1
91572462 119898192 1
91572462 136983262 1
91572462 154032122 1
119898192 136983262 1
119898192 154032122 1
136983262 154032122 1
3386222 12530276 1
3386222 14563900 1
3386222 18035501 1
3386222 120699382 1
12530276 12607786 1
12530276 14563900 1
12530276 18035501 1
12530276 40460612 1
12530276 80563622 1
12530276 120699382 1
12557832 14563900 1
12607786 14563900 1
12640207 14563900 1
13171345 14563900 1
14563900 18035501 1
14563900 40460612 1
14563900 80563622 1
14563900 120699382 1
18035501 40460612 1
18035501 120699382 1
40460612 120699382 1
719099 3430929 1
719099 5401525 1
719099 12375233 1
719099 108667742 1
719099 119534262 2
719099 120699382 1
719099 145275252 1
719099 152273182 1
3430929 5401525 1
3430929 12375233 1
3430929 119534262 1
3430929 120699382 1
3430929 145275252 1
3430929 152273182 1
5401525 12375233 1
5401525 12557832 1
5401525 12607786 1
5401525 13171345 1
5401525 80563622 1
5401525 108667742 1
5401525 119534262 1
5401525 120699382 1
5401525 145275252 1
5401525 152273182 1
12375233 108667742 1
12375233 119534262 1
12375233 145275252 1
12375233 152273182 1
12557832 119534262 2
12557832 145275252 1
12557832 152273182 1
12607786 119534262 2
12607786 152273182 1
13171345 119534262 2
13171345 145275252 1
13171345 152273182 1
80563622 119534262 2
80563622 152273182 1
108667742 119534262 1
108667742 120699382 1
108667742 145275252 1
108667742 152273182 1
119534262 120699382 1
119534262 145275252 1
119534262 152273182 1
120699382 145275252 1
120699382 152273182 1
145275252 152273182 1
719099 13262343 1
719099 65262582 1
719099 147452772 1
4027876 4059125 1
4027876 13262343 1
4027876 65262582 1
4027876 80563622 1
4027876 119534262 1
4027876 147452772 1
4059125 9064416 1
4059125 13262343 1
4059125 49943422 1
4059125 65262582 1
4059125 119534262 1
4059125 147452772 1
9064416 13262343 1
9064416 65262582 1
9064416 80563622 1
9064416 119534262 1
9064416 147452772 1
12557832 13262343 1
12557832 65262582 1
12557832 147452772 1
12607786 13262343 1
12607786 65262582 1
12607786 147452772 1
13171345 13262343 1
13171345 65262582 1
13171345 147452772 1
13262343 49943422 1
13262343 65262582 1
13262343 80563622 1
13262343 119534262 1
13262343 147452772 1
49943422 65262582 1
49943422 80563622 1
49943422 119534262 1
49943422 147452772 1
65262582 80563622 1
65262582 119534262 1
65262582 147452772 1
80563622 147452772 1
119534262 147452772 1
