12118915 13262343 4338696 12557832 37907592 3472526 11201040 13171345 3430929 42976532 7545237 10935832 12274207 2936352 11056419 13857699 11440169 12607786 35249962 4997932 18035501 7559854 7424943 2505769 3848368 7302581 29657142 10269758 9721543 22176331 25834572 5659724 40426322 41985492 126040 19768541 8074077 2553827 12530276 14602981 12807782 12962281 40973162 7177963 10755436 25063022 11601013 719099 20683261 14101374 6094463
719099 4338696 6
719099 7545237 1
719099 8074077 3
719099 11440169 6
719099 12557832 7
719099 12607786 8
719099 12962281 3
719099 13171345 8
719099 13262343 6
719099 14101374 1
719099 19768541 8
719099 22176331 4
719099 37907592 3
4338696 7545237 1
4338696 8074077 4
4338696 11440169 6
4338696 12557832 6
4338696 12607786 7
4338696 12962281 3
4338696 13171345 7
4338696 13262343 7
4338696 14101374 1
4338696 19768541 7
4338696 22176331 5
4338696 37907592 2
7545237 8074077 1
7545237 11440169 1
7545237 12557832 1
7545237 12607786 1
7545237 12962281 1
7545237 13171345 1
7545237 13262343 1
7545237 14101374 1
7545237 19768541 1
7545237 22176331 1
7545237 37907592 1
8074077 11440169 4
8074077 12557832 4
8074077 12607786 4
8074077 12962281 2
8074077 13171345 4
8074077 13262343 4
8074077 14101374 1
8074077 19768541 4
8074077 22176331 4
8074077 37907592 1
11440169 12557832 7
11440169 12607786 7
11440169 12962281 3
11440169 13171345 7
11440169 13262343 6
11440169 14101374 1
11440169 19768541 7
11440169 22176331 5
11440169 37907592 2
12557832 12607786 9
12557832 12962281 4
12557832 13171345 9
12557832 13262343 6
12557832 14101374 1
12557832 19768541 9
12557832 22176331 5
12557832 37907592 3
12607786 12962281 4
12607786 13171345 10
12607786 13262343 7
12607786 14101374 1
12607786 19768541 10
12607786 22176331 5
12607786 37907592 3
12962281 13171345 4
12962281 13262343 3
12962281 14101374 1
12962281 19768541 4
12962281 22176331 2
12962281 37907592 2
13171345 13262343 7
13171345 14101374 1
13171345 19768541 10
13171345 22176331 5
13171345 37907592 3
13262343 14101374 1
13262343 19768541 7
13262343 22176331 5
13262343 37907592 2
14101374 19768541 1
14101374 22176331 1
14101374 37907592 1
19768541 22176331 5
19768541 37907592 3
22176331 37907592 2
719099 4997932 3
719099 6094463 1
719099 7177963 1
719099 7302581 1
719099 7424943 1
719099 10755436 5
719099 12530276 4
719099 12807782 6
719099 18035501 1
4997932 6094463 1
4997932 7177963 1
4997932 7302581 1
4997932 7424943 1
4997932 10755436 1
4997932 12530276 2
4997932 12557832 3
4997932 12607786 4
4997932 12807782 4
4997932 12962281 2
4997932 13171345 4
4997932 18035501 1
4997932 19768541 4
4997932 37907592 1
6094463 7177963 1
6094463 7302581 1
6094463 7424943 1
6094463 10755436 1
6094463 12530276 1
6094463 12557832 1
6094463 12607786 1
6094463 12807782 1
6094463 12962281 1
6094463 13171345 1
6094463 18035501 1
6094463 19768541 1
6094463 37907592 1
7177963 7302581 1
7177963 7424943 1
7177963 10755436 1
7177963 12530276 1
7177963 12557832 1
7177963 12607786 1
7177963 12807782 1
7177963 12962281 1
7177963 13171345 1
7177963 18035501 1
7177963 19768541 1
7177963 37907592 1
7302581 7424943 1
7302581 10755436 1
7302581 12530276 1
7302581 12557832 1
7302581 12607786 1
7302581 12807782 1
7302581 12962281 1
7302581 13171345 1
7302581 18035501 1
7302581 19768541 1
7302581 37907592 1
7424943 10755436 1
7424943 12530276 1
7424943 12557832 1
7424943 12607786 1
7424943 12807782 1
7424943 12962281 1
7424943 13171345 1
7424943 18035501 1
7424943 19768541 1
7424943 37907592 1
10755436 12530276 3
10755436 12557832 5
10755436 12607786 5
10755436 12807782 4
10755436 12962281 1
10755436 13171345 5
10755436 18035501 1
10755436 19768541 5
10755436 37907592 2
12530276 12557832 4
12530276 12607786 4
12530276 12807782 3
12530276 12962281 2
12530276 13171345 4
12530276 18035501 1
12530276 19768541 4
12530276 37907592 1
12557832 12807782 6
12557832 18035501 2
12607786 12807782 7
12607786 18035501 2
12807782 12962281 2
12807782 13171345 7
12807782 18035501 1
12807782 19768541 7
12807782 37907592 2
12962281 18035501 2
13171345 18035501 2
18035501 19768541 2
18035501 37907592 1
2936352 3430929 1
2936352 4338696 1
2936352 8074077 1
2936352 11440169 1
2936352 12557832 1
2936352 12607786 1
2936352 12962281 1
2936352 13171345 1
2936352 13262343 1
2936352 14602981 1
2936352 18035501 1
2936352 19768541 1
2936352 22176331 1
2936352 29657142 1
3430929 4338696 5
3430929 8074077 3
3430929 11440169 5
3430929 12557832 6
3430929 12607786 6
3430929 12962281 2
3430929 13171345 6
3430929 13262343 5
3430929 14602981 1
3430929 18035501 1
3430929 19768541 6
3430929 22176331 4
3430929 29657142 3
4338696 14602981 1
4338696 18035501 1
4338696 29657142 2
8074077 14602981 1
8074077 18035501 1
8074077 29657142 1
11440169 14602981 1
11440169 18035501 1
11440169 29657142 2
12557832 14602981 1
12557832 29657142 3
12607786 14602981 1
12607786 29657142 3
12962281 14602981 1
12962281 29657142 1
13171345 14602981 1
13171345 29657142 3
13262343 14602981 1
13262343 18035501 1
13262343 29657142 2
14602981 18035501 1
14602981 19768541 1
14602981 22176331 1
14602981 29657142 1
18035501 22176331 1
18035501 29657142 1
19768541 29657142 3
22176331 29657142 2
126040 719099 1
126040 3430929 1
126040 4338696 1
126040 4997932 1
126040 11201040 1
126040 11440169 1
126040 12530276 1
126040 12557832 1
126040 12607786 1
126040 12807782 1
126040 12962281 1
126040 13171345 1
126040 13262343 1
126040 19768541 1
126040 25063022 1
719099 3430929 4
719099 11201040 1
719099 25063022 1
3430929 4997932 2
3430929 11201040 1
3430929 12530276 2
3430929 12807782 4
3430929 25063022 1
4338696 4997932 2
4338696 11201040 1
4338696 12530276 2
4338696 12807782 4
4338696 25063022 1
4997932 11201040 1
4997932 11440169 1
4997932 13262343 2
4997932 25063022 1
11201040 11440169 1
11201040 12530276 1
11201040 12557832 1
11201040 12607786 1
11201040 12807782 1
11201040 12962281 1
11201040 13171345 1
11201040 13262343 1
11201040 19768541 1
11201040 25063022 1
11440169 12530276 3
11440169 12807782 4
11440169 25063022 1
12530276 13262343 2
12530276 25063022 1
12557832 25063022 1
12607786 25063022 1
12807782 13262343 4
12807782 25063022 1
12962281 25063022 1
13171345 25063022 1
13262343 25063022 1
19768541 25063022 1
719099 3472526 1
719099 11056419 1
719099 41985492 1
3430929 3472526 1
3430929 10755436 3
3430929 11056419 2
3430929 41985492 1
3472526 4338696 1
3472526 8074077 1
3472526 10755436 1
3472526 11056419 1
3472526 11440169 1
3472526 12530276 1
3472526 12557832 1
3472526 12607786 1
3472526 13171345 1
3472526 13262343 1
3472526 19768541 1
3472526 22176331 1
3472526 41985492 1
4338696 10755436 3
4338696 11056419 1
4338696 41985492 1
8074077 10755436 2
8074077 11056419 1
8074077 12530276 1
8074077 41985492 1
10755436 11056419 1
10755436 11440169 4
10755436 13262343 3
10755436 22176331 3
10755436 41985492 1
11056419 11440169 1
11056419 12530276 1
11056419 12557832 2
11056419 12607786 2
11056419 13171345 2
11056419 13262343 1
11056419 19768541 2
11056419 22176331 1
11056419 41985492 1
11440169 41985492 1
12530276 22176331 1
12530276 41985492 1
12557832 41985492 1
12607786 41985492 1
13171345 41985492 1
13262343 41985492 1
19768541 41985492 1
22176331 41985492 1
3430929 11601013 2
3430929 20683261 1
3430929 40973162 1
4997932 11056419 1
4997932 11601013 1
4997932 20683261 1
4997932 29657142 1
4997932 40973162 2
11056419 11601013 1
11056419 12807782 1
11056419 20683261 1
11056419 29657142 1
11056419 40973162 1
11601013 12557832 3
11601013 12607786 3
11601013 12807782 3
11601013 13171345 3
11601013 19768541 3
11601013 20683261 1
11601013 29657142 1
11601013 40973162 1
12557832 20683261 1
12557832 40973162 1
12607786 20683261 1
12607786 40973162 2
12807782 20683261 1
12807782 29657142 2
12807782 40973162 2
13171345 20683261 1
13171345 40973162 2
19768541 20683261 1
19768541 40973162 2
20683261 29657142 1
20683261 40973162 1
29657142 40973162 1
719099 11601013 2
719099 25834572 1
719099 35249962 1
719099 42976532 1
3430929 25834572 1
3430929 35249962 1
3430929 42976532 1
4338696 11601013 1
4338696 25834572 1
4338696 35249962 1
4338696 42976532 1
8074077 11601013 1
8074077 12807782 1
8074077 25834572 1
8074077 35249962 1
8074077 42976532 1
10755436 11601013 2
10755436 25834572 1
10755436 35249962 1
10755436 42976532 1
11440169 11601013 2
11440169 25834572 1
11440169 35249962 1
11440169 42976532 1
11601013 13262343 1
11601013 22176331 1
11601013 25834572 1
11601013 35249962 1
11601013 42976532 1
12557832 25834572 1
12557832 35249962 1
12557832 42976532 1
12607786 25834572 1
12607786 35249962 1
12607786 42976532 1
12807782 22176331 2
12807782 25834572 1
12807782 35249962 1
12807782 42976532 1
13171345 25834572 1
13171345 35249962 1
13171345 42976532 1
13262343 25834572 1
13262343 35249962 1
13262343 42976532 1
19768541 25834572 1
19768541 35249962 1
19768541 42976532 1
22176331 25834572 1
22176331 35249962 1
22176331 42976532 1
25834572 35249962 1
25834572 42976532 1
35249962 42976532 1
719099 2553827 1
719099 7559854 1
719099 12274207 1
719099 40426322 1
719099 40973162 1
2553827 4338696 1
2553827 4997932 1
2553827 7559854 1
2553827 12274207 1
2553827 12607786 1
2553827 12807782 1
2553827 13171345 1
2553827 13262343 1
2553827 19768541 1
2553827 40426322 1
2553827 40973162 1
4338696 7559854 1
4338696 12274207 1
4338696 40426322 1
4338696 40973162 1
4997932 7559854 1
4997932 12274207 1
4997932 40426322 1
7559854 12274207 1
7559854 12607786 1
7559854 12807782 1
7559854 13171345 1
7559854 13262343 1
7559854 19768541 1
7559854 40426322 1
7559854 40973162 1
12274207 12607786 1
12274207 12807782 1
12274207 13171345 1
12274207 13262343 1
12274207 19768541 1
12274207 40426322 1
12274207 40973162 1
12607786 40426322 1
12807782 40426322 1
13171345 40426322 1
13262343 40426322 1
13262343 40973162 1
19768541 40426322 1
40426322 40973162 1
719099 10269758 1
719099 13857699 1
719099 29657142 1
3430929 10269758 1
3430929 13857699 1
3430929 37907592 1
4338696 10269758 1
4338696 13857699 1
10269758 10755436 1
10269758 11440169 1
10269758 12557832 1
10269758 12607786 1
10269758 12807782 1
10269758 13171345 1
10269758 13262343 1
10269758 13857699 1
10269758 19768541 1
10269758 22176331 1
10269758 29657142 1
10269758 37907592 1
10755436 13857699 1
10755436 29657142 1
11440169 13857699 1
12557832 13857699 1
12607786 13857699 1
12807782 13857699 1
13171345 13857699 1
13262343 13857699 1
13857699 19768541 1
13857699 22176331 1
13857699 29657142 1
13857699 37907592 1
29657142 37907592 1
719099 2505769 1
719099 3848368 1
719099 5659724 1
719099 9721543 1
719099 10935832 1
719099 12118915 1
2505769 3848368 1
2505769 5659724 1
2505769 9721543 1
2505769 10755436 1
2505769 10935832 1
2505769 11440169 1
2505769 11601013 1
2505769 12118915 1
2505769 12530276 1
2505769 12557832 1
2505769 12607786 1
2505769 12807782 1
2505769 13171345 1
2505769 19768541 1
3848368 5659724 1
3848368 9721543 1
3848368 10755436 1
3848368 10935832 1
3848368 11440169 1
3848368 11601013 1
3848368 12118915 1
3848368 12530276 1
3848368 12557832 1
3848368 12607786 1
3848368 12807782 1
3848368 13171345 1
3848368 19768541 1
5659724 9721543 1
5659724 10755436 1
5659724 10935832 1
5659724 11440169 1
5659724 11601013 1
5659724 12118915 1
5659724 12530276 1
5659724 12557832 1
5659724 12607786 1
5659724 12807782 1
5659724 13171345 1
5659724 19768541 1
9721543 10755436 1
9721543 10935832 1
9721543 11440169 1
9721543 11601013 1
9721543 12118915 1
9721543 12530276 1
9721543 12557832 1
9721543 12607786 1
9721543 12807782 1
9721543 13171345 1
9721543 19768541 1
10755436 10935832 1
10755436 12118915 1
10935832 11440169 1
10935832 11601013 1
10935832 12118915 1
10935832 12530276 1
10935832 12557832 1
10935832 12607786 1
10935832 12807782 1
10935832 13171345 1
10935832 19768541 1
11440169 12118915 1
11601013 12118915 1
11601013 12530276 1
12118915 12530276 1
12118915 12557832 1
12118915 12607786 1
12118915 12807782 1
12118915 13171345 1
12118915 19768541 1
