47775232 7337985 38174852 37792132 8501254 13262343 12557832 13318278 13107082 48464012 18410381 1931407 8053520 3430929 13171345 57878932 10935832 13645724 10329248 10232610 11056419 14743461 12607786 9115691 4997932 18035501 7631662 7869101 9711532 4422710 10377142 29657142 12322102 32895292 11418108 10269758 13530818 7745730 40460612 50422852 22176331 3898700 7698252 14385871 12640207 16426961 39154902 54688342 3616091 53136092 19768541 39427422 6597092 3055461 12807782 9066215 11543272 33778022 10755436 29918322 1774324 49012212 8260086 4059125 1707126 58256372 719099 55779452 134653
719099 1774324 1
719099 3430929 5
719099 6597092 1
719099 7631662 2
719099 9066215 1
719099 12557832 9
719099 12607786 8
719099 12807782 5
719099 13171345 9
719099 13262343 3
719099 14385871 2
719099 18035501 2
719099 18410381 4
719099 19768541 1
719099 22176331 4
719099 29918322 9
719099 38174852 1
719099 39154902 4
719099 47775232 5
1774324 3430929 1
1774324 6597092 1
1774324 7631662 1
1774324 9066215 1
1774324 12557832 1
1774324 12607786 1
1774324 12807782 1
1774324 13171345 1
1774324 13262343 1
1774324 14385871 1
1774324 18035501 1
1774324 18410381 1
1774324 19768541 1
1774324 22176331 1
1774324 29918322 1
1774324 38174852 1
1774324 39154902 1
1774324 47775232 1
3430929 6597092 1
3430929 7631662 1
3430929 9066215 1
3430929 12557832 5
3430929 12607786 4
3430929 12807782 1
3430929 13171345 5
3430929 13262343 3
3430929 14385871 2
3430929 18035501 2
3430929 18410381 4
3430929 19768541 1
3430929 22176331 3
3430929 29918322 5
3430929 38174852 1
3430929 39154902 4
3430929 47775232 3
6597092 7631662 1
6597092 9066215 1
6597092 12557832 1
6597092 12607786 1
6597092 12807782 1
6597092 13171345 1
6597092 13262343 1
6597092 14385871 1
6597092 18035501 1
6597092 18410381 1
6597092 19768541 1
6597092 22176331 1
6597092 29918322 1
6597092 38174852 1
6597092 39154902 1
6597092 47775232 1
7631662 9066215 1
7631662 12557832 3
7631662 12607786 3
7631662 12807782 2
7631662 13171345 3
7631662 13262343 1
7631662 14385871 1
7631662 18035501 1
7631662 18410381 1
7631662 19768541 1
7631662 22176331 2
7631662 29918322 3
7631662 38174852 1
7631662 39154902 1
7631662 47775232 1
9066215 12557832 1
9066215 12607786 1
9066215 12807782 1
9066215 13171345 1
9066215 13262343 1
9066215 14385871 1
9066215 18035501 1
9066215 18410381 1
9066215 19768541 1
9066215 22176331 1
9066215 29918322 1
9066215 38174852 1
9066215 39154902 1
9066215 47775232 1
12557832 12607786 9
12557832 12807782 5
12557832 13171345 10
12557832 13262343 3
12557832 14385871 2
12557832 18035501 2
12557832 18410381 4
12557832 19768541 1
12557832 22176331 4
12557832 29918322 10
12557832 38174852 1
12557832 39154902 4
12557832 47775232 5
12607786 12807782 5
12607786 13171345 9
12607786 13262343 3
12607786 14385871 2
12607786 18035501 2
12607786 18410381 3
12607786 19768541 1
12607786 22176331 3
12607786 29918322 9
12607786 38174852 1
12607786 39154902 3
12607786 47775232 4
12807782 13171345 5
12807782 13262343 1
12807782 14385871 1
12807782 18035501 1
12807782 18410381 1
12807782 19768541 1
12807782 22176331 2
12807782 29918322 5
12807782 38174852 1
12807782 39154902 1
12807782 47775232 3
13171345 13262343 3
13171345 14385871 2
13171345 18035501 2
13171345 18410381 4
13171345 19768541 1
13171345 22176331 4
13171345 29918322 10
13171345 38174852 1
13171345 39154902 4
13171345 47775232 5
13262343 14385871 2
13262343 18035501 2
13262343 18410381 2
13262343 19768541 1
13262343 22176331 2
13262343 29918322 3
13262343 38174852 1
13262343 39154902 3
13262343 47775232 1
14385871 18035501 1
14385871 18410381 1
14385871 19768541 1
14385871 22176331 2
14385871 29918322 2
14385871 38174852 1
14385871 39154902 2
14385871 47775232 1
18035501 18410381 2
18035501 19768541 1
18035501 22176331 1
18035501 29918322 2
18035501 38174852 1
18035501 39154902 2
18035501 47775232 1
18410381 19768541 1
18410381 22176331 2
18410381 29918322 4
18410381 38174852 1
18410381 39154902 3
18410381 47775232 3
19768541 22176331 1
19768541 29918322 1
19768541 38174852 1
19768541 39154902 1
19768541 47775232 1
22176331 29918322 4
22176331 38174852 1
22176331 39154902 3
22176331 47775232 2
29918322 38174852 1
29918322 39154902 4
29918322 47775232 5
38174852 39154902 1
38174852 47775232 1
39154902 47775232 2
4422710 4997932 1
4422710 7631662 1
4422710 10377142 1
4422710 11543272 1
4422710 12557832 1
4422710 12607786 1
4422710 13171345 1
4422710 14743461 1
4422710 29918322 1
4422710 32895292 1
4422710 48464012 1
4422710 53136092 1
4997932 7631662 1
4997932 10377142 1
4997932 11543272 1
4997932 12557832 4
4997932 12607786 4
4997932 13171345 4
4997932 14743461 1
4997932 29918322 4
4997932 32895292 3
4997932 48464012 2
4997932 53136092 1
7631662 10377142 1
7631662 11543272 1
7631662 14743461 1
7631662 32895292 2
7631662 48464012 1
7631662 53136092 1
10377142 11543272 1
10377142 12557832 1
10377142 12607786 1
10377142 13171345 1
10377142 14743461 1
10377142 29918322 1
10377142 32895292 1
10377142 48464012 1
10377142 53136092 1
11543272 12557832 1
11543272 12607786 1
11543272 13171345 1
11543272 14743461 1
11543272 29918322 1
11543272 32895292 1
11543272 48464012 1
11543272 53136092 1
12557832 14743461 1
12557832 32895292 7
12557832 48464012 2
12557832 53136092 1
12607786 14743461 1
12607786 32895292 6
12607786 48464012 2
12607786 53136092 1
13171345 14743461 1
13171345 32895292 7
13171345 48464012 2
13171345 53136092 1
14743461 29918322 1
14743461 32895292 1
14743461 48464012 1
14743461 53136092 1
29918322 32895292 7
29918322 48464012 2
29918322 53136092 1
32895292 48464012 1
32895292 53136092 1
48464012 53136092 1
719099 3898700 1
719099 7869101 3
719099 9115691 1
719099 10232610 1
719099 10269758 3
719099 16426961 2
719099 29657142 2
719099 33778022 1
719099 40460612 2
719099 49012212 4
719099 55779452 1
3430929 3898700 1
3430929 7869101 3
3430929 9115691 1
3430929 10232610 1
3430929 10269758 1
3430929 16426961 2
3430929 29657142 1
3430929 33778022 1
3430929 40460612 1
3430929 49012212 3
3430929 55779452 1
3898700 7869101 1
3898700 9115691 1
3898700 10232610 1
3898700 10269758 1
3898700 12557832 1
3898700 12607786 1
3898700 13171345 1
3898700 13262343 1
3898700 14385871 1
3898700 16426961 1
3898700 22176331 1
3898700 29657142 1
3898700 29918322 1
3898700 33778022 1
3898700 39154902 1
3898700 40460612 1
3898700 49012212 1
3898700 55779452 1
7869101 9115691 1
7869101 10232610 1
7869101 10269758 1
7869101 12557832 3
7869101 12607786 2
7869101 13171345 3
7869101 13262343 1
7869101 14385871 1
7869101 16426961 1
7869101 22176331 2
7869101 29657142 1
7869101 29918322 3
7869101 33778022 1
7869101 39154902 2
7869101 40460612 1
7869101 49012212 2
7869101 55779452 1
9115691 10232610 1
9115691 10269758 1
9115691 12557832 1
9115691 12607786 1
9115691 13171345 1
9115691 13262343 1
9115691 14385871 1
9115691 16426961 1
9115691 22176331 1
9115691 29657142 1
9115691 29918322 1
9115691 33778022 1
9115691 39154902 1
9115691 40460612 1
9115691 49012212 1
9115691 55779452 1
10232610 10269758 1
10232610 12557832 1
10232610 12607786 1
10232610 13171345 1
10232610 13262343 1
10232610 14385871 1
10232610 16426961 1
10232610 22176331 1
10232610 29657142 1
10232610 29918322 1
10232610 33778022 1
10232610 39154902 1
10232610 40460612 1
10232610 49012212 1
10232610 55779452 1
10269758 12557832 3
10269758 12607786 3
10269758 13171345 3
10269758 13262343 1
10269758 14385871 1
10269758 16426961 1
10269758 22176331 2
10269758 29657142 2
10269758 29918322 3
10269758 33778022 1
10269758 39154902 1
10269758 40460612 2
10269758 49012212 2
10269758 55779452 1
12557832 16426961 2
12557832 29657142 2
12557832 33778022 1
12557832 40460612 2
12557832 49012212 4
12557832 55779452 1
12607786 16426961 2
12607786 29657142 2
12607786 33778022 1
12607786 40460612 2
12607786 49012212 3
12607786 55779452 1
13171345 16426961 2
13171345 29657142 2
13171345 33778022 1
13171345 40460612 2
13171345 49012212 4
13171345 55779452 1
13262343 16426961 2
13262343 29657142 1
13262343 33778022 1
13262343 40460612 1
13262343 49012212 2
13262343 55779452 1
14385871 16426961 1
14385871 29657142 1
14385871 33778022 1
14385871 40460612 1
14385871 49012212 1
14385871 55779452 1
16426961 22176331 1
16426961 29657142 1
16426961 29918322 2
16426961 33778022 1
16426961 39154902 2
16426961 40460612 1
16426961 49012212 2
16426961 55779452 1
22176331 29657142 2
22176331 33778022 1
22176331 40460612 2
22176331 49012212 3
22176331 55779452 1
29657142 29918322 2
29657142 33778022 1
29657142 39154902 1
29657142 40460612 2
29657142 49012212 2
29657142 55779452 1
29918322 33778022 1
29918322 40460612 2
29918322 49012212 4
29918322 55779452 1
33778022 39154902 1
33778022 40460612 1
33778022 49012212 1
33778022 55779452 1
39154902 40460612 1
39154902 49012212 3
39154902 55779452 1
40460612 49012212 2
40460612 55779452 1
49012212 55779452 1
719099 3616091 2
719099 4997932 3
719099 9711532 1
719099 12322102 1
719099 13530818 1
719099 39427422 3
719099 48464012 1
3616091 4997932 2
3616091 9711532 1
3616091 12322102 1
3616091 12557832 2
3616091 12607786 2
3616091 12807782 2
3616091 13171345 2
3616091 13530818 1
3616091 29918322 2
3616091 39427422 2
3616091 47775232 1
3616091 48464012 1
4997932 9711532 1
4997932 12322102 1
4997932 12807782 3
4997932 13530818 1
4997932 39427422 3
4997932 47775232 2
9711532 12322102 1
9711532 12557832 1
9711532 12607786 1
9711532 12807782 1
9711532 13171345 1
9711532 13530818 1
9711532 29918322 1
9711532 39427422 1
9711532 47775232 1
9711532 48464012 1
12322102 12557832 1
12322102 12607786 1
12322102 12807782 1
12322102 13171345 1
12322102 13530818 1
12322102 29918322 1
12322102 39427422 1
12322102 47775232 1
12322102 48464012 1
12557832 13530818 1
12557832 39427422 3
12607786 13530818 1
12607786 39427422 3
12807782 13530818 1
12807782 39427422 3
12807782 48464012 1
13171345 13530818 1
13171345 39427422 3
13530818 29918322 1
13530818 39427422 1
13530818 47775232 1
13530818 48464012 1
29918322 39427422 3
39427422 47775232 2
39427422 48464012 1
47775232 48464012 1
719099 1931407 1
719099 8260086 1
719099 13645724 1
719099 32895292 6
1931407 3430929 1
1931407 7869101 1
1931407 8260086 1
1931407 12557832 1
1931407 12607786 1
1931407 13171345 1
1931407 13645724 1
1931407 18410381 1
1931407 29918322 1
1931407 32895292 1
1931407 47775232 1
3430929 8260086 1
3430929 13645724 1
3430929 32895292 3
7869101 8260086 1
7869101 13645724 1
7869101 18410381 2
7869101 32895292 2
7869101 47775232 2
8260086 12557832 1
8260086 12607786 1
8260086 13171345 1
8260086 13645724 1
8260086 18410381 1
8260086 29918322 1
8260086 32895292 1
8260086 47775232 1
12557832 13645724 1
12607786 13645724 1
13171345 13645724 1
13645724 18410381 1
13645724 29918322 1
13645724 32895292 1
13645724 47775232 1
18410381 32895292 3
32895292 47775232 3
719099 7698252 1
719099 7745730 1
719099 8053520 1
719099 8501254 1
719099 10755436 2
3616091 7698252 1
3616091 7745730 1
3616091 8053520 1
3616091 8501254 1
3616091 10755436 1
3616091 32895292 1
4997932 7698252 1
4997932 7745730 1
4997932 8053520 1
4997932 8501254 1
4997932 10755436 1
7698252 7745730 1
7698252 8053520 1
7698252 8501254 1
7698252 10755436 1
7698252 12557832 1
7698252 12607786 1
7698252 12807782 1
7698252 13171345 1
7698252 29918322 1
7698252 32895292 1
7698252 39427422 1
7745730 8053520 1
7745730 8501254 1
7745730 10755436 1
7745730 12557832 1
7745730 12607786 1
7745730 12807782 1
7745730 13171345 1
7745730 29918322 1
7745730 32895292 1
7745730 39427422 1
8053520 8501254 1
8053520 10755436 1
8053520 12557832 1
8053520 12607786 1
8053520 12807782 1
8053520 13171345 1
8053520 29918322 1
8053520 32895292 1
8053520 39427422 1
8501254 10755436 1
8501254 12557832 1
8501254 12607786 1
8501254 12807782 1
8501254 13171345 1
8501254 29918322 1
8501254 32895292 1
8501254 39427422 1
10755436 12557832 2
10755436 12607786 2
10755436 12807782 2
10755436 13171345 2
10755436 29918322 2
10755436 32895292 2
10755436 39427422 1
12807782 32895292 3
32895292 39427422 2
719099 3055461 1
719099 10935832 1
719099 13107082 1
719099 37792132 1
719099 54688342 1
3055461 3430929 1
3055461 7869101 1
3055461 10935832 1
3055461 12557832 1
3055461 13107082 1
3055461 13171345 1
3055461 18410381 1
3055461 22176331 1
3055461 29918322 1
3055461 32895292 1
3055461 37792132 1
3055461 39154902 1
3055461 47775232 1
3055461 49012212 1
3055461 54688342 1
3430929 10935832 1
3430929 13107082 1
3430929 37792132 1
3430929 54688342 1
7869101 10935832 1
7869101 13107082 1
7869101 37792132 1
7869101 54688342 1
10935832 12557832 1
10935832 13107082 1
10935832 13171345 1
10935832 18410381 1
10935832 22176331 1
10935832 29918322 1
10935832 32895292 1
10935832 37792132 1
10935832 39154902 1
10935832 47775232 1
10935832 49012212 1
10935832 54688342 1
12557832 13107082 1
12557832 37792132 1
12557832 54688342 1
13107082 13171345 1
13107082 18410381 1
13107082 22176331 1
13107082 29918322 1
13107082 32895292 1
13107082 37792132 1
13107082 39154902 1
13107082 47775232 1
13107082 49012212 1
13107082 54688342 1
13171345 37792132 1
13171345 54688342 1
18410381 37792132 1
18410381 49012212 2
18410381 54688342 1
22176331 32895292 2
22176331 37792132 1
22176331 54688342 1
29918322 37792132 1
29918322 54688342 1
32895292 37792132 1
32895292 39154902 2
32895292 49012212 3
32895292 54688342 1
37792132 39154902 1
37792132 47775232 1
37792132 49012212 1
37792132 54688342 1
39154902 54688342 1
47775232 49012212 1
47775232 54688342 1
49012212 54688342 1
134653 719099 1
134653 4059125 1
134653 4997932 1
134653 10269758 1
134653 11418108 1
134653 12557832 1
134653 12607786 1
134653 12807782 1
134653 13171345 1
134653 29918322 1
134653 32895292 1
134653 39427422 1
134653 47775232 1
134653 50422852 1
134653 57878932 1
719099 4059125 1
719099 11418108 1
719099 50422852 1
719099 57878932 1
4059125 4997932 1
4059125 10269758 1
4059125 11418108 1
4059125 12557832 1
4059125 12607786 1
4059125 12807782 1
4059125 13171345 1
4059125 29918322 1
4059125 32895292 1
4059125 39427422 1
4059125 47775232 1
4059125 50422852 1
4059125 57878932 1
4997932 10269758 1
4997932 11418108 1
4997932 50422852 1
4997932 57878932 1
10269758 11418108 1
10269758 12807782 2
10269758 32895292 2
10269758 39427422 1
10269758 47775232 1
10269758 50422852 1
10269758 57878932 1
11418108 12557832 1
11418108 12607786 1
11418108 12807782 1
11418108 13171345 1
11418108 29918322 1
11418108 32895292 1
11418108 39427422 1
11418108 47775232 1
11418108 50422852 1
11418108 57878932 1
12557832 50422852 1
12557832 57878932 1
12607786 50422852 1
12607786 57878932 1
12807782 50422852 1
12807782 57878932 1
13171345 50422852 1
13171345 57878932 1
29918322 50422852 1
29918322 57878932 1
32895292 50422852 1
32895292 57878932 1
39427422 50422852 1
39427422 57878932 1
47775232 50422852 1
47775232 57878932 1
50422852 57878932 1
719099 1707126 2
719099 58256372 1
1707126 7631662 1
1707126 10269758 1
1707126 10755436 1
1707126 12557832 2
1707126 12607786 2
1707126 12807782 1
1707126 13171345 2
1707126 22176331 1
1707126 29657142 1
1707126 29918322 2
1707126 32895292 2
1707126 40460612 1
1707126 49012212 2
1707126 58256372 1
7631662 10269758 1
7631662 10755436 1
7631662 29657142 1
7631662 40460612 1
7631662 49012212 1
7631662 58256372 1
10269758 10755436 1
10269758 58256372 1
10755436 22176331 1
10755436 29657142 1
10755436 40460612 1
10755436 49012212 1
10755436 58256372 1
12557832 58256372 1
12607786 58256372 1
12807782 29657142 1
12807782 40460612 1
12807782 49012212 1
12807782 58256372 1
13171345 58256372 1
22176331 58256372 1
29657142 32895292 1
29657142 58256372 1
29918322 58256372 1
32895292 40460612 1
32895292 58256372 1
40460612 58256372 1
49012212 58256372 1
719099 7337985 1
719099 10329248 1
719099 11056419 1
719099 12640207 1
719099 13318278 1
1707126 3430929 1
1707126 7337985 1
1707126 10329248 1
1707126 11056419 1
1707126 12640207 1
1707126 13262343 1
1707126 13318278 1
1707126 16426961 1
1707126 18035501 1
1707126 18410381 1
1707126 39154902 1
3430929 7337985 1
3430929 10329248 1
3430929 11056419 1
3430929 12640207 1
3430929 13318278 1
7337985 10329248 1
7337985 11056419 1
7337985 12557832 1
7337985 12607786 1
7337985 12640207 1
7337985 13171345 1
7337985 13262343 1
7337985 13318278 1
7337985 16426961 1
7337985 18035501 1
7337985 18410381 1
7337985 29918322 1
7337985 32895292 1
7337985 39154902 1
7337985 49012212 1
10329248 11056419 1
10329248 12557832 1
10329248 12607786 1
10329248 12640207 1
10329248 13171345 1
10329248 13262343 1
10329248 13318278 1
10329248 16426961 1
10329248 18035501 1
10329248 18410381 1
10329248 29918322 1
10329248 32895292 1
10329248 39154902 1
10329248 49012212 1
11056419 12557832 1
11056419 12607786 1
11056419 12640207 1
11056419 13171345 1
11056419 13262343 1
11056419 13318278 1
11056419 16426961 1
11056419 18035501 1
11056419 18410381 1
11056419 29918322 1
11056419 32895292 1
11056419 39154902 1
11056419 49012212 1
12557832 12640207 1
12557832 13318278 1
12607786 12640207 1
12607786 13318278 1
12640207 13171345 1
12640207 13262343 1
12640207 13318278 1
12640207 16426961 1
12640207 18035501 1
12640207 18410381 1
12640207 29918322 1
12640207 32895292 1
12640207 39154902 1
12640207 49012212 1
13171345 13318278 1
13262343 13318278 1
13262343 32895292 1
13318278 16426961 1
13318278 18035501 1
13318278 18410381 1
13318278 29918322 1
13318278 32895292 1
13318278 39154902 1
13318278 49012212 1
16426961 18035501 1
16426961 18410381 1
16426961 32895292 1
18035501 32895292 1
18035501 49012212 1
