12557832 3430929 3040788 13248021 54346262 64524312 16175141 99428392 130970162 14616129 22176331 105804372 10222174 20617311 69310562 12530276 9511524 12807782 25063022 5731440 100416122 4434043 486530 156533892 72825992 115892362 124905612 13171345 31941272 12609184 10329248 89881762 7869101 4225208 87167162 60995772 12375233 13621956 80591052 57903822 9748175 10491090 34471132 116362462 59726562 59736292 2978534 91079912 15462121 7177963 143439602 28183282 135503602 11135223 719099 95024892 132324092 71864062 8269051 157503752 32002312 4848397 8548109 59513102 73605392 8053520 125758742 91128602 152273182 16016681 12607786 18035501 14022958 17027381 93893942 4143928 105106232 71969602 123617092 40460612 90305862 11276626 1612116 84664152 131160922 8074077 108667742 39427422 72319842 8863592 3386222 2607982 141538162 131508082 145275252 63166332 8531325 10830721 74256262 89126792 18410381 153975702 39156122 135628702 17458081 2921892 7164837 80563622 12371365 1001388 12615094 10093497 34857402 82256322 66980292 12640207 14063063 48475612 9064416 4027876 5292013 115742702 145583602 131662322 4059125 120699382 154032122
3430929 7869101 1
3430929 12557832 2
3430929 12607786 2
3430929 13171345 2
3430929 13248021 1
3430929 13621956 1
3430929 48475612 2
3430929 72825992 1
3430929 80563622 2
3430929 108667742 2
3430929 123617092 1
7869101 12557832 2
7869101 12607786 2
7869101 13171345 2
7869101 13248021 2
7869101 13621956 1
7869101 48475612 2
7869101 72825992 1
7869101 80563622 2
7869101 108667742 2
7869101 123617092 1
12557832 12607786 8
12557832 13171345 9
12557832 13248021 2
12557832 13621956 1
12557832 48475612 4
12557832 72825992 1
12557832 80563622 6
12557832 108667742 3
12557832 123617092 1
12607786 13171345 8
12607786 13248021 2
12607786 13621956 1
12607786 48475612 4
12607786 72825992 1
12607786 80563622 7
12607786 108667742 3
12607786 123617092 1
13171345 13248021 2
13171345 13621956 1
13171345 48475612 4
13171345 72825992 1
13171345 80563622 6
13171345 108667742 3
13171345 123617092 1
13248021 13621956 1
13248021 48475612 2
13248021 72825992 1
13248021 80563622 2
13248021 108667742 2
13248021 123617092 1
13621956 48475612 1
13621956 72825992 1
13621956 80563622 1
13621956 108667742 1
13621956 123617092 1
48475612 72825992 1
48475612 80563622 4
48475612 108667742 3
48475612 123617092 1
72825992 80563622 1
72825992 108667742 1
72825992 123617092 1
80563622 108667742 3
80563622 123617092 1
108667742 123617092 1
719099 1001388 2
719099 4027876 2
719099 4143928 2
719099 4434043 1
719099 5292013 1
719099 8863592 1
719099 9064416 1
719099 10222174 2
719099 11276626 1
719099 12557832 5
719099 12607786 4
719099 12807782 2
719099 13171345 5
719099 17458081 1
719099 20617311 1
719099 39156122 1
719099 72319842 5
719099 80591052 1
719099 99428392 1
719099 105804372 3
719099 116362462 1
719099 153975702 3
1001388 4027876 1
1001388 4143928 2
1001388 4434043 1
1001388 5292013 1
1001388 8863592 1
1001388 9064416 1
1001388 10222174 1
1001388 11276626 1
1001388 12557832 2
1001388 12607786 2
1001388 12807782 1
1001388 13171345 2
1001388 17458081 1
1001388 20617311 1
1001388 39156122 1
1001388 72319842 2
1001388 80591052 1
1001388 99428392 1
1001388 105804372 1
1001388 116362462 1
1001388 153975702 1
4027876 4143928 1
4027876 4434043 1
4027876 5292013 1
4027876 8863592 1
4027876 9064416 1
4027876 10222174 2
4027876 11276626 1
4027876 12557832 2
4027876 12607786 2
4027876 12807782 2
4027876 13171345 2
4027876 17458081 1
4027876 20617311 1
4027876 39156122 1
4027876 72319842 2
4027876 80591052 1
4027876 99428392 1
4027876 105804372 1
4027876 116362462 1
4027876 153975702 2
4143928 4434043 1
4143928 5292013 1
4143928 8863592 1
4143928 9064416 1
4143928 10222174 2
4143928 11276626 1
4143928 12557832 3
4143928 12607786 3
4143928 12807782 1
4143928 13171345 3
4143928 17458081 1
4143928 20617311 1
4143928 39156122 1
4143928 72319842 3
4143928 80591052 1
4143928 99428392 1
4143928 105804372 1
4143928 116362462 1
4143928 153975702 2
4434043 5292013 1
4434043 8863592 1
4434043 9064416 1
4434043 10222174 1
4434043 11276626 1
4434043 12557832 1
4434043 12607786 1
4434043 12807782 1
4434043 13171345 1
4434043 17458081 1
4434043 20617311 1
4434043 39156122 1
4434043 72319842 1
4434043 80591052 1
4434043 99428392 1
4434043 105804372 1
4434043 116362462 1
4434043 153975702 1
5292013 8863592 1
5292013 9064416 1
5292013 10222174 1
5292013 11276626 1
5292013 12557832 1
5292013 12607786 1
5292013 12807782 1
5292013 13171345 1
5292013 17458081 1
5292013 20617311 1
5292013 39156122 1
5292013 72319842 1
5292013 80591052 1
5292013 99428392 1
5292013 105804372 1
5292013 116362462 1
5292013 153975702 1
8863592 9064416 1
8863592 10222174 1
8863592 11276626 1
8863592 12557832 1
8863592 12607786 1
8863592 12807782 1
8863592 13171345 1
8863592 17458081 1
8863592 20617311 1
8863592 39156122 1
8863592 72319842 1
8863592 80591052 1
8863592 99428392 1
8863592 105804372 1
8863592 116362462 1
8863592 153975702 1
9064416 10222174 1
9064416 11276626 1
9064416 12557832 1
9064416 12607786 1
9064416 12807782 1
9064416 13171345 1
9064416 17458081 1
9064416 20617311 1
9064416 39156122 1
9064416 72319842 1
9064416 80591052 1
9064416 99428392 1
9064416 105804372 1
9064416 116362462 1
9064416 153975702 1
10222174 11276626 1
10222174 12557832 3
10222174 12607786 3
10222174 12807782 2
10222174 13171345 3
10222174 17458081 1
10222174 20617311 1
10222174 39156122 1
10222174 72319842 3
10222174 80591052 1
10222174 99428392 1
10222174 105804372 1
10222174 116362462 1
10222174 153975702 3
11276626 12557832 1
11276626 12607786 1
11276626 12807782 1
11276626 13171345 1
11276626 17458081 1
11276626 20617311 1
11276626 39156122 1
11276626 72319842 1
11276626 80591052 1
11276626 99428392 1
11276626 105804372 1
11276626 116362462 1
11276626 153975702 1
12557832 12807782 2
12557832 17458081 1
12557832 20617311 1
12557832 39156122 1
12557832 72319842 7
12557832 80591052 1
12557832 99428392 1
12557832 105804372 3
12557832 116362462 1
12557832 153975702 4
12607786 12807782 2
12607786 17458081 1
12607786 20617311 1
12607786 39156122 1
12607786 72319842 7
12607786 80591052 1
12607786 99428392 1
12607786 105804372 3
12607786 116362462 1
12607786 153975702 4
12807782 13171345 2
12807782 17458081 1
12807782 20617311 1
12807782 39156122 1
12807782 72319842 2
12807782 80591052 1
12807782 99428392 1
12807782 105804372 1
12807782 116362462 1
12807782 153975702 2
13171345 17458081 1
13171345 20617311 1
13171345 39156122 1
13171345 72319842 7
13171345 80591052 1
13171345 99428392 1
13171345 105804372 3
13171345 116362462 1
13171345 153975702 4
17458081 20617311 1
17458081 39156122 1
17458081 72319842 1
17458081 80591052 1
17458081 99428392 1
17458081 105804372 1
17458081 116362462 1
17458081 153975702 1
20617311 39156122 1
20617311 72319842 1
20617311 80591052 1
20617311 99428392 1
20617311 105804372 1
20617311 116362462 1
20617311 153975702 1
39156122 72319842 1
39156122 80591052 1
39156122 99428392 1
39156122 105804372 1
39156122 116362462 1
39156122 153975702 1
72319842 80591052 1
72319842 99428392 1
72319842 105804372 4
72319842 116362462 1
72319842 153975702 4
80591052 99428392 1
80591052 105804372 1
80591052 116362462 1
80591052 153975702 1
99428392 105804372 1
99428392 116362462 1
99428392 153975702 1
105804372 116362462 1
105804372 153975702 2
116362462 153975702 1
719099 2978534 3
719099 3040788 1
719099 5731440 2
719099 7869101 1
719099 8074077 1
719099 9748175 2
719099 11135223 1
719099 12640207 2
719099 13248021 1
719099 14063063 1
719099 15462121 1
719099 16175141 1
719099 17027381 1
719099 34857402 1
719099 40460612 1
719099 48475612 1
719099 54346262 1
719099 63166332 1
719099 73605392 1
719099 80563622 2
719099 84664152 1
719099 87167162 1
719099 89126792 2
719099 89881762 2
719099 108667742 1
719099 115892362 1
719099 125758742 1
719099 141538162 1
719099 145275252 1
719099 152273182 1
719099 157503752 1
2978534 3040788 1
2978534 5731440 2
2978534 7869101 1
2978534 8074077 1
2978534 9748175 1
2978534 11135223 1
2978534 12557832 3
2978534 12607786 2
2978534 12640207 2
2978534 13171345 3
2978534 13248021 1
2978534 14063063 1
2978534 15462121 1
2978534 16175141 1
2978534 17027381 1
2978534 34857402 1
2978534 40460612 1
2978534 48475612 1
2978534 54346262 1
2978534 63166332 1
2978534 72319842 3
2978534 73605392 1
2978534 80563622 1
2978534 84664152 1
2978534 87167162 1
2978534 89126792 2
2978534 89881762 2
2978534 105804372 2
2978534 108667742 1
2978534 115892362 1
2978534 125758742 1
2978534 141538162 1
2978534 145275252 1
2978534 152273182 1
2978534 153975702 2
2978534 157503752 1
3040788 5731440 1
3040788 7869101 1
3040788 8074077 1
3040788 9748175 2
3040788 11135223 1
3040788 12557832 2
3040788 12607786 2
3040788 12640207 2
3040788 13171345 2
3040788 13248021 1
3040788 14063063 1
3040788 15462121 1
3040788 16175141 1
3040788 17027381 1
3040788 34857402 1
3040788 40460612 1
3040788 48475612 2
3040788 54346262 1
3040788 63166332 1
3040788 72319842 2
3040788 73605392 1
3040788 80563622 2
3040788 84664152 1
3040788 87167162 1
3040788 89126792 1
3040788 89881762 1
3040788 105804372 1
3040788 108667742 2
3040788 115892362 1
3040788 125758742 1
3040788 141538162 2
3040788 145275252 1
3040788 152273182 1
3040788 153975702 1
3040788 157503752 1
5731440 7869101 1
5731440 8074077 1
5731440 9748175 1
5731440 11135223 1
5731440 12557832 2
5731440 12607786 1
5731440 12640207 2
5731440 13171345 2
5731440 13248021 1
5731440 14063063 1
5731440 15462121 1
5731440 16175141 1
5731440 17027381 1
5731440 34857402 1
5731440 40460612 1
5731440 48475612 1
5731440 54346262 1
5731440 63166332 1
5731440 72319842 2
5731440 73605392 1
5731440 80563622 1
5731440 84664152 1
5731440 87167162 1
5731440 89126792 2
5731440 89881762 2
5731440 105804372 2
5731440 108667742 1
5731440 115892362 1
5731440 125758742 1
5731440 141538162 1
5731440 145275252 1
5731440 152273182 1
5731440 153975702 1
5731440 157503752 1
7869101 8074077 1
7869101 9748175 1
7869101 11135223 1
7869101 12640207 1
7869101 14063063 1
7869101 15462121 1
7869101 16175141 1
7869101 17027381 1
7869101 34857402 1
7869101 40460612 1
7869101 54346262 1
7869101 63166332 1
7869101 72319842 1
7869101 73605392 1
7869101 84664152 1
7869101 87167162 1
7869101 89126792 1
7869101 89881762 1
7869101 105804372 1
7869101 115892362 1
7869101 125758742 1
7869101 141538162 1
7869101 145275252 1
7869101 152273182 1
7869101 153975702 1
7869101 157503752 1
8074077 9748175 1
8074077 11135223 1
8074077 12557832 1
8074077 12607786 1
8074077 12640207 1
8074077 13171345 1
8074077 13248021 1
8074077 14063063 1
8074077 15462121 1
8074077 16175141 1
8074077 17027381 1
8074077 34857402 1
8074077 40460612 1
8074077 48475612 1
8074077 54346262 1
8074077 63166332 1
8074077 72319842 1
8074077 73605392 1
8074077 80563622 1
8074077 84664152 1
8074077 87167162 1
8074077 89126792 1
8074077 89881762 1
8074077 105804372 1
8074077 108667742 1
8074077 115892362 1
8074077 125758742 1
8074077 141538162 1
8074077 145275252 1
8074077 152273182 1
8074077 153975702 1
8074077 157503752 1
9748175 11135223 1
9748175 12557832 5
9748175 12607786 5
9748175 12640207 4
9748175 13171345 5
9748175 13248021 1
9748175 14063063 1
9748175 15462121 1
9748175 16175141 1
9748175 17027381 1
9748175 34857402 1
9748175 40460612 2
9748175 48475612 3
9748175 54346262 1
9748175 63166332 1
9748175 72319842 4
9748175 73605392 1
9748175 80563622 5
9748175 84664152 2
9748175 87167162 1
9748175 89126792 1
9748175 89881762 1
9748175 105804372 1
9748175 108667742 2
9748175 115892362 1
9748175 125758742 2
9748175 141538162 2
9748175 145275252 1
9748175 152273182 1
9748175 153975702 2
9748175 157503752 1
11135223 12557832 1
11135223 12607786 1
11135223 12640207 1
11135223 13171345 1
11135223 13248021 1
11135223 14063063 1
11135223 15462121 1
11135223 16175141 1
11135223 17027381 1
11135223 34857402 1
11135223 40460612 1
11135223 48475612 1
11135223 54346262 1
11135223 63166332 1
11135223 72319842 1
11135223 73605392 1
11135223 80563622 1
11135223 84664152 1
11135223 87167162 1
11135223 89126792 1
11135223 89881762 1
11135223 105804372 1
11135223 108667742 1
11135223 115892362 1
11135223 125758742 1
11135223 141538162 1
11135223 145275252 1
11135223 152273182 1
11135223 153975702 1
11135223 157503752 1
12557832 12640207 5
12557832 14063063 1
12557832 15462121 1
12557832 16175141 1
12557832 17027381 1
12557832 34857402 1
12557832 40460612 2
12557832 54346262 1
12557832 63166332 1
12557832 73605392 1
12557832 84664152 2
12557832 87167162 1
12557832 89126792 2
12557832 89881762 2
12557832 115892362 1
12557832 125758742 2
12557832 141538162 2
12557832 145275252 1
12557832 152273182 1
12557832 157503752 1
12607786 12640207 5
12607786 14063063 1
12607786 15462121 2
12607786 16175141 1
12607786 17027381 1
12607786 34857402 1
12607786 40460612 2
12607786 54346262 1
12607786 63166332 1
12607786 73605392 1
12607786 84664152 2
12607786 87167162 1
12607786 89126792 1
12607786 89881762 2
12607786 115892362 1
12607786 125758742 2
12607786 141538162 2
12607786 145275252 2
12607786 152273182 1
12607786 157503752 1
12640207 13171345 5
12640207 13248021 1
12640207 14063063 1
12640207 15462121 2
12640207 16175141 1
12640207 17027381 1
12640207 34857402 1
12640207 40460612 2
12640207 48475612 3
12640207 54346262 1
12640207 63166332 1
12640207 72319842 5
12640207 73605392 1
12640207 80563622 5
12640207 84664152 2
12640207 87167162 1
12640207 89126792 2
12640207 89881762 3
12640207 105804372 3
12640207 108667742 2
12640207 115892362 1
12640207 125758742 2
12640207 141538162 2
12640207 145275252 2
12640207 152273182 1
12640207 153975702 2
12640207 157503752 1
13171345 14063063 1
13171345 15462121 1
13171345 16175141 1
13171345 17027381 1
13171345 34857402 1
13171345 40460612 2
13171345 54346262 1
13171345 63166332 1
13171345 73605392 1
13171345 84664152 2
13171345 87167162 1
13171345 89126792 2
13171345 89881762 2
13171345 115892362 1
13171345 125758742 2
13171345 141538162 2
13171345 145275252 1
13171345 152273182 1
13171345 157503752 1
13248021 14063063 1
13248021 15462121 1
13248021 16175141 1
13248021 17027381 1
13248021 34857402 1
13248021 40460612 1
13248021 54346262 1
13248021 63166332 1
13248021 72319842 1
13248021 73605392 1
13248021 84664152 1
13248021 87167162 1
13248021 89126792 1
13248021 89881762 1
13248021 105804372 1
13248021 115892362 1
13248021 125758742 1
13248021 141538162 1
13248021 145275252 1
13248021 152273182 1
13248021 153975702 1
13248021 157503752 1
14063063 15462121 1
14063063 16175141 1
14063063 17027381 1
14063063 34857402 1
14063063 40460612 1
14063063 48475612 1
14063063 54346262 1
14063063 63166332 1
14063063 72319842 1
14063063 73605392 1
14063063 80563622 1
14063063 84664152 1
14063063 87167162 1
14063063 89126792 1
14063063 89881762 1
14063063 105804372 1
14063063 108667742 1
14063063 115892362 1
14063063 125758742 1
14063063 141538162 1
14063063 145275252 1
14063063 152273182 1
14063063 153975702 1
14063063 157503752 1
15462121 16175141 1
15462121 17027381 1
15462121 34857402 1
15462121 40460612 1
15462121 48475612 1
15462121 54346262 1
15462121 63166332 1
15462121 72319842 2
15462121 73605392 1
15462121 80563622 2
15462121 84664152 1
15462121 87167162 1
15462121 89126792 1
15462121 89881762 2
15462121 105804372 2
15462121 108667742 1
15462121 115892362 1
15462121 125758742 1
15462121 141538162 1
15462121 145275252 2
15462121 152273182 1
15462121 153975702 1
15462121 157503752 1
16175141 17027381 1
16175141 34857402 1
16175141 40460612 1
16175141 48475612 1
16175141 54346262 1
16175141 63166332 1
16175141 72319842 1
16175141 73605392 1
16175141 80563622 1
16175141 84664152 1
16175141 87167162 1
16175141 89126792 1
16175141 89881762 1
16175141 105804372 1
16175141 108667742 1
16175141 115892362 1
16175141 125758742 1
16175141 141538162 1
16175141 145275252 1
16175141 152273182 1
16175141 153975702 1
16175141 157503752 1
17027381 34857402 1
17027381 40460612 1
17027381 48475612 1
17027381 54346262 1
17027381 63166332 1
17027381 72319842 1
17027381 73605392 1
17027381 80563622 1
17027381 84664152 1
17027381 87167162 1
17027381 89126792 1
17027381 89881762 1
17027381 105804372 1
17027381 108667742 1
17027381 115892362 1
17027381 125758742 1
17027381 141538162 1
17027381 145275252 1
17027381 152273182 1
17027381 153975702 1
17027381 157503752 1
34857402 40460612 1
34857402 48475612 1
34857402 54346262 1
34857402 63166332 1
34857402 72319842 1
34857402 73605392 1
34857402 80563622 1
34857402 84664152 1
34857402 87167162 1
34857402 89126792 1
34857402 89881762 1
34857402 105804372 1
34857402 108667742 1
34857402 115892362 1
34857402 125758742 1
34857402 141538162 1
34857402 145275252 1
34857402 152273182 1
34857402 153975702 1
34857402 157503752 1
40460612 48475612 1
40460612 54346262 1
40460612 63166332 1
40460612 72319842 2
40460612 73605392 1
40460612 80563622 2
40460612 84664152 2
40460612 87167162 1
40460612 89126792 1
40460612 89881762 1
40460612 105804372 1
40460612 108667742 1
40460612 115892362 1
40460612 125758742 2
40460612 141538162 1
40460612 145275252 1
40460612 152273182 1
40460612 153975702 2
40460612 157503752 1
48475612 54346262 1
48475612 63166332 1
48475612 72319842 2
48475612 73605392 1
48475612 84664152 1
48475612 87167162 1
48475612 89126792 1
48475612 89881762 1
48475612 105804372 1
48475612 115892362 1
48475612 125758742 1
48475612 141538162 2
48475612 145275252 1
48475612 152273182 1
48475612 153975702 1
48475612 157503752 1
54346262 63166332 1
54346262 72319842 1
54346262 73605392 1
54346262 80563622 1
54346262 84664152 1
54346262 87167162 1
54346262 89126792 1
54346262 89881762 1
54346262 105804372 1
54346262 108667742 1
54346262 115892362 1
54346262 125758742 1
54346262 141538162 1
54346262 145275252 1
54346262 152273182 1
54346262 153975702 1
54346262 157503752 1
63166332 72319842 1
63166332 73605392 1
63166332 80563622 1
63166332 84664152 1
63166332 87167162 1
63166332 89126792 1
63166332 89881762 1
63166332 105804372 1
63166332 108667742 1
63166332 115892362 1
63166332 125758742 1
63166332 141538162 1
63166332 145275252 1
63166332 152273182 1
63166332 153975702 1
63166332 157503752 1
72319842 73605392 1
72319842 80563622 5
72319842 84664152 2
72319842 87167162 1
72319842 89126792 2
72319842 89881762 3
72319842 108667742 2
72319842 115892362 1
72319842 125758742 2
72319842 141538162 2
72319842 145275252 2
72319842 152273182 1
72319842 157503752 1
73605392 80563622 1
73605392 84664152 1
73605392 87167162 1
73605392 89126792 1
73605392 89881762 1
73605392 105804372 1
73605392 108667742 1
73605392 115892362 1
73605392 125758742 1
73605392 141538162 1
73605392 145275252 1
73605392 152273182 1
73605392 153975702 1
73605392 157503752 1
80563622 84664152 2
80563622 87167162 1
80563622 89126792 1
80563622 89881762 2
80563622 105804372 2
80563622 115892362 1
80563622 125758742 2
80563622 141538162 2
80563622 145275252 2
80563622 152273182 1
80563622 153975702 2
80563622 157503752 1
84664152 87167162 1
84664152 89126792 1
84664152 89881762 1
84664152 105804372 1
84664152 108667742 1
84664152 115892362 1
84664152 125758742 2
84664152 141538162 1
84664152 145275252 1
84664152 152273182 1
84664152 153975702 2
84664152 157503752 1
87167162 89126792 1
87167162 89881762 1
87167162 105804372 1
87167162 108667742 1
87167162 115892362 1
87167162 125758742 1
87167162 141538162 1
87167162 145275252 1
87167162 152273182 1
87167162 153975702 1
87167162 157503752 1
89126792 89881762 2
89126792 105804372 2
89126792 108667742 1
89126792 115892362 1
89126792 125758742 1
89126792 141538162 1
89126792 145275252 1
89126792 152273182 1
89126792 153975702 1
89126792 157503752 1
89881762 105804372 3
89881762 108667742 1
89881762 115892362 1
89881762 125758742 1
89881762 141538162 1
89881762 145275252 2
89881762 152273182 1
89881762 153975702 1
89881762 157503752 1
105804372 108667742 1
105804372 115892362 1
105804372 125758742 1
105804372 141538162 1
105804372 145275252 2
105804372 152273182 1
105804372 157503752 1
108667742 115892362 1
108667742 125758742 1
108667742 141538162 2
108667742 145275252 1
108667742 152273182 1
108667742 153975702 1
108667742 157503752 1
115892362 125758742 1
115892362 141538162 1
115892362 145275252 1
115892362 152273182 1
115892362 153975702 1
115892362 157503752 1
125758742 141538162 1
125758742 145275252 1
125758742 152273182 1
125758742 153975702 2
125758742 157503752 1
141538162 145275252 1
141538162 152273182 1
141538162 153975702 1
141538162 157503752 1
145275252 152273182 1
145275252 153975702 1
145275252 157503752 1
152273182 153975702 1
152273182 157503752 1
153975702 157503752 1
719099 3386222 1
719099 4059125 2
719099 8053520 2
719099 105106232 1
719099 131508082 1
719099 135628702 1
2978534 3386222 1
2978534 4027876 1
2978534 4059125 1
2978534 8053520 2
2978534 10222174 1
2978534 12807782 1
2978534 105106232 1
2978534 131508082 1
2978534 135628702 1
3386222 4027876 1
3386222 4059125 1
3386222 8053520 2
3386222 10222174 2
3386222 12557832 2
3386222 12607786 3
3386222 12807782 1
3386222 13171345 2
3386222 72319842 3
3386222 105106232 1
3386222 131508082 1
3386222 135628702 3
3386222 153975702 2
4027876 4059125 1
4027876 8053520 1
4027876 105106232 1
4027876 131508082 1
4027876 135628702 1
4059125 8053520 1
4059125 10222174 1
4059125 12557832 2
4059125 12607786 2
4059125 12807782 1
4059125 13171345 2
4059125 72319842 2
4059125 105106232 1
4059125 131508082 1
4059125 135628702 1
4059125 153975702 1
8053520 10222174 2
8053520 12557832 3
8053520 12607786 2
8053520 12807782 1
8053520 13171345 3
8053520 72319842 3
8053520 105106232 1
8053520 131508082 1
8053520 135628702 2
8053520 153975702 2
10222174 105106232 1
10222174 131508082 1
10222174 135628702 2
12557832 105106232 1
12557832 131508082 1
12557832 135628702 2
12607786 105106232 1
12607786 131508082 1
12607786 135628702 3
12807782 105106232 1
12807782 131508082 1
12807782 135628702 1
13171345 105106232 1
13171345 131508082 1
13171345 135628702 2
72319842 105106232 1
72319842 131508082 1
72319842 135628702 3
105106232 131508082 1
105106232 135628702 1
105106232 153975702 1
131508082 135628702 1
131508082 153975702 1
135628702 153975702 2
719099 7177963 1
719099 8531325 1
719099 12530276 1
719099 12609184 1
719099 22176331 1
719099 34471132 1
719099 69310562 1
719099 115742702 1
719099 143439602 1
2978534 7177963 1
2978534 8531325 1
2978534 12530276 1
2978534 12609184 1
2978534 22176331 1
2978534 34471132 1
2978534 69310562 1
2978534 115742702 1
2978534 143439602 1
5731440 7177963 1
5731440 8053520 1
5731440 8531325 1
5731440 12530276 1
5731440 12609184 1
5731440 22176331 1
5731440 34471132 1
5731440 69310562 1
5731440 115742702 1
5731440 143439602 1
7177963 8053520 1
7177963 8531325 1
7177963 12530276 1
7177963 12557832 1
7177963 12609184 1
7177963 12640207 1
7177963 13171345 1
7177963 22176331 1
7177963 34471132 1
7177963 69310562 1
7177963 72319842 1
7177963 89126792 1
7177963 89881762 1
7177963 105804372 1
7177963 115742702 1
7177963 143439602 1
8053520 8531325 1
8053520 12530276 1
8053520 12609184 1
8053520 12640207 2
8053520 22176331 1
8053520 34471132 1
8053520 69310562 1
8053520 89126792 1
8053520 89881762 1
8053520 105804372 1
8053520 115742702 1
8053520 143439602 1
8531325 12530276 1
8531325 12557832 1
8531325 12609184 1
8531325 12640207 1
8531325 13171345 1
8531325 22176331 1
8531325 34471132 1
8531325 69310562 1
8531325 72319842 1
8531325 89126792 1
8531325 89881762 1
8531325 105804372 1
8531325 115742702 1
8531325 143439602 1
12530276 12557832 1
12530276 12609184 1
12530276 12640207 1
12530276 13171345 1
12530276 22176331 1
12530276 34471132 1
12530276 69310562 1
12530276 72319842 1
12530276 89126792 1
12530276 89881762 1
12530276 105804372 1
12530276 115742702 1
12530276 143439602 1
12557832 12609184 1
12557832 22176331 1
12557832 34471132 1
12557832 69310562 1
12557832 115742702 1
12557832 143439602 1
12609184 12640207 1
12609184 13171345 1
12609184 22176331 1
12609184 34471132 1
12609184 69310562 1
12609184 72319842 1
12609184 89126792 1
12609184 89881762 1
12609184 105804372 1
12609184 115742702 1
12609184 143439602 1
12640207 22176331 1
12640207 34471132 1
12640207 69310562 1
12640207 115742702 1
12640207 143439602 1
13171345 22176331 1
13171345 34471132 1
13171345 69310562 1
13171345 115742702 1
13171345 143439602 1
22176331 34471132 1
22176331 69310562 1
22176331 72319842 1
22176331 89126792 1
22176331 89881762 1
22176331 105804372 1
22176331 115742702 1
22176331 143439602 1
34471132 69310562 1
34471132 72319842 1
34471132 89126792 1
34471132 89881762 1
34471132 105804372 1
34471132 115742702 1
34471132 143439602 1
69310562 72319842 1
69310562 89126792 1
69310562 89881762 1
69310562 105804372 1
69310562 115742702 1
69310562 143439602 1
72319842 115742702 1
72319842 143439602 1
89126792 115742702 1
89126792 143439602 1
89881762 115742702 1
89881762 143439602 1
105804372 115742702 1
105804372 143439602 1
115742702 143439602 1
486530 2607982 1
486530 3386222 1
486530 4143928 1
486530 4225208 1
486530 4848397 1
486530 7164837 1
486530 8053520 1
486530 8548109 1
486530 9748175 1
486530 10222174 1
486530 10491090 1
486530 10830721 1
486530 12371365 1
486530 12557832 1
486530 12607786 1
486530 12640207 1
486530 13171345 1
486530 14022958 1
486530 14616129 1
486530 18410381 1
486530 25063022 1
486530 28183282 1
486530 31941272 1
486530 40460612 1
486530 57903822 1
486530 59726562 1
486530 71969602 1
486530 72319842 1
486530 74256262 1
486530 80563622 1
486530 84664152 1
486530 90305862 1
486530 91079912 1
486530 95024892 1
486530 100416122 1
486530 125758742 1
486530 131160922 1
486530 135628702 1
486530 145583602 1
486530 153975702 1
2607982 3386222 1
2607982 4143928 1
2607982 4225208 1
2607982 4848397 1
2607982 7164837 1
2607982 8053520 1
2607982 8548109 1
2607982 9748175 1
2607982 10222174 1
2607982 10491090 1
2607982 10830721 1
2607982 12371365 1
2607982 12557832 1
2607982 12607786 1
2607982 12640207 1
2607982 13171345 1
2607982 14022958 1
2607982 14616129 1
2607982 18410381 1
2607982 25063022 1
2607982 28183282 1
2607982 31941272 1
2607982 40460612 1
2607982 57903822 1
2607982 59726562 1
2607982 71969602 1
2607982 72319842 1
2607982 74256262 1
2607982 80563622 1
2607982 84664152 1
2607982 90305862 1
2607982 91079912 1
2607982 95024892 1
2607982 100416122 1
2607982 125758742 1
2607982 131160922 1
2607982 135628702 1
2607982 145583602 1
2607982 153975702 1
3386222 4143928 1
3386222 4225208 1
3386222 4848397 1
3386222 7164837 1
3386222 8548109 1
3386222 9748175 1
3386222 10491090 1
3386222 10830721 1
3386222 12371365 1
3386222 12640207 2
3386222 14022958 1
3386222 14616129 1
3386222 18410381 1
3386222 25063022 1
3386222 28183282 1
3386222 31941272 1
3386222 40460612 1
3386222 57903822 1
3386222 59726562 1
3386222 71969602 1
3386222 74256262 1
3386222 80563622 2
3386222 84664152 1
3386222 90305862 1
3386222 91079912 1
3386222 95024892 1
3386222 100416122 1
3386222 125758742 1
3386222 131160922 1
3386222 145583602 1
4143928 4225208 1
4143928 4848397 1
4143928 7164837 1
4143928 8053520 1
4143928 8548109 1
4143928 9748175 2
4143928 10491090 1
4143928 10830721 1
4143928 12371365 1
4143928 12640207 1
4143928 14022958 1
4143928 14616129 1
4143928 18410381 1
4143928 25063022 1
4143928 28183282 1
4143928 31941272 1
4143928 40460612 1
4143928 57903822 1
4143928 59726562 1
4143928 71969602 1
4143928 74256262 1
4143928 80563622 2
4143928 84664152 1
4143928 90305862 1
4143928 91079912 1
4143928 95024892 1
4143928 100416122 1
4143928 125758742 1
4143928 131160922 1
4143928 135628702 1
4143928 145583602 1
4225208 4848397 1
4225208 7164837 1
4225208 8053520 1
4225208 8548109 1
4225208 9748175 1
4225208 10222174 1
4225208 10491090 1
4225208 10830721 1
4225208 12371365 1
4225208 12557832 1
4225208 12607786 1
4225208 12640207 1
4225208 13171345 1
4225208 14022958 1
4225208 14616129 1
4225208 18410381 1
4225208 25063022 1
4225208 28183282 1
4225208 31941272 1
4225208 40460612 1
4225208 57903822 1
4225208 59726562 1
4225208 71969602 1
4225208 72319842 1
4225208 74256262 1
4225208 80563622 1
4225208 84664152 1
4225208 90305862 1
4225208 91079912 1
4225208 95024892 1
4225208 100416122 1
4225208 125758742 1
4225208 131160922 1
4225208 135628702 1
4225208 145583602 1
4225208 153975702 1
4848397 7164837 1
4848397 8053520 1
4848397 8548109 1
4848397 9748175 1
4848397 10222174 1
4848397 10491090 1
4848397 10830721 1
4848397 12371365 1
4848397 12557832 1
4848397 12607786 1
4848397 12640207 1
4848397 13171345 1
4848397 14022958 1
4848397 14616129 1
4848397 18410381 1
4848397 25063022 1
4848397 28183282 1
4848397 31941272 1
4848397 40460612 1
4848397 57903822 1
4848397 59726562 1
4848397 71969602 1
4848397 72319842 1
4848397 74256262 1
4848397 80563622 1
4848397 84664152 1
4848397 90305862 1
4848397 91079912 1
4848397 95024892 1
4848397 100416122 1
4848397 125758742 1
4848397 131160922 1
4848397 135628702 1
4848397 145583602 1
4848397 153975702 1
7164837 8053520 1
7164837 8548109 1
7164837 9748175 1
7164837 10222174 1
7164837 10491090 1
7164837 10830721 1
7164837 12371365 1
7164837 12557832 1
7164837 12607786 1
7164837 12640207 1
7164837 13171345 1
7164837 14022958 1
7164837 14616129 1
7164837 18410381 1
7164837 25063022 1
7164837 28183282 1
7164837 31941272 1
7164837 40460612 1
7164837 57903822 1
7164837 59726562 1
7164837 71969602 1
7164837 72319842 1
7164837 74256262 1
7164837 80563622 1
7164837 84664152 1
7164837 90305862 1
7164837 91079912 1
7164837 95024892 1
7164837 100416122 1
7164837 125758742 1
7164837 131160922 1
7164837 135628702 1
7164837 145583602 1
7164837 153975702 1
8053520 8548109 1
8053520 9748175 1
8053520 10491090 1
8053520 10830721 1
8053520 12371365 1
8053520 14022958 1
8053520 14616129 1
8053520 18410381 1
8053520 25063022 1
8053520 28183282 1
8053520 31941272 1
8053520 40460612 1
8053520 57903822 1
8053520 59726562 1
8053520 71969602 1
8053520 74256262 1
8053520 80563622 1
8053520 84664152 1
8053520 90305862 1
8053520 91079912 1
8053520 95024892 1
8053520 100416122 1
8053520 125758742 1
8053520 131160922 1
8053520 145583602 1
8548109 9748175 1
8548109 10222174 1
8548109 10491090 1
8548109 10830721 1
8548109 12371365 1
8548109 12557832 1
8548109 12607786 1
8548109 12640207 1
8548109 13171345 1
8548109 14022958 1
8548109 14616129 1
8548109 18410381 1
8548109 25063022 1
8548109 28183282 1
8548109 31941272 1
8548109 40460612 1
8548109 57903822 1
8548109 59726562 1
8548109 71969602 1
8548109 72319842 1
8548109 74256262 1
8548109 80563622 1
8548109 84664152 1
8548109 90305862 1
8548109 91079912 1
8548109 95024892 1
8548109 100416122 1
8548109 125758742 1
8548109 131160922 1
8548109 135628702 1
8548109 145583602 1
8548109 153975702 1
9748175 10222174 1
9748175 10491090 1
9748175 10830721 1
9748175 12371365 1
9748175 14022958 1
9748175 14616129 1
9748175 18410381 2
9748175 25063022 1
9748175 28183282 1
9748175 31941272 1
9748175 57903822 1
9748175 59726562 1
9748175 71969602 1
9748175 74256262 1
9748175 90305862 1
9748175 91079912 1
9748175 95024892 1
9748175 100416122 1
9748175 131160922 1
9748175 135628702 1
9748175 145583602 1
10222174 10491090 1
10222174 10830721 1
10222174 12371365 1
10222174 12640207 1
10222174 14022958 1
10222174 14616129 1
10222174 18410381 1
10222174 25063022 1
10222174 28183282 1
10222174 31941272 1
10222174 40460612 1
10222174 57903822 1
10222174 59726562 1
10222174 71969602 1
10222174 74256262 1
10222174 80563622 1
10222174 84664152 1
10222174 90305862 1
10222174 91079912 1
10222174 95024892 1
10222174 100416122 1
10222174 125758742 1
10222174 131160922 1
10222174 145583602 1
10491090 10830721 1
10491090 12371365 1
10491090 12557832 1
10491090 12607786 1
10491090 12640207 1
10491090 13171345 1
10491090 14022958 1
10491090 14616129 1
10491090 18410381 1
10491090 25063022 1
10491090 28183282 1
10491090 31941272 1
10491090 40460612 1
10491090 57903822 1
10491090 59726562 1
10491090 71969602 1
10491090 72319842 1
10491090 74256262 1
10491090 80563622 1
10491090 84664152 1
10491090 90305862 1
10491090 91079912 1
10491090 95024892 1
10491090 100416122 1
10491090 125758742 1
10491090 131160922 1
10491090 135628702 1
10491090 145583602 1
10491090 153975702 1
10830721 12371365 1
10830721 12557832 1
10830721 12607786 1
10830721 12640207 1
10830721 13171345 1
10830721 14022958 1
10830721 14616129 1
10830721 18410381 1
10830721 25063022 1
10830721 28183282 1
10830721 31941272 1
10830721 40460612 1
10830721 57903822 1
10830721 59726562 1
10830721 71969602 1
10830721 72319842 1
10830721 74256262 1
10830721 80563622 1
10830721 84664152 1
10830721 90305862 1
10830721 91079912 1
10830721 95024892 1
10830721 100416122 1
10830721 125758742 1
10830721 131160922 1
10830721 135628702 1
10830721 145583602 1
10830721 153975702 1
12371365 12557832 1
12371365 12607786 1
12371365 12640207 1
12371365 13171345 1
12371365 14022958 1
12371365 14616129 1
12371365 18410381 1
12371365 25063022 1
12371365 28183282 1
12371365 31941272 1
12371365 40460612 1
12371365 57903822 1
12371365 59726562 1
12371365 71969602 1
12371365 72319842 1
12371365 74256262 1
12371365 80563622 1
12371365 84664152 1
12371365 90305862 1
12371365 91079912 1
12371365 95024892 1
12371365 100416122 1
12371365 125758742 1
12371365 131160922 1
12371365 135628702 1
12371365 145583602 1
12371365 153975702 1
12557832 14022958 1
12557832 14616129 1
12557832 18410381 2
12557832 25063022 1
12557832 28183282 1
12557832 31941272 1
12557832 57903822 1
12557832 59726562 1
12557832 71969602 1
12557832 74256262 1
12557832 90305862 1
12557832 91079912 1
12557832 95024892 1
12557832 100416122 1
12557832 131160922 1
12557832 145583602 1
12607786 14022958 1
12607786 14616129 1
12607786 18410381 2
12607786 25063022 1
12607786 28183282 1
12607786 31941272 1
12607786 57903822 1
12607786 59726562 1
12607786 71969602 1
12607786 74256262 1
12607786 90305862 1
12607786 91079912 1
12607786 95024892 1
12607786 100416122 1
12607786 131160922 1
12607786 145583602 1
12640207 14022958 1
12640207 14616129 1
12640207 18410381 2
12640207 25063022 1
12640207 28183282 1
12640207 31941272 1
12640207 57903822 1
12640207 59726562 1
12640207 71969602 1
12640207 74256262 1
12640207 90305862 1
12640207 91079912 1
12640207 95024892 1
12640207 100416122 1
12640207 131160922 1
12640207 135628702 2
12640207 145583602 1
13171345 14022958 1
13171345 14616129 1
13171345 18410381 2
13171345 25063022 1
13171345 28183282 1
13171345 31941272 1
13171345 57903822 1
13171345 59726562 1
13171345 71969602 1
13171345 74256262 1
13171345 90305862 1
13171345 91079912 1
13171345 95024892 1
13171345 100416122 1
13171345 131160922 1
13171345 145583602 1
14022958 14616129 1
14022958 18410381 1
14022958 25063022 1
14022958 28183282 1
14022958 31941272 1
14022958 40460612 1
14022958 57903822 1
14022958 59726562 1
14022958 71969602 1
14022958 72319842 1
14022958 74256262 1
14022958 80563622 1
14022958 84664152 1
14022958 90305862 1
14022958 91079912 1
14022958 95024892 1
14022958 100416122 1
14022958 125758742 1
14022958 131160922 1
14022958 135628702 1
14022958 145583602 1
14022958 153975702 1
14616129 18410381 1
14616129 25063022 1
14616129 28183282 1
14616129 31941272 1
14616129 40460612 1
14616129 57903822 1
14616129 59726562 1
14616129 71969602 1
14616129 72319842 1
14616129 74256262 1
14616129 80563622 1
14616129 84664152 1
14616129 90305862 1
14616129 91079912 1
14616129 95024892 1
14616129 100416122 1
14616129 125758742 1
14616129 131160922 1
14616129 135628702 1
14616129 145583602 1
14616129 153975702 1
18410381 25063022 1
18410381 28183282 1
18410381 31941272 1
18410381 40460612 1
18410381 57903822 1
18410381 59726562 1
18410381 71969602 1
18410381 72319842 2
18410381 74256262 1
18410381 80563622 2
18410381 84664152 1
18410381 90305862 1
18410381 91079912 1
18410381 95024892 1
18410381 100416122 1
18410381 125758742 1
18410381 131160922 1
18410381 135628702 1
18410381 145583602 1
18410381 153975702 1
25063022 28183282 1
25063022 31941272 1
25063022 40460612 1
25063022 57903822 1
25063022 59726562 1
25063022 71969602 1
25063022 72319842 1
25063022 74256262 1
25063022 80563622 1
25063022 84664152 1
25063022 90305862 1
25063022 91079912 1
25063022 95024892 1
25063022 100416122 1
25063022 125758742 1
25063022 131160922 1
25063022 135628702 1
25063022 145583602 1
25063022 153975702 1
28183282 31941272 1
28183282 40460612 1
28183282 57903822 1
28183282 59726562 1
28183282 71969602 1
28183282 72319842 1
28183282 74256262 1
28183282 80563622 1
28183282 84664152 1
28183282 90305862 1
28183282 91079912 1
28183282 95024892 1
28183282 100416122 1
28183282 125758742 1
28183282 131160922 1
28183282 135628702 1
28183282 145583602 1
28183282 153975702 1
31941272 40460612 1
31941272 57903822 1
31941272 59726562 1
31941272 71969602 1
31941272 72319842 1
31941272 74256262 1
31941272 80563622 1
31941272 84664152 1
31941272 90305862 1
31941272 91079912 1
31941272 95024892 1
31941272 100416122 1
31941272 125758742 1
31941272 131160922 1
31941272 135628702 1
31941272 145583602 1
31941272 153975702 1
40460612 57903822 1
40460612 59726562 1
40460612 71969602 1
40460612 74256262 1
40460612 90305862 1
40460612 91079912 1
40460612 95024892 1
40460612 100416122 1
40460612 131160922 1
40460612 135628702 1
40460612 145583602 1
57903822 59726562 1
57903822 71969602 1
57903822 72319842 1
57903822 74256262 1
57903822 80563622 1
57903822 84664152 1
57903822 90305862 1
57903822 91079912 1
57903822 95024892 1
57903822 100416122 1
57903822 125758742 1
57903822 131160922 1
57903822 135628702 1
57903822 145583602 1
57903822 153975702 1
59726562 71969602 1
59726562 72319842 1
59726562 74256262 1
59726562 80563622 1
59726562 84664152 1
59726562 90305862 1
59726562 91079912 1
59726562 95024892 1
59726562 100416122 1
59726562 125758742 1
59726562 131160922 1
59726562 135628702 1
59726562 145583602 1
59726562 153975702 1
71969602 72319842 1
71969602 74256262 1
71969602 80563622 1
71969602 84664152 1
71969602 90305862 1
71969602 91079912 1
71969602 95024892 1
71969602 100416122 1
71969602 125758742 1
71969602 131160922 1
71969602 135628702 1
71969602 145583602 1
71969602 153975702 1
72319842 74256262 1
72319842 90305862 1
72319842 91079912 1
72319842 95024892 1
72319842 100416122 1
72319842 131160922 1
72319842 145583602 1
74256262 80563622 1
74256262 84664152 1
74256262 90305862 1
74256262 91079912 1
74256262 95024892 1
74256262 100416122 1
74256262 125758742 1
74256262 131160922 1
74256262 135628702 1
74256262 145583602 1
74256262 153975702 1
80563622 90305862 1
80563622 91079912 1
80563622 95024892 1
80563622 100416122 1
80563622 131160922 1
80563622 135628702 2
80563622 145583602 1
84664152 90305862 1
84664152 91079912 1
84664152 95024892 1
84664152 100416122 1
84664152 131160922 1
84664152 135628702 1
84664152 145583602 1
90305862 91079912 1
90305862 95024892 1
90305862 100416122 1
90305862 125758742 1
90305862 131160922 1
90305862 135628702 1
90305862 145583602 1
90305862 153975702 1
91079912 95024892 1
91079912 100416122 1
91079912 125758742 1
91079912 131160922 1
91079912 135628702 1
91079912 145583602 1
91079912 153975702 1
95024892 100416122 1
95024892 125758742 1
95024892 131160922 1
95024892 135628702 1
95024892 145583602 1
95024892 153975702 1
100416122 125758742 1
100416122 131160922 1
100416122 135628702 1
100416122 145583602 1
100416122 153975702 1
125758742 131160922 1
125758742 135628702 1
125758742 145583602 1
131160922 135628702 1
131160922 145583602 1
131160922 153975702 1
135628702 145583602 1
145583602 153975702 1
3040788 3430929 1
3040788 12615094 1
3040788 18035501 1
3040788 18410381 1
3040788 59736292 1
3040788 130970162 1
3040788 132324092 1
3040788 156533892 1
3430929 9748175 1
3430929 12615094 1
3430929 12640207 1
3430929 18035501 1
3430929 18410381 1
3430929 59736292 1
3430929 72319842 1
3430929 130970162 1
3430929 132324092 1
3430929 141538162 1
3430929 156533892 1
9748175 12615094 1
9748175 18035501 1
9748175 59736292 1
9748175 130970162 1
9748175 132324092 1
9748175 156533892 2
12557832 12615094 1
12557832 18035501 1
12557832 59736292 1
12557832 130970162 1
12557832 132324092 1
12557832 156533892 2
12607786 12615094 1
12607786 18035501 1
12607786 59736292 1
12607786 130970162 1
12607786 132324092 2
12607786 156533892 2
12615094 12640207 1
12615094 13171345 1
12615094 18035501 1
12615094 18410381 1
12615094 48475612 1
12615094 59736292 1
12615094 72319842 1
12615094 80563622 1
12615094 108667742 1
12615094 130970162 1
12615094 132324092 1
12615094 141538162 1
12615094 156533892 1
12640207 18035501 1
12640207 59736292 1
12640207 130970162 1
12640207 132324092 2
12640207 156533892 2
13171345 18035501 1
13171345 59736292 1
13171345 130970162 1
13171345 132324092 1
13171345 156533892 2
18035501 18410381 1
18035501 48475612 1
18035501 59736292 1
18035501 72319842 1
18035501 80563622 1
18035501 108667742 1
18035501 130970162 1
18035501 132324092 1
18035501 141538162 1
18035501 156533892 1
18410381 48475612 1
18410381 59736292 1
18410381 108667742 1
18410381 130970162 1
18410381 132324092 1
18410381 141538162 1
18410381 156533892 1
48475612 59736292 1
48475612 130970162 1
48475612 132324092 1
48475612 156533892 2
59736292 72319842 1
59736292 80563622 1
59736292 108667742 1
59736292 130970162 1
59736292 132324092 1
59736292 141538162 1
59736292 156533892 1
72319842 130970162 1
72319842 132324092 2
72319842 156533892 1
80563622 130970162 1
80563622 132324092 2
80563622 156533892 2
108667742 130970162 1
108667742 132324092 1
108667742 156533892 1
130970162 132324092 1
130970162 141538162 1
130970162 156533892 1
132324092 141538162 1
132324092 156533892 1
141538162 156533892 1
2921892 3386222 1
2921892 10093497 1
2921892 12607786 1
2921892 12640207 1
2921892 15462121 1
2921892 16016681 1
2921892 59513102 1
2921892 72319842 1
2921892 80563622 1
2921892 89881762 1
2921892 93893942 1
2921892 105804372 1
2921892 124905612 1
2921892 131662322 1
2921892 132324092 1
2921892 135503602 1
2921892 135628702 1
2921892 145275252 1
3386222 10093497 1
3386222 15462121 1
3386222 16016681 1
3386222 59513102 1
3386222 89881762 1
3386222 93893942 1
3386222 105804372 1
3386222 124905612 1
3386222 131662322 1
3386222 132324092 1
3386222 135503602 1
3386222 145275252 1
10093497 12607786 1
10093497 12640207 1
10093497 15462121 1
10093497 16016681 1
10093497 59513102 1
10093497 72319842 1
10093497 80563622 1
10093497 89881762 1
10093497 93893942 1
10093497 105804372 1
10093497 124905612 1
10093497 131662322 1
10093497 132324092 1
10093497 135503602 1
10093497 135628702 1
10093497 145275252 1
12607786 16016681 1
12607786 59513102 1
12607786 93893942 1
12607786 124905612 1
12607786 131662322 1
12607786 135503602 1
12640207 16016681 1
12640207 59513102 1
12640207 93893942 1
12640207 124905612 1
12640207 131662322 1
12640207 135503602 1
15462121 16016681 1
15462121 59513102 1
15462121 93893942 1
15462121 124905612 1
15462121 131662322 1
15462121 132324092 1
15462121 135503602 1
15462121 135628702 1
16016681 59513102 1
16016681 72319842 1
16016681 80563622 1
16016681 89881762 1
16016681 93893942 1
16016681 105804372 1
16016681 124905612 1
16016681 131662322 1
16016681 132324092 1
16016681 135503602 1
16016681 135628702 1
16016681 145275252 1
59513102 72319842 1
59513102 80563622 1
59513102 89881762 1
59513102 93893942 1
59513102 105804372 1
59513102 124905612 1
59513102 131662322 1
59513102 132324092 1
59513102 135503602 1
59513102 135628702 1
59513102 145275252 1
72319842 93893942 1
72319842 124905612 1
72319842 131662322 1
72319842 135503602 1
80563622 93893942 1
80563622 124905612 1
80563622 131662322 1
80563622 135503602 1
89881762 93893942 1
89881762 124905612 1
89881762 131662322 1
89881762 132324092 1
89881762 135503602 1
89881762 135628702 1
93893942 105804372 1
93893942 124905612 1
93893942 131662322 1
93893942 132324092 1
93893942 135503602 1
93893942 135628702 1
93893942 145275252 1
105804372 124905612 1
105804372 131662322 1
105804372 132324092 1
105804372 135503602 1
105804372 135628702 1
124905612 131662322 1
124905612 132324092 1
124905612 135503602 1
124905612 135628702 1
124905612 145275252 1
131662322 132324092 1
131662322 135503602 1
131662322 135628702 1
131662322 145275252 1
132324092 135503602 1
132324092 135628702 1
132324092 145275252 1
135503602 135628702 1
135503602 145275252 1
135628702 145275252 1
719099 1612116 1
719099 10329248 1
719099 32002312 1
719099 39427422 1
719099 60995772 1
719099 64524312 1
719099 66980292 1
719099 71864062 1
1001388 1612116 1
1001388 4059125 1
1001388 9748175 1
1001388 10329248 1
1001388 32002312 1
1001388 39427422 1
1001388 60995772 1
1001388 64524312 1
1001388 66980292 1
1001388 71864062 1
1001388 80563622 1
1612116 4059125 1
1612116 4143928 1
1612116 9748175 1
1612116 10329248 1
1612116 12557832 1
1612116 12607786 1
1612116 13171345 1
1612116 32002312 1
1612116 39427422 1
1612116 60995772 1
1612116 64524312 1
1612116 66980292 1
1612116 71864062 1
1612116 72319842 1
1612116 80563622 1
4059125 4143928 1
4059125 9748175 1
4059125 10329248 1
4059125 32002312 1
4059125 39427422 1
4059125 60995772 1
4059125 64524312 1
4059125 66980292 1
4059125 71864062 1
4059125 80563622 1
4143928 10329248 1
4143928 32002312 1
4143928 39427422 1
4143928 60995772 1
4143928 64524312 1
4143928 66980292 1
4143928 71864062 1
9748175 10329248 1
9748175 32002312 1
9748175 39427422 1
9748175 60995772 1
9748175 64524312 1
9748175 66980292 1
9748175 71864062 1
10329248 12557832 1
10329248 12607786 1
10329248 13171345 1
10329248 32002312 1
10329248 39427422 1
10329248 60995772 1
10329248 64524312 1
10329248 66980292 1
10329248 71864062 1
10329248 72319842 1
10329248 80563622 1
12557832 32002312 1
12557832 39427422 1
12557832 60995772 1
12557832 64524312 1
12557832 66980292 1
12557832 71864062 1
12607786 32002312 1
12607786 39427422 1
12607786 60995772 1
12607786 64524312 1
12607786 66980292 1
12607786 71864062 1
13171345 32002312 1
13171345 39427422 1
13171345 60995772 1
13171345 64524312 1
13171345 66980292 1
13171345 71864062 1
32002312 39427422 1
32002312 60995772 1
32002312 64524312 1
32002312 66980292 1
32002312 71864062 1
32002312 72319842 1
32002312 80563622 1
39427422 60995772 1
39427422 64524312 1
39427422 66980292 1
39427422 71864062 1
39427422 72319842 1
39427422 80563622 1
60995772 64524312 1
60995772 66980292 1
60995772 71864062 1
60995772 72319842 1
60995772 80563622 1
64524312 66980292 1
64524312 71864062 1
64524312 72319842 1
64524312 80563622 1
66980292 71864062 1
66980292 72319842 1
66980292 80563622 1
71864062 72319842 1
71864062 80563622 1
8269051 9511524 1
8269051 9748175 1
8269051 12375233 1
8269051 12557832 1
8269051 12607786 1
8269051 12640207 1
8269051 13171345 1
8269051 48475612 1
8269051 80563622 1
8269051 82256322 1
8269051 91128602 1
8269051 120699382 1
8269051 154032122 1
8269051 156533892 1
9511524 9748175 1
9511524 12375233 1
9511524 12557832 1
9511524 12607786 1
9511524 12640207 1
9511524 13171345 1
9511524 48475612 1
9511524 80563622 1
9511524 82256322 1
9511524 91128602 1
9511524 120699382 1
9511524 154032122 1
9511524 156533892 1
9748175 12375233 1
9748175 82256322 1
9748175 91128602 1
9748175 120699382 1
9748175 154032122 1
12375233 12557832 1
12375233 12607786 1
12375233 12640207 1
12375233 13171345 1
12375233 48475612 1
12375233 80563622 1
12375233 82256322 1
12375233 91128602 1
12375233 120699382 1
12375233 154032122 1
12375233 156533892 1
12557832 82256322 1
12557832 91128602 1
12557832 120699382 1
12557832 154032122 1
12607786 82256322 1
12607786 91128602 1
12607786 120699382 1
12607786 154032122 1
12640207 82256322 1
12640207 91128602 1
12640207 120699382 1
12640207 154032122 1
13171345 82256322 1
13171345 91128602 1
13171345 120699382 1
13171345 154032122 1
48475612 82256322 1
48475612 91128602 1
48475612 120699382 1
48475612 154032122 1
80563622 82256322 1
80563622 91128602 1
80563622 120699382 1
80563622 154032122 1
82256322 91128602 1
82256322 120699382 1
82256322 154032122 1
82256322 156533892 1
91128602 120699382 1
91128602 154032122 1
91128602 156533892 1
120699382 154032122 1
120699382 156533892 1
154032122 156533892 1
