184601478 178266632 170597772 186299022 186164884 191203482 153727772 36254622 182648352 189755171 112584612 194864807 7258539 162207152 191155005 193276355 194205124 187505989 43738312 190823248 174933982 188887262 182511597 7926765 121730032 182560243 61110262 101447292 186737533
7258539 101447292 5
7258539 182560243 1
7258539 186164884 1
7258539 186299022 2
7258539 186737533 1
7258539 191203482 1
7258539 193276355 5
7258539 194205124 1
101447292 182560243 1
101447292 186164884 1
101447292 186299022 3
101447292 186737533 1
101447292 191203482 1
101447292 193276355 8
101447292 194205124 1
182560243 186164884 1
182560243 186299022 1
182560243 186737533 1
182560243 191203482 1
182560243 193276355 1
182560243 194205124 1
186164884 186299022 1
186164884 186737533 1
186164884 191203482 1
186164884 193276355 1
186164884 194205124 1
186299022 186737533 1
186299022 191203482 1
186299022 193276355 3
186299022 194205124 1
186737533 191203482 1
186737533 193276355 1
186737533 194205124 1
191203482 193276355 1
191203482 194205124 1
193276355 194205124 1
7258539 43738312 1
7258539 174933982 1
7258539 178266632 1
7258539 187505989 1
7258539 190823248 1
43738312 101447292 1
43738312 174933982 1
43738312 178266632 1
43738312 187505989 1
43738312 190823248 1
43738312 193276355 1
101447292 174933982 2
101447292 178266632 1
101447292 187505989 1
101447292 190823248 4
174933982 178266632 1
174933982 187505989 1
174933982 190823248 2
174933982 193276355 2
178266632 187505989 1
178266632 190823248 1
178266632 193276355 1
187505989 190823248 1
187505989 193276355 1
190823248 193276355 3
101447292 162207152 1
101447292 182511597 1
101447292 191155005 1
162207152 182511597 1
162207152 190823248 1
162207152 191155005 1
182511597 190823248 1
182511597 191155005 1
190823248 191155005 1
101447292 170597772 2
7258539 61110262 1
7258539 153727772 1
61110262 101447292 1
61110262 153727772 1
61110262 186299022 1
61110262 193276355 1
101447292 153727772 1
153727772 186299022 1
153727772 193276355 1
7258539 121730032 1
7258539 182648352 1
7258539 184601478 1
7258539 189755171 2
101447292 121730032 1
101447292 182648352 1
101447292 184601478 1
101447292 189755171 2
121730032 182648352 1
121730032 184601478 1
121730032 189755171 1
121730032 193276355 1
182648352 184601478 1
182648352 189755171 1
182648352 193276355 1
184601478 189755171 1
184601478 193276355 1
189755171 193276355 2
7258539 112584612 1
101447292 112584612 1
112584612 189755171 1
112584612 193276355 1
7926765 36254622 1
7926765 101447292 1
7926765 170597772 1
7926765 174933982 1
7926765 190823248 1
7926765 193276355 1
36254622 101447292 1
36254622 170597772 1
36254622 174933982 1
36254622 190823248 1
36254622 193276355 1
170597772 174933982 1
170597772 190823248 1
170597772 193276355 1
101447292 188887262 1
101447292 194864807 1
186299022 188887262 1
186299022 190823248 1
186299022 194864807 1
188887262 190823248 1
188887262 193276355 1
188887262 194864807 1
190823248 194864807 1
193276355 194864807 1
