37263362 95276802 5040645 10297990 82257542 133129 22141451 59831312 47332112 61387032 45531032 61429402 73863962 53149342 71499682 6999461 8372005 23434791 3249191 2751533 39000622 12457135 42734002 46312312 96147252 98367412 49395642 28582972 89115452 9999808 83614272 78765122 79212482 83307842 74254022 70419782 2933706 8309835 83997772 41342932 13587290 2113499 86814812 97013982 6317663 10870496 14468705 75673442 55511652 53251432 4361960 64170602 82005482 43332332 91850222 81479282 30332402 35478772 69659252 85780982 87009912 11751418 76101372
2113499 2751533 5
2113499 9999808 7
2113499 10870496 2
2113499 12457135 1
2113499 23434791 8
2113499 39000622 1
2113499 42734002 7
2113499 61387032 5
2113499 61429402 5
2113499 75673442 5
2113499 76101372 5
2113499 78765122 7
2113499 79212482 1
2113499 81479282 7
2113499 83307842 4
2113499 83997772 7
2113499 85780982 4
2113499 87009912 7
2113499 91850222 3
2751533 9999808 4
2751533 10870496 2
2751533 12457135 1
2751533 23434791 4
2751533 39000622 1
2751533 42734002 5
2751533 61387032 4
2751533 61429402 4
2751533 75673442 4
2751533 76101372 4
2751533 78765122 5
2751533 79212482 1
2751533 81479282 4
2751533 83307842 3
2751533 83997772 4
2751533 85780982 3
2751533 87009912 4
2751533 91850222 2
9999808 10870496 2
9999808 12457135 1
9999808 23434791 7
9999808 39000622 1
9999808 42734002 7
9999808 61387032 4
9999808 61429402 5
9999808 75673442 5
9999808 76101372 5
9999808 78765122 6
9999808 79212482 1
9999808 81479282 7
9999808 83307842 3
9999808 83997772 6
9999808 85780982 3
9999808 87009912 7
9999808 91850222 3
10870496 12457135 1
10870496 23434791 2
10870496 39000622 1
10870496 42734002 2
10870496 61387032 1
10870496 61429402 2
10870496 75673442 2
10870496 76101372 2
10870496 78765122 2
10870496 79212482 1
10870496 81479282 2
10870496 83307842 1
10870496 83997772 2
10870496 85780982 1
10870496 87009912 1
10870496 91850222 2
12457135 23434791 1
12457135 39000622 1
12457135 42734002 1
12457135 61387032 1
12457135 61429402 1
12457135 75673442 1
12457135 76101372 1
12457135 78765122 1
12457135 79212482 1
12457135 81479282 1
12457135 83307842 1
12457135 83997772 1
12457135 85780982 1
12457135 87009912 1
12457135 91850222 1
23434791 39000622 1
23434791 42734002 7
23434791 61387032 4
23434791 61429402 6
23434791 75673442 4
23434791 76101372 4
23434791 78765122 6
23434791 79212482 1
23434791 81479282 8
23434791 83307842 3
23434791 83997772 8
23434791 85780982 3
23434791 87009912 7
23434791 91850222 3
39000622 42734002 1
39000622 61387032 1
39000622 61429402 1
39000622 75673442 1
39000622 76101372 1
39000622 78765122 1
39000622 79212482 1
39000622 81479282 1
39000622 83307842 1
39000622 83997772 1
39000622 85780982 1
39000622 87009912 1
39000622 91850222 1
42734002 61387032 5
42734002 61429402 6
42734002 75673442 5
42734002 76101372 5
42734002 78765122 6
42734002 79212482 1
42734002 81479282 7
42734002 83307842 4
42734002 83997772 6
42734002 85780982 4
42734002 87009912 7
42734002 91850222 3
61387032 61429402 4
61387032 75673442 4
61387032 76101372 4
61387032 78765122 4
61387032 79212482 1
61387032 81479282 4
61387032 83307842 4
61387032 83997772 3
61387032 85780982 4
61387032 87009912 5
61387032 91850222 1
61429402 75673442 4
61429402 76101372 4
61429402 78765122 4
61429402 79212482 1
61429402 81479282 6
61429402 83307842 3
61429402 83997772 5
61429402 85780982 3
61429402 87009912 5
61429402 91850222 2
75673442 76101372 5
75673442 78765122 4
75673442 79212482 1
75673442 81479282 4
75673442 83307842 3
75673442 83997772 3
75673442 85780982 3
75673442 87009912 4
75673442 91850222 2
76101372 78765122 4
76101372 79212482 1
76101372 81479282 4
76101372 83307842 3
76101372 83997772 3
76101372 85780982 3
76101372 87009912 4
76101372 91850222 2
78765122 79212482 1
78765122 81479282 6
78765122 83307842 3
78765122 83997772 6
78765122 85780982 3
78765122 87009912 6
78765122 91850222 3
79212482 81479282 1
79212482 83307842 1
79212482 83997772 1
79212482 85780982 1
79212482 87009912 1
79212482 91850222 1
81479282 83307842 3
81479282 83997772 7
81479282 85780982 3
81479282 87009912 7
81479282 91850222 3
83307842 83997772 2
83307842 85780982 4
83307842 87009912 4
83307842 91850222 1
83997772 85780982 2
83997772 87009912 6
83997772 91850222 3
85780982 87009912 4
85780982 91850222 1
87009912 91850222 2
2113499 6999461 2
2113499 8309835 3
2113499 10297990 6
2113499 28582972 4
2113499 53251432 1
2113499 59831312 2
2113499 64170602 2
2113499 73863962 2
2113499 82257542 2
6999461 8309835 1
6999461 9999808 2
6999461 10297990 1
6999461 23434791 2
6999461 28582972 2
6999461 42734002 2
6999461 53251432 1
6999461 59831312 1
6999461 64170602 1
6999461 73863962 1
6999461 78765122 2
6999461 81479282 2
6999461 82257542 1
6999461 83997772 2
6999461 87009912 1
6999461 91850222 2
8309835 9999808 3
8309835 10297990 3
8309835 23434791 2
8309835 28582972 2
8309835 42734002 2
8309835 53251432 1
8309835 59831312 1
8309835 64170602 2
8309835 73863962 1
8309835 78765122 3
8309835 81479282 2
8309835 82257542 2
8309835 83997772 2
8309835 87009912 3
8309835 91850222 1
9999808 10297990 4
9999808 28582972 5
9999808 53251432 1
9999808 59831312 1
9999808 64170602 2
9999808 73863962 1
9999808 82257542 3
10297990 23434791 5
10297990 28582972 2
10297990 42734002 4
10297990 53251432 1
10297990 59831312 2
10297990 64170602 2
10297990 73863962 2
10297990 78765122 4
10297990 81479282 4
10297990 82257542 2
10297990 83997772 4
10297990 87009912 5
10297990 91850222 1
23434791 28582972 4
23434791 53251432 1
23434791 59831312 2
23434791 64170602 1
23434791 73863962 2
23434791 82257542 2
28582972 42734002 5
28582972 53251432 1
28582972 59831312 1
28582972 64170602 2
28582972 73863962 1
28582972 78765122 4
28582972 81479282 4
28582972 82257542 3
28582972 83997772 4
28582972 87009912 4
28582972 91850222 2
42734002 53251432 1
42734002 59831312 2
42734002 64170602 2
42734002 73863962 2
42734002 82257542 3
53251432 59831312 1
53251432 64170602 1
53251432 73863962 1
53251432 78765122 1
53251432 81479282 1
53251432 82257542 1
53251432 83997772 1
53251432 87009912 1
53251432 91850222 1
59831312 64170602 1
59831312 73863962 2
59831312 78765122 2
59831312 81479282 2
59831312 82257542 1
59831312 83997772 2
59831312 87009912 2
59831312 91850222 1
64170602 73863962 1
64170602 78765122 2
64170602 81479282 1
64170602 82257542 2
64170602 83997772 1
64170602 87009912 2
64170602 91850222 1
73863962 78765122 2
73863962 81479282 2
73863962 82257542 1
73863962 83997772 2
73863962 87009912 2
73863962 91850222 1
78765122 82257542 2
81479282 82257542 2
82257542 83997772 2
82257542 87009912 3
82257542 91850222 1
2113499 2933706 3
2113499 3249191 1
2113499 4361960 4
2113499 6317663 3
2113499 13587290 4
2113499 35478772 2
2113499 43332332 1
2113499 55511652 1
2113499 69659252 1
2113499 74254022 4
2113499 97013982 4
2933706 3249191 1
2933706 4361960 2
2933706 6317663 2
2933706 9999808 3
2933706 10297990 3
2933706 13587290 2
2933706 23434791 2
2933706 35478772 1
2933706 42734002 2
2933706 43332332 1
2933706 55511652 1
2933706 61387032 2
2933706 61429402 1
2933706 69659252 1
2933706 74254022 3
2933706 75673442 2
2933706 76101372 2
2933706 81479282 2
2933706 83307842 2
2933706 85780982 2
2933706 87009912 3
2933706 97013982 1
3249191 4361960 1
3249191 6317663 1
3249191 9999808 1
3249191 10297990 1
3249191 13587290 1
3249191 23434791 1
3249191 35478772 1
3249191 42734002 1
3249191 43332332 1
3249191 55511652 1
3249191 61387032 1
3249191 61429402 1
3249191 69659252 1
3249191 74254022 1
3249191 75673442 1
3249191 76101372 1
3249191 81479282 1
3249191 83307842 1
3249191 85780982 1
3249191 87009912 1
3249191 97013982 1
4361960 6317663 2
4361960 9999808 4
4361960 10297990 2
4361960 13587290 3
4361960 23434791 3
4361960 35478772 2
4361960 42734002 4
4361960 43332332 1
4361960 55511652 1
4361960 61387032 3
4361960 61429402 3
4361960 69659252 1
4361960 74254022 3
4361960 75673442 4
4361960 76101372 4
4361960 81479282 3
4361960 83307842 2
4361960 85780982 2
4361960 87009912 3
4361960 97013982 3
6317663 9999808 2
6317663 10297990 3
6317663 13587290 3
6317663 23434791 2
6317663 35478772 1
6317663 42734002 3
6317663 43332332 1
6317663 55511652 1
6317663 61387032 3
6317663 61429402 2
6317663 69659252 1
6317663 74254022 2
6317663 75673442 2
6317663 76101372 2
6317663 81479282 2
6317663 83307842 3
6317663 85780982 3
6317663 87009912 3
6317663 97013982 2
9999808 13587290 3
9999808 35478772 2
9999808 43332332 1
9999808 55511652 1
9999808 69659252 1
9999808 74254022 5
9999808 97013982 3
10297990 13587290 3
10297990 35478772 1
10297990 43332332 1
10297990 55511652 1
10297990 61387032 3
10297990 61429402 2
10297990 69659252 1
10297990 74254022 3
10297990 75673442 2
10297990 76101372 2
10297990 83307842 3
10297990 85780982 3
10297990 97013982 2
13587290 23434791 3
13587290 35478772 1
13587290 42734002 4
13587290 43332332 1
13587290 55511652 1
13587290 61387032 4
13587290 61429402 3
13587290 69659252 1
13587290 74254022 3
13587290 75673442 3
13587290 76101372 3
13587290 81479282 3
13587290 83307842 3
13587290 85780982 3
13587290 87009912 4
13587290 97013982 3
23434791 35478772 2
23434791 43332332 1
23434791 55511652 1
23434791 69659252 1
23434791 74254022 4
23434791 97013982 4
35478772 42734002 2
35478772 43332332 1
35478772 55511652 1
35478772 61387032 1
35478772 61429402 2
35478772 69659252 1
35478772 74254022 1
35478772 75673442 2
35478772 76101372 2
35478772 81479282 2
35478772 83307842 1
35478772 85780982 1
35478772 87009912 1
35478772 97013982 2
42734002 43332332 1
42734002 55511652 1
42734002 69659252 1
42734002 74254022 4
42734002 97013982 4
43332332 55511652 1
43332332 61387032 1
43332332 61429402 1
43332332 69659252 1
43332332 74254022 1
43332332 75673442 1
43332332 76101372 1
43332332 81479282 1
43332332 83307842 1
43332332 85780982 1
43332332 87009912 1
43332332 97013982 1
55511652 61387032 1
55511652 61429402 1
55511652 69659252 1
55511652 74254022 1
55511652 75673442 1
55511652 76101372 1
55511652 81479282 1
55511652 83307842 1
55511652 85780982 1
55511652 87009912 1
55511652 97013982 1
61387032 69659252 1
61387032 74254022 3
61387032 97013982 3
61429402 69659252 1
61429402 74254022 3
61429402 97013982 4
69659252 74254022 1
69659252 75673442 1
69659252 76101372 1
69659252 81479282 1
69659252 83307842 1
69659252 85780982 1
69659252 87009912 1
69659252 97013982 1
74254022 75673442 3
74254022 76101372 3
74254022 81479282 4
74254022 83307842 2
74254022 85780982 2
74254022 87009912 5
74254022 97013982 2
75673442 97013982 3
76101372 97013982 3
81479282 97013982 4
83307842 97013982 2
85780982 97013982 2
87009912 97013982 3
133129 2113499 1
133129 2751533 1
133129 2933706 1
133129 4361960 1
133129 5040645 1
133129 6317663 1
133129 8309835 1
133129 9999808 1
133129 10297990 1
133129 13587290 1
133129 14468705 1
133129 28582972 1
133129 41342932 1
133129 42734002 1
133129 45531032 1
133129 46312312 1
133129 49395642 1
133129 53149342 1
133129 61387032 1
133129 64170602 1
133129 74254022 1
133129 75673442 1
133129 76101372 1
133129 78765122 1
133129 82005482 1
133129 82257542 1
133129 83307842 1
133129 83614272 1
133129 85780982 1
133129 87009912 1
2113499 5040645 2
2113499 14468705 1
2113499 41342932 2
2113499 45531032 1
2113499 46312312 1
2113499 49395642 1
2113499 53149342 2
2113499 82005482 1
2113499 83614272 1
2751533 2933706 1
2751533 4361960 3
2751533 5040645 2
2751533 6317663 2
2751533 8309835 1
2751533 10297990 2
2751533 13587290 3
2751533 14468705 1
2751533 28582972 3
2751533 41342932 2
2751533 45531032 1
2751533 46312312 1
2751533 49395642 1
2751533 53149342 2
2751533 64170602 1
2751533 74254022 2
2751533 82005482 1
2751533 82257542 1
2751533 83614272 1
2933706 5040645 1
2933706 8309835 2
2933706 14468705 1
2933706 28582972 1
2933706 41342932 1
2933706 45531032 1
2933706 46312312 1
2933706 49395642 1
2933706 53149342 1
2933706 64170602 1
2933706 78765122 2
2933706 82005482 1
2933706 82257542 1
2933706 83614272 1
4361960 5040645 2
4361960 8309835 1
4361960 14468705 1
4361960 28582972 3
4361960 41342932 1
4361960 45531032 1
4361960 46312312 1
4361960 49395642 1
4361960 53149342 1
4361960 64170602 1
4361960 78765122 3
4361960 82005482 1
4361960 82257542 1
4361960 83614272 1
5040645 6317663 1
5040645 8309835 1
5040645 9999808 2
5040645 10297990 1
5040645 13587290 1
5040645 14468705 1
5040645 28582972 2
5040645 41342932 1
5040645 42734002 2
5040645 45531032 1
5040645 46312312 1
5040645 49395642 1
5040645 53149342 1
5040645 61387032 1
5040645 64170602 1
5040645 74254022 1
5040645 75673442 2
5040645 76101372 2
5040645 78765122 2
5040645 82005482 1
5040645 82257542 1
5040645 83307842 1
5040645 83614272 1
5040645 85780982 1
5040645 87009912 1
6317663 8309835 1
6317663 14468705 1
6317663 28582972 1
6317663 41342932 2
6317663 45531032 1
6317663 46312312 1
6317663 49395642 1
6317663 53149342 2
6317663 64170602 1
6317663 78765122 2
6317663 82005482 1
6317663 82257542 1
6317663 83614272 1
8309835 13587290 1
8309835 14468705 1
8309835 41342932 1
8309835 45531032 1
8309835 46312312 1
8309835 49395642 1
8309835 53149342 1
8309835 61387032 1
8309835 74254022 2
8309835 75673442 1
8309835 76101372 1
8309835 82005482 1
8309835 83307842 1
8309835 83614272 1
8309835 85780982 1
9999808 14468705 1
9999808 41342932 1
9999808 45531032 1
9999808 46312312 1
9999808 49395642 1
9999808 53149342 1
9999808 82005482 1
9999808 83614272 1
10297990 14468705 1
10297990 41342932 2
10297990 45531032 1
10297990 46312312 1
10297990 49395642 1
10297990 53149342 2
10297990 82005482 1
10297990 83614272 1
13587290 14468705 1
13587290 28582972 2
13587290 41342932 2
13587290 45531032 1
13587290 46312312 1
13587290 49395642 1
13587290 53149342 2
13587290 64170602 1
13587290 78765122 3
13587290 82005482 1
13587290 82257542 1
13587290 83614272 1
14468705 28582972 1
14468705 41342932 1
14468705 42734002 1
14468705 45531032 1
14468705 46312312 1
14468705 49395642 1
14468705 53149342 1
14468705 61387032 1
14468705 64170602 1
14468705 74254022 1
14468705 75673442 1
14468705 76101372 1
14468705 78765122 1
14468705 82005482 1
14468705 82257542 1
14468705 83307842 1
14468705 83614272 1
14468705 85780982 1
14468705 87009912 1
28582972 41342932 1
28582972 45531032 1
28582972 46312312 1
28582972 49395642 1
28582972 53149342 1
28582972 61387032 2
28582972 74254022 3
28582972 75673442 3
28582972 76101372 3
28582972 82005482 1
28582972 83307842 1
28582972 83614272 1
28582972 85780982 1
41342932 42734002 2
41342932 45531032 1
41342932 46312312 1
41342932 49395642 1
41342932 53149342 2
41342932 61387032 2
41342932 64170602 1
41342932 74254022 1
41342932 75673442 1
41342932 76101372 1
41342932 78765122 2
41342932 82005482 1
41342932 82257542 1
41342932 83307842 2
41342932 83614272 1
41342932 85780982 2
41342932 87009912 2
42734002 45531032 1
42734002 46312312 1
42734002 49395642 1
42734002 53149342 2
42734002 82005482 1
42734002 83614272 1
45531032 46312312 1
45531032 49395642 1
45531032 53149342 1
45531032 61387032 1
45531032 64170602 1
45531032 74254022 1
45531032 75673442 1
45531032 76101372 1
45531032 78765122 1
45531032 82005482 1
45531032 82257542 1
45531032 83307842 1
45531032 83614272 1
45531032 85780982 1
45531032 87009912 1
46312312 49395642 1
46312312 53149342 1
46312312 61387032 1
46312312 64170602 1
46312312 74254022 1
46312312 75673442 1
46312312 76101372 1
46312312 78765122 1
46312312 82005482 1
46312312 82257542 1
46312312 83307842 1
46312312 83614272 1
46312312 85780982 1
46312312 87009912 1
49395642 53149342 1
49395642 61387032 1
49395642 64170602 1
49395642 74254022 1
49395642 75673442 1
49395642 76101372 1
49395642 78765122 1
49395642 82005482 1
49395642 82257542 1
49395642 83307842 1
49395642 83614272 1
49395642 85780982 1
49395642 87009912 1
53149342 61387032 2
53149342 64170602 1
53149342 74254022 1
53149342 75673442 1
53149342 76101372 1
53149342 78765122 2
53149342 82005482 1
53149342 82257542 1
53149342 83307842 2
53149342 83614272 1
53149342 85780982 2
53149342 87009912 2
61387032 64170602 1
61387032 82005482 1
61387032 82257542 1
61387032 83614272 1
64170602 74254022 1
64170602 75673442 1
64170602 76101372 1
64170602 82005482 1
64170602 83307842 1
64170602 83614272 1
64170602 85780982 1
74254022 78765122 3
74254022 82005482 1
74254022 82257542 2
74254022 83614272 1
75673442 82005482 1
75673442 82257542 1
75673442 83614272 1
76101372 82005482 1
76101372 82257542 1
76101372 83614272 1
78765122 82005482 1
78765122 83614272 1
82005482 82257542 1
82005482 83307842 1
82005482 83614272 1
82005482 85780982 1
82005482 87009912 1
82257542 83307842 1
82257542 83614272 1
82257542 85780982 1
83307842 83614272 1
83614272 85780982 1
83614272 87009912 1
8372005 9999808 1
8372005 23434791 1
8372005 28582972 1
8372005 42734002 1
8372005 61429402 1
8372005 74254022 1
8372005 81479282 1
8372005 82257542 1
8372005 83997772 1
8372005 87009912 1
28582972 61429402 3
61429402 82257542 1
74254022 83997772 3
2113499 86814812 3
2751533 59831312 1
2751533 73863962 1
2751533 86814812 3
2751533 97013982 3
6317663 59831312 1
6317663 73863962 1
6317663 83997772 1
6317663 86814812 1
10297990 86814812 1
13587290 59831312 1
13587290 73863962 1
13587290 83997772 2
13587290 86814812 2
23434791 41342932 1
23434791 53149342 1
23434791 86814812 3
41342932 59831312 1
41342932 61429402 1
41342932 73863962 1
41342932 81479282 1
41342932 83997772 1
41342932 86814812 1
41342932 97013982 1
42734002 86814812 3
53149342 59831312 1
53149342 61429402 1
53149342 73863962 1
53149342 81479282 1
53149342 83997772 1
53149342 86814812 1
53149342 97013982 1
59831312 61387032 1
59831312 61429402 1
59831312 83307842 1
59831312 85780982 1
59831312 86814812 1
59831312 97013982 1
61387032 73863962 1
61387032 86814812 2
61429402 73863962 1
61429402 86814812 3
73863962 83307842 1
73863962 85780982 1
73863962 86814812 1
73863962 97013982 1
78765122 86814812 3
78765122 97013982 3
81479282 86814812 3
83307842 86814812 1
83997772 86814812 3
83997772 97013982 3
85780982 86814812 1
86814812 87009912 2
86814812 97013982 3
2113499 11751418 2
2113499 47332112 3
2113499 70419782 1
2113499 89115452 1
2933706 11751418 1
2933706 47332112 1
2933706 70419782 1
2933706 83997772 1
2933706 89115452 1
8309835 11751418 1
8309835 47332112 1
8309835 70419782 1
8309835 89115452 1
9999808 11751418 2
9999808 47332112 3
9999808 70419782 1
9999808 89115452 1
10297990 11751418 1
10297990 47332112 1
10297990 70419782 1
10297990 89115452 1
11751418 23434791 2
11751418 47332112 2
11751418 70419782 1
11751418 74254022 1
11751418 78765122 2
11751418 81479282 2
11751418 83997772 2
11751418 87009912 1
11751418 89115452 1
23434791 47332112 3
23434791 70419782 1
23434791 89115452 1
47332112 70419782 1
47332112 74254022 2
47332112 78765122 3
47332112 81479282 3
47332112 83997772 3
47332112 87009912 2
47332112 89115452 1
70419782 74254022 1
70419782 78765122 1
70419782 81479282 1
70419782 83997772 1
70419782 87009912 1
70419782 89115452 1
74254022 89115452 1
78765122 89115452 1
81479282 89115452 1
83997772 89115452 1
87009912 89115452 1
2113499 22141451 1
2113499 37263362 1
2113499 96147252 1
2113499 98367412 2
2751533 22141451 1
2751533 37263362 1
2751533 47332112 2
2751533 96147252 1
2751533 98367412 2
4361960 22141451 1
4361960 37263362 1
4361960 47332112 2
4361960 83997772 2
4361960 86814812 2
4361960 96147252 1
4361960 98367412 2
9999808 22141451 1
9999808 37263362 1
9999808 86814812 2
9999808 96147252 1
9999808 98367412 2
13587290 22141451 1
13587290 37263362 1
13587290 47332112 1
13587290 96147252 1
13587290 98367412 1
22141451 23434791 1
22141451 28582972 1
22141451 37263362 1
22141451 42734002 1
22141451 47332112 1
22141451 61387032 1
22141451 61429402 1
22141451 74254022 1
22141451 75673442 1
22141451 76101372 1
22141451 78765122 1
22141451 81479282 1
22141451 83997772 1
22141451 86814812 1
22141451 87009912 1
22141451 96147252 1
22141451 97013982 1
22141451 98367412 1
23434791 37263362 1
23434791 96147252 1
23434791 98367412 2
28582972 37263362 1
28582972 47332112 2
28582972 86814812 2
28582972 96147252 1
28582972 97013982 2
28582972 98367412 2
37263362 42734002 1
37263362 47332112 1
37263362 61387032 1
37263362 61429402 1
37263362 74254022 1
37263362 75673442 1
37263362 76101372 1
37263362 78765122 1
37263362 81479282 1
37263362 83997772 1
37263362 86814812 1
37263362 87009912 1
37263362 96147252 1
37263362 97013982 1
37263362 98367412 1
42734002 47332112 2
42734002 96147252 1
42734002 98367412 2
47332112 61387032 1
47332112 61429402 2
47332112 75673442 2
47332112 76101372 2
47332112 86814812 2
47332112 96147252 1
47332112 97013982 2
47332112 98367412 2
61387032 96147252 1
61387032 98367412 1
61429402 96147252 1
61429402 98367412 2
74254022 86814812 1
74254022 96147252 1
74254022 98367412 1
75673442 86814812 2
75673442 96147252 1
75673442 98367412 2
76101372 86814812 2
76101372 96147252 1
76101372 98367412 2
78765122 96147252 1
78765122 98367412 2
81479282 96147252 1
81479282 98367412 2
83997772 96147252 1
83997772 98367412 2
86814812 96147252 1
86814812 98367412 2
87009912 96147252 1
87009912 98367412 1
96147252 97013982 1
96147252 98367412 1
97013982 98367412 2
2113499 30332402 1
2113499 71499682 1
2113499 95276802 1
2751533 6999461 1
2751533 11751418 1
2751533 30332402 1
2751533 35478772 1
2751533 71499682 1
2751533 95276802 1
4361960 6999461 1
4361960 10870496 1
4361960 11751418 1
4361960 30332402 1
4361960 71499682 1
4361960 91850222 1
4361960 95276802 1
5040645 6999461 1
5040645 10870496 1
5040645 11751418 1
5040645 23434791 1
5040645 30332402 1
5040645 35478772 1
5040645 47332112 1
5040645 61429402 1
5040645 71499682 1
5040645 81479282 1
5040645 83997772 1
5040645 86814812 1
5040645 91850222 1
5040645 95276802 1
5040645 97013982 1
5040645 98367412 1
6999461 10870496 1
6999461 11751418 1
6999461 30332402 1
6999461 35478772 1
6999461 47332112 1
6999461 61429402 1
6999461 71499682 1
6999461 75673442 1
6999461 76101372 1
6999461 86814812 1
6999461 95276802 1
6999461 97013982 1
6999461 98367412 1
9999808 30332402 1
9999808 71499682 1
9999808 95276802 1
10870496 11751418 1
10870496 28582972 1
10870496 30332402 1
10870496 35478772 1
10870496 47332112 1
10870496 71499682 1
10870496 86814812 1
10870496 95276802 1
10870496 97013982 1
10870496 98367412 1
11751418 28582972 1
11751418 30332402 1
11751418 35478772 1
11751418 42734002 1
11751418 61429402 1
11751418 71499682 1
11751418 75673442 1
11751418 76101372 1
11751418 86814812 1
11751418 91850222 1
11751418 95276802 1
11751418 97013982 1
11751418 98367412 1
23434791 30332402 1
23434791 71499682 1
23434791 95276802 1
28582972 30332402 1
28582972 35478772 1
28582972 71499682 1
28582972 95276802 1
30332402 35478772 1
30332402 42734002 1
30332402 47332112 1
30332402 61429402 1
30332402 71499682 1
30332402 75673442 1
30332402 76101372 1
30332402 78765122 1
30332402 81479282 1
30332402 83997772 1
30332402 86814812 1
30332402 91850222 1
30332402 95276802 1
30332402 97013982 1
30332402 98367412 1
35478772 47332112 1
35478772 71499682 1
35478772 78765122 1
35478772 83997772 1
35478772 86814812 1
35478772 91850222 1
35478772 95276802 1
35478772 98367412 1
42734002 71499682 1
42734002 95276802 1
47332112 71499682 1
47332112 91850222 1
47332112 95276802 1
61429402 71499682 1
61429402 95276802 1
71499682 75673442 1
71499682 76101372 1
71499682 78765122 1
71499682 81479282 1
71499682 83997772 1
71499682 86814812 1
71499682 91850222 1
71499682 95276802 1
71499682 97013982 1
71499682 98367412 1
75673442 95276802 1
76101372 95276802 1
78765122 95276802 1
81479282 95276802 1
83997772 95276802 1
86814812 91850222 1
86814812 95276802 1
91850222 95276802 1
91850222 97013982 1
91850222 98367412 1
95276802 97013982 1
95276802 98367412 1
