100612992 90707712 77300612 79052932 10297990 129965832 133129 22141451 123426702 59831312 61387032 45531032 61429402 139059352 73967132 85088122 143966622 155366432 155420062 25778342 23434791 96759462 3249191 2751533 106586542 120427822 154970542 125368112 42734002 153936052 97001142 93195702 2597560 20371641 117450042 135820602 152332092 49395642 89115452 9999808 79212482 148782662 109178822 100865352 28179142 83997772 109510352 154803792 64383952 110130642 4654677 79293782 2113499 95718492 17938142 6317663 153035872 75673442 128674662 64170602 150202732 11534833 10740218 124510322 35478772 143405042 11381110 114400632 11751418 11449083 122224892
133129 2751533 2
133129 9999808 1
133129 11449083 3
133129 11751418 2
133129 23434791 3
133129 35478772 2
133129 42734002 1
133129 45531032 3
133129 61387032 2
133129 61429402 2
133129 77300612 2
133129 83997772 1
133129 85088122 1
133129 97001142 2
133129 100612992 3
133129 106586542 2
133129 109510352 2
133129 117450042 2
133129 123426702 2
133129 153035872 2
2751533 9999808 2
2751533 11449083 3
2751533 11751418 2
2751533 23434791 5
2751533 35478772 3
2751533 42734002 1
2751533 45531032 4
2751533 61387032 3
2751533 61429402 4
2751533 77300612 2
2751533 83997772 1
2751533 85088122 1
2751533 97001142 3
2751533 100612992 3
2751533 106586542 4
2751533 109510352 4
2751533 117450042 3
2751533 123426702 5
2751533 153035872 3
9999808 11449083 1
9999808 11751418 1
9999808 23434791 2
9999808 35478772 1
9999808 42734002 1
9999808 45531032 1
9999808 61387032 1
9999808 61429402 1
9999808 77300612 1
9999808 83997772 1
9999808 85088122 1
9999808 97001142 1
9999808 100612992 1
9999808 106586542 1
9999808 109510352 1
9999808 117450042 1
9999808 123426702 2
9999808 153035872 1
11449083 11751418 2
11449083 23434791 5
11449083 35478772 3
11449083 42734002 1
11449083 45531032 4
11449083 61387032 3
11449083 61429402 3
11449083 77300612 2
11449083 83997772 1
11449083 85088122 1
11449083 97001142 2
11449083 100612992 3
11449083 106586542 4
11449083 109510352 3
11449083 117450042 2
11449083 123426702 3
11449083 153035872 2
11751418 23434791 3
11751418 35478772 2
11751418 42734002 1
11751418 45531032 2
11751418 61387032 2
11751418 61429402 3
11751418 77300612 2
11751418 83997772 1
11751418 85088122 1
11751418 97001142 2
11751418 100612992 2
11751418 106586542 3
11751418 109510352 2
11751418 117450042 2
11751418 123426702 2
11751418 153035872 3
23434791 35478772 4
23434791 42734002 1
23434791 45531032 5
23434791 61387032 5
23434791 61429402 6
23434791 77300612 3
23434791 83997772 1
23434791 85088122 1
23434791 97001142 4
23434791 100612992 5
23434791 106586542 7
23434791 109510352 5
23434791 117450042 3
23434791 123426702 6
23434791 153035872 5
35478772 42734002 1
35478772 45531032 3
35478772 61387032 4
35478772 61429402 4
35478772 77300612 3
35478772 83997772 1
35478772 85088122 1
35478772 97001142 3
35478772 100612992 3
35478772 106586542 4
35478772 109510352 4
35478772 117450042 2
35478772 123426702 4
35478772 153035872 3
42734002 45531032 1
42734002 61387032 1
42734002 61429402 1
42734002 77300612 1
42734002 83997772 1
42734002 85088122 1
42734002 97001142 1
42734002 100612992 1
42734002 106586542 1
42734002 109510352 1
42734002 117450042 1
42734002 123426702 1
42734002 153035872 1
45531032 61387032 3
45531032 61429402 4
45531032 77300612 2
45531032 83997772 1
45531032 85088122 1
45531032 97001142 3
45531032 100612992 4
45531032 106586542 4
45531032 109510352 4
45531032 117450042 3
45531032 123426702 4
45531032 153035872 3
61387032 61429402 4
61387032 77300612 3
61387032 83997772 1
61387032 85088122 1
61387032 97001142 3
61387032 100612992 3
61387032 106586542 4
61387032 109510352 4
61387032 117450042 2
61387032 123426702 4
61387032 153035872 3
61429402 77300612 3
61429402 83997772 1
61429402 85088122 1
61429402 97001142 4
61429402 100612992 4
61429402 106586542 6
61429402 109510352 5
61429402 117450042 3
61429402 123426702 5
61429402 153035872 5
77300612 83997772 1
77300612 85088122 1
77300612 97001142 3
77300612 100612992 3
77300612 106586542 3
77300612 109510352 3
77300612 117450042 2
77300612 123426702 3
77300612 153035872 3
83997772 85088122 1
83997772 97001142 1
83997772 100612992 1
83997772 106586542 1
83997772 109510352 1
83997772 117450042 1
83997772 123426702 1
83997772 153035872 1
85088122 97001142 1
85088122 100612992 1
85088122 106586542 1
85088122 109510352 1
85088122 117450042 1
85088122 123426702 1
85088122 153035872 1
97001142 100612992 4
97001142 106586542 4
97001142 109510352 4
97001142 117450042 3
97001142 123426702 4
97001142 153035872 4
100612992 106586542 4
100612992 109510352 4
100612992 117450042 3
100612992 123426702 4
100612992 153035872 4
106586542 109510352 5
106586542 117450042 3
106586542 123426702 5
106586542 153035872 5
109510352 117450042 3
109510352 123426702 5
109510352 153035872 4
117450042 123426702 3
117450042 153035872 3
123426702 153035872 4
11751418 25778342 1
11751418 64170602 1
11751418 139059352 1
11751418 154803792 1
23434791 25778342 1
23434791 64170602 1
23434791 139059352 2
23434791 154803792 1
25778342 61429402 1
25778342 64170602 1
25778342 106586542 1
25778342 139059352 1
25778342 153035872 1
25778342 154803792 1
61429402 64170602 1
61429402 139059352 1
61429402 154803792 1
64170602 106586542 1
64170602 139059352 1
64170602 153035872 1
64170602 154803792 1
106586542 139059352 1
106586542 154803792 1
139059352 153035872 1
139059352 154803792 1
153035872 154803792 1
10740218 17938142 1
10740218 20371641 1
10740218 23434791 1
10740218 35478772 1
10740218 61387032 1
10740218 61429402 1
10740218 64383952 1
10740218 73967132 1
10740218 77300612 1
10740218 79052932 1
10740218 79212482 1
10740218 97001142 1
10740218 100612992 1
10740218 106586542 1
10740218 109510352 1
10740218 110130642 1
10740218 114400632 1
10740218 120427822 1
10740218 123426702 1
10740218 135820602 1
10740218 152332092 1
10740218 153035872 1
10740218 153936052 1
10740218 154970542 1
10740218 155366432 1
17938142 20371641 1
17938142 23434791 1
17938142 35478772 1
17938142 61387032 1
17938142 61429402 1
17938142 64383952 1
17938142 73967132 1
17938142 77300612 1
17938142 79052932 1
17938142 79212482 1
17938142 97001142 1
17938142 100612992 1
17938142 106586542 1
17938142 109510352 1
17938142 110130642 1
17938142 114400632 1
17938142 120427822 1
17938142 123426702 1
17938142 135820602 1
17938142 152332092 1
17938142 153035872 1
17938142 153936052 1
17938142 154970542 1
17938142 155366432 1
20371641 23434791 5
20371641 35478772 3
20371641 61387032 3
20371641 61429402 4
20371641 64383952 2
20371641 73967132 1
20371641 77300612 2
20371641 79052932 3
20371641 79212482 4
20371641 97001142 3
20371641 100612992 4
20371641 106586542 4
20371641 109510352 4
20371641 110130642 5
20371641 114400632 1
20371641 120427822 1
20371641 123426702 4
20371641 135820602 2
20371641 152332092 1
20371641 153035872 3
20371641 153936052 3
20371641 154970542 1
20371641 155366432 1
23434791 64383952 4
23434791 73967132 1
23434791 79052932 3
23434791 79212482 5
23434791 110130642 5
23434791 114400632 1
23434791 120427822 1
23434791 135820602 2
23434791 152332092 1
23434791 153936052 4
23434791 154970542 1
23434791 155366432 1
35478772 64383952 1
35478772 73967132 1
35478772 79052932 2
35478772 79212482 2
35478772 110130642 3
35478772 114400632 1
35478772 120427822 1
35478772 135820602 2
35478772 152332092 1
35478772 153936052 2
35478772 154970542 1
35478772 155366432 1
61387032 64383952 2
61387032 73967132 1
61387032 79052932 2
61387032 79212482 2
61387032 110130642 3
61387032 114400632 1
61387032 120427822 1
61387032 135820602 2
61387032 152332092 1
61387032 153936052 2
61387032 154970542 1
61387032 155366432 1
61429402 64383952 1
61429402 73967132 1
61429402 79052932 3
61429402 79212482 3
61429402 110130642 4
61429402 114400632 1
61429402 120427822 1
61429402 135820602 2
61429402 152332092 1
61429402 153936052 2
61429402 154970542 1
61429402 155366432 1
64383952 73967132 1
64383952 77300612 1
64383952 79052932 1
64383952 79212482 2
64383952 97001142 1
64383952 100612992 2
64383952 106586542 1
64383952 109510352 1
64383952 110130642 2
64383952 114400632 1
64383952 120427822 1
64383952 123426702 2
64383952 135820602 1
64383952 152332092 1
64383952 153035872 1
64383952 153936052 2
64383952 154970542 1
64383952 155366432 1
73967132 77300612 1
73967132 79052932 1
73967132 79212482 1
73967132 97001142 1
73967132 100612992 1
73967132 106586542 1
73967132 109510352 1
73967132 110130642 1
73967132 114400632 1
73967132 120427822 1
73967132 123426702 1
73967132 135820602 1
73967132 152332092 1
73967132 153035872 1
73967132 153936052 1
73967132 154970542 1
73967132 155366432 1
77300612 79052932 1
77300612 79212482 2
77300612 110130642 2
77300612 114400632 1
77300612 120427822 1
77300612 135820602 1
77300612 152332092 1
77300612 153936052 1
77300612 154970542 1
77300612 155366432 1
79052932 79212482 2
79052932 97001142 2
79052932 100612992 2
79052932 106586542 3
79052932 109510352 3
79052932 110130642 3
79052932 114400632 1
79052932 120427822 1
79052932 123426702 3
79052932 135820602 2
79052932 152332092 1
79052932 153035872 2
79052932 153936052 2
79052932 154970542 1
79052932 155366432 1
79212482 97001142 3
79212482 100612992 4
79212482 106586542 4
79212482 109510352 3
79212482 110130642 4
79212482 114400632 1
79212482 120427822 1
79212482 123426702 3
79212482 135820602 1
79212482 152332092 1
79212482 153035872 3
79212482 153936052 3
79212482 154970542 1
79212482 155366432 1
97001142 110130642 3
97001142 114400632 1
97001142 120427822 1
97001142 135820602 1
97001142 152332092 1
97001142 153936052 1
97001142 154970542 1
97001142 155366432 1
100612992 110130642 4
100612992 114400632 1
100612992 120427822 1
100612992 135820602 1
100612992 152332092 1
100612992 153936052 2
100612992 154970542 1
100612992 155366432 1
106586542 110130642 4
106586542 114400632 1
106586542 120427822 1
106586542 135820602 2
106586542 152332092 1
106586542 153936052 3
106586542 154970542 1
106586542 155366432 1
109510352 110130642 4
109510352 114400632 1
109510352 120427822 1
109510352 135820602 2
109510352 152332092 1
109510352 153936052 2
109510352 154970542 1
109510352 155366432 1
110130642 114400632 1
110130642 120427822 1
110130642 123426702 4
110130642 135820602 2
110130642 152332092 1
110130642 153035872 3
110130642 153936052 3
110130642 154970542 1
110130642 155366432 1
114400632 120427822 1
114400632 123426702 1
114400632 135820602 1
114400632 152332092 1
114400632 153035872 1
114400632 153936052 1
114400632 154970542 1
114400632 155366432 1
120427822 123426702 1
120427822 135820602 1
120427822 152332092 1
120427822 153035872 1
120427822 153936052 1
120427822 154970542 1
120427822 155366432 1
123426702 135820602 2
123426702 152332092 1
123426702 153936052 2
123426702 154970542 1
123426702 155366432 1
135820602 152332092 1
135820602 153035872 1
135820602 153936052 2
135820602 154970542 1
135820602 155366432 1
152332092 153035872 1
152332092 153936052 1
152332092 154970542 1
152332092 155366432 1
153035872 153936052 1
153035872 154970542 1
153035872 155366432 1
153936052 154970542 1
153936052 155366432 1
154970542 155366432 1
2113499 2751533 2
2113499 11449083 4
2113499 20371641 3
2113499 22141451 1
2113499 23434791 5
2113499 35478772 2
2113499 45531032 3
2113499 61387032 3
2113499 61429402 2
2113499 79052932 1
2113499 96759462 1
2113499 100865352 1
2113499 106586542 3
2113499 109510352 2
2113499 110130642 3
2113499 123426702 2
2113499 128674662 1
2113499 135820602 1
2113499 153936052 3
2751533 20371641 3
2751533 22141451 1
2751533 79052932 2
2751533 96759462 1
2751533 100865352 1
2751533 110130642 3
2751533 128674662 1
2751533 135820602 1
2751533 153936052 1
11449083 20371641 3
11449083 22141451 1
11449083 79052932 1
11449083 96759462 1
11449083 100865352 1
11449083 110130642 3
11449083 128674662 1
11449083 135820602 1
11449083 153936052 3
20371641 22141451 1
20371641 45531032 4
20371641 96759462 1
20371641 100865352 1
20371641 128674662 1
22141451 23434791 1
22141451 35478772 1
22141451 45531032 1
22141451 61387032 1
22141451 61429402 1
22141451 79052932 1
22141451 96759462 1
22141451 100865352 1
22141451 106586542 1
22141451 109510352 1
22141451 110130642 1
22141451 123426702 1
22141451 128674662 1
22141451 135820602 1
22141451 153936052 1
23434791 96759462 1
23434791 100865352 1
23434791 128674662 1
35478772 96759462 1
35478772 100865352 1
35478772 128674662 1
45531032 79052932 2
45531032 96759462 1
45531032 100865352 1
45531032 110130642 4
45531032 128674662 1
45531032 135820602 1
45531032 153936052 2
61387032 96759462 1
61387032 100865352 1
61387032 128674662 1
61429402 96759462 1
61429402 100865352 1
61429402 128674662 1
79052932 96759462 1
79052932 100865352 1
79052932 128674662 1
96759462 100865352 1
96759462 106586542 1
96759462 109510352 1
96759462 110130642 1
96759462 123426702 1
96759462 128674662 1
96759462 135820602 1
96759462 153936052 1
100865352 106586542 1
100865352 109510352 1
100865352 110130642 1
100865352 123426702 1
100865352 128674662 1
100865352 135820602 1
100865352 153936052 1
106586542 128674662 1
109510352 128674662 1
110130642 128674662 1
123426702 128674662 1
128674662 135820602 1
128674662 153936052 1
2113499 10297990 2
2113499 79212482 3
2113499 129965832 1
10297990 11449083 1
10297990 23434791 2
10297990 79212482 1
10297990 106586542 1
10297990 129965832 1
10297990 153936052 1
11449083 79212482 3
11449083 129965832 1
23434791 129965832 1
79212482 129965832 1
106586542 129965832 1
129965832 153936052 1
2113499 64383952 2
2113499 139059352 1
2113499 148782662 2
10297990 61387032 1
10297990 64383952 1
10297990 139059352 1
10297990 148782662 1
23434791 148782662 2
61387032 139059352 1
61387032 148782662 2
64383952 139059352 1
64383952 148782662 1
139059352 148782662 1
2751533 4654677 2
2751533 6317663 1
2751533 49395642 1
2751533 64383952 1
2751533 93195702 1
2751533 109178822 1
4654677 6317663 1
4654677 9999808 1
4654677 23434791 2
4654677 49395642 1
4654677 64383952 1
4654677 93195702 1
4654677 109178822 1
4654677 123426702 2
6317663 9999808 1
6317663 23434791 1
6317663 49395642 1
6317663 64383952 1
6317663 93195702 1
6317663 109178822 1
6317663 123426702 1
9999808 49395642 1
9999808 64383952 1
9999808 93195702 1
9999808 109178822 1
23434791 49395642 1
23434791 93195702 1
23434791 109178822 1
49395642 64383952 1
49395642 93195702 1
49395642 109178822 1
49395642 123426702 1
64383952 93195702 1
64383952 109178822 1
93195702 109178822 1
93195702 123426702 1
109178822 123426702 1
133129 2113499 2
133129 20371641 2
133129 64383952 1
133129 79212482 2
133129 79293782 1
133129 89115452 1
133129 110130642 2
133129 122224892 1
133129 143966622 1
133129 150202732 1
133129 153936052 1
2113499 79293782 1
2113499 89115452 1
2113499 100612992 2
2113499 122224892 1
2113499 143966622 1
2113499 150202732 1
11449083 64383952 1
11449083 79293782 1
11449083 89115452 1
11449083 122224892 1
11449083 143966622 1
11449083 150202732 1
20371641 79293782 1
20371641 89115452 1
20371641 122224892 1
20371641 143966622 1
20371641 150202732 1
23434791 79293782 1
23434791 89115452 1
23434791 122224892 1
23434791 143966622 1
23434791 150202732 1
45531032 64383952 1
45531032 79212482 3
45531032 79293782 1
45531032 89115452 1
45531032 122224892 1
45531032 143966622 1
45531032 150202732 1
64383952 79293782 1
64383952 89115452 1
64383952 122224892 1
64383952 143966622 1
64383952 150202732 1
79212482 79293782 1
79212482 89115452 1
79212482 122224892 1
79212482 143966622 1
79212482 150202732 1
79293782 89115452 1
79293782 100612992 1
79293782 110130642 1
79293782 122224892 1
79293782 143966622 1
79293782 150202732 1
79293782 153936052 1
89115452 100612992 1
89115452 110130642 1
89115452 122224892 1
89115452 143966622 1
89115452 150202732 1
89115452 153936052 1
100612992 122224892 1
100612992 143966622 1
100612992 150202732 1
110130642 122224892 1
110130642 143966622 1
110130642 150202732 1
122224892 143966622 1
122224892 150202732 1
122224892 153936052 1
143966622 150202732 1
143966622 153936052 1
150202732 153936052 1
2751533 11381110 2
2751533 11534833 1
2751533 79212482 2
2751533 90707712 1
11381110 11534833 1
11381110 20371641 2
11381110 23434791 2
11381110 45531032 2
11381110 61429402 2
11381110 79052932 1
11381110 79212482 2
11381110 90707712 1
11381110 97001142 2
11381110 100612992 2
11381110 106586542 2
11381110 109510352 2
11381110 110130642 2
11381110 117450042 2
11381110 123426702 2
11381110 153035872 2
11534833 20371641 1
11534833 23434791 1
11534833 45531032 1
11534833 61429402 1
11534833 79052932 1
11534833 79212482 1
11534833 90707712 1
11534833 97001142 1
11534833 100612992 1
11534833 106586542 1
11534833 109510352 1
11534833 110130642 1
11534833 117450042 1
11534833 123426702 1
11534833 153035872 1
20371641 90707712 1
20371641 117450042 2
23434791 90707712 1
45531032 90707712 1
61429402 90707712 1
79052932 90707712 1
79052932 117450042 1
79212482 90707712 1
79212482 117450042 2
90707712 97001142 1
90707712 100612992 1
90707712 106586542 1
90707712 109510352 1
90707712 110130642 1
90707712 117450042 1
90707712 123426702 1
90707712 153035872 1
110130642 117450042 2
133129 2597560 1
133129 3249191 1
133129 4654677 1
133129 11381110 1
133129 28179142 1
133129 59831312 1
133129 75673442 1
133129 95718492 1
133129 124510322 1
133129 125368112 1
133129 143405042 1
133129 148782662 1
133129 155420062 1
2113499 2597560 1
2113499 3249191 1
2113499 4654677 1
2113499 11381110 1
2113499 11751418 1
2113499 28179142 1
2113499 59831312 1
2113499 75673442 1
2113499 77300612 1
2113499 95718492 1
2113499 97001142 1
2113499 117450042 1
2113499 124510322 1
2113499 125368112 1
2113499 143405042 1
2113499 153035872 1
2113499 155420062 1
2597560 2751533 1
2597560 3249191 1
2597560 4654677 1
2597560 11381110 1
2597560 11449083 1
2597560 11751418 1
2597560 20371641 1
2597560 23434791 1
2597560 28179142 1
2597560 35478772 1
2597560 45531032 1
2597560 59831312 1
2597560 61387032 1
2597560 61429402 1
2597560 75673442 1
2597560 77300612 1
2597560 79212482 1
2597560 95718492 1
2597560 97001142 1
2597560 100612992 1
2597560 106586542 1
2597560 109510352 1
2597560 110130642 1
2597560 117450042 1
2597560 123426702 1
2597560 124510322 1
2597560 125368112 1
2597560 143405042 1
2597560 148782662 1
2597560 153035872 1
2597560 155420062 1
2751533 3249191 1
2751533 28179142 1
2751533 59831312 1
2751533 75673442 1
2751533 95718492 1
2751533 124510322 1
2751533 125368112 1
2751533 143405042 1
2751533 148782662 1
2751533 155420062 1
3249191 4654677 1
3249191 11381110 1
3249191 11449083 1
3249191 11751418 1
3249191 20371641 1
3249191 23434791 1
3249191 28179142 1
3249191 35478772 1
3249191 45531032 1
3249191 59831312 1
3249191 61387032 1
3249191 61429402 1
3249191 75673442 1
3249191 77300612 1
3249191 79212482 1
3249191 95718492 1
3249191 97001142 1
3249191 100612992 1
3249191 106586542 1
3249191 109510352 1
3249191 110130642 1
3249191 117450042 1
3249191 123426702 1
3249191 124510322 1
3249191 125368112 1
3249191 143405042 1
3249191 148782662 1
3249191 153035872 1
3249191 155420062 1
4654677 11381110 1
4654677 11449083 1
4654677 11751418 1
4654677 20371641 1
4654677 28179142 1
4654677 35478772 1
4654677 45531032 1
4654677 59831312 1
4654677 61387032 1
4654677 61429402 1
4654677 75673442 1
4654677 77300612 1
4654677 79212482 1
4654677 95718492 1
4654677 97001142 1
4654677 100612992 1
4654677 106586542 1
4654677 109510352 1
4654677 110130642 1
4654677 117450042 1
4654677 124510322 1
4654677 125368112 1
4654677 143405042 1
4654677 148782662 1
4654677 153035872 1
4654677 155420062 1
11381110 11449083 1
11381110 11751418 1
11381110 28179142 1
11381110 35478772 1
11381110 59831312 1
11381110 61387032 1
11381110 75673442 1
11381110 77300612 1
11381110 95718492 1
11381110 124510322 1
11381110 125368112 1
11381110 143405042 1
11381110 148782662 1
11381110 155420062 1
11449083 28179142 1
11449083 59831312 1
11449083 75673442 1
11449083 95718492 1
11449083 124510322 1
11449083 125368112 1
11449083 143405042 1
11449083 148782662 1
11449083 155420062 1
11751418 20371641 1
11751418 28179142 1
11751418 59831312 1
11751418 75673442 1
11751418 79212482 1
11751418 95718492 1
11751418 110130642 1
11751418 124510322 1
11751418 125368112 1
11751418 143405042 1
11751418 148782662 1
11751418 155420062 1
20371641 28179142 1
20371641 59831312 1
20371641 75673442 1
20371641 95718492 1
20371641 124510322 1
20371641 125368112 1
20371641 143405042 1
20371641 148782662 1
20371641 155420062 1
23434791 28179142 1
23434791 59831312 1
23434791 75673442 1
23434791 95718492 1
23434791 124510322 1
23434791 125368112 1
23434791 143405042 1
23434791 155420062 1
28179142 35478772 1
28179142 45531032 1
28179142 59831312 1
28179142 61387032 1
28179142 61429402 1
28179142 75673442 1
28179142 77300612 1
28179142 79212482 1
28179142 95718492 1
28179142 97001142 1
28179142 100612992 1
28179142 106586542 1
28179142 109510352 1
28179142 110130642 1
28179142 117450042 1
28179142 123426702 1
28179142 124510322 1
28179142 125368112 1
28179142 143405042 1
28179142 148782662 1
28179142 153035872 1
28179142 155420062 1
35478772 59831312 1
35478772 75673442 1
35478772 95718492 1
35478772 124510322 1
35478772 125368112 1
35478772 143405042 1
35478772 148782662 1
35478772 155420062 1
45531032 59831312 1
45531032 75673442 1
45531032 95718492 1
45531032 124510322 1
45531032 125368112 1
45531032 143405042 1
45531032 148782662 1
45531032 155420062 1
59831312 61387032 1
59831312 61429402 1
59831312 75673442 1
59831312 77300612 1
59831312 79212482 1
59831312 95718492 1
59831312 97001142 1
59831312 100612992 1
59831312 106586542 1
59831312 109510352 1
59831312 110130642 1
59831312 117450042 1
59831312 123426702 1
59831312 124510322 1
59831312 125368112 1
59831312 143405042 1
59831312 148782662 1
59831312 153035872 1
59831312 155420062 1
61387032 75673442 1
61387032 95718492 1
61387032 124510322 1
61387032 125368112 1
61387032 143405042 1
61387032 155420062 1
61429402 75673442 1
61429402 95718492 1
61429402 124510322 1
61429402 125368112 1
61429402 143405042 1
61429402 148782662 1
61429402 155420062 1
75673442 77300612 1
75673442 79212482 1
75673442 95718492 1
75673442 97001142 1
75673442 100612992 1
75673442 106586542 1
75673442 109510352 1
75673442 110130642 1
75673442 117450042 1
75673442 123426702 1
75673442 124510322 1
75673442 125368112 1
75673442 143405042 1
75673442 148782662 1
75673442 153035872 1
75673442 155420062 1
77300612 95718492 1
77300612 124510322 1
77300612 125368112 1
77300612 143405042 1
77300612 148782662 1
77300612 155420062 1
79212482 95718492 1
79212482 124510322 1
79212482 125368112 1
79212482 143405042 1
79212482 148782662 1
79212482 155420062 1
95718492 97001142 1
95718492 100612992 1
95718492 106586542 1
95718492 109510352 1
95718492 110130642 1
95718492 117450042 1
95718492 123426702 1
95718492 124510322 1
95718492 125368112 1
95718492 143405042 1
95718492 148782662 1
95718492 153035872 1
95718492 155420062 1
97001142 124510322 1
97001142 125368112 1
97001142 143405042 1
97001142 148782662 1
97001142 155420062 1
100612992 124510322 1
100612992 125368112 1
100612992 143405042 1
100612992 148782662 1
100612992 155420062 1
106586542 124510322 1
106586542 125368112 1
106586542 143405042 1
106586542 148782662 1
106586542 155420062 1
109510352 124510322 1
109510352 125368112 1
109510352 143405042 1
109510352 148782662 1
109510352 155420062 1
110130642 124510322 1
110130642 125368112 1
110130642 143405042 1
110130642 148782662 1
110130642 155420062 1
117450042 124510322 1
117450042 125368112 1
117450042 143405042 1
117450042 148782662 1
117450042 155420062 1
123426702 124510322 1
123426702 125368112 1
123426702 143405042 1
123426702 148782662 1
123426702 155420062 1
124510322 125368112 1
124510322 143405042 1
124510322 148782662 1
124510322 153035872 1
124510322 155420062 1
125368112 143405042 1
125368112 148782662 1
125368112 153035872 1
125368112 155420062 1
143405042 148782662 1
143405042 153035872 1
143405042 155420062 1
148782662 153035872 1
148782662 155420062 1
153035872 155420062 1
