138199552 14307969 132468482 47918342 71425162 82320912 5529490 187934354 71102102 187875482 12576668 8774045 19277341 18128801 188646183 188646697 184253866 186428591 178171312 183765424 187161014 188730166 183766459 183560892 188145342 188511169 11687875 183170632 4455241 188730449 160252762 99410012 118817372 8152035 188826211 188145256 185330025 141726442 186689641 10957548 186980074 181398382 184317420 157568242 113505142 184889974 58166522 185249149 189031167
5529490 8774045 4
5529490 71102102 3
5529490 82320912 3
5529490 99410012 1
5529490 113505142 4
5529490 160252762 3
5529490 183560892 4
5529490 185330025 4
8774045 71102102 3
8774045 82320912 4
8774045 99410012 1
8774045 113505142 8
8774045 160252762 3
8774045 183560892 4
8774045 185330025 4
71102102 82320912 2
71102102 99410012 1
71102102 113505142 3
71102102 160252762 2
71102102 183560892 3
71102102 185330025 3
82320912 99410012 1
82320912 113505142 6
82320912 160252762 3
82320912 183560892 4
82320912 185330025 4
99410012 113505142 1
99410012 160252762 1
99410012 183560892 1
99410012 185330025 1
113505142 160252762 3
113505142 183560892 5
113505142 185330025 5
160252762 183560892 3
160252762 185330025 3
183560892 185330025 5
8152035 8774045 1
8152035 10957548 1
8152035 12576668 1
8152035 14307969 1
8152035 47918342 1
8152035 58166522 1
8152035 71425162 1
8152035 113505142 1
8152035 138199552 1
8152035 141726442 1
8152035 178171312 1
8152035 183170632 1
8152035 184889974 1
8152035 186689641 1
8152035 186980074 1
8152035 187875482 1
8774045 10957548 4
8774045 12576668 1
8774045 14307969 4
8774045 47918342 2
8774045 58166522 5
8774045 71425162 3
8774045 138199552 2
8774045 141726442 1
8774045 178171312 2
8774045 183170632 7
8774045 184889974 4
8774045 186689641 2
8774045 186980074 1
8774045 187875482 2
10957548 12576668 1
10957548 14307969 4
10957548 47918342 2
10957548 58166522 4
10957548 71425162 3
10957548 113505142 4
10957548 138199552 2
10957548 141726442 1
10957548 178171312 2
10957548 183170632 4
10957548 184889974 4
10957548 186689641 2
10957548 186980074 1
10957548 187875482 1
12576668 14307969 1
12576668 47918342 1
12576668 58166522 1
12576668 71425162 1
12576668 113505142 1
12576668 138199552 1
12576668 141726442 1
12576668 178171312 1
12576668 183170632 1
12576668 184889974 1
12576668 186689641 1
12576668 186980074 1
12576668 187875482 1
14307969 47918342 2
14307969 58166522 4
14307969 71425162 3
14307969 113505142 4
14307969 138199552 2
14307969 141726442 1
14307969 178171312 2
14307969 183170632 4
14307969 184889974 4
14307969 186689641 2
14307969 186980074 1
14307969 187875482 1
47918342 58166522 2
47918342 71425162 2
47918342 113505142 2
47918342 138199552 1
47918342 141726442 1
47918342 178171312 2
47918342 183170632 2
47918342 184889974 2
47918342 186689641 1
47918342 186980074 1
47918342 187875482 1
58166522 71425162 3
58166522 113505142 5
58166522 138199552 2
58166522 141726442 1
58166522 178171312 2
58166522 183170632 5
58166522 184889974 4
58166522 186689641 2
58166522 186980074 1
58166522 187875482 2
71425162 113505142 3
71425162 138199552 2
71425162 141726442 1
71425162 178171312 2
71425162 183170632 3
71425162 184889974 3
71425162 186689641 2
71425162 186980074 1
71425162 187875482 1
113505142 138199552 2
113505142 141726442 1
113505142 178171312 2
113505142 183170632 9
113505142 184889974 4
113505142 186689641 2
113505142 186980074 1
113505142 187875482 2
138199552 141726442 1
138199552 178171312 1
138199552 183170632 2
138199552 184889974 2
138199552 186689641 2
138199552 186980074 1
138199552 187875482 1
141726442 178171312 1
141726442 183170632 1
141726442 184889974 1
141726442 186689641 1
141726442 186980074 1
141726442 187875482 1
178171312 183170632 2
178171312 184889974 2
178171312 186689641 1
178171312 186980074 1
178171312 187875482 1
183170632 184889974 4
183170632 186689641 2
183170632 186980074 1
183170632 187875482 2
184889974 186689641 2
184889974 186980074 1
184889974 187875482 1
186689641 186980074 1
186689641 187875482 1
186980074 187875482 1
82320912 157568242 2
82320912 183170632 5
82320912 183765424 3
82320912 183766459 3
82320912 186428591 3
82320912 187161014 1
82320912 188145256 3
82320912 188145342 1
113505142 157568242 2
113505142 183765424 3
113505142 183766459 4
113505142 186428591 3
113505142 187161014 2
113505142 188145256 3
113505142 188145342 1
157568242 183170632 2
157568242 183765424 2
157568242 183766459 2
157568242 186428591 2
157568242 187161014 1
157568242 188145256 2
157568242 188145342 1
183170632 183765424 3
183170632 183766459 4
183170632 186428591 3
183170632 187161014 2
183170632 188145256 3
183170632 188145342 1
183765424 183766459 2
183765424 186428591 3
183765424 187161014 1
183765424 188145256 3
183765424 188145342 1
183766459 186428591 2
183766459 187161014 2
183766459 188145256 2
183766459 188145342 1
186428591 187161014 1
186428591 188145256 3
186428591 188145342 1
187161014 188145256 1
187161014 188145342 1
188145256 188145342 1
5529490 183170632 3
160252762 183170632 2
183170632 183560892 4
183170632 185330025 4
8774045 118817372 1
8774045 187934354 2
10957548 118817372 1
10957548 187934354 2
14307969 118817372 1
14307969 187934354 2
58166522 118817372 1
58166522 187934354 2
71425162 118817372 1
71425162 187934354 2
113505142 118817372 1
113505142 187934354 2
118817372 138199552 1
118817372 183170632 1
118817372 184889974 1
118817372 186689641 1
118817372 187934354 1
138199552 187934354 1
183170632 187934354 2
184889974 187934354 2
186689641 187934354 1
4455241 82320912 3
4455241 113505142 4
4455241 157568242 1
4455241 181398382 1
4455241 183170632 4
4455241 183560892 3
4455241 183765424 2
4455241 183766459 3
4455241 185249149 2
4455241 185330025 3
4455241 186428591 2
4455241 188145256 2
4455241 188646183 2
4455241 188646697 2
4455241 188730166 1
4455241 188730449 1
82320912 181398382 1
82320912 185249149 2
82320912 188646183 2
82320912 188646697 2
82320912 188730166 1
82320912 188730449 1
113505142 181398382 1
113505142 185249149 2
113505142 188646183 2
113505142 188646697 2
113505142 188730166 1
113505142 188730449 1
157568242 181398382 1
157568242 183560892 1
157568242 185249149 1
157568242 185330025 1
157568242 188646183 1
157568242 188646697 1
157568242 188730166 1
157568242 188730449 1
181398382 183170632 1
181398382 183560892 1
181398382 183765424 1
181398382 183766459 1
181398382 185249149 1
181398382 185330025 1
181398382 186428591 1
181398382 188145256 1
181398382 188646183 1
181398382 188646697 1
181398382 188730166 1
181398382 188730449 1
183170632 185249149 2
183170632 188646183 2
183170632 188646697 2
183170632 188730166 1
183170632 188730449 1
183560892 183765424 1
183560892 183766459 3
183560892 185249149 1
183560892 186428591 1
183560892 188145256 1
183560892 188646183 1
183560892 188646697 1
183560892 188730166 1
183560892 188730449 1
183765424 185249149 2
183765424 185330025 1
183765424 188646183 2
183765424 188646697 2
183765424 188730166 1
183765424 188730449 1
183766459 185249149 1
183766459 185330025 3
183766459 188646183 1
183766459 188646697 1
183766459 188730166 1
183766459 188730449 1
185249149 185330025 1
185249149 186428591 2
185249149 188145256 2
185249149 188646183 2
185249149 188646697 2
185249149 188730166 1
185249149 188730449 1
185330025 186428591 1
185330025 188145256 1
185330025 188646183 1
185330025 188646697 1
185330025 188730166 1
185330025 188730449 1
186428591 188646183 2
186428591 188646697 2
186428591 188730166 1
186428591 188730449 1
188145256 188646183 2
188145256 188646697 2
188145256 188730166 1
188145256 188730449 1
188646183 188646697 2
188646183 188730166 1
188646183 188730449 1
188646697 188730166 1
188646697 188730449 1
188730166 188730449 1
4455241 5529490 2
4455241 8774045 3
4455241 19277341 1
4455241 58166522 2
4455241 71102102 2
4455241 160252762 1
4455241 187875482 1
4455241 188511169 1
5529490 19277341 1
5529490 58166522 2
5529490 183766459 2
5529490 187875482 1
5529490 188511169 1
8774045 19277341 1
8774045 183766459 2
8774045 188511169 2
19277341 58166522 1
19277341 71102102 1
19277341 82320912 1
19277341 113505142 1
19277341 160252762 1
19277341 183170632 1
19277341 183560892 1
19277341 183766459 1
19277341 185330025 1
19277341 187875482 1
19277341 188511169 1
58166522 71102102 2
58166522 82320912 1
58166522 160252762 1
58166522 183560892 2
58166522 183766459 2
58166522 185330025 2
58166522 188511169 2
71102102 183170632 2
71102102 183766459 2
71102102 187875482 1
71102102 188511169 1
82320912 187875482 1
82320912 188511169 1
113505142 188511169 2
160252762 183766459 1
160252762 187875482 1
160252762 188511169 1
183170632 188511169 2
183560892 187875482 1
183560892 188511169 1
183766459 187875482 1
183766459 188511169 1
185330025 187875482 1
185330025 188511169 1
187875482 188511169 1
8774045 18128801 1
8774045 188826211 2
10957548 18128801 1
10957548 188511169 1
10957548 188826211 2
14307969 18128801 1
14307969 188511169 1
14307969 188826211 2
18128801 47918342 1
18128801 58166522 1
18128801 71425162 1
18128801 113505142 1
18128801 178171312 1
18128801 183170632 1
18128801 184889974 1
18128801 187934354 1
18128801 188511169 1
18128801 188826211 1
47918342 187934354 1
47918342 188511169 1
47918342 188826211 1
58166522 188826211 2
71425162 188511169 1
71425162 188826211 1
113505142 188826211 2
178171312 187934354 1
178171312 188511169 1
178171312 188826211 1
183170632 188826211 2
184889974 188511169 1
184889974 188826211 2
187934354 188511169 1
187934354 188826211 1
188511169 188826211 1
4455241 10957548 1
4455241 14307969 1
4455241 184253866 1
4455241 184317420 1
4455241 184889974 1
4455241 187161014 1
4455241 188826211 1
5529490 10957548 1
5529490 14307969 1
5529490 184253866 1
5529490 184317420 1
5529490 184889974 1
5529490 187161014 1
5529490 188826211 1
8774045 184253866 1
8774045 184317420 1
8774045 187161014 1
10957548 71102102 1
10957548 183560892 1
10957548 183766459 1
10957548 184253866 1
10957548 184317420 1
10957548 185330025 1
10957548 187161014 1
14307969 71102102 1
14307969 183560892 1
14307969 183766459 1
14307969 184253866 1
14307969 184317420 1
14307969 185330025 1
14307969 187161014 1
58166522 184253866 1
58166522 184317420 1
58166522 187161014 1
71102102 184253866 1
71102102 184317420 1
71102102 184889974 1
71102102 187161014 1
71102102 188826211 1
113505142 184253866 1
113505142 184317420 1
183170632 184253866 1
183170632 184317420 1
183560892 184253866 1
183560892 184317420 1
183560892 184889974 1
183560892 187161014 1
183560892 188826211 1
183766459 184253866 1
183766459 184317420 1
183766459 184889974 1
183766459 188826211 1
184253866 184317420 1
184253866 184889974 1
184253866 185330025 1
184253866 187161014 1
184253866 188826211 1
184317420 184889974 1
184317420 185330025 1
184317420 187161014 1
184317420 188826211 1
184889974 185330025 1
184889974 187161014 1
185330025 187161014 1
185330025 188826211 1
187161014 188826211 1
4455241 11687875 1
4455241 132468482 1
4455241 189031167 1
8774045 11687875 1
8774045 132468482 1
8774045 183765424 1
8774045 185249149 1
8774045 186428591 1
8774045 188145256 1
8774045 188646183 1
8774045 188646697 1
8774045 189031167 1
11687875 82320912 1
11687875 113505142 1
11687875 132468482 1
11687875 183170632 1
11687875 183765424 1
11687875 185249149 1
11687875 186428591 1
11687875 188145256 1
11687875 188646183 1
11687875 188646697 1
11687875 189031167 1
82320912 132468482 1
82320912 189031167 1
113505142 132468482 1
113505142 189031167 1
132468482 183170632 1
132468482 183765424 1
132468482 185249149 1
132468482 186428591 1
132468482 188145256 1
132468482 188646183 1
132468482 188646697 1
132468482 189031167 1
183170632 189031167 1
183765424 189031167 1
185249149 189031167 1
186428591 189031167 1
188145256 189031167 1
188646183 189031167 1
188646697 189031167 1
