190409857 183992196 47855622 145543302 192604042 65098892 195399438 115362062 189740048 189741981 96158242 134721572 9158693 102074022 88157352 8830633 155053612 158769972 109363892 194601397 64065972 190048823 191776442 10628796 14938301 3407166 158670272 3006281 190474313 195531220 190126422 101975382 158378202 3019995 193928924 13460059 193003132 185029864 194220010 190690283 36868972 4438382 185639152 186135288 191587578 80813052 10992510
3006281 4438382 1
3006281 14938301 1
3006281 102074022 1
3006281 155053612 1
3006281 158378202 1
3006281 158670272 1
3006281 186135288 1
3006281 189741981 1
3006281 190126422 1
3006281 190474313 1
3006281 190690283 1
3006281 191776442 1
4438382 14938301 1
4438382 102074022 1
4438382 155053612 1
4438382 158378202 1
4438382 158670272 1
4438382 186135288 1
4438382 189741981 1
4438382 190126422 1
4438382 190474313 1
4438382 190690283 1
4438382 191776442 1
14938301 102074022 1
14938301 155053612 1
14938301 158378202 1
14938301 158670272 1
14938301 186135288 1
14938301 189741981 1
14938301 190126422 1
14938301 190474313 1
14938301 190690283 1
14938301 191776442 1
102074022 155053612 1
102074022 158378202 1
102074022 158670272 1
102074022 186135288 1
102074022 189741981 1
102074022 190126422 1
102074022 190474313 1
102074022 190690283 1
102074022 191776442 1
155053612 158378202 1
155053612 158670272 1
155053612 186135288 1
155053612 189741981 1
155053612 190126422 1
155053612 190474313 1
155053612 190690283 1
155053612 191776442 1
158378202 158670272 1
158378202 186135288 1
158378202 189741981 1
158378202 190126422 1
158378202 190474313 1
158378202 190690283 1
158378202 191776442 1
158670272 186135288 1
158670272 189741981 1
158670272 190126422 1
158670272 190474313 1
158670272 190690283 1
158670272 191776442 1
186135288 189741981 1
186135288 190126422 1
186135288 190474313 1
186135288 190690283 1
186135288 191776442 1
189741981 190126422 1
189741981 190474313 1
189741981 190690283 1
189741981 191776442 1
190126422 190474313 1
190126422 190690283 1
190126422 191776442 1
190474313 190690283 1
190474313 191776442 1
190690283 191776442 1
3019995 36868972 1
3019995 155053612 1
3019995 183992196 1
3019995 195399438 1
36868972 155053612 2
36868972 183992196 1
36868972 195399438 1
155053612 183992196 1
155053612 195399438 1
183992196 195399438 1
36868972 115362062 1
36868972 158769972 1
36868972 192604042 1
36868972 193928924 1
36868972 195531220 1
115362062 155053612 3
115362062 158769972 1
115362062 192604042 1
115362062 193928924 1
115362062 195531220 1
155053612 158769972 1
155053612 192604042 1
155053612 193928924 1
155053612 195531220 1
158769972 192604042 1
158769972 193928924 1
158769972 195531220 1
192604042 193928924 1
192604042 195531220 1
193928924 195531220 1
47855622 109363892 1
47855622 115362062 1
47855622 134721572 1
47855622 145543302 1
47855622 155053612 1
47855622 194601397 1
109363892 115362062 1
109363892 134721572 1
109363892 145543302 1
109363892 155053612 1
109363892 194601397 1
115362062 134721572 1
115362062 145543302 1
115362062 194601397 1
134721572 145543302 1
134721572 155053612 1
134721572 194601397 1
145543302 155053612 1
145543302 194601397 1
155053612 194601397 1
64065972 65098892 1
64065972 88157352 1
64065972 101975382 1
64065972 155053612 1
64065972 191587578 1
64065972 194220010 1
65098892 88157352 1
65098892 101975382 1
65098892 155053612 1
65098892 191587578 1
65098892 194220010 1
88157352 101975382 1
88157352 155053612 1
88157352 191587578 1
88157352 194220010 1
101975382 155053612 1
101975382 191587578 1
101975382 194220010 1
155053612 191587578 1
155053612 194220010 1
191587578 194220010 1
8830633 10628796 1
8830633 155053612 1
10628796 155053612 1
9158693 13460059 1
9158693 80813052 1
9158693 155053612 2
9158693 189740048 1
9158693 190409857 1
13460059 80813052 1
13460059 155053612 1
13460059 189740048 1
13460059 190409857 1
80813052 155053612 1
80813052 189740048 1
80813052 190409857 1
155053612 189740048 1
155053612 190409857 1
189740048 190409857 1
3407166 9158693 1
3407166 10992510 1
3407166 115362062 1
3407166 155053612 1
3407166 185639152 1
3407166 190048823 1
3407166 193003132 1
9158693 10992510 1
9158693 115362062 1
9158693 185639152 1
9158693 190048823 1
9158693 193003132 1
10992510 115362062 1
10992510 155053612 1
10992510 185639152 1
10992510 190048823 1
10992510 193003132 1
115362062 185639152 1
115362062 190048823 1
115362062 193003132 1
155053612 185639152 1
155053612 190048823 1
155053612 193003132 1
185639152 190048823 1
185639152 193003132 1
190048823 193003132 1
96158242 155053612 1
96158242 185029864 1
155053612 185029864 1
