20163201 20468101 92221702 47855622 141088392 146481932 141942542 107450512 143838992 10362010 3438754 131490722 9158693 9711532 124647212 132035372 109363892 136706872 89846972 10742849 8772548 23820102 117598412 10016972 111577172 63401432 59795032 146301402 116096732 14552541 143020382 106185572 119698662 141071462 7922665 22380011 25063022 128218232 7980281 80813052 13506301 90745342 10863743
9158693 13506301 1
9158693 80813052 1
9158693 89846972 1
9158693 90745342 1
9158693 136706872 1
13506301 80813052 1
13506301 89846972 1
13506301 90745342 1
13506301 136706872 1
80813052 89846972 1
80813052 90745342 1
80813052 136706872 1
89846972 90745342 1
89846972 136706872 1
90745342 136706872 1
10863743 141088392 1
14552541 22380011 1
14552541 25063022 1
14552541 59795032 1
14552541 63401432 1
14552541 80813052 1
22380011 25063022 1
22380011 59795032 1
22380011 63401432 1
22380011 80813052 1
25063022 59795032 2
25063022 63401432 1
25063022 80813052 1
59795032 63401432 1
59795032 80813052 1
63401432 80813052 1
9711532 20163201 1
9711532 80813052 1
9711532 92221702 1
9711532 106185572 1
9711532 107450512 1
9711532 111577172 1
9711532 119698662 1
20163201 80813052 1
20163201 92221702 1
20163201 106185572 2
20163201 107450512 1
20163201 111577172 1
20163201 119698662 1
80813052 92221702 1
80813052 106185572 1
80813052 107450512 1
80813052 111577172 1
80813052 119698662 1
92221702 106185572 1
92221702 107450512 1
92221702 111577172 1
92221702 119698662 1
106185572 107450512 1
106185572 111577172 1
106185572 119698662 1
107450512 111577172 1
107450512 119698662 1
111577172 119698662 1
7980281 109363892 1
7980281 128218232 1
7980281 146481932 1
109363892 128218232 1
109363892 146481932 1
128218232 146481932 1
10362010 23820102 1
10362010 47855622 2
10362010 124647212 1
10362010 132035372 1
10362010 141071462 1
23820102 47855622 1
23820102 124647212 1
23820102 132035372 1
23820102 141071462 1
47855622 124647212 1
47855622 132035372 1
47855622 141071462 1
124647212 132035372 1
124647212 141071462 1
132035372 141071462 1
10863743 80813052 2
10863743 117598412 1
10863743 141942542 1
80813052 117598412 1
80813052 141942542 1
117598412 141942542 1
3438754 20163201 1
3438754 20468101 1
3438754 25063022 1
3438754 59795032 1
3438754 106185572 1
3438754 116096732 1
3438754 131490722 1
3438754 146301402 1
20163201 20468101 1
20163201 25063022 1
20163201 59795032 1
20163201 116096732 1
20163201 131490722 1
20163201 146301402 1
20468101 25063022 1
20468101 59795032 1
20468101 106185572 1
20468101 116096732 1
20468101 131490722 1
20468101 146301402 1
25063022 106185572 1
25063022 116096732 1
25063022 131490722 1
25063022 146301402 1
59795032 106185572 1
59795032 116096732 1
59795032 131490722 1
59795032 146301402 1
106185572 116096732 1
106185572 131490722 1
106185572 146301402 1
116096732 131490722 1
116096732 146301402 1
131490722 146301402 1
7922665 10362010 1
7922665 10742849 1
7922665 10863743 1
7922665 47855622 1
7922665 80813052 1
7922665 143020382 1
7922665 143838992 1
7922665 146481932 1
10362010 10742849 1
10362010 10863743 1
10362010 80813052 1
10362010 143020382 1
10362010 143838992 1
10362010 146481932 1
10742849 10863743 1
10742849 47855622 1
10742849 80813052 1
10742849 143020382 1
10742849 143838992 1
10742849 146481932 1
10863743 47855622 1
10863743 143020382 1
10863743 143838992 1
10863743 146481932 1
47855622 80813052 1
47855622 143020382 1
47855622 143838992 1
47855622 146481932 1
80813052 143020382 1
80813052 143838992 1
80813052 146481932 1
143020382 143838992 1
143020382 146481932 1
143838992 146481932 1
8772548 10016972 1
8772548 80813052 1
10016972 80813052 1
