14586370 147957892 185437960 150104592 110423572 71523092 139053972 119338522 13528349 101703842 96158242 11813284 53889702 187968422 2621867 155053612 75787692 105243822 70307502 48614452 178966582 105327672 155633722 9426495 13431616 160231362 13530818 163357892 158178632 3006281 113949002 184088779 25569102 14385871 10907217 155031122 11344723 101975382 6138456 86541912 59795032 137125592 13498972 97049052 75269342 158378202 14358368 183000665 11168985 13702755 7290859 183678317 114924142 177665522 128218232 11562745 188654972
2621867 13702755 1
2621867 14358368 1
2621867 86541912 1
2621867 105243822 1
2621867 110423572 1
2621867 128218232 1
2621867 155053612 2
2621867 158178632 1
2621867 177665522 1
2621867 178966582 1
13702755 14358368 1
13702755 86541912 1
13702755 105243822 1
13702755 110423572 1
13702755 128218232 1
13702755 155053612 1
13702755 158178632 1
13702755 177665522 1
13702755 178966582 1
14358368 86541912 1
14358368 105243822 1
14358368 110423572 1
14358368 128218232 1
14358368 155053612 1
14358368 158178632 1
14358368 177665522 1
14358368 178966582 1
86541912 105243822 1
86541912 110423572 2
86541912 128218232 1
86541912 155053612 4
86541912 158178632 1
86541912 177665522 1
86541912 178966582 1
105243822 110423572 1
105243822 128218232 1
105243822 155053612 1
105243822 158178632 1
105243822 177665522 1
105243822 178966582 1
110423572 128218232 1
110423572 155053612 2
110423572 158178632 1
110423572 177665522 1
110423572 178966582 1
128218232 155053612 2
128218232 158178632 1
128218232 177665522 1
128218232 178966582 1
155053612 158178632 1
155053612 177665522 1
155053612 178966582 1
158178632 177665522 1
158178632 178966582 1
177665522 178966582 1
3006281 6138456 1
3006281 7290859 1
3006281 11344723 2
3006281 11813284 1
3006281 13498972 1
3006281 14385871 1
3006281 14586370 1
3006281 48614452 2
3006281 53889702 1
3006281 59795032 2
3006281 70307502 1
3006281 71523092 2
3006281 75269342 2
3006281 75787692 1
3006281 97049052 1
3006281 101703842 2
3006281 101975382 2
3006281 105327672 2
3006281 113949002 2
3006281 119338522 1
3006281 128218232 1
3006281 137125592 1
3006281 139053972 1
3006281 147957892 1
3006281 150104592 1
3006281 155053612 2
3006281 158378202 1
3006281 160231362 2
3006281 183000665 1
3006281 183678317 1
3006281 185437960 1
6138456 7290859 1
6138456 11344723 1
6138456 11813284 1
6138456 13498972 1
6138456 14385871 1
6138456 14586370 1
6138456 48614452 1
6138456 53889702 1
6138456 59795032 1
6138456 70307502 1
6138456 71523092 1
6138456 75269342 1
6138456 75787692 1
6138456 97049052 1
6138456 101703842 1
6138456 101975382 1
6138456 105327672 1
6138456 113949002 1
6138456 119338522 1
6138456 128218232 1
6138456 137125592 1
6138456 139053972 1
6138456 147957892 1
6138456 150104592 1
6138456 155053612 1
6138456 158378202 1
6138456 160231362 1
6138456 183000665 1
6138456 183678317 1
6138456 185437960 1
7290859 11344723 1
7290859 11813284 1
7290859 13498972 1
7290859 14385871 1
7290859 14586370 1
7290859 48614452 1
7290859 53889702 1
7290859 59795032 1
7290859 70307502 1
7290859 71523092 1
7290859 75269342 1
7290859 75787692 1
7290859 97049052 1
7290859 101703842 1
7290859 101975382 1
7290859 105327672 1
7290859 113949002 1
7290859 119338522 1
7290859 128218232 1
7290859 137125592 1
7290859 139053972 1
7290859 147957892 1
7290859 150104592 1
7290859 155053612 1
7290859 158378202 1
7290859 160231362 1
7290859 183000665 1
7290859 183678317 1
7290859 185437960 1
11344723 11813284 1
11344723 13498972 1
11344723 14385871 1
11344723 14586370 1
11344723 48614452 2
11344723 53889702 1
11344723 59795032 2
11344723 70307502 1
11344723 71523092 2
11344723 75269342 2
11344723 75787692 1
11344723 97049052 1
11344723 101703842 2
11344723 101975382 2
11344723 105327672 2
11344723 113949002 2
11344723 119338522 1
11344723 128218232 1
11344723 137125592 1
11344723 139053972 1
11344723 147957892 1
11344723 150104592 1
11344723 155053612 2
11344723 158378202 1
11344723 160231362 2
11344723 183000665 1
11344723 183678317 1
11344723 185437960 1
11813284 13498972 1
11813284 14385871 1
11813284 14586370 1
11813284 48614452 1
11813284 53889702 1
11813284 59795032 1
11813284 70307502 1
11813284 71523092 1
11813284 75269342 1
11813284 75787692 1
11813284 97049052 1
11813284 101703842 1
11813284 101975382 1
11813284 105327672 1
11813284 113949002 1
11813284 119338522 1
11813284 128218232 1
11813284 137125592 1
11813284 139053972 1
11813284 147957892 1
11813284 150104592 1
11813284 155053612 1
11813284 158378202 1
11813284 160231362 1
11813284 183000665 1
11813284 183678317 1
11813284 185437960 1
13498972 14385871 1
13498972 14586370 1
13498972 48614452 1
13498972 53889702 1
13498972 59795032 1
13498972 70307502 1
13498972 71523092 1
13498972 75269342 1
13498972 75787692 1
13498972 97049052 1
13498972 101703842 1
13498972 101975382 1
13498972 105327672 1
13498972 113949002 1
13498972 119338522 1
13498972 128218232 1
13498972 137125592 1
13498972 139053972 1
13498972 147957892 1
13498972 150104592 1
13498972 155053612 1
13498972 158378202 1
13498972 160231362 1
13498972 183000665 1
13498972 183678317 1
13498972 185437960 1
14385871 14586370 1
14385871 48614452 1
14385871 53889702 1
14385871 59795032 1
14385871 70307502 1
14385871 71523092 1
14385871 75269342 1
14385871 75787692 1
14385871 97049052 1
14385871 101703842 1
14385871 101975382 1
14385871 105327672 1
14385871 113949002 1
14385871 119338522 1
14385871 128218232 1
14385871 137125592 1
14385871 139053972 1
14385871 147957892 1
14385871 150104592 1
14385871 155053612 1
14385871 158378202 1
14385871 160231362 1
14385871 183000665 1
14385871 183678317 1
14385871 185437960 1
14586370 48614452 1
14586370 53889702 1
14586370 59795032 1
14586370 70307502 1
14586370 71523092 1
14586370 75269342 1
14586370 75787692 1
14586370 97049052 1
14586370 101703842 1
14586370 101975382 1
14586370 105327672 1
14586370 113949002 1
14586370 119338522 1
14586370 128218232 1
14586370 137125592 1
14586370 139053972 1
14586370 147957892 1
14586370 150104592 1
14586370 155053612 1
14586370 158378202 1
14586370 160231362 1
14586370 183000665 1
14586370 183678317 1
14586370 185437960 1
48614452 53889702 1
48614452 59795032 2
48614452 70307502 1
48614452 71523092 2
48614452 75269342 2
48614452 75787692 1
48614452 97049052 1
48614452 101703842 2
48614452 101975382 2
48614452 105327672 2
48614452 113949002 2
48614452 119338522 1
48614452 128218232 1
48614452 137125592 1
48614452 139053972 1
48614452 147957892 1
48614452 150104592 1
48614452 155053612 2
48614452 158378202 1
48614452 160231362 2
48614452 183000665 1
48614452 183678317 1
48614452 185437960 1
53889702 59795032 1
53889702 70307502 1
53889702 71523092 1
53889702 75269342 1
53889702 75787692 1
53889702 97049052 1
53889702 101703842 1
53889702 101975382 1
53889702 105327672 1
53889702 113949002 1
53889702 119338522 1
53889702 128218232 1
53889702 137125592 1
53889702 139053972 1
53889702 147957892 1
53889702 150104592 1
53889702 155053612 1
53889702 158378202 1
53889702 160231362 1
53889702 183000665 1
53889702 183678317 1
53889702 185437960 1
59795032 70307502 1
59795032 71523092 2
59795032 75269342 2
59795032 75787692 1
59795032 97049052 1
59795032 101703842 2
59795032 101975382 2
59795032 105327672 2
59795032 113949002 2
59795032 119338522 1
59795032 128218232 1
59795032 137125592 1
59795032 139053972 1
59795032 147957892 1
59795032 150104592 1
59795032 155053612 2
59795032 158378202 1
59795032 160231362 2
59795032 183000665 1
59795032 183678317 1
59795032 185437960 1
70307502 71523092 1
70307502 75269342 1
70307502 75787692 1
70307502 97049052 1
70307502 101703842 1
70307502 101975382 1
70307502 105327672 1
70307502 113949002 1
70307502 119338522 1
70307502 128218232 1
70307502 137125592 1
70307502 139053972 1
70307502 147957892 1
70307502 150104592 1
70307502 155053612 1
70307502 158378202 1
70307502 160231362 1
70307502 183000665 1
70307502 183678317 1
70307502 185437960 1
71523092 75269342 2
71523092 75787692 1
71523092 97049052 1
71523092 101703842 2
71523092 101975382 2
71523092 105327672 2
71523092 113949002 2
71523092 119338522 1
71523092 128218232 1
71523092 137125592 1
71523092 139053972 1
71523092 147957892 1
71523092 150104592 1
71523092 155053612 2
71523092 158378202 1
71523092 160231362 2
71523092 183000665 1
71523092 183678317 1
71523092 185437960 1
75269342 75787692 1
75269342 97049052 1
75269342 101703842 2
75269342 101975382 2
75269342 105327672 2
75269342 113949002 2
75269342 119338522 1
75269342 128218232 1
75269342 137125592 1
75269342 139053972 1
75269342 147957892 1
75269342 150104592 1
75269342 155053612 2
75269342 158378202 1
75269342 160231362 2
75269342 183000665 1
75269342 183678317 1
75269342 185437960 1
75787692 97049052 1
75787692 101703842 1
75787692 101975382 1
75787692 105327672 1
75787692 113949002 1
75787692 119338522 1
75787692 128218232 1
75787692 137125592 1
75787692 139053972 1
75787692 147957892 1
75787692 150104592 1
75787692 155053612 1
75787692 158378202 1
75787692 160231362 1
75787692 183000665 1
75787692 183678317 1
75787692 185437960 1
97049052 101703842 1
97049052 101975382 1
97049052 105327672 1
97049052 113949002 1
97049052 119338522 1
97049052 128218232 1
97049052 137125592 1
97049052 139053972 1
97049052 147957892 1
97049052 150104592 1
97049052 155053612 1
97049052 158378202 1
97049052 160231362 1
97049052 183000665 1
97049052 183678317 1
97049052 185437960 1
101703842 101975382 2
101703842 105327672 2
101703842 113949002 2
101703842 119338522 1
101703842 128218232 1
101703842 137125592 1
101703842 139053972 1
101703842 147957892 1
101703842 150104592 1
101703842 155053612 2
101703842 158378202 1
101703842 160231362 2
101703842 183000665 1
101703842 183678317 1
101703842 185437960 1
101975382 105327672 2
101975382 113949002 2
101975382 119338522 1
101975382 128218232 1
101975382 137125592 1
101975382 139053972 1
101975382 147957892 1
101975382 150104592 1
101975382 155053612 2
101975382 158378202 1
101975382 160231362 2
101975382 183000665 1
101975382 183678317 1
101975382 185437960 1
105327672 113949002 2
105327672 119338522 1
105327672 128218232 1
105327672 137125592 1
105327672 139053972 1
105327672 147957892 1
105327672 150104592 1
105327672 155053612 2
105327672 158378202 1
105327672 160231362 2
105327672 183000665 1
105327672 183678317 1
105327672 185437960 1
113949002 119338522 1
113949002 128218232 1
113949002 137125592 1
113949002 139053972 1
113949002 147957892 1
113949002 150104592 1
113949002 155053612 2
113949002 158378202 1
113949002 160231362 2
113949002 183000665 1
113949002 183678317 1
113949002 185437960 1
119338522 128218232 1
119338522 137125592 1
119338522 139053972 1
119338522 147957892 1
119338522 150104592 1
119338522 155053612 1
119338522 158378202 1
119338522 160231362 1
119338522 183000665 1
119338522 183678317 1
119338522 185437960 1
128218232 137125592 1
128218232 139053972 1
128218232 147957892 1
128218232 150104592 1
128218232 158378202 1
128218232 160231362 1
128218232 183000665 1
128218232 183678317 1
128218232 185437960 1
137125592 139053972 1
137125592 147957892 1
137125592 150104592 1
137125592 155053612 1
137125592 158378202 1
137125592 160231362 1
137125592 183000665 1
137125592 183678317 1
137125592 185437960 1
139053972 147957892 1
139053972 150104592 1
139053972 155053612 1
139053972 158378202 1
139053972 160231362 1
139053972 183000665 1
139053972 183678317 1
139053972 185437960 1
147957892 150104592 1
147957892 155053612 1
147957892 158378202 1
147957892 160231362 1
147957892 183000665 1
147957892 183678317 1
147957892 185437960 1
150104592 155053612 1
150104592 158378202 1
150104592 160231362 1
150104592 183000665 1
150104592 183678317 1
150104592 185437960 1
155053612 158378202 1
155053612 160231362 2
155053612 183000665 1
155053612 183678317 1
155053612 185437960 2
158378202 160231362 1
158378202 183000665 1
158378202 183678317 1
158378202 185437960 1
160231362 183000665 1
160231362 183678317 1
160231362 185437960 1
183000665 183678317 1
183000665 185437960 1
183678317 185437960 1
3006281 13528349 1
3006281 13530818 1
3006281 25569102 1
3006281 155031122 1
3006281 155633722 1
3006281 187968422 1
11344723 13528349 1
11344723 13530818 1
11344723 25569102 1
11344723 155031122 1
11344723 155633722 1
11344723 187968422 1
13528349 13530818 1
13528349 25569102 1
13528349 48614452 1
13528349 59795032 1
13528349 71523092 1
13528349 75269342 1
13528349 101703842 1
13528349 101975382 1
13528349 105327672 1
13528349 113949002 1
13528349 155031122 1
13528349 155053612 1
13528349 155633722 1
13528349 160231362 1
13528349 187968422 1
13530818 25569102 1
13530818 48614452 1
13530818 59795032 1
13530818 71523092 1
13530818 75269342 1
13530818 101703842 1
13530818 101975382 1
13530818 105327672 1
13530818 113949002 1
13530818 155031122 1
13530818 155053612 1
13530818 155633722 1
13530818 160231362 1
13530818 187968422 1
25569102 48614452 1
25569102 59795032 1
25569102 71523092 1
25569102 75269342 1
25569102 101703842 1
25569102 101975382 1
25569102 105327672 1
25569102 113949002 1
25569102 155031122 1
25569102 155053612 1
25569102 155633722 1
25569102 160231362 1
25569102 187968422 1
48614452 155031122 1
48614452 155633722 1
48614452 187968422 1
59795032 155031122 1
59795032 155633722 1
59795032 187968422 1
71523092 155031122 1
71523092 155633722 1
71523092 187968422 1
75269342 155031122 1
75269342 155633722 1
75269342 187968422 1
101703842 155031122 1
101703842 155633722 1
101703842 187968422 1
101975382 155031122 1
101975382 155633722 1
101975382 187968422 1
105327672 155031122 1
105327672 155633722 1
105327672 187968422 1
113949002 155031122 1
113949002 155633722 1
113949002 187968422 1
155031122 155053612 1
155031122 155633722 1
155031122 160231362 1
155031122 187968422 1
155053612 155633722 1
155053612 187968422 1
155633722 160231362 1
155633722 187968422 1
160231362 187968422 1
11168985 155053612 1
10907217 155053612 2
11562745 86541912 2
11562745 96158242 2
11562745 114924142 1
11562745 155053612 2
11562745 163357892 1
11562745 184088779 2
86541912 96158242 2
86541912 114924142 1
86541912 163357892 1
86541912 184088779 2
96158242 114924142 1
96158242 155053612 2
96158242 163357892 1
96158242 184088779 2
114924142 155053612 1
114924142 163357892 1
114924142 184088779 1
155053612 163357892 1
155053612 184088779 2
163357892 184088779 1
2621867 13431616 1
13431616 155053612 1
9426495 11562745 1
9426495 86541912 1
9426495 96158242 1
9426495 155053612 1
9426495 184088779 1
9426495 185437960 1
11562745 185437960 1
86541912 185437960 1
96158242 185437960 1
184088779 185437960 1
10907217 188654972 1
155053612 188654972 1
