159292032 20163201 20468101 47855622 132119822 161761812 4411286 149362582 155971352 95928092 13671453 13824542 10329248 101703842 90434082 9308452 137172642 13590444 155053612 149323822 109363892 48614452 121202742 126791862 13426110 138682302 22196801 13414981 119032262 65500872 10828873 155449292 92569422 28191182 166753232 11344723 161579222 59795032 11168985 163948122 158807902 22380011 11637357 89269742 126655092 10337397 107702902 152063222 70088692 17427961 152037882 80813052 10863743
9308452 13590444 1
9308452 48614452 1
9308452 65500872 1
9308452 109363892 1
9308452 121202742 1
9308452 126655092 1
9308452 155053612 1
9308452 155449292 1
9308452 159292032 1
9308452 161761812 1
13590444 48614452 1
13590444 65500872 1
13590444 109363892 1
13590444 121202742 1
13590444 126655092 1
13590444 155053612 2
13590444 155449292 1
13590444 159292032 1
13590444 161761812 1
48614452 65500872 1
48614452 109363892 1
48614452 121202742 1
48614452 126655092 1
48614452 155053612 1
48614452 155449292 1
48614452 159292032 1
48614452 161761812 1
65500872 109363892 1
65500872 121202742 1
65500872 126655092 1
65500872 155053612 1
65500872 155449292 1
65500872 159292032 1
65500872 161761812 1
109363892 121202742 1
109363892 126655092 2
109363892 155053612 2
109363892 155449292 1
109363892 159292032 1
109363892 161761812 1
121202742 126655092 1
121202742 155053612 2
121202742 155449292 1
121202742 159292032 1
121202742 161761812 1
126655092 155053612 3
126655092 155449292 1
126655092 159292032 1
126655092 161761812 1
155053612 155449292 1
155053612 159292032 1
155053612 161761812 1
155449292 159292032 1
155449292 161761812 1
159292032 161761812 1
10337397 10863743 1
10337397 11637357 1
10337397 13590444 1
10337397 13824542 1
10337397 155053612 1
10863743 11637357 1
10863743 13590444 1
10863743 13824542 3
10863743 155053612 2
11637357 13590444 1
11637357 13824542 1
11637357 155053612 1
13590444 13824542 1
13824542 155053612 2
17427961 92569422 1
17427961 152037882 1
17427961 155053612 2
92569422 152037882 1
92569422 155053612 1
152037882 155053612 1
13414981 20163201 1
13414981 47855622 1
13414981 59795032 1
13414981 101703842 1
13414981 126655092 1
13414981 155053612 1
20163201 47855622 1
20163201 59795032 1
20163201 101703842 1
20163201 126655092 1
20163201 155053612 1
47855622 59795032 1
47855622 101703842 1
47855622 126655092 1
47855622 155053612 1
59795032 101703842 1
59795032 126655092 2
59795032 155053612 2
101703842 126655092 1
101703842 155053612 2
101703842 107702902 1
101703842 119032262 1
101703842 121202742 1
101703842 126791862 1
101703842 152063222 1
107702902 119032262 1
107702902 121202742 1
107702902 126791862 1
107702902 152063222 1
107702902 155053612 1
119032262 121202742 1
119032262 126791862 1
119032262 152063222 1
119032262 155053612 1
121202742 126791862 1
121202742 152063222 1
126791862 152063222 1
126791862 155053612 1
152063222 155053612 1
10828873 13426110 1
10828873 17427961 1
10828873 22196801 1
10828873 22380011 1
10828873 90434082 1
10828873 95928092 1
10828873 155053612 1
10828873 155971352 1
10828873 158807902 1
13426110 17427961 1
13426110 22196801 1
13426110 22380011 1
13426110 90434082 1
13426110 95928092 1
13426110 155053612 1
13426110 155971352 1
13426110 158807902 1
17427961 22196801 1
17427961 22380011 1
17427961 90434082 1
17427961 95928092 1
17427961 155971352 1
17427961 158807902 1
22196801 22380011 1
22196801 90434082 1
22196801 95928092 1
22196801 155053612 1
22196801 155971352 1
22196801 158807902 1
22380011 90434082 1
22380011 95928092 1
22380011 155053612 1
22380011 155971352 1
22380011 158807902 1
90434082 95928092 1
90434082 155053612 1
90434082 155971352 1
90434082 158807902 1
95928092 155053612 1
95928092 155971352 1
95928092 158807902 1
155053612 155971352 1
155053612 158807902 1
155971352 158807902 1
4411286 10329248 1
4411286 10863743 1
4411286 11168985 1
4411286 11344723 1
4411286 13824542 1
4411286 70088692 1
4411286 89269742 1
4411286 132119822 1
4411286 149323822 1
4411286 161579222 1
4411286 166753232 1
10329248 10863743 1
10329248 11168985 1
10329248 11344723 1
10329248 13824542 1
10329248 70088692 1
10329248 89269742 1
10329248 132119822 1
10329248 149323822 1
10329248 161579222 1
10329248 166753232 1
10863743 11168985 1
10863743 11344723 1
10863743 70088692 1
10863743 89269742 1
10863743 132119822 1
10863743 149323822 1
10863743 161579222 1
10863743 166753232 1
11168985 11344723 1
11168985 13824542 1
11168985 70088692 1
11168985 89269742 1
11168985 132119822 1
11168985 149323822 1
11168985 161579222 1
11168985 166753232 1
11344723 13824542 1
11344723 70088692 1
11344723 89269742 1
11344723 132119822 1
11344723 149323822 1
11344723 161579222 1
11344723 166753232 1
13824542 70088692 1
13824542 89269742 1
13824542 132119822 1
13824542 149323822 1
13824542 161579222 1
13824542 166753232 1
70088692 89269742 1
70088692 132119822 1
70088692 149323822 1
70088692 161579222 1
70088692 166753232 1
89269742 132119822 1
89269742 149323822 1
89269742 161579222 1
89269742 166753232 1
132119822 149323822 1
132119822 161579222 1
132119822 166753232 1
149323822 161579222 1
149323822 166753232 1
161579222 166753232 1
20468101 155053612 1
10863743 13671453 1
10863743 28191182 1
10863743 59795032 1
10863743 80813052 1
10863743 109363892 1
10863743 126655092 1
10863743 137172642 1
10863743 138682302 1
10863743 149362582 1
13671453 13824542 1
13671453 28191182 1
13671453 59795032 1
13671453 80813052 1
13671453 109363892 1
13671453 126655092 1
13671453 137172642 1
13671453 138682302 1
13671453 149362582 1
13671453 155053612 2
13824542 28191182 1
13824542 59795032 1
13824542 80813052 1
13824542 109363892 1
13824542 126655092 1
13824542 137172642 1
13824542 138682302 1
13824542 149362582 1
28191182 59795032 1
28191182 80813052 1
28191182 109363892 1
28191182 126655092 1
28191182 137172642 1
28191182 138682302 1
28191182 149362582 1
28191182 155053612 1
59795032 80813052 1
59795032 109363892 1
59795032 137172642 1
59795032 138682302 1
59795032 149362582 1
80813052 109363892 1
80813052 126655092 1
80813052 137172642 1
80813052 138682302 1
80813052 149362582 1
80813052 155053612 1
109363892 137172642 1
109363892 138682302 1
109363892 149362582 1
126655092 137172642 1
126655092 138682302 1
126655092 149362582 1
137172642 138682302 1
137172642 149362582 1
137172642 155053612 1
138682302 149362582 1
138682302 155053612 1
149362582 155053612 1
13671453 163948122 1
155053612 163948122 1
