183992196 184398469 3618061 165602062 189740048 116186772 80803092 191055893 9789337 109293212 189741981 13824542 187938334 96158242 145917092 134587812 155053612 1067949 124331182 138363572 5245236 97910712 156034362 128538432 1788998 182781255 190474313 184088779 11344723 86541912 63401432 158378202 12697434 178262112 79856352 87506152 7922665 2196202 192781034 25556722 77107572 178321402 56407932
11344723 87506152 1
11344723 155053612 1
11344723 189740048 1
11344723 190474313 1
87506152 155053612 5
87506152 189740048 3
87506152 190474313 2
155053612 189740048 4
155053612 190474313 2
189740048 190474313 2
87506152 97910712 1
87506152 116186772 1
87506152 138363572 1
87506152 158378202 1
87506152 189741981 1
97910712 116186772 1
97910712 138363572 1
97910712 155053612 1
97910712 158378202 1
97910712 189741981 1
116186772 138363572 1
116186772 155053612 1
116186772 158378202 1
116186772 189741981 1
138363572 155053612 1
138363572 158378202 1
138363572 189741981 1
155053612 158378202 1
155053612 189741981 1
158378202 189741981 1
1067949 2196202 1
1067949 5245236 1
1067949 7922665 1
1067949 9789337 1
1067949 80803092 1
1067949 86541912 1
1067949 155053612 1
1067949 178321402 1
1067949 184398469 1
2196202 5245236 1
2196202 7922665 1
2196202 9789337 1
2196202 80803092 1
2196202 86541912 1
2196202 155053612 1
2196202 178321402 1
2196202 184398469 1
5245236 7922665 1
5245236 9789337 1
5245236 80803092 1
5245236 86541912 1
5245236 155053612 1
5245236 178321402 1
5245236 184398469 1
7922665 9789337 1
7922665 80803092 1
7922665 86541912 1
7922665 155053612 1
7922665 178321402 1
7922665 184398469 1
9789337 80803092 1
9789337 86541912 1
9789337 155053612 1
9789337 178321402 1
9789337 184398469 1
80803092 86541912 1
80803092 155053612 1
80803092 178321402 1
80803092 184398469 1
86541912 155053612 1
86541912 178321402 1
86541912 184398469 1
155053612 178321402 1
155053612 184398469 7
178321402 184398469 1
13824542 63401432 1
13824542 109293212 1
13824542 155053612 1
13824542 184398469 1
63401432 109293212 1
63401432 155053612 1
63401432 184398469 1
109293212 155053612 1
109293212 184398469 1
96158242 145917092 1
96158242 155053612 1
96158242 178262112 1
96158242 184088779 1
96158242 184398469 1
96158242 189740048 1
145917092 155053612 1
145917092 178262112 1
145917092 184088779 1
145917092 184398469 1
145917092 189740048 1
155053612 178262112 1
155053612 184088779 1
178262112 184088779 1
178262112 184398469 1
178262112 189740048 1
184088779 184398469 1
184088779 189740048 1
184398469 189740048 3
77107572 87506152 1
77107572 155053612 1
77107572 184398469 1
87506152 184398469 3
87506152 128538432 2
87506152 165602062 1
87506152 182781255 1
87506152 183992196 1
87506152 187938334 1
87506152 191055893 1
128538432 155053612 2
128538432 165602062 1
128538432 182781255 1
128538432 183992196 1
128538432 184398469 2
128538432 187938334 1
128538432 189740048 2
128538432 190474313 1
128538432 191055893 1
155053612 165602062 1
155053612 182781255 1
155053612 183992196 1
155053612 187938334 1
155053612 191055893 1
165602062 182781255 1
165602062 183992196 1
165602062 184398469 1
165602062 187938334 1
165602062 189740048 1
165602062 190474313 1
165602062 191055893 1
182781255 183992196 1
182781255 184398469 1
182781255 187938334 1
182781255 189740048 1
182781255 190474313 1
182781255 191055893 1
183992196 184398469 1
183992196 187938334 1
183992196 189740048 1
183992196 190474313 1
183992196 191055893 1
184398469 187938334 1
184398469 190474313 1
184398469 191055893 1
187938334 189740048 1
187938334 190474313 1
187938334 191055893 1
189740048 191055893 1
190474313 191055893 1
1788998 3618061 1
1788998 12697434 1
1788998 56407932 1
1788998 79856352 1
1788998 87506152 1
1788998 128538432 1
1788998 155053612 1
1788998 184398469 1
1788998 189740048 1
3618061 12697434 1
3618061 56407932 1
3618061 79856352 1
3618061 87506152 1
3618061 128538432 1
3618061 155053612 2
3618061 184398469 2
3618061 189740048 1
12697434 56407932 1
12697434 79856352 1
12697434 87506152 1
12697434 128538432 1
12697434 155053612 1
12697434 184398469 1
12697434 189740048 1
56407932 79856352 1
56407932 87506152 1
56407932 128538432 1
56407932 155053612 1
56407932 184398469 1
56407932 189740048 1
79856352 87506152 1
79856352 128538432 1
79856352 155053612 1
79856352 184398469 1
79856352 189740048 1
3618061 124331182 1
3618061 134587812 1
3618061 156034362 1
124331182 134587812 1
124331182 155053612 1
124331182 156034362 1
124331182 184398469 1
134587812 155053612 1
134587812 156034362 1
134587812 184398469 1
155053612 156034362 1
156034362 184398469 1
25556722 192781034 1
