1179303 26700392 44661802 71847182 65971022 5751246 22762161 7632724 56760052 13837087
13837087 44661802 6
13837087 65971022 3
13837087 71847182 7
44661802 65971022 2
44661802 71847182 5
65971022 71847182 2
7632724 13837087 3
7632724 44661802 3
7632724 56760052 2
7632724 71847182 3
13837087 56760052 2
44661802 56760052 2
56760052 71847182 1
5751246 7632724 4
5751246 13837087 6
5751246 44661802 4
5751246 56760052 1
5751246 65971022 2
7632724 65971022 1
56760052 65971022 1
5751246 71847182 6
1179303 5751246 1
1179303 7632724 1
1179303 71847182 1
5751246 22762161 1
13837087 22762161 1
22762161 44661802 1
22762161 71847182 1
5751246 26700392 1
13837087 26700392 1
26700392 44661802 1
26700392 71847182 1
