97133312 97199232 4401283 75971462 142235402 5669899 26138232 8417170 154414742 107142422 96808472 46916762 80991132 3546919 179283372 28151222 14237758 4563907 167312332 171019212 102719692 14065612 52843982 71556172 13928278 10751319 82260182 139727582 177304162 20820201 33316212 149025912 105131002 14585470
5669899 13928278 2
5669899 46916762 2
5669899 154414742 1
5669899 167312332 1
13928278 46916762 2
13928278 154414742 1
13928278 167312332 1
46916762 154414742 1
46916762 167312332 1
154414742 167312332 1
4563907 14237758 5
4563907 80991132 2
4563907 97133312 3
4563907 97199232 3
4563907 171019212 4
14237758 80991132 2
14237758 97133312 3
14237758 97199232 3
14237758 171019212 4
80991132 97133312 1
80991132 97199232 2
80991132 171019212 2
97133312 97199232 1
97133312 171019212 2
97199232 171019212 3
3546919 4401283 1
3546919 5669899 1
3546919 13928278 1
3546919 46916762 1
4401283 5669899 1
4401283 13928278 1
4401283 46916762 1
4401283 4563907 2
4401283 14237758 2
4401283 97199232 2
4401283 107142422 1
4401283 171019212 2
4563907 107142422 2
14237758 107142422 2
97199232 107142422 1
107142422 171019212 2
13928278 177304162 1
4563907 33316212 2
4563907 102719692 1
14237758 33316212 2
14237758 102719692 1
33316212 97133312 2
33316212 102719692 1
33316212 107142422 1
33316212 171019212 1
97133312 102719692 1
97133312 107142422 1
102719692 107142422 1
102719692 171019212 1
4563907 10751319 1
4563907 96808472 2
4563907 149025912 1
10751319 14237758 1
10751319 33316212 1
10751319 96808472 1
10751319 97133312 1
10751319 149025912 1
14237758 96808472 2
14237758 149025912 1
33316212 96808472 1
33316212 149025912 1
96808472 97133312 1
96808472 149025912 1
97133312 149025912 1
13928278 179283372 1
4401283 8417170 1
4401283 14065612 1
4401283 14585470 1
4401283 20820201 1
4401283 26138232 1
4401283 28151222 1
4401283 52843982 1
4401283 71556172 1
4401283 75971462 1
4401283 80991132 1
4401283 82260182 1
4401283 96808472 1
4401283 105131002 1
4401283 139727582 1
4401283 142235402 1
4401283 177304162 1
4563907 8417170 1
4563907 14065612 1
4563907 14585470 1
4563907 20820201 1
4563907 26138232 1
4563907 28151222 1
4563907 52843982 1
4563907 71556172 1
4563907 75971462 1
4563907 82260182 1
4563907 105131002 1
4563907 139727582 1
4563907 142235402 1
4563907 177304162 1
8417170 14065612 1
8417170 14237758 1
8417170 14585470 1
8417170 20820201 1
8417170 26138232 1
8417170 28151222 1
8417170 52843982 1
8417170 71556172 1
8417170 75971462 1
8417170 80991132 1
8417170 82260182 1
8417170 96808472 1
8417170 97199232 1
8417170 105131002 1
8417170 139727582 1
8417170 142235402 1
8417170 171019212 1
8417170 177304162 1
14065612 14237758 1
14065612 14585470 1
14065612 20820201 1
14065612 26138232 1
14065612 28151222 1
14065612 52843982 1
14065612 71556172 1
14065612 75971462 1
14065612 80991132 1
14065612 82260182 1
14065612 96808472 1
14065612 97199232 1
14065612 105131002 1
14065612 139727582 1
14065612 142235402 1
14065612 171019212 1
14065612 177304162 1
14237758 14585470 1
14237758 20820201 1
14237758 26138232 1
14237758 28151222 1
14237758 52843982 1
14237758 71556172 1
14237758 75971462 1
14237758 82260182 1
14237758 105131002 1
14237758 139727582 1
14237758 142235402 1
14237758 177304162 1
14585470 20820201 1
14585470 26138232 1
14585470 28151222 1
14585470 52843982 1
14585470 71556172 1
14585470 75971462 1
14585470 80991132 1
14585470 82260182 1
14585470 96808472 1
14585470 97199232 1
14585470 105131002 1
14585470 139727582 1
14585470 142235402 1
14585470 171019212 1
14585470 177304162 1
20820201 26138232 1
20820201 28151222 1
20820201 52843982 1
20820201 71556172 1
20820201 75971462 1
20820201 80991132 1
20820201 82260182 1
20820201 96808472 1
20820201 97199232 1
20820201 105131002 1
20820201 139727582 1
20820201 142235402 1
20820201 171019212 1
20820201 177304162 1
26138232 28151222 1
26138232 52843982 1
26138232 71556172 1
26138232 75971462 1
26138232 80991132 1
26138232 82260182 1
26138232 96808472 1
26138232 97199232 1
26138232 105131002 1
26138232 139727582 1
26138232 142235402 1
26138232 171019212 1
26138232 177304162 1
28151222 52843982 1
28151222 71556172 1
28151222 75971462 1
28151222 80991132 1
28151222 82260182 1
28151222 96808472 1
28151222 97199232 1
28151222 105131002 1
28151222 139727582 1
28151222 142235402 1
28151222 171019212 1
28151222 177304162 1
52843982 71556172 1
52843982 75971462 1
52843982 80991132 1
52843982 82260182 1
52843982 96808472 1
52843982 97199232 1
52843982 105131002 1
52843982 139727582 1
52843982 142235402 1
52843982 171019212 1
52843982 177304162 1
71556172 75971462 1
71556172 80991132 1
71556172 82260182 1
71556172 96808472 1
71556172 97199232 1
71556172 105131002 1
71556172 139727582 1
71556172 142235402 1
71556172 171019212 1
71556172 177304162 1
75971462 80991132 1
75971462 82260182 1
75971462 96808472 1
75971462 97199232 1
75971462 105131002 1
75971462 139727582 1
75971462 142235402 1
75971462 171019212 1
75971462 177304162 1
80991132 82260182 1
80991132 96808472 1
80991132 105131002 1
80991132 139727582 1
80991132 142235402 1
80991132 177304162 1
82260182 96808472 1
82260182 97199232 1
82260182 105131002 1
82260182 139727582 1
82260182 142235402 1
82260182 171019212 1
82260182 177304162 1
96808472 97199232 1
96808472 105131002 1
96808472 139727582 1
96808472 142235402 1
96808472 171019212 1
96808472 177304162 1
97199232 105131002 1
97199232 139727582 1
97199232 142235402 1
97199232 177304162 1
105131002 139727582 1
105131002 142235402 1
105131002 171019212 1
105131002 177304162 1
139727582 142235402 1
139727582 171019212 1
139727582 177304162 1
142235402 171019212 1
142235402 177304162 1
171019212 177304162 1
