83659392 20126211 105985932 9435023 13900578 103853102 98606772 67428532 110905402 105635132 61464652 68122842 48567642 115417562 109636322 9787624 6676205 9699437 2955247 41130362 58557692
2955247 13900578 1
2955247 20126211 1
2955247 61464652 1
13900578 20126211 1
13900578 61464652 1
20126211 61464652 1
13900578 98606772 1
13900578 110905402 1
98606772 110905402 1
6676205 13900578 3
6676205 48567642 1
13900578 48567642 1
9787624 13900578 4
9699437 9787624 1
9699437 13900578 1
9699437 58557692 1
9699437 67428532 1
9699437 83659392 1
9699437 109636322 1
9787624 58557692 1
9787624 67428532 2
9787624 83659392 1
9787624 109636322 2
13900578 58557692 1
13900578 67428532 2
13900578 83659392 1
13900578 109636322 4
58557692 67428532 1
58557692 83659392 1
58557692 109636322 1
67428532 83659392 1
67428532 109636322 1
83659392 109636322 1
6676205 9435023 2
6676205 9787624 2
6676205 105635132 1
6676205 105985932 1
6676205 109636322 1
9435023 9787624 2
9435023 13900578 3
9435023 105635132 1
9435023 105985932 2
9435023 109636322 2
9787624 105635132 1
9787624 105985932 1
13900578 105635132 1
13900578 105985932 2
105635132 105985932 1
105635132 109636322 1
105985932 109636322 2
9435023 68122842 1
9435023 103853102 2
13900578 68122842 1
13900578 103853102 2
68122842 103853102 1
68122842 105985932 1
68122842 109636322 1
103853102 105985932 1
103853102 109636322 1
6676205 41130362 1
6676205 67428532 1
6676205 103853102 1
9435023 41130362 1
9435023 67428532 1
9787624 41130362 1
9787624 103853102 1
13900578 41130362 1
41130362 67428532 1
41130362 103853102 1
67428532 103853102 1
13900578 115417562 1
