43257312 10466528 13900578 14539747 28077542 46781002 17300141 48567642 9435023 14590093 3313677 41848242 36304432 50226612 33207062 44222872 47488602 3955903
9435023 13900578 9
9435023 14539747 2
9435023 33207062 1
13900578 14539747 2
13900578 33207062 1
14539747 33207062 1
3955903 9435023 1
3955903 13900578 1
9435023 43257312 1
9435023 46781002 2
13900578 43257312 1
13900578 46781002 2
43257312 46781002 1
9435023 28077542 2
9435023 41848242 1
9435023 47488602 1
13900578 28077542 2
13900578 41848242 1
13900578 47488602 1
28077542 41848242 1
28077542 46781002 1
28077542 47488602 1
41848242 46781002 1
41848242 47488602 1
46781002 47488602 1
9435023 17300141 1
9435023 50226612 1
13900578 17300141 1
13900578 50226612 1
17300141 50226612 1
9435023 44222872 1
9435023 48567642 1
13900578 44222872 1
13900578 48567642 1
14539747 44222872 1
14539747 48567642 1
44222872 48567642 1
9435023 14590093 1
13900578 14590093 1
3313677 9435023 1
3313677 10466528 1
3313677 13900578 1
3313677 28077542 1
3313677 36304432 1
9435023 10466528 1
9435023 36304432 1
10466528 13900578 1
10466528 28077542 1
10466528 36304432 1
13900578 36304432 1
28077542 36304432 1
