153534592 164215042 61046532 82377092 153493142 159472152 26399772 29383072 10552353 120107172 47215012 163302312 164224552 61014572 118394032 162079792 13423028 163337782 5244984 14003769 162843132 166053692 63213632 109578692 99022662 142740602 8627794 161634262 174219002 175955802 100966752 30719712 60939622 142093802 29357422 169497082 4818419 152385012 63202292 150548982 18025591 128549752 170082932 155290362 153367292
5244984 13423028 2
5244984 14003769 9
5244984 18025591 1
5244984 26399772 1
5244984 60939622 9
5244984 63213632 7
5244984 118394032 1
5244984 159472152 2
13423028 14003769 2
13423028 18025591 1
13423028 26399772 1
13423028 60939622 2
13423028 63213632 2
13423028 118394032 1
13423028 159472152 1
14003769 18025591 1
14003769 26399772 1
14003769 60939622 9
14003769 63213632 8
14003769 118394032 1
14003769 159472152 2
18025591 26399772 1
18025591 60939622 1
18025591 63213632 1
18025591 118394032 1
18025591 159472152 1
26399772 60939622 1
26399772 63213632 1
26399772 118394032 1
26399772 159472152 1
60939622 63213632 7
60939622 118394032 1
60939622 159472152 2
63213632 118394032 1
63213632 159472152 2
118394032 159472152 1
5244984 8627794 2
5244984 10552353 2
5244984 29383072 6
5244984 61014572 1
5244984 120107172 2
5244984 152385012 1
5244984 153367292 4
5244984 153534592 1
5244984 155290362 4
5244984 161634262 1
8627794 10552353 2
8627794 14003769 2
8627794 29383072 2
8627794 60939622 2
8627794 61014572 1
8627794 63213632 2
8627794 120107172 1
8627794 152385012 1
8627794 153367292 2
8627794 153534592 1
8627794 155290362 1
8627794 159472152 1
8627794 161634262 1
10552353 14003769 2
10552353 29383072 2
10552353 60939622 2
10552353 61014572 1
10552353 63213632 2
10552353 120107172 1
10552353 152385012 1
10552353 153367292 2
10552353 153534592 1
10552353 155290362 1
10552353 159472152 1
10552353 161634262 1
14003769 29383072 7
14003769 61014572 1
14003769 120107172 2
14003769 152385012 1
14003769 153367292 4
14003769 153534592 1
14003769 155290362 4
14003769 161634262 1
29383072 60939622 6
29383072 61014572 1
29383072 63213632 7
29383072 120107172 1
29383072 152385012 1
29383072 153367292 4
29383072 153534592 1
29383072 155290362 4
29383072 159472152 1
29383072 161634262 1
60939622 61014572 1
60939622 120107172 2
60939622 152385012 1
60939622 153367292 4
60939622 153534592 1
60939622 155290362 4
60939622 161634262 1
61014572 63213632 1
61014572 120107172 1
61014572 152385012 1
61014572 153367292 1
61014572 153534592 1
61014572 155290362 1
61014572 159472152 1
61014572 161634262 1
63213632 120107172 1
63213632 152385012 1
63213632 153367292 4
63213632 153534592 1
63213632 155290362 4
63213632 161634262 1
120107172 152385012 1
120107172 153367292 1
120107172 153534592 1
120107172 155290362 1
120107172 159472152 1
120107172 161634262 1
152385012 153367292 1
152385012 153534592 1
152385012 155290362 1
152385012 159472152 1
152385012 161634262 1
153367292 153534592 1
153367292 155290362 2
153367292 159472152 1
153367292 161634262 1
153534592 155290362 1
153534592 159472152 1
153534592 161634262 1
155290362 159472152 1
155290362 161634262 1
159472152 161634262 1
5244984 29357422 4
5244984 47215012 1
5244984 63202292 1
5244984 142093802 1
5244984 162843132 1
13423028 29357422 1
13423028 29383072 1
13423028 47215012 1
13423028 63202292 1
13423028 142093802 1
13423028 153367292 1
13423028 162843132 1
14003769 29357422 4
14003769 47215012 1
14003769 63202292 1
14003769 142093802 1
14003769 162843132 1
29357422 29383072 3
29357422 47215012 1
29357422 60939622 4
29357422 63202292 1
29357422 63213632 3
29357422 142093802 1
29357422 153367292 2
29357422 162843132 1
29383072 47215012 1
29383072 63202292 1
29383072 142093802 1
29383072 162843132 1
47215012 60939622 1
47215012 63202292 1
47215012 63213632 1
47215012 142093802 1
47215012 153367292 1
47215012 162843132 1
60939622 63202292 1
60939622 142093802 1
60939622 162843132 1
63202292 63213632 1
63202292 142093802 1
63202292 153367292 1
63202292 162843132 1
63213632 142093802 1
63213632 162843132 1
142093802 153367292 1
142093802 162843132 1
153367292 162843132 1
5244984 61046532 1
5244984 100966752 3
5244984 109578692 2
5244984 150548982 1
5244984 163302312 1
5244984 163337782 1
5244984 164215042 1
5244984 164224552 1
5244984 166053692 2
8627794 29357422 1
8627794 61046532 1
8627794 100966752 1
8627794 109578692 1
8627794 150548982 1
8627794 163302312 1
8627794 163337782 1
8627794 164215042 1
8627794 164224552 1
8627794 166053692 1
10552353 29357422 1
10552353 61046532 1
10552353 100966752 1
10552353 109578692 1
10552353 150548982 1
10552353 163302312 1
10552353 163337782 1
10552353 164215042 1
10552353 164224552 1
10552353 166053692 1
14003769 61046532 1
14003769 100966752 4
14003769 109578692 2
14003769 150548982 1
14003769 163302312 1
14003769 163337782 1
14003769 164215042 1
14003769 164224552 1
14003769 166053692 2
29357422 61046532 1
29357422 100966752 2
29357422 109578692 2
29357422 150548982 1
29357422 163302312 1
29357422 163337782 1
29357422 164215042 1
29357422 164224552 1
29357422 166053692 1
29383072 61046532 1
29383072 100966752 4
29383072 109578692 1
29383072 150548982 1
29383072 163302312 1
29383072 163337782 1
29383072 164215042 1
29383072 164224552 1
29383072 166053692 2
60939622 61046532 1
60939622 100966752 3
60939622 109578692 2
60939622 150548982 1
60939622 163302312 1
60939622 163337782 1
60939622 164215042 1
60939622 164224552 1
60939622 166053692 2
61046532 63213632 1
61046532 100966752 1
61046532 109578692 1
61046532 150548982 1
61046532 153367292 1
61046532 163302312 1
61046532 163337782 1
61046532 164215042 1
61046532 164224552 1
61046532 166053692 1
63213632 100966752 4
63213632 109578692 1
63213632 150548982 1
63213632 163302312 1
63213632 163337782 1
63213632 164215042 1
63213632 164224552 1
63213632 166053692 2
100966752 109578692 1
100966752 150548982 1
100966752 153367292 1
100966752 163302312 1
100966752 163337782 1
100966752 164215042 1
100966752 164224552 1
100966752 166053692 2
109578692 150548982 1
109578692 153367292 1
109578692 163302312 1
109578692 163337782 1
109578692 164215042 1
109578692 164224552 1
109578692 166053692 1
150548982 153367292 1
150548982 163302312 1
150548982 163337782 1
150548982 164215042 1
150548982 164224552 1
150548982 166053692 1
153367292 163302312 1
153367292 163337782 1
153367292 164215042 1
153367292 164224552 1
153367292 166053692 1
163302312 163337782 1
163302312 164215042 1
163302312 164224552 1
163302312 166053692 1
163337782 164215042 1
163337782 164224552 1
163337782 166053692 1
164215042 164224552 1
164215042 166053692 1
164224552 166053692 1
5244984 30719712 1
5244984 128549752 1
5244984 153493142 1
5244984 162079792 2
14003769 30719712 1
14003769 128549752 1
14003769 153493142 1
14003769 162079792 2
29383072 30719712 1
29383072 128549752 1
29383072 153493142 1
29383072 162079792 2
30719712 60939622 1
30719712 63213632 1
30719712 100966752 1
30719712 128549752 1
30719712 153493142 1
30719712 155290362 1
30719712 162079792 1
30719712 166053692 1
60939622 128549752 1
60939622 153493142 1
60939622 162079792 2
63213632 128549752 1
63213632 153493142 1
63213632 162079792 2
100966752 128549752 1
100966752 153493142 1
100966752 155290362 2
100966752 162079792 1
128549752 153493142 1
128549752 155290362 1
128549752 162079792 1
128549752 166053692 1
153493142 155290362 1
153493142 162079792 1
153493142 166053692 1
155290362 162079792 2
155290362 166053692 1
162079792 166053692 1
29357422 155290362 1
5244984 99022662 1
5244984 142740602 1
5244984 169497082 1
5244984 170082932 1
5244984 174219002 2
14003769 99022662 1
14003769 142740602 1
14003769 169497082 1
14003769 170082932 1
14003769 174219002 2
29383072 99022662 1
29383072 142740602 1
29383072 169497082 1
29383072 170082932 1
29383072 174219002 1
60939622 99022662 1
60939622 142740602 1
60939622 169497082 1
60939622 170082932 1
60939622 174219002 2
63213632 99022662 1
63213632 142740602 1
63213632 169497082 1
63213632 170082932 1
63213632 174219002 1
99022662 142740602 1
99022662 153367292 1
99022662 155290362 1
99022662 162079792 1
99022662 169497082 1
99022662 170082932 1
99022662 174219002 1
142740602 153367292 1
142740602 155290362 1
142740602 162079792 1
142740602 169497082 1
142740602 170082932 1
142740602 174219002 1
153367292 162079792 1
153367292 169497082 1
153367292 170082932 1
153367292 174219002 1
155290362 169497082 1
155290362 170082932 1
155290362 174219002 1
162079792 169497082 1
162079792 170082932 1
162079792 174219002 1
169497082 170082932 1
169497082 174219002 1
170082932 174219002 1
4818419 5244984 1
4818419 14003769 1
4818419 60939622 1
4818419 82377092 1
4818419 120107172 1
4818419 174219002 1
4818419 175955802 1
5244984 82377092 1
5244984 175955802 1
14003769 82377092 1
14003769 175955802 1
60939622 82377092 1
60939622 175955802 1
82377092 120107172 1
82377092 174219002 1
82377092 175955802 1
120107172 174219002 1
120107172 175955802 1
174219002 175955802 1
