29659912 9171097 14385689 36792742 13059769 36927692 61042382 11994191 14111441 48510932 60139862 47613662 11602274 43818082 36900712 7561706 3862263 38730492 10990461
10990461 36900712 6
3862263 7561706 6
3862263 10990461 5
3862263 11602274 3
3862263 14385689 6
3862263 43818082 2
3862263 47613662 4
7561706 10990461 6
7561706 11602274 4
7561706 14385689 6
7561706 43818082 2
7561706 47613662 5
10990461 11602274 4
10990461 14385689 6
10990461 43818082 2
10990461 47613662 4
11602274 14385689 4
11602274 43818082 1
11602274 47613662 3
14385689 43818082 2
14385689 47613662 4
43818082 47613662 2
10990461 36927692 5
10990461 38730492 1
10990461 48510932 1
11602274 36900712 4
11602274 36927692 2
11602274 38730492 1
11602274 48510932 1
14385689 36900712 6
14385689 36927692 4
14385689 38730492 1
14385689 48510932 1
36900712 36927692 4
36900712 38730492 1
36900712 48510932 1
36927692 38730492 1
36927692 48510932 1
38730492 48510932 1
7561706 11994191 6
7561706 36900712 6
11602274 11994191 2
11994191 36900712 5
11994191 47613662 4
36900712 47613662 4
3862263 13059769 3
3862263 36900712 5
7561706 13059769 3
10990461 13059769 3
11602274 13059769 2
13059769 14385689 3
13059769 36900712 3
3862263 11994191 4
3862263 36927692 3
3862263 60139862 4
7561706 36927692 4
7561706 60139862 5
10990461 11994191 4
10990461 60139862 4
11602274 60139862 1
11994191 13059769 2
11994191 14385689 4
11994191 36927692 4
11994191 60139862 5
13059769 36927692 2
13059769 47613662 2
13059769 60139862 2
14385689 60139862 4
36900712 60139862 4
36927692 47613662 3
36927692 60139862 4
47613662 60139862 3
3862263 14111441 1
3862263 36792742 2
3862263 61042382 1
7561706 14111441 1
7561706 36792742 2
7561706 61042382 1
10990461 14111441 1
10990461 36792742 2
10990461 61042382 1
11994191 14111441 1
11994191 36792742 2
11994191 43818082 1
11994191 61042382 1
14111441 14385689 1
14111441 36792742 1
14111441 36900712 1
14111441 36927692 1
14111441 43818082 1
14111441 47613662 1
14111441 60139862 1
14111441 61042382 1
14385689 36792742 2
14385689 61042382 1
36792742 36900712 2
36792742 36927692 2
36792742 43818082 1
36792742 47613662 2
36792742 60139862 2
36792742 61042382 1
36900712 43818082 1
36900712 61042382 1
36927692 43818082 1
36927692 61042382 1
43818082 60139862 1
43818082 61042382 1
47613662 61042382 1
60139862 61042382 1
3862263 9171097 1
7561706 9171097 2
9171097 11994191 2
9171097 14385689 1
9171097 36900712 1
9171097 60139862 2
9171097 10990461 1
9171097 36927692 1
3862263 29659912 1
7561706 29659912 1
10990461 29659912 1
11994191 29659912 1
13059769 29659912 1
13059769 36792742 1
14385689 29659912 1
29659912 36792742 1
29659912 36900712 1
29659912 36927692 1
29659912 47613662 1
29659912 60139862 1
