5650564 8397318 12202759 14736011 14587664 12913810 7710868 9875353 96955292 87500062 14174368 21184171 77214642 12880948 12653236 55479862 9100602 84107582 100717632 5425219 14022086 33468362 53860812 3613138 51068882 17743191 27290462 98592482 14442341 9479016 32179312 11677177 12451323
3613138 5650564 2
3613138 12202759 1
3613138 14022086 2
3613138 27290462 1
3613138 33468362 1
3613138 77214642 2
3613138 84107582 2
5650564 12202759 2
5650564 14022086 3
5650564 27290462 2
5650564 33468362 2
5650564 77214642 2
5650564 84107582 2
12202759 14022086 2
12202759 27290462 2
12202759 33468362 2
12202759 77214642 1
12202759 84107582 1
14022086 27290462 2
14022086 33468362 2
14022086 77214642 2
14022086 84107582 3
27290462 33468362 2
27290462 77214642 1
27290462 84107582 1
33468362 77214642 1
33468362 84107582 1
77214642 84107582 2
9479016 14022086 4
9479016 84107582 2
9479016 87500062 1
14022086 87500062 1
84107582 87500062 1
8397318 9479016 3
8397318 12451323 1
8397318 14022086 2
8397318 14587664 2
9479016 12451323 2
9479016 14587664 2
12451323 14022086 1
12451323 14587664 1
14022086 14587664 1
8397318 9100602 1
8397318 12880948 1
8397318 12913810 1
8397318 14736011 1
8397318 17743191 1
8397318 32179312 1
8397318 55479862 1
8397318 96955292 1
8397318 98592482 1
9100602 9479016 2
9100602 12880948 1
9100602 12913810 1
9100602 14022086 2
9100602 14736011 1
9100602 17743191 1
9100602 32179312 1
9100602 55479862 1
9100602 96955292 1
9100602 98592482 1
9479016 12880948 1
9479016 12913810 1
9479016 14736011 2
9479016 17743191 1
9479016 32179312 1
9479016 55479862 1
9479016 96955292 1
9479016 98592482 1
12880948 12913810 1
12880948 14022086 1
12880948 14736011 1
12880948 17743191 1
12880948 32179312 1
12880948 55479862 1
12880948 96955292 1
12880948 98592482 1
12913810 14022086 1
12913810 14736011 1
12913810 17743191 1
12913810 32179312 1
12913810 55479862 1
12913810 96955292 1
12913810 98592482 1
14022086 14736011 1
14022086 17743191 1
14022086 32179312 1
14022086 55479862 1
14022086 96955292 1
14022086 98592482 1
14736011 17743191 1
14736011 32179312 1
14736011 55479862 1
14736011 96955292 1
14736011 98592482 1
17743191 32179312 1
17743191 55479862 1
17743191 96955292 1
17743191 98592482 1
32179312 55479862 1
32179312 96955292 1
32179312 98592482 1
55479862 96955292 1
55479862 98592482 1
96955292 98592482 1
7710868 9100602 1
7710868 9479016 1
7710868 9875353 1
7710868 12653236 1
7710868 14022086 1
7710868 100717632 1
9100602 9875353 1
9100602 12653236 1
9100602 100717632 1
9479016 9875353 1
9479016 12653236 1
9479016 100717632 1
9875353 12653236 1
9875353 14022086 1
9875353 100717632 1
12653236 14022086 1
12653236 100717632 1
14022086 100717632 1
9479016 14442341 3
9479016 21184171 1
12451323 14442341 1
12451323 14736011 1
12451323 21184171 1
12451323 84107582 1
14442341 14736011 1
14442341 21184171 1
14442341 84107582 1
14736011 21184171 1
14736011 84107582 1
21184171 84107582 1
3613138 8397318 1
3613138 9479016 2
3613138 14442341 2
3613138 14587664 1
8397318 14442341 1
14442341 14587664 1
3613138 5425219 1
3613138 11677177 1
3613138 14174368 1
3613138 53860812 1
5425219 9479016 1
5425219 11677177 1
5425219 14174368 1
5425219 14442341 1
5425219 53860812 1
9479016 11677177 1
9479016 14174368 1
9479016 53860812 1
11677177 14174368 1
11677177 14442341 1
11677177 53860812 1
14174368 14442341 1
14174368 53860812 1
14442341 53860812 1
5650564 51068882 1
12202759 51068882 1
14022086 51068882 1
27290462 51068882 1
33468362 51068882 1
