13831040 5650564 8397318 12588807 12087952 14587664 37633042 12867734 9875353 19025821 10749216 14174368 6558633 57159722 53718202 33693242 48425662 8235329 13330244 10317253 14022086 52059082 9726283 51068882 41496922 4303579 34490972 47799012 22573031 9849959 26513912 11677177 12451323
4303579 5650564 1
4303579 14022086 1
4303579 22573031 1
5650564 14022086 1
5650564 22573031 1
14022086 22573031 8
11677177 14022086 1
11677177 22573031 1
11677177 48425662 1
14022086 48425662 2
22573031 48425662 2
6558633 9849959 1
6558633 12087952 1
6558633 14022086 3
6558633 22573031 3
6558633 26513912 2
6558633 33693242 1
9849959 12087952 1
9849959 14022086 1
9849959 22573031 1
9849959 26513912 1
9849959 33693242 1
12087952 14022086 1
12087952 22573031 1
12087952 26513912 1
12087952 33693242 1
14022086 26513912 2
14022086 33693242 1
22573031 26513912 2
22573031 33693242 1
26513912 33693242 1
10749216 14022086 2
10749216 22573031 2
10749216 53718202 2
14022086 53718202 2
22573031 53718202 2
6558633 8397318 1
6558633 10749216 1
6558633 53718202 1
6558633 57159722 1
8397318 10749216 1
8397318 14022086 1
8397318 22573031 1
8397318 26513912 1
8397318 53718202 1
8397318 57159722 1
10749216 26513912 1
10749216 57159722 1
14022086 57159722 1
22573031 57159722 1
26513912 53718202 1
26513912 57159722 1
53718202 57159722 1
12867734 14022086 1
12867734 14587664 1
12867734 22573031 1
12867734 37633042 1
12867734 47799012 1
12867734 48425662 1
14022086 14587664 2
14022086 37633042 1
14022086 47799012 1
14587664 22573031 2
14587664 37633042 1
14587664 47799012 1
14587664 48425662 1
22573031 37633042 1
22573031 47799012 1
37633042 47799012 1
37633042 48425662 1
47799012 48425662 1
12451323 13330244 1
12451323 13831040 1
12451323 19025821 1
13330244 13831040 1
13330244 19025821 1
13831040 19025821 1
9875353 10317253 1
9875353 22573031 1
10317253 22573031 2
6558633 8235329 1
6558633 9726283 1
6558633 10317253 1
6558633 34490972 1
6558633 41496922 1
6558633 51068882 1
8235329 9726283 1
8235329 10317253 1
8235329 14022086 1
8235329 22573031 1
8235329 34490972 1
8235329 41496922 1
8235329 51068882 1
9726283 10317253 1
9726283 14022086 1
9726283 22573031 1
9726283 34490972 1
9726283 41496922 1
9726283 51068882 1
10317253 14022086 1
10317253 34490972 1
10317253 41496922 1
10317253 51068882 1
14022086 34490972 1
14022086 41496922 1
14022086 51068882 1
22573031 34490972 1
22573031 41496922 1
22573031 51068882 1
34490972 41496922 1
34490972 51068882 1
41496922 51068882 1
12588807 14022086 1
12588807 14174368 1
12588807 14587664 1
12588807 22573031 1
12588807 52059082 1
14022086 14174368 1
14022086 52059082 1
14174368 14587664 1
14174368 22573031 1
14174368 52059082 1
14587664 52059082 1
22573031 52059082 1
