5650564 8397318 12588807 10289543 12202759 30676232 8996493 27026702 11694354 9875353 7144989 50635422 5743135 10749216 12652703 54307872 3511459 3947683 6558633 62797482 57159722 35278382 52995502 5380923 3119294 48761662 4747841 6263362 10317253 14022086 59403592 15025481 5433546 33468362 53860812 6046031 51068882 7592276 10102230 11097175 47126742 12904537 41496922 34490972 14658782 27290462 10592613 10932713 3645934 14450798 49027952 23751281 53893742 4885240 11677177 6478590
5433546 6046031 1
5433546 6478590 1
5433546 8397318 1
5433546 9875353 1
5433546 10317253 1
5433546 11097175 1
5433546 12588807 1
5433546 14022086 1
5433546 14658782 1
5433546 15025481 1
5433546 35278382 1
5433546 41496922 1
5433546 50635422 1
5433546 59403592 1
5433546 62797482 1
6046031 6478590 1
6046031 8397318 1
6046031 9875353 1
6046031 10317253 1
6046031 11097175 1
6046031 12588807 1
6046031 14022086 1
6046031 14658782 1
6046031 15025481 1
6046031 35278382 1
6046031 41496922 1
6046031 50635422 1
6046031 59403592 1
6046031 62797482 1
6478590 8397318 1
6478590 9875353 1
6478590 10317253 1
6478590 11097175 1
6478590 12588807 1
6478590 14022086 1
6478590 14658782 1
6478590 15025481 1
6478590 35278382 1
6478590 41496922 1
6478590 50635422 1
6478590 59403592 1
6478590 62797482 1
8397318 9875353 1
8397318 10317253 2
8397318 11097175 2
8397318 12588807 1
8397318 14022086 3
8397318 14658782 1
8397318 15025481 1
8397318 35278382 1
8397318 41496922 1
8397318 50635422 1
8397318 59403592 1
8397318 62797482 2
9875353 10317253 3
9875353 11097175 4
9875353 12588807 1
9875353 14022086 4
9875353 14658782 1
9875353 15025481 1
9875353 35278382 1
9875353 41496922 2
9875353 50635422 2
9875353 59403592 2
9875353 62797482 3
10317253 11097175 4
10317253 12588807 1
10317253 14022086 6
10317253 14658782 1
10317253 15025481 1
10317253 35278382 1
10317253 41496922 3
10317253 50635422 3
10317253 59403592 2
10317253 62797482 3
11097175 12588807 1
11097175 14022086 5
11097175 14658782 1
11097175 15025481 1
11097175 35278382 1
11097175 41496922 2
11097175 50635422 2
11097175 59403592 2
11097175 62797482 3
12588807 14022086 1
12588807 14658782 1
12588807 15025481 1
12588807 35278382 1
12588807 41496922 1
12588807 50635422 1
12588807 59403592 1
12588807 62797482 1
14022086 14658782 1
14022086 15025481 1
14022086 35278382 2
14022086 41496922 4
14022086 50635422 3
14022086 59403592 3
14022086 62797482 5
14658782 15025481 1
14658782 35278382 1
14658782 41496922 1
14658782 50635422 1
14658782 59403592 1
14658782 62797482 1
15025481 35278382 1
15025481 41496922 1
15025481 50635422 1
15025481 59403592 1
15025481 62797482 1
35278382 41496922 2
35278382 50635422 1
35278382 59403592 2
35278382 62797482 2
41496922 50635422 1
41496922 59403592 3
41496922 62797482 3
50635422 59403592 1
50635422 62797482 2
59403592 62797482 3
3511459 5743135 1
3511459 6263362 1
3511459 9875353 1
3511459 10317253 1
3511459 11097175 1
3511459 14022086 1
3511459 27026702 1
3511459 41496922 1
3511459 59403592 1
3511459 62797482 1
5743135 6263362 1
5743135 9875353 1
5743135 10317253 1
5743135 11097175 1
5743135 14022086 2
5743135 27026702 2
5743135 41496922 2
5743135 59403592 2
5743135 62797482 2
6263362 9875353 1
6263362 10317253 1
6263362 11097175 1
6263362 14022086 1
6263362 27026702 1
6263362 41496922 1
6263362 59403592 1
6263362 62797482 1
9875353 27026702 2
10317253 27026702 1
11097175 27026702 2
14022086 27026702 3
27026702 41496922 2
27026702 59403592 2
27026702 62797482 2
5650564 8397318 1
5650564 10102230 1
5650564 10289543 2
5650564 10317253 2
5650564 11097175 1
5650564 12202759 2
5650564 14022086 2
5650564 23751281 1
5650564 27290462 1
5650564 30676232 2
5650564 33468362 1
5650564 34490972 1
5650564 47126742 1
5650564 49027952 1
5650564 51068882 1
8397318 10102230 1
8397318 10289543 1
8397318 12202759 1
8397318 23751281 2
8397318 27290462 1
8397318 30676232 1
8397318 33468362 1
8397318 34490972 1
8397318 47126742 1
8397318 49027952 1
8397318 51068882 1
10102230 10289543 1
10102230 10317253 1
10102230 11097175 1
10102230 12202759 1
10102230 14022086 2
10102230 23751281 1
10102230 27290462 1
10102230 30676232 1
10102230 33468362 1
10102230 34490972 1
10102230 47126742 1
10102230 49027952 1
10102230 51068882 1
10289543 10317253 2
10289543 11097175 1
10289543 12202759 2
10289543 14022086 2
10289543 23751281 1
10289543 27290462 1
10289543 30676232 2
10289543 33468362 1
10289543 34490972 1
10289543 47126742 1
10289543 49027952 1
10289543 51068882 1
10317253 12202759 2
10317253 23751281 1
10317253 27290462 2
10317253 30676232 2
10317253 33468362 1
10317253 34490972 1
10317253 47126742 1
10317253 49027952 2
10317253 51068882 1
11097175 12202759 1
11097175 23751281 1
11097175 27290462 1
11097175 30676232 1
11097175 33468362 1
11097175 34490972 1
11097175 47126742 1
11097175 49027952 2
11097175 51068882 1
12202759 14022086 2
12202759 23751281 1
12202759 27290462 1
12202759 30676232 2
12202759 33468362 1
12202759 34490972 1
12202759 47126742 1
12202759 49027952 1
12202759 51068882 1
14022086 23751281 2
14022086 27290462 3
14022086 30676232 2
14022086 33468362 1
14022086 34490972 2
14022086 47126742 1
14022086 49027952 2
14022086 51068882 1
23751281 27290462 1
23751281 30676232 1
23751281 33468362 1
23751281 34490972 1
23751281 47126742 1
23751281 49027952 1
23751281 51068882 1
27290462 30676232 1
27290462 33468362 1
27290462 34490972 2
27290462 47126742 1
27290462 49027952 1
27290462 51068882 1
30676232 33468362 1
30676232 34490972 1
30676232 47126742 1
30676232 49027952 1
30676232 51068882 1
33468362 34490972 1
33468362 47126742 1
33468362 49027952 1
33468362 51068882 1
34490972 47126742 1
34490972 49027952 1
34490972 51068882 1
47126742 49027952 1
47126742 51068882 1
49027952 51068882 1
5650564 41496922 1
10289543 41496922 1
12202759 41496922 1
30676232 41496922 1
3645934 3947683 1
3645934 9875353 1
3645934 11097175 1
3645934 14022086 1
3645934 27026702 1
3947683 9875353 1
3947683 11097175 1
3947683 14022086 1
3947683 27026702 1
10102230 10749216 1
10749216 14022086 2
6558633 10317253 1
6558633 10749216 1
6558633 14022086 1
6558633 27290462 1
6558633 50635422 1
6558633 57159722 1
10317253 10749216 1
10317253 57159722 1
10749216 27290462 1
10749216 50635422 1
10749216 57159722 1
14022086 57159722 1
27290462 50635422 1
27290462 57159722 1
50635422 57159722 1
8397318 10592613 1
8397318 11677177 1
8397318 11694354 1
8397318 12652703 1
8397318 12904537 1
8397318 14450798 1
8397318 52995502 1
8397318 53893742 1
8397318 54307872 1
10592613 11677177 1
10592613 11694354 1
10592613 12652703 1
10592613 12904537 1
10592613 14022086 1
10592613 14450798 1
10592613 23751281 1
10592613 52995502 1
10592613 53893742 1
10592613 54307872 1
10592613 62797482 1
11677177 11694354 1
11677177 12652703 1
11677177 12904537 1
11677177 14022086 1
11677177 14450798 1
11677177 23751281 1
11677177 52995502 1
11677177 53893742 1
11677177 54307872 1
11677177 62797482 1
11694354 12652703 1
11694354 12904537 1
11694354 14022086 1
11694354 14450798 1
11694354 23751281 1
11694354 52995502 1
11694354 53893742 1
11694354 54307872 1
11694354 62797482 1
12652703 12904537 1
12652703 14022086 1
12652703 14450798 1
12652703 23751281 1
12652703 52995502 1
12652703 53893742 1
12652703 54307872 1
12652703 62797482 1
12904537 14022086 1
12904537 14450798 1
12904537 23751281 1
12904537 52995502 1
12904537 53893742 1
12904537 54307872 1
12904537 62797482 1
14022086 14450798 2
14022086 52995502 1
14022086 53893742 1
14022086 54307872 1
14450798 23751281 1
14450798 52995502 1
14450798 53893742 1
14450798 54307872 1
14450798 62797482 2
23751281 52995502 1
23751281 53893742 1
23751281 54307872 1
23751281 62797482 1
52995502 53893742 1
52995502 54307872 1
52995502 62797482 1
53893742 54307872 1
53893742 62797482 1
54307872 62797482 1
3119294 4747841 1
3119294 5743135 1
3119294 7144989 1
3119294 8996493 1
3119294 14022086 1
3119294 27026702 1
3119294 27290462 1
3119294 34490972 1
3119294 35278382 1
3119294 41496922 1
3119294 48761662 1
3119294 53860812 1
3119294 59403592 1
3119294 62797482 1
4747841 5743135 1
4747841 7144989 1
4747841 8996493 1
4747841 14022086 1
4747841 27026702 1
4747841 27290462 1
4747841 34490972 1
4747841 35278382 1
4747841 41496922 1
4747841 48761662 1
4747841 53860812 1
4747841 59403592 1
4747841 62797482 1
5743135 7144989 1
5743135 8996493 1
5743135 27290462 1
5743135 34490972 1
5743135 35278382 1
5743135 48761662 1
5743135 53860812 1
7144989 8996493 1
7144989 14022086 1
7144989 27026702 1
7144989 27290462 1
7144989 34490972 1
7144989 35278382 1
7144989 41496922 1
7144989 48761662 1
7144989 53860812 1
7144989 59403592 1
7144989 62797482 1
8996493 14022086 1
8996493 27026702 1
8996493 27290462 1
8996493 34490972 1
8996493 35278382 1
8996493 41496922 1
8996493 48761662 1
8996493 53860812 1
8996493 59403592 1
8996493 62797482 1
14022086 48761662 1
14022086 53860812 1
27026702 27290462 1
27026702 34490972 1
27026702 35278382 1
27026702 48761662 1
27026702 53860812 1
27290462 35278382 1
27290462 41496922 1
27290462 48761662 1
27290462 53860812 1
27290462 59403592 1
27290462 62797482 1
34490972 35278382 1
34490972 41496922 1
34490972 48761662 1
34490972 53860812 1
34490972 59403592 1
34490972 62797482 1
35278382 48761662 1
35278382 53860812 1
41496922 48761662 1
41496922 53860812 1
48761662 53860812 1
48761662 59403592 1
48761662 62797482 1
53860812 59403592 1
53860812 62797482 1
4885240 5380923 1
4885240 7592276 1
4885240 9875353 1
4885240 10317253 1
4885240 10932713 1
4885240 11097175 1
4885240 14022086 1
4885240 14450798 1
4885240 49027952 1
4885240 50635422 1
4885240 62797482 1
5380923 7592276 1
5380923 9875353 1
5380923 10317253 1
5380923 10932713 1
5380923 11097175 1
5380923 14022086 1
5380923 14450798 1
5380923 49027952 1
5380923 50635422 1
5380923 62797482 1
7592276 9875353 1
7592276 10317253 1
7592276 10932713 1
7592276 11097175 1
7592276 14022086 1
7592276 14450798 1
7592276 49027952 1
7592276 50635422 1
7592276 62797482 1
9875353 10932713 1
9875353 14450798 1
9875353 49027952 1
10317253 10932713 1
10317253 14450798 1
10932713 11097175 1
10932713 14022086 1
10932713 14450798 1
10932713 49027952 1
10932713 50635422 1
10932713 62797482 1
11097175 14450798 1
14450798 49027952 1
14450798 50635422 1
49027952 50635422 1
49027952 62797482 1
