183267590 77416852 176981272 132388762 185942948 185094308 80699172 186854313 125246252 111576622 10091311 155694652 140124872 133506252 187544918 139910142 93654882 29829092 187197288 78752632 149051262 187917311
10091311 78752632 1
10091311 111576622 7
10091311 132388762 10
10091311 133506252 10
10091311 176981272 10
10091311 185942948 2
78752632 111576622 1
78752632 132388762 1
78752632 133506252 1
78752632 176981272 1
78752632 185942948 1
111576622 132388762 7
111576622 133506252 7
111576622 176981272 7
111576622 185942948 1
132388762 133506252 10
132388762 176981272 10
132388762 185942948 2
133506252 176981272 10
133506252 185942948 2
176981272 185942948 2
10091311 93654882 1
93654882 111576622 1
93654882 132388762 1
93654882 133506252 1
93654882 176981272 1
10091311 185094308 1
10091311 187544918 2
111576622 185094308 1
111576622 187544918 2
132388762 185094308 1
132388762 187544918 2
133506252 185094308 1
133506252 187544918 2
176981272 185094308 1
176981272 187544918 2
185094308 187544918 1
10091311 29829092 1
10091311 183267590 1
29829092 132388762 1
29829092 133506252 1
29829092 176981272 1
29829092 183267590 1
29829092 185942948 1
132388762 183267590 1
133506252 183267590 1
176981272 183267590 1
183267590 185942948 1
10091311 80699172 1
10091311 139910142 1
10091311 140124872 4
80699172 111576622 1
80699172 132388762 1
80699172 133506252 1
80699172 139910142 1
80699172 140124872 1
80699172 176981272 1
80699172 187544918 1
111576622 139910142 1
111576622 140124872 3
132388762 139910142 1
132388762 140124872 4
133506252 139910142 1
133506252 140124872 4
139910142 140124872 1
139910142 176981272 1
139910142 187544918 1
140124872 176981272 4
140124872 187544918 1
10091311 186854313 1
111576622 186854313 1
132388762 186854313 1
133506252 186854313 1
176981272 186854313 1
10091311 149051262 3
10091311 155694652 1
111576622 149051262 2
111576622 155694652 1
132388762 149051262 3
132388762 155694652 1
133506252 149051262 3
133506252 155694652 1
140124872 149051262 2
140124872 155694652 1
149051262 155694652 1
149051262 176981272 3
155694652 176981272 1
10091311 187197288 1
111576622 187197288 1
132388762 187197288 1
133506252 187197288 1
140124872 187197288 1
149051262 187197288 1
176981272 187197288 1
10091311 77416852 1
10091311 125246252 1
10091311 187917311 1
77416852 125246252 1
77416852 132388762 1
77416852 133506252 1
77416852 140124872 1
77416852 176981272 1
77416852 187917311 1
125246252 132388762 1
125246252 133506252 1
125246252 140124872 1
125246252 176981272 1
125246252 187917311 1
132388762 187917311 1
133506252 187917311 1
140124872 187917311 1
176981272 187917311 1
