7567888 2797596 4608156 19177631 11952163 8312620 10033714 14199347 12146106 3278666 11951306 14178390 14201304 25036632 12817371 14199519 12803039 3297640 14198642 10925683 11702131 19139711
3297640 11952163 1
3297640 12146106 2
3297640 12803039 1
3297640 12817371 1
3297640 14178390 2
3297640 14199347 2
3297640 14199519 2
3297640 14201304 2
11952163 12146106 2
11952163 12803039 1
11952163 12817371 1
11952163 14178390 2
11952163 14199347 2
11952163 14199519 2
11952163 14201304 2
12146106 12803039 1
12146106 12817371 2
12146106 14178390 8
12146106 14199347 7
12146106 14199519 8
12146106 14201304 8
12803039 12817371 1
12803039 14178390 1
12803039 14199347 1
12803039 14199519 1
12803039 14201304 1
12817371 14178390 2
12817371 14199347 2
12817371 14199519 2
12817371 14201304 2
14178390 14199347 9
14178390 14199519 10
14178390 14201304 10
14199347 14199519 9
14199347 14201304 9
14199519 14201304 10
3278666 4608156 1
3278666 10925683 2
3278666 12146106 1
3278666 14178390 2
3278666 14198642 2
3278666 14199347 2
3278666 14199519 2
3278666 14201304 2
4608156 10925683 1
4608156 12146106 2
4608156 14178390 2
4608156 14198642 2
4608156 14199347 2
4608156 14199519 2
4608156 14201304 2
10925683 12146106 1
10925683 14178390 3
10925683 14198642 2
10925683 14199347 3
10925683 14199519 3
10925683 14201304 3
12146106 14198642 7
14178390 14198642 8
14198642 14199347 7
14198642 14199519 8
14198642 14201304 8
11702131 12146106 1
11702131 12817371 1
11702131 14178390 1
11702131 14198642 1
11702131 14199347 1
11702131 14199519 1
11702131 14201304 1
12817371 14198642 1
12146106 19177631 1
14178390 19177631 1
14198642 19177631 1
14199347 19177631 1
14199519 19177631 1
14201304 19177631 1
4608156 8312620 1
4608156 11952163 1
8312620 11952163 1
8312620 12146106 1
8312620 14178390 1
8312620 14198642 1
8312620 14199347 1
8312620 14199519 1
8312620 14201304 1
11952163 14198642 1
2797596 3297640 1
2797596 12146106 1
2797596 14178390 1
2797596 14198642 1
2797596 14199347 1
2797596 14199519 1
2797596 14201304 1
3297640 14198642 1
12146106 25036632 1
14178390 25036632 3
14198642 25036632 2
14199347 25036632 3
14199519 25036632 3
14201304 25036632 3
7567888 10033714 1
7567888 10925683 1
7567888 14178390 1
7567888 14199347 1
7567888 14199519 1
7567888 14201304 1
7567888 25036632 1
10033714 10925683 2
10033714 14178390 2
10033714 14199347 2
10033714 14199519 2
10033714 14201304 2
10033714 25036632 2
10925683 25036632 2
3278666 10033714 1
3278666 11951306 1
3278666 19139711 1
3278666 25036632 1
10033714 11951306 1
10033714 14198642 1
10033714 19139711 1
10925683 11951306 1
10925683 19139711 1
11951306 14178390 1
11951306 14198642 1
11951306 14199347 1
11951306 14199519 1
11951306 14201304 1
11951306 19139711 1
11951306 25036632 1
14178390 19139711 1
14198642 19139711 1
14199347 19139711 1
14199519 19139711 1
14201304 19139711 1
19139711 25036632 1
