41255722 55414892 40950382 40952912 40950622 73973872 63025592 41198942 11489791
40950622 40952912 9
40950622 41198942 7
40950622 55414892 9
40952912 41198942 7
40952912 55414892 9
41198942 55414892 7
11489791 40950622 8
11489791 40952912 8
11489791 41198942 6
11489791 55414892 9
11489791 63025592 7
40950622 63025592 7
40952912 63025592 7
41198942 63025592 6
55414892 63025592 7
11489791 73973872 1
40950622 73973872 1
40952912 73973872 1
41198942 73973872 1
55414892 73973872 1
63025592 73973872 1
11489791 41255722 2
40950622 41255722 2
40952912 41255722 2
41198942 41255722 2
41255722 55414892 2
41255722 63025592 2
11489791 40950382 4
40950382 40950622 4
40950382 40952912 4
40950382 55414892 4
40950382 41198942 2
40950382 41255722 1
40950382 63025592 3
