56827332 14462951 31550972 66512462 69904432 14615091 67352212 6587381 27643542 6923862 50104662 69836052 8151195 57117372 8780702 3852031
3852031 6587381 3
3852031 6923862 5
3852031 14462951 4
3852031 27643542 6
3852031 56827332 4
3852031 57117372 2
3852031 66512462 1
6587381 6923862 2
6587381 14462951 2
6587381 27643542 2
6587381 56827332 2
6587381 57117372 1
6587381 66512462 1
6923862 14462951 1
6923862 27643542 4
6923862 56827332 4
6923862 57117372 2
6923862 66512462 1
14462951 27643542 2
14462951 56827332 1
14462951 57117372 1
14462951 66512462 1
27643542 56827332 4
27643542 57117372 1
27643542 66512462 1
56827332 57117372 1
56827332 66512462 1
57117372 66512462 1
3852031 14615091 2
3852031 31550972 1
3852031 50104662 3
6587381 14615091 2
6587381 31550972 1
6587381 50104662 1
14462951 14615091 1
14462951 31550972 1
14462951 50104662 1
14615091 31550972 1
14615091 50104662 1
31550972 50104662 1
6923862 14615091 1
14615091 27643542 1
14615091 56827332 1
3852031 8151195 4
3852031 8780702 1
3852031 67352212 3
6923862 8151195 1
6923862 8780702 1
6923862 67352212 1
8151195 8780702 1
8151195 57117372 1
8151195 67352212 3
8780702 57117372 1
8780702 67352212 1
57117372 67352212 1
3852031 69904432 1
8151195 50104662 2
8151195 69904432 1
50104662 67352212 2
50104662 69904432 1
67352212 69904432 1
8151195 14462951 1
3852031 69836052 1
8151195 27643542 1
8151195 69836052 1
27643542 50104662 1
27643542 67352212 1
27643542 69836052 1
50104662 69836052 1
67352212 69836052 1
