14348677 182689414 23292301 8299534 2526483 139053972 177242902 182663065 184176927 58658082 159487652 1437737 66515242 48564012 57730092 109635762 19873331 124924982 33848762 113323332 6773576 183473866 111368782 71259472 183993168 61537112 1379802 34140892 120379102 11971172 182484967 154868842 12828525 3345653 3439609 151099132
3345653 6773576 1
3345653 8299534 2
3345653 14348677 2
3345653 23292301 2
3345653 113323332 1
3345653 120379102 2
6773576 8299534 1
6773576 14348677 1
6773576 23292301 1
6773576 113323332 1
6773576 120379102 1
8299534 14348677 5
8299534 23292301 5
8299534 113323332 2
8299534 120379102 5
14348677 23292301 5
14348677 113323332 2
14348677 120379102 5
23292301 113323332 2
23292301 120379102 9
113323332 120379102 2
1379802 23292301 1
1379802 48564012 1
1379802 66515242 1
1379802 71259472 1
1379802 120379102 1
1379802 124924982 1
1379802 139053972 1
1379802 177242902 1
1379802 183473866 1
23292301 48564012 4
23292301 66515242 3
23292301 71259472 2
23292301 124924982 4
23292301 139053972 3
23292301 177242902 7
23292301 183473866 1
48564012 66515242 2
48564012 71259472 2
48564012 120379102 4
48564012 124924982 4
48564012 139053972 3
48564012 177242902 4
48564012 183473866 1
66515242 71259472 1
66515242 120379102 3
66515242 124924982 2
66515242 139053972 1
66515242 177242902 2
66515242 183473866 1
71259472 120379102 2
71259472 124924982 2
71259472 139053972 2
71259472 177242902 2
71259472 183473866 1
120379102 124924982 4
120379102 139053972 3
120379102 177242902 7
120379102 183473866 1
124924982 139053972 3
124924982 177242902 4
124924982 183473866 1
139053972 177242902 3
139053972 183473866 1
177242902 183473866 1
1437737 2526483 1
1437737 12828525 1
1437737 14348677 1
1437737 19873331 1
1437737 33848762 1
1437737 111368782 1
1437737 177242902 1
2526483 12828525 1
2526483 14348677 1
2526483 19873331 1
2526483 33848762 1
2526483 111368782 1
2526483 177242902 1
12828525 14348677 1
12828525 19873331 1
12828525 33848762 1
12828525 111368782 1
12828525 177242902 1
14348677 19873331 1
14348677 33848762 1
14348677 111368782 1
14348677 177242902 4
19873331 33848762 1
19873331 111368782 1
19873331 177242902 3
33848762 111368782 1
33848762 177242902 1
111368782 177242902 1
8299534 11971172 2
8299534 58658082 2
8299534 66515242 1
8299534 154868842 1
11971172 14348677 2
11971172 23292301 2
11971172 58658082 1
11971172 66515242 1
11971172 120379102 2
11971172 154868842 1
14348677 58658082 2
14348677 66515242 1
14348677 154868842 1
23292301 58658082 2
23292301 154868842 1
58658082 66515242 1
58658082 120379102 2
58658082 154868842 1
66515242 154868842 1
120379102 154868842 1
23292301 57730092 3
23292301 151099132 3
23292301 182484967 3
48564012 57730092 3
48564012 151099132 3
48564012 182484967 3
57730092 66515242 1
57730092 120379102 3
57730092 124924982 3
57730092 151099132 3
57730092 177242902 3
57730092 182484967 3
66515242 151099132 1
66515242 182484967 1
120379102 151099132 3
120379102 182484967 3
124924982 151099132 3
124924982 182484967 3
151099132 177242902 3
151099132 182484967 3
177242902 182484967 3
8299534 177242902 3
11971172 113323332 1
11971172 177242902 1
113323332 177242902 1
3439609 19873331 1
3439609 23292301 1
3439609 48564012 1
3439609 57730092 1
3439609 61537112 1
3439609 71259472 1
3439609 120379102 1
3439609 124924982 1
3439609 139053972 1
3439609 151099132 1
3439609 159487652 1
3439609 177242902 1
3439609 182484967 1
19873331 23292301 2
19873331 48564012 2
19873331 57730092 2
19873331 61537112 1
19873331 71259472 1
19873331 120379102 2
19873331 124924982 2
19873331 139053972 2
19873331 151099132 2
19873331 159487652 1
19873331 182484967 2
23292301 61537112 1
23292301 159487652 1
48564012 61537112 1
48564012 159487652 1
57730092 61537112 1
57730092 71259472 1
57730092 139053972 2
57730092 159487652 1
61537112 71259472 1
61537112 120379102 1
61537112 124924982 1
61537112 139053972 1
61537112 151099132 1
61537112 159487652 1
61537112 177242902 1
61537112 182484967 1
71259472 151099132 1
71259472 159487652 1
71259472 182484967 1
120379102 159487652 1
124924982 159487652 1
139053972 151099132 2
139053972 159487652 1
139053972 182484967 2
151099132 159487652 1
159487652 177242902 1
159487652 182484967 1
8299534 182663065 2
8299534 182689414 1
14348677 182663065 2
14348677 182689414 1
23292301 182663065 2
23292301 182689414 1
58658082 177242902 1
58658082 182663065 1
58658082 182689414 1
120379102 182663065 2
120379102 182689414 1
177242902 182663065 2
177242902 182689414 1
182663065 182689414 1
19873331 34140892 1
19873331 109635762 1
19873331 183993168 1
23292301 34140892 1
23292301 109635762 1
23292301 183993168 1
34140892 48564012 1
34140892 57730092 1
34140892 109635762 1
34140892 120379102 1
34140892 124924982 1
34140892 139053972 1
34140892 151099132 1
34140892 177242902 1
34140892 182484967 1
34140892 183993168 1
48564012 109635762 1
48564012 183993168 1
57730092 109635762 1
57730092 183993168 1
109635762 120379102 1
109635762 124924982 1
109635762 139053972 1
109635762 151099132 1
109635762 177242902 1
109635762 182484967 1
109635762 183993168 1
120379102 183993168 1
124924982 183993168 1
139053972 183993168 1
151099132 183993168 1
177242902 183993168 1
182484967 183993168 1
3345653 177242902 1
3345653 182663065 1
3345653 184176927 1
8299534 184176927 1
14348677 184176927 1
23292301 184176927 1
120379102 184176927 1
177242902 184176927 1
182663065 184176927 1
