183899653 1855503 183126551 8671772 72122912 58960932 12774436 182544426 187967021 162927662 13194286 125474352 184364093 189062207 183224914 184327776 85250672 184119419 183448704 13470345 184091308 184930477 188894912 137579202 183786185 101840082 12121828 184010474 70258412 186694383 13149935 8708356 12141322 35937042 59164952 83080482 4527910 182702390 169789752 60796222 192453442 5342544 192869713 68719442 184947028 186935637 9553241 182755168 2840935 182544234 117091692 157478252 186423662 48682872 190848890 184137090 133164932 64725892 95496582 67881352 32495502 14073744 137761182 114496422 185459110 127800242 192545714 194353589 192454077 114358222 76675022 131756502 10724824 127409112 11641817 72423902 174933982 13435871 140641762 13814247 184362474 170517482 182560243 184949751 184114687
83080482 127409112 2
83080482 169789752 9
83080482 182702390 1
83080482 184362474 4
127409112 169789752 2
127409112 182702390 1
127409112 184362474 2
169789752 182702390 1
169789752 184362474 4
182702390 184362474 1
8671772 10724824 1
8671772 83080482 1
8671772 114496422 1
8671772 117091692 1
8671772 127409112 1
8671772 127800242 1
8671772 137579202 1
8671772 137761182 1
8671772 157478252 1
8671772 169789752 1
8671772 182560243 1
8671772 182755168 1
8671772 183786185 1
8671772 184362474 1
8671772 184949751 1
8671772 186423662 1
8671772 186935637 1
8671772 187967021 1
10724824 83080482 2
10724824 114496422 2
10724824 117091692 1
10724824 127409112 1
10724824 127800242 1
10724824 137579202 1
10724824 137761182 1
10724824 157478252 1
10724824 169789752 2
10724824 182560243 1
10724824 182755168 1
10724824 183786185 1
10724824 184362474 1
10724824 184949751 1
10724824 186423662 1
10724824 186935637 1
10724824 187967021 1
83080482 114496422 4
83080482 117091692 1
83080482 127800242 1
83080482 137579202 1
83080482 137761182 2
83080482 157478252 1
83080482 182560243 1
83080482 182755168 1
83080482 183786185 1
83080482 184949751 2
83080482 186423662 1
83080482 186935637 2
83080482 187967021 1
114496422 117091692 1
114496422 127409112 1
114496422 127800242 1
114496422 137579202 1
114496422 137761182 1
114496422 157478252 1
114496422 169789752 4
114496422 182560243 1
114496422 182755168 1
114496422 183786185 1
114496422 184362474 2
114496422 184949751 1
114496422 186423662 1
114496422 186935637 2
114496422 187967021 1
117091692 127409112 1
117091692 127800242 1
117091692 137579202 1
117091692 137761182 1
117091692 157478252 1
117091692 169789752 1
117091692 182560243 1
117091692 182755168 1
117091692 183786185 1
117091692 184362474 1
117091692 184949751 1
117091692 186423662 1
117091692 186935637 1
117091692 187967021 1
127409112 127800242 1
127409112 137579202 1
127409112 137761182 1
127409112 157478252 1
127409112 182560243 1
127409112 182755168 1
127409112 183786185 1
127409112 184949751 1
127409112 186423662 1
127409112 186935637 1
127409112 187967021 1
127800242 137579202 1
127800242 137761182 1
127800242 157478252 1
127800242 169789752 1
127800242 182560243 1
127800242 182755168 1
127800242 183786185 1
127800242 184362474 1
127800242 184949751 1
127800242 186423662 1
127800242 186935637 1
127800242 187967021 1
137579202 137761182 1
137579202 157478252 1
137579202 169789752 1
137579202 182560243 1
137579202 182755168 1
137579202 183786185 1
137579202 184362474 1
137579202 184949751 1
137579202 186423662 1
137579202 186935637 1
137579202 187967021 1
137761182 157478252 1
137761182 169789752 2
137761182 182560243 1
137761182 182755168 1
137761182 183786185 1
137761182 184362474 1
137761182 184949751 1
137761182 186423662 1
137761182 186935637 1
137761182 187967021 1
157478252 169789752 1
157478252 182560243 1
157478252 182755168 1
157478252 183786185 1
157478252 184362474 1
157478252 184949751 1
157478252 186423662 1
157478252 186935637 1
157478252 187967021 1
169789752 182560243 1
169789752 182755168 1
169789752 183786185 1
169789752 184949751 2
169789752 186423662 1
169789752 186935637 2
169789752 187967021 1
182560243 182755168 1
182560243 183786185 1
182560243 184362474 1
182560243 184949751 1
182560243 186423662 1
182560243 186935637 1
182560243 187967021 1
182755168 183786185 1
182755168 184362474 1
182755168 184949751 1
182755168 186423662 1
182755168 186935637 1
182755168 187967021 1
183786185 184362474 1
183786185 184949751 1
183786185 186423662 1
183786185 186935637 1
183786185 187967021 1
184362474 184949751 1
184362474 186423662 1
184362474 186935637 2
184362474 187967021 1
184949751 186423662 1
184949751 186935637 1
184949751 187967021 1
186423662 186935637 1
186423662 187967021 1
186935637 187967021 1
8708356 13470345 1
8708356 48682872 1
8708356 59164952 1
8708356 67881352 1
8708356 70258412 1
8708356 72423902 1
8708356 83080482 2
8708356 85250672 1
8708356 95496582 2
8708356 114496422 2
8708356 169789752 2
8708356 183224914 1
8708356 183899653 1
8708356 184119419 1
8708356 184327776 1
8708356 184362474 1
8708356 184364093 1
8708356 186935637 1
13470345 48682872 1
13470345 59164952 1
13470345 67881352 1
13470345 70258412 1
13470345 72423902 1
13470345 83080482 1
13470345 85250672 1
13470345 95496582 1
13470345 114496422 1
13470345 169789752 1
13470345 183224914 1
13470345 183899653 1
13470345 184119419 1
13470345 184327776 1
13470345 184362474 1
13470345 184364093 1
13470345 186935637 1
48682872 59164952 1
48682872 67881352 1
48682872 70258412 1
48682872 72423902 1
48682872 83080482 1
48682872 85250672 1
48682872 95496582 1
48682872 114496422 1
48682872 169789752 1
48682872 183224914 1
48682872 183899653 1
48682872 184119419 1
48682872 184327776 1
48682872 184362474 1
48682872 184364093 1
48682872 186935637 1
59164952 67881352 1
59164952 70258412 1
59164952 72423902 1
59164952 83080482 1
59164952 85250672 1
59164952 95496582 1
59164952 114496422 1
59164952 169789752 1
59164952 183224914 1
59164952 183899653 1
59164952 184119419 1
59164952 184327776 1
59164952 184362474 1
59164952 184364093 1
59164952 186935637 1
67881352 70258412 1
67881352 72423902 1
67881352 83080482 1
67881352 85250672 1
67881352 95496582 1
67881352 114496422 1
67881352 169789752 1
67881352 183224914 1
67881352 183899653 1
67881352 184119419 1
67881352 184327776 1
67881352 184362474 1
67881352 184364093 1
67881352 186935637 1
70258412 72423902 1
70258412 83080482 1
70258412 85250672 1
70258412 95496582 1
70258412 114496422 1
70258412 169789752 1
70258412 183224914 1
70258412 183899653 1
70258412 184119419 1
70258412 184327776 1
70258412 184362474 1
70258412 184364093 1
70258412 186935637 1
72423902 83080482 1
72423902 85250672 1
72423902 95496582 1
72423902 114496422 1
72423902 169789752 1
72423902 183224914 1
72423902 183899653 1
72423902 184119419 1
72423902 184327776 1
72423902 184362474 1
72423902 184364093 1
72423902 186935637 1
83080482 85250672 1
83080482 95496582 2
83080482 183224914 1
83080482 183899653 1
83080482 184119419 1
83080482 184327776 1
83080482 184364093 1
85250672 95496582 1
85250672 114496422 1
85250672 169789752 1
85250672 183224914 1
85250672 183899653 1
85250672 184119419 1
85250672 184327776 1
85250672 184362474 1
85250672 184364093 1
85250672 186935637 1
95496582 114496422 2
95496582 169789752 2
95496582 183224914 1
95496582 183899653 1
95496582 184119419 1
95496582 184327776 1
95496582 184362474 1
95496582 184364093 1
95496582 186935637 1
114496422 183224914 1
114496422 183899653 1
114496422 184119419 1
114496422 184327776 1
114496422 184364093 1
169789752 183224914 1
169789752 183899653 1
169789752 184119419 1
169789752 184327776 1
169789752 184364093 1
183224914 183899653 1
183224914 184119419 1
183224914 184327776 1
183224914 184362474 1
183224914 184364093 1
183224914 186935637 1
183899653 184119419 1
183899653 184327776 1
183899653 184362474 1
183899653 184364093 1
183899653 186935637 1
184119419 184327776 1
184119419 184362474 1
184119419 184364093 1
184119419 186935637 1
184327776 184362474 1
184327776 184364093 1
184327776 186935637 1
184362474 184364093 1
184364093 186935637 1
1855503 5342544 1
1855503 12121828 1
1855503 12141322 1
1855503 58960932 1
1855503 83080482 1
1855503 114358222 1
1855503 137761182 1
1855503 140641762 1
1855503 169789752 1
1855503 170517482 1
1855503 183448704 1
1855503 184114687 1
1855503 184137090 1
1855503 184947028 1
1855503 186694383 1
1855503 189062207 1
5342544 12121828 1
5342544 12141322 1
5342544 58960932 1
5342544 83080482 1
5342544 114358222 1
5342544 137761182 1
5342544 140641762 1
5342544 169789752 1
5342544 170517482 1
5342544 183448704 1
5342544 184114687 1
5342544 184137090 1
5342544 184947028 1
5342544 186694383 1
5342544 189062207 1
12121828 12141322 1
12121828 58960932 1
12121828 83080482 1
12121828 114358222 1
12121828 137761182 1
12121828 140641762 1
12121828 169789752 1
12121828 170517482 1
12121828 183448704 1
12121828 184114687 1
12121828 184137090 1
12121828 184947028 1
12121828 186694383 1
12121828 189062207 1
12141322 58960932 1
12141322 83080482 1
12141322 114358222 1
12141322 137761182 1
12141322 140641762 1
12141322 169789752 1
12141322 170517482 1
12141322 183448704 1
12141322 184114687 1
12141322 184137090 1
12141322 184947028 1
12141322 186694383 1
12141322 189062207 1
58960932 83080482 1
58960932 114358222 1
58960932 137761182 1
58960932 140641762 1
58960932 169789752 1
58960932 170517482 1
58960932 183448704 1
58960932 184114687 1
58960932 184137090 1
58960932 184947028 1
58960932 186694383 1
58960932 189062207 1
83080482 114358222 5
83080482 140641762 1
83080482 170517482 2
83080482 183448704 1
83080482 184114687 1
83080482 184137090 2
83080482 184947028 1
83080482 186694383 1
83080482 189062207 3
114358222 137761182 1
114358222 140641762 1
114358222 169789752 5
114358222 170517482 2
114358222 183448704 1
114358222 184114687 1
114358222 184137090 2
114358222 184947028 1
114358222 186694383 1
114358222 189062207 3
137761182 140641762 1
137761182 170517482 1
137761182 183448704 1
137761182 184114687 1
137761182 184137090 1
137761182 184947028 1
137761182 186694383 1
137761182 189062207 1
140641762 169789752 1
140641762 170517482 1
140641762 183448704 1
140641762 184114687 1
140641762 184137090 1
140641762 184947028 1
140641762 186694383 1
140641762 189062207 1
169789752 170517482 2
169789752 183448704 1
169789752 184114687 1
169789752 184137090 2
169789752 184947028 1
169789752 186694383 1
169789752 189062207 3
170517482 183448704 1
170517482 184114687 1
170517482 184137090 1
170517482 184947028 1
170517482 186694383 1
170517482 189062207 1
183448704 184114687 1
183448704 184137090 1
183448704 184947028 1
183448704 186694383 1
183448704 189062207 1
184114687 184137090 1
184114687 184947028 1
184114687 186694383 1
184114687 189062207 1
184137090 184947028 1
184137090 186694383 1
184137090 189062207 2
184947028 186694383 1
184947028 189062207 1
186694383 189062207 1
2840935 72122912 1
2840935 76675022 1
2840935 83080482 1
2840935 101840082 1
2840935 114358222 1
2840935 131756502 1
2840935 162927662 1
2840935 169789752 1
2840935 184091308 1
2840935 184137090 1
2840935 184362474 1
2840935 185459110 1
2840935 189062207 1
2840935 190848890 1
72122912 76675022 1
72122912 83080482 1
72122912 101840082 1
72122912 114358222 1
72122912 131756502 1
72122912 162927662 1
72122912 169789752 1
72122912 184091308 1
72122912 184137090 1
72122912 184362474 1
72122912 185459110 1
72122912 189062207 1
72122912 190848890 1
76675022 83080482 1
76675022 101840082 1
76675022 114358222 1
76675022 131756502 1
76675022 162927662 1
76675022 169789752 1
76675022 184091308 1
76675022 184137090 1
76675022 184362474 1
76675022 185459110 1
76675022 189062207 1
76675022 190848890 1
83080482 101840082 1
83080482 131756502 1
83080482 162927662 2
83080482 184091308 1
83080482 185459110 1
83080482 190848890 1
101840082 114358222 1
101840082 131756502 1
101840082 162927662 1
101840082 169789752 1
101840082 184091308 1
101840082 184137090 1
101840082 184362474 1
101840082 185459110 1
101840082 189062207 1
101840082 190848890 1
114358222 131756502 1
114358222 162927662 2
114358222 184091308 1
114358222 184362474 1
114358222 185459110 1
114358222 190848890 1
131756502 162927662 1
131756502 169789752 1
131756502 184091308 1
131756502 184137090 1
131756502 184362474 1
131756502 185459110 1
131756502 189062207 1
131756502 190848890 1
162927662 169789752 2
162927662 184091308 1
162927662 184137090 1
162927662 184362474 1
162927662 185459110 1
162927662 189062207 1
162927662 190848890 1
169789752 184091308 1
169789752 185459110 1
169789752 190848890 1
184091308 184137090 1
184091308 184362474 1
184091308 185459110 1
184091308 189062207 1
184091308 190848890 1
184137090 184362474 1
184137090 185459110 1
184137090 190848890 1
184362474 185459110 1
184362474 189062207 1
184362474 190848890 1
185459110 189062207 1
185459110 190848890 1
189062207 190848890 1
8708356 10724824 1
8708356 11641817 1
8708356 14073744 1
8708356 32495502 1
8708356 68719442 1
8708356 114358222 1
8708356 133164932 1
8708356 162927662 1
8708356 170517482 1
8708356 174933982 1
8708356 182544426 1
8708356 184010474 1
8708356 188894912 1
8708356 192453442 1
8708356 192545714 1
10724824 11641817 1
10724824 14073744 1
10724824 32495502 1
10724824 68719442 1
10724824 95496582 1
10724824 114358222 1
10724824 133164932 1
10724824 162927662 1
10724824 170517482 1
10724824 174933982 1
10724824 182544426 1
10724824 184010474 1
10724824 188894912 1
10724824 192453442 1
10724824 192545714 1
11641817 14073744 1
11641817 32495502 1
11641817 68719442 1
11641817 83080482 1
11641817 95496582 1
11641817 114358222 1
11641817 114496422 1
11641817 133164932 1
11641817 162927662 1
11641817 169789752 1
11641817 170517482 1
11641817 174933982 1
11641817 182544426 1
11641817 184010474 1
11641817 188894912 1
11641817 192453442 1
11641817 192545714 1
14073744 32495502 1
14073744 68719442 1
14073744 83080482 2
14073744 95496582 1
14073744 114358222 2
14073744 114496422 1
14073744 133164932 1
14073744 162927662 1
14073744 169789752 2
14073744 170517482 1
14073744 174933982 1
14073744 182544426 2
14073744 184010474 1
14073744 188894912 1
14073744 192453442 1
14073744 192545714 1
32495502 68719442 1
32495502 83080482 1
32495502 95496582 1
32495502 114358222 1
32495502 114496422 1
32495502 133164932 1
32495502 162927662 1
32495502 169789752 1
32495502 170517482 1
32495502 174933982 1
32495502 182544426 1
32495502 184010474 1
32495502 188894912 1
32495502 192453442 1
32495502 192545714 1
68719442 83080482 1
68719442 95496582 1
68719442 114358222 1
68719442 114496422 1
68719442 133164932 1
68719442 162927662 1
68719442 169789752 1
68719442 170517482 1
68719442 174933982 1
68719442 182544426 1
68719442 184010474 1
68719442 188894912 1
68719442 192453442 1
68719442 192545714 1
83080482 133164932 1
83080482 174933982 2
83080482 182544426 2
83080482 184010474 1
83080482 188894912 1
83080482 192453442 1
83080482 192545714 1
95496582 114358222 1
95496582 133164932 1
95496582 162927662 1
95496582 170517482 1
95496582 174933982 1
95496582 182544426 1
95496582 184010474 1
95496582 188894912 1
95496582 192453442 1
95496582 192545714 1
114358222 114496422 2
114358222 133164932 1
114358222 174933982 2
114358222 182544426 2
114358222 184010474 1
114358222 188894912 1
114358222 192453442 1
114358222 192545714 1
114496422 133164932 1
114496422 162927662 1
114496422 170517482 1
114496422 174933982 2
114496422 182544426 1
114496422 184010474 1
114496422 188894912 1
114496422 192453442 1
114496422 192545714 1
133164932 162927662 1
133164932 169789752 1
133164932 170517482 1
133164932 174933982 1
133164932 182544426 1
133164932 184010474 1
133164932 188894912 1
133164932 192453442 1
133164932 192545714 1
162927662 170517482 1
162927662 174933982 1
162927662 182544426 1
162927662 184010474 1
162927662 188894912 1
162927662 192453442 1
162927662 192545714 1
169789752 174933982 2
169789752 182544426 2
169789752 184010474 1
169789752 188894912 1
169789752 192453442 1
169789752 192545714 1
170517482 174933982 1
170517482 182544426 1
170517482 184010474 1
170517482 188894912 1
170517482 192453442 1
170517482 192545714 1
174933982 182544426 1
174933982 184010474 1
174933982 188894912 1
174933982 192453442 1
174933982 192545714 1
182544426 184010474 1
182544426 188894912 1
182544426 192453442 1
182544426 192545714 1
184010474 188894912 1
184010474 192453442 1
184010474 192545714 1
188894912 192453442 1
188894912 192545714 1
192453442 192545714 1
9553241 14073744 1
9553241 35937042 1
9553241 83080482 1
9553241 114358222 1
9553241 169789752 1
9553241 182544234 1
9553241 182544426 1
9553241 184949751 1
9553241 192454077 1
9553241 192869713 1
14073744 35937042 1
14073744 182544234 1
14073744 184949751 1
14073744 192454077 1
14073744 192869713 1
35937042 83080482 2
35937042 114358222 2
35937042 169789752 2
35937042 182544234 1
35937042 182544426 1
35937042 184949751 1
35937042 192454077 1
35937042 192869713 1
83080482 182544234 1
83080482 192454077 1
83080482 192869713 1
114358222 182544234 1
114358222 184949751 1
114358222 192454077 1
114358222 192869713 1
169789752 182544234 1
169789752 192454077 1
169789752 192869713 1
182544234 182544426 1
182544234 184949751 1
182544234 192454077 1
182544234 192869713 1
182544426 184949751 1
182544426 192454077 1
182544426 192869713 1
184949751 192454077 1
184949751 192869713 1
192454077 192869713 1
13149935 13194286 1
13149935 60796222 1
13149935 125474352 1
13149935 174933982 1
13149935 184137090 1
13149935 192869713 1
13194286 60796222 1
13194286 125474352 1
13194286 174933982 1
13194286 184137090 1
13194286 192869713 1
60796222 125474352 1
60796222 174933982 1
60796222 184137090 1
60796222 192869713 1
125474352 174933982 1
125474352 184137090 1
125474352 192869713 1
174933982 184137090 1
174933982 192869713 1
184137090 192869713 1
4527910 12774436 1
4527910 13435871 1
4527910 13814247 1
4527910 35937042 1
4527910 64725892 1
4527910 83080482 1
4527910 114358222 1
4527910 114496422 1
4527910 169789752 1
4527910 174933982 1
4527910 183126551 1
4527910 189062207 1
12774436 13435871 1
12774436 13814247 1
12774436 35937042 1
12774436 64725892 1
12774436 83080482 1
12774436 114358222 1
12774436 114496422 1
12774436 169789752 1
12774436 174933982 1
12774436 183126551 1
12774436 189062207 1
13435871 13814247 1
13435871 35937042 1
13435871 64725892 1
13435871 83080482 2
13435871 114358222 1
13435871 114496422 1
13435871 169789752 2
13435871 174933982 1
13435871 183126551 1
13435871 189062207 1
13814247 35937042 1
13814247 64725892 1
13814247 83080482 1
13814247 114358222 1
13814247 114496422 1
13814247 169789752 1
13814247 174933982 1
13814247 183126551 1
13814247 189062207 1
35937042 64725892 1
35937042 114496422 1
35937042 174933982 1
35937042 183126551 1
35937042 189062207 1
64725892 83080482 1
64725892 114358222 1
64725892 114496422 1
64725892 169789752 1
64725892 174933982 1
64725892 183126551 1
64725892 189062207 1
83080482 183126551 1
114358222 183126551 1
114496422 183126551 1
114496422 189062207 1
169789752 183126551 1
174933982 183126551 1
174933982 189062207 1
183126551 189062207 1
13435871 184930477 1
13435871 194353589 1
83080482 184930477 1
83080482 194353589 1
169789752 184930477 1
169789752 194353589 1
184930477 194353589 1
