99696132 11174920 55880202 109692942 142253582 69546512 5062680 83503132 58596382 14431774 96995872 3281441 51368482 45332002 108912672 23354921 14521390 13878318 7694385 137667122 55421492 89195572 45841462 9598004 130007092 115599422 13414981 136269382 137843782 6657608 70133832 78609482 11921996 139134032 11050069 44878422 96551002 113052762 2882666 130571372 45100142 11161202 10214004 2517110 2975864 21337211 30273662 7335038 47107712 35772032 88969352 12911243 100531862 14653592 5067417 97223322 9700505 129839772 105062042 14217378 9451173 58506922 30998702 7941294 39899822 75639482 99516102 132468422 90315 6638284 38720722 115957972 39877852 11108061 60328672 76109032 64193772 59562222 14095092 105887992 88790272 106680582 135672072 12052237 137321742 111893782 108997912 67512602 119947552 135231782 3592487 11809063 7540020 97896762 12969276 32601922 137879362 2089797 135873862 7353670 8355143 94482762 31780682 39086922 24303952 12029265 130612572 93654882 12012395 96782192 9043318 118558582 47595902 9647489 66669442 37047172 28997512 85442962 59859862 144121752 20106651 13645724 5097886 90014632 22919081 13513646 13723067 138011082 55120842 91725772 14067152 127165392 7001556 6095320 52789732 10854885 52859882 25036272 138341872 111725042 115262452 34530292 85294582 7932926
6657608 7694385 1
6657608 9043318 2
6657608 30998702 1
6657608 45100142 2
6657608 67512602 1
6657608 69546512 1
6657608 85442962 1
6657608 94482762 2
6657608 99696132 1
6657608 109692942 1
6657608 118558582 1
6657608 129839772 1
6657608 136269382 3
7694385 9043318 1
7694385 30998702 1
7694385 45100142 1
7694385 67512602 1
7694385 69546512 1
7694385 85442962 1
7694385 94482762 1
7694385 99696132 1
7694385 109692942 1
7694385 118558582 1
7694385 129839772 1
7694385 136269382 1
9043318 30998702 1
9043318 45100142 3
9043318 67512602 1
9043318 69546512 1
9043318 85442962 2
9043318 94482762 3
9043318 99696132 1
9043318 109692942 2
9043318 118558582 2
9043318 129839772 1
9043318 136269382 7
30998702 45100142 1
30998702 67512602 1
30998702 69546512 1
30998702 85442962 1
30998702 94482762 1
30998702 99696132 1
30998702 109692942 1
30998702 118558582 1
30998702 129839772 1
30998702 136269382 1
45100142 67512602 1
45100142 69546512 1
45100142 85442962 2
45100142 94482762 2
45100142 99696132 1
45100142 109692942 2
45100142 118558582 2
45100142 129839772 1
45100142 136269382 4
67512602 69546512 1
67512602 85442962 1
67512602 94482762 1
67512602 99696132 1
67512602 109692942 1
67512602 118558582 1
67512602 129839772 1
67512602 136269382 1
69546512 85442962 1
69546512 94482762 1
69546512 99696132 1
69546512 109692942 1
69546512 118558582 1
69546512 129839772 1
69546512 136269382 1
85442962 94482762 2
85442962 99696132 1
85442962 109692942 2
85442962 118558582 2
85442962 129839772 1
85442962 136269382 2
94482762 99696132 1
94482762 109692942 2
94482762 118558582 2
94482762 129839772 1
94482762 136269382 3
99696132 109692942 1
99696132 118558582 1
99696132 129839772 1
99696132 136269382 1
109692942 118558582 2
109692942 129839772 1
109692942 136269382 2
118558582 129839772 1
118558582 136269382 2
129839772 136269382 1
7001556 9043318 4
7001556 9647489 2
7001556 13414981 1
7001556 13723067 2
7001556 14521390 1
7001556 31780682 2
7001556 37047172 1
7001556 45100142 2
7001556 51368482 1
7001556 85442962 1
7001556 94482762 1
7001556 97896762 1
7001556 109692942 1
7001556 118558582 1
7001556 135873862 2
7001556 136269382 4
7001556 137843782 3
9043318 9647489 4
9043318 13414981 1
9043318 13723067 2
9043318 14521390 1
9043318 31780682 2
9043318 37047172 1
9043318 51368482 1
9043318 97896762 1
9043318 135873862 2
9043318 137843782 3
9647489 13414981 1
9647489 13723067 2
9647489 14521390 1
9647489 31780682 1
9647489 37047172 1
9647489 45100142 1
9647489 51368482 1
9647489 85442962 1
9647489 94482762 2
9647489 97896762 1
9647489 109692942 1
9647489 118558582 1
9647489 135873862 2
9647489 136269382 4
9647489 137843782 2
13414981 13723067 1
13414981 14521390 1
13414981 31780682 1
13414981 37047172 1
13414981 45100142 1
13414981 51368482 1
13414981 85442962 1
13414981 94482762 1
13414981 97896762 1
13414981 109692942 1
13414981 118558582 1
13414981 135873862 1
13414981 136269382 1
13414981 137843782 1
13723067 14521390 1
13723067 31780682 1
13723067 37047172 1
13723067 45100142 1
13723067 51368482 1
13723067 85442962 1
13723067 94482762 1
13723067 97896762 1
13723067 109692942 1
13723067 118558582 1
13723067 135873862 1
13723067 136269382 2
13723067 137843782 2
14521390 31780682 1
14521390 37047172 1
14521390 45100142 1
14521390 51368482 1
14521390 85442962 1
14521390 94482762 1
14521390 97896762 1
14521390 109692942 1
14521390 118558582 1
14521390 135873862 1
14521390 136269382 1
14521390 137843782 1
31780682 37047172 1
31780682 45100142 3
31780682 51368482 1
31780682 85442962 1
31780682 94482762 1
31780682 97896762 1
31780682 109692942 1
31780682 118558582 1
31780682 135873862 2
31780682 136269382 3
31780682 137843782 3
37047172 45100142 1
37047172 51368482 1
37047172 85442962 1
37047172 94482762 1
37047172 97896762 1
37047172 109692942 1
37047172 118558582 1
37047172 135873862 1
37047172 136269382 1
37047172 137843782 1
45100142 51368482 1
45100142 97896762 1
45100142 135873862 2
45100142 137843782 3
51368482 85442962 1
51368482 94482762 1
51368482 97896762 1
51368482 109692942 1
51368482 118558582 1
51368482 135873862 1
51368482 136269382 1
51368482 137843782 1
85442962 97896762 1
85442962 135873862 1
85442962 137843782 1
94482762 97896762 1
94482762 135873862 2
94482762 137843782 1
97896762 109692942 1
97896762 118558582 1
97896762 135873862 1
97896762 136269382 1
97896762 137843782 1
109692942 135873862 1
109692942 137843782 1
118558582 135873862 1
118558582 137843782 1
135873862 136269382 3
135873862 137843782 2
136269382 137843782 4
2089797 2882666 1
2089797 5062680 1
2089797 6095320 1
2089797 6657608 1
2089797 7001556 1
2089797 7335038 1
2089797 7540020 1
2089797 7941294 1
2089797 10854885 1
2089797 11108061 1
2089797 11161202 1
2089797 11174920 2
2089797 12911243 2
2089797 12969276 1
2089797 13513646 2
2089797 13645724 1
2089797 13878318 1
2089797 14095092 2
2089797 14653592 2
2089797 20106651 2
2089797 22919081 2
2089797 25036272 1
2089797 30273662 1
2089797 31780682 2
2089797 32601922 1
2089797 39086922 2
2089797 39899822 1
2089797 44878422 1
2089797 45100142 2
2089797 45841462 1
2089797 47107712 2
2089797 55421492 1
2089797 55880202 2
2089797 58506922 1
2089797 58596382 1
2089797 64193772 1
2089797 70133832 2
2089797 78609482 1
2089797 83503132 2
2089797 89195572 2
2089797 93654882 1
2089797 96782192 1
2089797 97223322 1
2089797 99516102 1
2089797 100531862 2
2089797 106680582 1
2089797 108997912 1
2089797 111893782 1
2089797 115262452 1
2089797 130571372 2
2089797 130612572 2
2089797 135231782 2
2089797 135672072 1
2089797 135873862 1
2089797 136269382 2
2089797 137321742 1
2089797 137667122 1
2089797 137843782 2
2089797 137879362 1
2089797 138011082 1
2089797 139134032 1
2882666 5062680 1
2882666 6095320 1
2882666 6657608 1
2882666 7001556 1
2882666 7335038 1
2882666 7540020 1
2882666 7941294 1
2882666 10854885 1
2882666 11108061 1
2882666 11161202 1
2882666 11174920 1
2882666 12911243 1
2882666 12969276 1
2882666 13513646 1
2882666 13645724 1
2882666 13878318 1
2882666 14095092 1
2882666 14653592 1
2882666 20106651 1
2882666 22919081 1
2882666 25036272 1
2882666 30273662 1
2882666 31780682 1
2882666 32601922 1
2882666 39086922 1
2882666 39899822 1
2882666 44878422 1
2882666 45100142 1
2882666 45841462 1
2882666 47107712 1
2882666 55421492 1
2882666 55880202 1
2882666 58506922 1
2882666 58596382 1
2882666 64193772 1
2882666 70133832 1
2882666 78609482 1
2882666 83503132 1
2882666 89195572 1
2882666 93654882 1
2882666 96782192 1
2882666 97223322 1
2882666 99516102 1
2882666 100531862 1
2882666 106680582 1
2882666 108997912 1
2882666 111893782 1
2882666 115262452 1
2882666 130571372 1
2882666 130612572 1
2882666 135231782 1
2882666 135672072 1
2882666 135873862 1
2882666 136269382 1
2882666 137321742 1
2882666 137667122 1
2882666 137843782 1
2882666 137879362 1
2882666 138011082 1
2882666 139134032 1
5062680 6095320 1
5062680 6657608 1
5062680 7001556 1
5062680 7335038 1
5062680 7540020 1
5062680 7941294 1
5062680 10854885 1
5062680 11108061 1
5062680 11161202 1
5062680 11174920 1
5062680 12911243 1
5062680 12969276 1
5062680 13513646 1
5062680 13645724 1
5062680 13878318 1
5062680 14095092 1
5062680 14653592 1
5062680 20106651 1
5062680 22919081 1
5062680 25036272 1
5062680 30273662 1
5062680 31780682 1
5062680 32601922 1
5062680 39086922 1
5062680 39899822 1
5062680 44878422 1
5062680 45100142 1
5062680 45841462 1
5062680 47107712 1
5062680 55421492 1
5062680 55880202 1
5062680 58506922 1
5062680 58596382 1
5062680 64193772 1
5062680 70133832 1
5062680 78609482 1
5062680 83503132 1
5062680 89195572 1
5062680 93654882 1
5062680 96782192 1
5062680 97223322 1
5062680 99516102 1
5062680 100531862 1
5062680 106680582 1
5062680 108997912 1
5062680 111893782 1
5062680 115262452 1
5062680 130571372 1
5062680 130612572 1
5062680 135231782 1
5062680 135672072 1
5062680 135873862 1
5062680 136269382 1
5062680 137321742 1
5062680 137667122 1
5062680 137843782 1
5062680 137879362 1
5062680 138011082 1
5062680 139134032 1
6095320 6657608 1
6095320 7001556 2
6095320 7335038 1
6095320 7540020 1
6095320 7941294 1
6095320 10854885 1
6095320 11108061 1
6095320 11161202 1
6095320 11174920 1
6095320 12911243 1
6095320 12969276 1
6095320 13513646 1
6095320 13645724 1
6095320 13878318 1
6095320 14095092 1
6095320 14653592 1
6095320 20106651 1
6095320 22919081 1
6095320 25036272 1
6095320 30273662 1
6095320 31780682 1
6095320 32601922 1
6095320 39086922 1
6095320 39899822 1
6095320 44878422 1
6095320 45100142 1
6095320 45841462 1
6095320 47107712 1
6095320 55421492 1
6095320 55880202 1
6095320 58506922 1
6095320 58596382 1
6095320 64193772 1
6095320 70133832 1
6095320 78609482 1
6095320 83503132 2
6095320 89195572 1
6095320 93654882 2
6095320 96782192 1
6095320 97223322 1
6095320 99516102 1
6095320 100531862 1
6095320 106680582 1
6095320 108997912 1
6095320 111893782 1
6095320 115262452 1
6095320 130571372 1
6095320 130612572 1
6095320 135231782 1
6095320 135672072 1
6095320 135873862 1
6095320 136269382 2
6095320 137321742 1
6095320 137667122 1
6095320 137843782 2
6095320 137879362 1
6095320 138011082 1
6095320 139134032 1
6657608 7001556 1
6657608 7335038 1
6657608 7540020 1
6657608 7941294 1
6657608 10854885 1
6657608 11108061 1
6657608 11161202 2
6657608 11174920 1
6657608 12911243 1
6657608 12969276 1
6657608 13513646 1
6657608 13645724 2
6657608 13878318 1
6657608 14095092 1
6657608 14653592 1
6657608 20106651 1
6657608 22919081 1
6657608 25036272 1
6657608 30273662 1
6657608 31780682 1
6657608 32601922 1
6657608 39086922 2
6657608 39899822 1
6657608 44878422 1
6657608 45841462 1
6657608 47107712 1
6657608 55421492 1
6657608 55880202 1
6657608 58506922 1
6657608 58596382 2
6657608 64193772 1
6657608 70133832 1
6657608 78609482 1
6657608 83503132 1
6657608 89195572 1
6657608 93654882 2
6657608 96782192 1
6657608 97223322 1
6657608 99516102 1
6657608 100531862 1
6657608 106680582 1
6657608 108997912 1
6657608 111893782 1
6657608 115262452 1
6657608 130571372 1
6657608 130612572 1
6657608 135231782 1
6657608 135672072 1
6657608 135873862 2
6657608 137321742 1
6657608 137667122 1
6657608 137843782 1
6657608 137879362 2
6657608 138011082 1
6657608 139134032 1
7001556 7335038 1
7001556 7540020 1
7001556 7941294 1
7001556 10854885 1
7001556 11108061 1
7001556 11161202 1
7001556 11174920 2
7001556 12911243 1
7001556 12969276 1
7001556 13513646 1
7001556 13645724 1
7001556 13878318 1
7001556 14095092 1
7001556 14653592 1
7001556 20106651 1
7001556 22919081 1
7001556 25036272 1
7001556 30273662 1
7001556 32601922 1
7001556 39086922 1
7001556 39899822 1
7001556 44878422 1
7001556 45841462 1
7001556 47107712 1
7001556 55421492 1
7001556 55880202 1
7001556 58506922 1
7001556 58596382 1
7001556 64193772 1
7001556 70133832 1
7001556 78609482 1
7001556 83503132 2
7001556 89195572 1
7001556 93654882 3
7001556 96782192 1
7001556 97223322 1
7001556 99516102 1
7001556 100531862 3
7001556 106680582 1
7001556 108997912 1
7001556 111893782 1
7001556 115262452 1
7001556 130571372 1
7001556 130612572 1
7001556 135231782 1
7001556 135672072 2
7001556 137321742 1
7001556 137667122 1
7001556 137879362 1
7001556 138011082 1
7001556 139134032 1
7335038 7540020 1
7335038 7941294 1
7335038 10854885 1
7335038 11108061 1
7335038 11161202 1
7335038 11174920 1
7335038 12911243 1
7335038 12969276 1
7335038 13513646 1
7335038 13645724 1
7335038 13878318 1
7335038 14095092 1
7335038 14653592 1
7335038 20106651 1
7335038 22919081 1
7335038 25036272 1
7335038 30273662 1
7335038 31780682 1
7335038 32601922 1
7335038 39086922 1
7335038 39899822 1
7335038 44878422 1
7335038 45100142 1
7335038 45841462 1
7335038 47107712 1
7335038 55421492 1
7335038 55880202 1
7335038 58506922 1
7335038 58596382 1
7335038 64193772 1
7335038 70133832 1
7335038 78609482 1
7335038 83503132 1
7335038 89195572 1
7335038 93654882 1
7335038 96782192 1
7335038 97223322 1
7335038 99516102 1
7335038 100531862 1
7335038 106680582 1
7335038 108997912 1
7335038 111893782 1
7335038 115262452 1
7335038 130571372 1
7335038 130612572 1
7335038 135231782 1
7335038 135672072 1
7335038 135873862 1
7335038 136269382 1
7335038 137321742 1
7335038 137667122 1
7335038 137843782 1
7335038 137879362 1
7335038 138011082 1
7335038 139134032 1
7540020 7941294 1
7540020 10854885 1
7540020 11108061 1
7540020 11161202 1
7540020 11174920 1
7540020 12911243 1
7540020 12969276 1
7540020 13513646 1
7540020 13645724 1
7540020 13878318 1
7540020 14095092 1
7540020 14653592 1
7540020 20106651 1
7540020 22919081 1
7540020 25036272 1
7540020 30273662 1
7540020 31780682 1
7540020 32601922 1
7540020 39086922 1
7540020 39899822 1
7540020 44878422 1
7540020 45100142 1
7540020 45841462 1
7540020 47107712 1
7540020 55421492 1
7540020 55880202 1
7540020 58506922 1
7540020 58596382 1
7540020 64193772 1
7540020 70133832 1
7540020 78609482 1
7540020 83503132 1
7540020 89195572 1
7540020 93654882 1
7540020 96782192 1
7540020 97223322 1
7540020 99516102 1
7540020 100531862 1
7540020 106680582 1
7540020 108997912 1
7540020 111893782 1
7540020 115262452 1
7540020 130571372 1
7540020 130612572 1
7540020 135231782 1
7540020 135672072 1
7540020 135873862 1
7540020 136269382 1
7540020 137321742 1
7540020 137667122 1
7540020 137843782 1
7540020 137879362 1
7540020 138011082 1
7540020 139134032 1
7941294 10854885 1
7941294 11108061 1
7941294 11161202 1
7941294 11174920 1
7941294 12911243 1
7941294 12969276 1
7941294 13513646 1
7941294 13645724 1
7941294 13878318 1
7941294 14095092 1
7941294 14653592 1
7941294 20106651 1
7941294 22919081 1
7941294 25036272 1
7941294 30273662 1
7941294 31780682 1
7941294 32601922 1
7941294 39086922 1
7941294 39899822 1
7941294 44878422 1
7941294 45100142 1
7941294 45841462 1
7941294 47107712 1
7941294 55421492 1
7941294 55880202 1
7941294 58506922 1
7941294 58596382 1
7941294 64193772 1
7941294 70133832 1
7941294 78609482 1
7941294 83503132 1
7941294 89195572 1
7941294 93654882 1
7941294 96782192 1
7941294 97223322 1
7941294 99516102 1
7941294 100531862 1
7941294 106680582 1
7941294 108997912 1
7941294 111893782 1
7941294 115262452 1
7941294 130571372 1
7941294 130612572 1
7941294 135231782 1
7941294 135672072 1
7941294 135873862 1
7941294 136269382 1
7941294 137321742 1
7941294 137667122 1
7941294 137843782 1
7941294 137879362 1
7941294 138011082 1
7941294 139134032 1
10854885 11108061 1
10854885 11161202 1
10854885 11174920 1
10854885 12911243 1
10854885 12969276 1
10854885 13513646 1
10854885 13645724 1
10854885 13878318 1
10854885 14095092 1
10854885 14653592 1
10854885 20106651 1
10854885 22919081 1
10854885 25036272 1
10854885 30273662 1
10854885 31780682 1
10854885 32601922 1
10854885 39086922 1
10854885 39899822 1
10854885 44878422 1
10854885 45100142 1
10854885 45841462 1
10854885 47107712 1
10854885 55421492 1
10854885 55880202 1
10854885 58506922 1
10854885 58596382 1
10854885 64193772 1
10854885 70133832 1
10854885 78609482 1
10854885 83503132 1
10854885 89195572 1
10854885 93654882 1
10854885 96782192 1
10854885 97223322 1
10854885 99516102 1
10854885 100531862 1
10854885 106680582 1
10854885 108997912 1
10854885 111893782 1
10854885 115262452 1
10854885 130571372 1
10854885 130612572 1
10854885 135231782 1
10854885 135672072 1
10854885 135873862 1
10854885 136269382 1
10854885 137321742 1
10854885 137667122 1
10854885 137843782 1
10854885 137879362 1
10854885 138011082 1
10854885 139134032 1
11108061 11161202 1
11108061 11174920 1
11108061 12911243 1
11108061 12969276 1
11108061 13513646 1
11108061 13645724 1
11108061 13878318 1
11108061 14095092 1
11108061 14653592 1
11108061 20106651 1
11108061 22919081 1
11108061 25036272 1
11108061 30273662 1
11108061 31780682 1
11108061 32601922 1
11108061 39086922 1
11108061 39899822 1
11108061 44878422 1
11108061 45100142 1
11108061 45841462 1
11108061 47107712 1
11108061 55421492 1
11108061 55880202 1
11108061 58506922 1
11108061 58596382 1
11108061 64193772 1
11108061 70133832 1
11108061 78609482 1
11108061 83503132 1
11108061 89195572 1
11108061 93654882 1
11108061 96782192 1
11108061 97223322 1
11108061 99516102 1
11108061 100531862 1
11108061 106680582 1
11108061 108997912 1
11108061 111893782 1
11108061 115262452 1
11108061 130571372 1
11108061 130612572 1
11108061 135231782 1
11108061 135672072 1
11108061 135873862 1
11108061 136269382 1
11108061 137321742 1
11108061 137667122 1
11108061 137843782 1
11108061 137879362 1
11108061 138011082 1
11108061 139134032 1
11161202 11174920 1
11161202 12911243 1
11161202 12969276 1
11161202 13513646 1
11161202 13645724 2
11161202 13878318 1
11161202 14095092 1
11161202 14653592 1
11161202 20106651 1
11161202 22919081 1
11161202 25036272 1
11161202 30273662 1
11161202 31780682 1
11161202 32601922 1
11161202 39086922 2
11161202 39899822 1
11161202 44878422 1
11161202 45100142 1
11161202 45841462 1
11161202 47107712 1
11161202 55421492 1
11161202 55880202 1
11161202 58506922 1
11161202 58596382 2
11161202 64193772 1
11161202 70133832 1
11161202 78609482 1
11161202 83503132 1
11161202 89195572 1
11161202 93654882 2
11161202 96782192 1
11161202 97223322 1
11161202 99516102 1
11161202 100531862 1
11161202 106680582 1
11161202 108997912 1
11161202 111893782 1
11161202 115262452 1
11161202 130571372 1
11161202 130612572 1
11161202 135231782 1
11161202 135672072 1
11161202 135873862 2
11161202 136269382 2
11161202 137321742 1
11161202 137667122 1
11161202 137843782 1
11161202 137879362 2
11161202 138011082 1
11161202 139134032 1
11174920 12911243 2
11174920 12969276 1
11174920 13513646 2
11174920 13645724 1
11174920 13878318 1
11174920 14095092 2
11174920 14653592 2
11174920 20106651 2
11174920 22919081 2
11174920 25036272 1
11174920 30273662 1
11174920 31780682 2
11174920 32601922 1
11174920 39086922 2
11174920 39899822 1
11174920 44878422 1
11174920 45100142 2
11174920 45841462 1
11174920 47107712 2
11174920 55421492 1
11174920 55880202 2
11174920 58506922 1
11174920 58596382 1
11174920 64193772 1
11174920 70133832 2
11174920 78609482 1
11174920 83503132 2
11174920 89195572 2
11174920 93654882 1
11174920 96782192 1
11174920 97223322 1
11174920 99516102 1
11174920 100531862 3
11174920 106680582 1
11174920 108997912 1
11174920 111893782 1
11174920 115262452 1
11174920 130571372 2
11174920 130612572 2
11174920 135231782 2
11174920 135672072 1
11174920 135873862 1
11174920 136269382 2
11174920 137321742 1
11174920 137667122 1
11174920 137843782 2
11174920 137879362 1
11174920 138011082 1
11174920 139134032 1
12911243 12969276 1
12911243 13513646 2
12911243 13645724 1
12911243 13878318 1
12911243 14095092 2
12911243 14653592 2
12911243 20106651 2
12911243 22919081 2
12911243 25036272 1
12911243 30273662 1
12911243 31780682 2
12911243 32601922 1
12911243 39086922 2
12911243 39899822 1
12911243 44878422 1
12911243 45100142 2
12911243 45841462 1
12911243 47107712 2
12911243 55421492 1
12911243 55880202 2
12911243 58506922 1
12911243 58596382 1
12911243 64193772 1
12911243 70133832 2
12911243 78609482 1
12911243 83503132 2
12911243 89195572 2
12911243 93654882 1
12911243 96782192 1
12911243 97223322 1
12911243 99516102 1
12911243 100531862 2
12911243 106680582 1
12911243 108997912 1
12911243 111893782 1
12911243 115262452 1
12911243 130571372 2
12911243 130612572 2
12911243 135231782 2
12911243 135672072 1
12911243 135873862 1
12911243 136269382 2
12911243 137321742 1
12911243 137667122 1
12911243 137843782 2
12911243 137879362 1
12911243 138011082 1
12911243 139134032 1
12969276 13513646 1
12969276 13645724 1
12969276 13878318 1
12969276 14095092 1
12969276 14653592 1
12969276 20106651 1
12969276 22919081 1
12969276 25036272 1
12969276 30273662 1
12969276 31780682 1
12969276 32601922 1
12969276 39086922 1
12969276 39899822 1
12969276 44878422 1
12969276 45100142 1
12969276 45841462 1
12969276 47107712 1
12969276 55421492 1
12969276 55880202 1
12969276 58506922 1
12969276 58596382 1
12969276 64193772 1
12969276 70133832 1
12969276 78609482 1
12969276 83503132 1
12969276 89195572 1
12969276 93654882 1
12969276 96782192 1
12969276 97223322 1
12969276 99516102 1
12969276 100531862 1
12969276 106680582 1
12969276 108997912 1
12969276 111893782 1
12969276 115262452 1
12969276 130571372 1
12969276 130612572 1
12969276 135231782 1
12969276 135672072 1
12969276 135873862 1
12969276 136269382 1
12969276 137321742 1
12969276 137667122 1
12969276 137843782 1
12969276 137879362 1
12969276 138011082 1
12969276 139134032 1
13513646 13645724 1
13513646 13878318 1
13513646 14095092 2
13513646 14653592 2
13513646 20106651 2
13513646 22919081 2
13513646 25036272 1
13513646 30273662 1
13513646 31780682 2
13513646 32601922 1
13513646 39086922 2
13513646 39899822 1
13513646 44878422 1
13513646 45100142 2
13513646 45841462 1
13513646 47107712 2
13513646 55421492 1
13513646 55880202 2
13513646 58506922 1
13513646 58596382 1
13513646 64193772 1
13513646 70133832 2
13513646 78609482 1
13513646 83503132 2
13513646 89195572 2
13513646 93654882 1
13513646 96782192 1
13513646 97223322 1
13513646 99516102 1
13513646 100531862 2
13513646 106680582 1
13513646 108997912 1
13513646 111893782 1
13513646 115262452 1
13513646 130571372 2
13513646 130612572 2
13513646 135231782 2
13513646 135672072 1
13513646 135873862 1
13513646 136269382 2
13513646 137321742 1
13513646 137667122 1
13513646 137843782 2
13513646 137879362 1
13513646 138011082 1
13513646 139134032 1
13645724 13878318 1
13645724 14095092 1
13645724 14653592 1
13645724 20106651 1
13645724 22919081 1
13645724 25036272 1
13645724 30273662 1
13645724 31780682 1
13645724 32601922 1
13645724 39086922 2
13645724 39899822 1
13645724 44878422 1
13645724 45100142 1
13645724 45841462 1
13645724 47107712 1
13645724 55421492 1
13645724 55880202 1
13645724 58506922 1
13645724 58596382 2
13645724 64193772 1
13645724 70133832 1
13645724 78609482 1
13645724 83503132 1
13645724 89195572 1
13645724 93654882 2
13645724 96782192 1
13645724 97223322 1
13645724 99516102 1
13645724 100531862 1
13645724 106680582 1
13645724 108997912 1
13645724 111893782 1
13645724 115262452 1
13645724 130571372 1
13645724 130612572 1
13645724 135231782 1
13645724 135672072 1
13645724 135873862 2
13645724 136269382 2
13645724 137321742 1
13645724 137667122 1
13645724 137843782 1
13645724 137879362 2
13645724 138011082 1
13645724 139134032 1
13878318 14095092 1
13878318 14653592 1
13878318 20106651 1
13878318 22919081 1
13878318 25036272 1
13878318 30273662 1
13878318 31780682 1
13878318 32601922 1
13878318 39086922 1
13878318 39899822 1
13878318 44878422 1
13878318 45100142 1
13878318 45841462 1
13878318 47107712 1
13878318 55421492 1
13878318 55880202 1
13878318 58506922 1
13878318 58596382 1
13878318 64193772 1
13878318 70133832 1
13878318 78609482 1
13878318 83503132 1
13878318 89195572 1
13878318 93654882 1
13878318 96782192 1
13878318 97223322 1
13878318 99516102 1
13878318 100531862 1
13878318 106680582 1
13878318 108997912 1
13878318 111893782 1
13878318 115262452 1
13878318 130571372 1
13878318 130612572 1
13878318 135231782 1
13878318 135672072 1
13878318 135873862 1
13878318 136269382 1
13878318 137321742 1
13878318 137667122 1
13878318 137843782 1
13878318 137879362 1
13878318 138011082 1
13878318 139134032 1
14095092 14653592 2
14095092 20106651 2
14095092 22919081 2
14095092 25036272 1
14095092 30273662 1
14095092 31780682 2
14095092 32601922 1
14095092 39086922 2
14095092 39899822 1
14095092 44878422 1
14095092 45100142 2
14095092 45841462 1
14095092 47107712 2
14095092 55421492 1
14095092 55880202 2
14095092 58506922 1
14095092 58596382 1
14095092 64193772 1
14095092 70133832 2
14095092 78609482 1
14095092 83503132 2
14095092 89195572 2
14095092 93654882 1
14095092 96782192 1
14095092 97223322 1
14095092 99516102 1
14095092 100531862 2
14095092 106680582 1
14095092 108997912 1
14095092 111893782 1
14095092 115262452 1
14095092 130571372 2
14095092 130612572 2
14095092 135231782 2
14095092 135672072 1
14095092 135873862 1
14095092 136269382 2
14095092 137321742 1
14095092 137667122 1
14095092 137843782 2
14095092 137879362 1
14095092 138011082 1
14095092 139134032 1
14653592 20106651 2
14653592 22919081 2
14653592 25036272 1
14653592 30273662 1
14653592 31780682 2
14653592 32601922 1
14653592 39086922 2
14653592 39899822 1
14653592 44878422 1
14653592 45100142 2
14653592 45841462 1
14653592 47107712 2
14653592 55421492 1
14653592 55880202 2
14653592 58506922 1
14653592 58596382 1
14653592 64193772 1
14653592 70133832 2
14653592 78609482 1
14653592 83503132 2
14653592 89195572 2
14653592 93654882 1
14653592 96782192 1
14653592 97223322 1
14653592 99516102 1
14653592 100531862 2
14653592 106680582 1
14653592 108997912 1
14653592 111893782 1
14653592 115262452 1
14653592 130571372 2
14653592 130612572 2
14653592 135231782 2
14653592 135672072 1
14653592 135873862 1
14653592 136269382 2
14653592 137321742 1
14653592 137667122 1
14653592 137843782 2
14653592 137879362 1
14653592 138011082 1
14653592 139134032 1
20106651 22919081 2
20106651 25036272 1
20106651 30273662 1
20106651 31780682 2
20106651 32601922 1
20106651 39086922 2
20106651 39899822 1
20106651 44878422 1
20106651 45100142 2
20106651 45841462 1
20106651 47107712 2
20106651 55421492 1
20106651 55880202 2
20106651 58506922 1
20106651 58596382 1
20106651 64193772 1
20106651 70133832 2
20106651 78609482 1
20106651 83503132 2
20106651 89195572 2
20106651 93654882 1
20106651 96782192 1
20106651 97223322 1
20106651 99516102 1
20106651 100531862 2
20106651 106680582 1
20106651 108997912 1
20106651 111893782 1
20106651 115262452 1
20106651 130571372 2
20106651 130612572 2
20106651 135231782 2
20106651 135672072 1
20106651 135873862 1
20106651 136269382 2
20106651 137321742 1
20106651 137667122 1
20106651 137843782 2
20106651 137879362 1
20106651 138011082 1
20106651 139134032 1
22919081 25036272 1
22919081 30273662 1
22919081 31780682 2
22919081 32601922 1
22919081 39086922 2
22919081 39899822 1
22919081 44878422 1
22919081 45100142 2
22919081 45841462 1
22919081 47107712 2
22919081 55421492 1
22919081 55880202 2
22919081 58506922 1
22919081 58596382 1
22919081 64193772 1
22919081 70133832 2
22919081 78609482 1
22919081 83503132 2
22919081 89195572 2
22919081 93654882 1
22919081 96782192 1
22919081 97223322 1
22919081 99516102 1
22919081 100531862 2
22919081 106680582 1
22919081 108997912 1
22919081 111893782 1
22919081 115262452 1
22919081 130571372 2
22919081 130612572 2
22919081 135231782 2
22919081 135672072 1
22919081 135873862 1
22919081 136269382 2
22919081 137321742 1
22919081 137667122 1
22919081 137843782 2
22919081 137879362 1
22919081 138011082 1
22919081 139134032 1
25036272 30273662 1
25036272 31780682 1
25036272 32601922 1
25036272 39086922 1
25036272 39899822 1
25036272 44878422 1
25036272 45100142 1
25036272 45841462 1
25036272 47107712 1
25036272 55421492 1
25036272 55880202 1
25036272 58506922 1
25036272 58596382 1
25036272 64193772 1
25036272 70133832 1
25036272 78609482 1
25036272 83503132 1
25036272 89195572 1
25036272 93654882 1
25036272 96782192 1
25036272 97223322 1
25036272 99516102 1
25036272 100531862 1
25036272 106680582 1
25036272 108997912 1
25036272 111893782 1
25036272 115262452 1
25036272 130571372 1
25036272 130612572 1
25036272 135231782 1
25036272 135672072 1
25036272 135873862 1
25036272 136269382 1
25036272 137321742 1
25036272 137667122 1
25036272 137843782 1
25036272 137879362 1
25036272 138011082 1
25036272 139134032 1
30273662 31780682 1
30273662 32601922 1
30273662 39086922 1
30273662 39899822 1
30273662 44878422 1
30273662 45100142 1
30273662 45841462 1
30273662 47107712 1
30273662 55421492 1
30273662 55880202 1
30273662 58506922 1
30273662 58596382 1
30273662 64193772 1
30273662 70133832 1
30273662 78609482 1
30273662 83503132 1
30273662 89195572 1
30273662 93654882 1
30273662 96782192 1
30273662 97223322 1
30273662 99516102 1
30273662 100531862 1
30273662 106680582 1
30273662 108997912 1
30273662 111893782 1
30273662 115262452 1
30273662 130571372 1
30273662 130612572 1
30273662 135231782 1
30273662 135672072 1
30273662 135873862 1
30273662 136269382 1
30273662 137321742 1
30273662 137667122 1
30273662 137843782 1
30273662 137879362 1
30273662 138011082 1
30273662 139134032 1
31780682 32601922 1
31780682 39086922 2
31780682 39899822 1
31780682 44878422 1
31780682 45841462 1
31780682 47107712 2
31780682 55421492 1
31780682 55880202 2
31780682 58506922 1
31780682 58596382 1
31780682 64193772 1
31780682 70133832 2
31780682 78609482 1
31780682 83503132 2
31780682 89195572 2
31780682 93654882 1
31780682 96782192 1
31780682 97223322 1
31780682 99516102 1
31780682 100531862 2
31780682 106680582 1
31780682 108997912 1
31780682 111893782 1
31780682 115262452 1
31780682 130571372 2
31780682 130612572 2
31780682 135231782 2
31780682 135672072 1
31780682 137321742 1
31780682 137667122 1
31780682 137879362 1
31780682 138011082 1
31780682 139134032 1
32601922 39086922 1
32601922 39899822 1
32601922 44878422 1
32601922 45100142 1
32601922 45841462 1
32601922 47107712 1
32601922 55421492 1
32601922 55880202 1
32601922 58506922 1
32601922 58596382 1
32601922 64193772 1
32601922 70133832 1
32601922 78609482 1
32601922 83503132 1
32601922 89195572 1
32601922 93654882 1
32601922 96782192 1
32601922 97223322 1
32601922 99516102 1
32601922 100531862 1
32601922 106680582 1
32601922 108997912 1
32601922 111893782 1
32601922 115262452 1
32601922 130571372 1
32601922 130612572 1
32601922 135231782 1
32601922 135672072 1
32601922 135873862 1
32601922 136269382 1
32601922 137321742 1
32601922 137667122 1
32601922 137843782 1
32601922 137879362 1
32601922 138011082 1
32601922 139134032 1
39086922 39899822 1
39086922 44878422 1
39086922 45100142 2
39086922 45841462 1
39086922 47107712 2
39086922 55421492 1
39086922 55880202 2
39086922 58506922 1
39086922 58596382 2
39086922 64193772 1
39086922 70133832 2
39086922 78609482 1
39086922 83503132 2
39086922 89195572 2
39086922 93654882 2
39086922 96782192 1
39086922 97223322 1
39086922 99516102 1
39086922 100531862 2
39086922 106680582 1
39086922 108997912 1
39086922 111893782 1
39086922 115262452 1
39086922 130571372 2
39086922 130612572 2
39086922 135231782 2
39086922 135672072 1
39086922 135873862 2
39086922 136269382 3
39086922 137321742 1
39086922 137667122 1
39086922 137843782 2
39086922 137879362 2
39086922 138011082 1
39086922 139134032 1
39899822 44878422 1
39899822 45100142 1
39899822 45841462 1
39899822 47107712 1
39899822 55421492 1
39899822 55880202 1
39899822 58506922 1
39899822 58596382 1
39899822 64193772 1
39899822 70133832 1
39899822 78609482 1
39899822 83503132 1
39899822 89195572 1
39899822 93654882 1
39899822 96782192 1
39899822 97223322 1
39899822 99516102 1
39899822 100531862 1
39899822 106680582 1
39899822 108997912 1
39899822 111893782 1
39899822 115262452 1
39899822 130571372 1
39899822 130612572 1
39899822 135231782 1
39899822 135672072 1
39899822 135873862 1
39899822 136269382 1
39899822 137321742 1
39899822 137667122 1
39899822 137843782 1
39899822 137879362 1
39899822 138011082 1
39899822 139134032 1
44878422 45100142 1
44878422 45841462 1
44878422 47107712 1
44878422 55421492 1
44878422 55880202 1
44878422 58506922 1
44878422 58596382 1
44878422 64193772 1
44878422 70133832 1
44878422 78609482 1
44878422 83503132 1
44878422 89195572 1
44878422 93654882 1
44878422 96782192 1
44878422 97223322 1
44878422 99516102 1
44878422 100531862 1
44878422 106680582 1
44878422 108997912 1
44878422 111893782 1
44878422 115262452 1
44878422 130571372 1
44878422 130612572 1
44878422 135231782 1
44878422 135672072 1
44878422 135873862 1
44878422 136269382 1
44878422 137321742 1
44878422 137667122 1
44878422 137843782 1
44878422 137879362 1
44878422 138011082 1
44878422 139134032 1
45100142 45841462 1
45100142 47107712 2
45100142 55421492 1
45100142 55880202 2
45100142 58506922 1
45100142 58596382 1
45100142 64193772 1
45100142 70133832 2
45100142 78609482 1
45100142 83503132 2
45100142 89195572 2
45100142 93654882 1
45100142 96782192 1
45100142 97223322 1
45100142 99516102 1
45100142 100531862 2
45100142 106680582 1
45100142 108997912 1
45100142 111893782 1
45100142 115262452 1
45100142 130571372 2
45100142 130612572 2
45100142 135231782 2
45100142 135672072 1
45100142 137321742 1
45100142 137667122 1
45100142 137879362 1
45100142 138011082 1
45100142 139134032 1
45841462 47107712 1
45841462 55421492 1
45841462 55880202 1
45841462 58506922 1
45841462 58596382 1
45841462 64193772 1
45841462 70133832 1
45841462 78609482 1
45841462 83503132 1
45841462 89195572 1
45841462 93654882 1
45841462 96782192 1
45841462 97223322 1
45841462 99516102 1
45841462 100531862 1
45841462 106680582 1
45841462 108997912 1
45841462 111893782 1
45841462 115262452 1
45841462 130571372 1
45841462 130612572 1
45841462 135231782 1
45841462 135672072 1
45841462 135873862 1
45841462 136269382 1
45841462 137321742 1
45841462 137667122 1
45841462 137843782 1
45841462 137879362 1
45841462 138011082 1
45841462 139134032 1
47107712 55421492 1
47107712 55880202 2
47107712 58506922 1
47107712 58596382 1
47107712 64193772 1
47107712 70133832 2
47107712 78609482 1
47107712 83503132 2
47107712 89195572 2
47107712 93654882 1
47107712 96782192 1
47107712 97223322 1
47107712 99516102 1
47107712 100531862 2
47107712 106680582 1
47107712 108997912 1
47107712 111893782 1
47107712 115262452 1
47107712 130571372 2
47107712 130612572 2
47107712 135231782 2
47107712 135672072 1
47107712 135873862 1
47107712 136269382 2
47107712 137321742 1
47107712 137667122 1
47107712 137843782 2
47107712 137879362 1
47107712 138011082 1
47107712 139134032 1
55421492 55880202 1
55421492 58506922 1
55421492 58596382 1
55421492 64193772 1
55421492 70133832 1
55421492 78609482 1
55421492 83503132 1
55421492 89195572 1
55421492 93654882 1
55421492 96782192 1
55421492 97223322 1
55421492 99516102 1
55421492 100531862 1
55421492 106680582 1
55421492 108997912 1
55421492 111893782 1
55421492 115262452 1
55421492 130571372 1
55421492 130612572 1
55421492 135231782 1
55421492 135672072 1
55421492 135873862 1
55421492 136269382 1
55421492 137321742 1
55421492 137667122 1
55421492 137843782 1
55421492 137879362 1
55421492 138011082 1
55421492 139134032 1
55880202 58506922 1
55880202 58596382 1
55880202 64193772 1
55880202 70133832 2
55880202 78609482 1
55880202 83503132 2
55880202 89195572 2
55880202 93654882 1
55880202 96782192 1
55880202 97223322 1
55880202 99516102 1
55880202 100531862 2
55880202 106680582 1
55880202 108997912 1
55880202 111893782 1
55880202 115262452 1
55880202 130571372 2
55880202 130612572 2
55880202 135231782 2
55880202 135672072 1
55880202 135873862 1
55880202 136269382 2
55880202 137321742 1
55880202 137667122 1
55880202 137843782 2
55880202 137879362 1
55880202 138011082 1
55880202 139134032 1
58506922 58596382 1
58506922 64193772 1
58506922 70133832 1
58506922 78609482 1
58506922 83503132 1
58506922 89195572 1
58506922 93654882 1
58506922 96782192 1
58506922 97223322 1
58506922 99516102 1
58506922 100531862 1
58506922 106680582 1
58506922 108997912 1
58506922 111893782 1
58506922 115262452 1
58506922 130571372 1
58506922 130612572 1
58506922 135231782 1
58506922 135672072 1
58506922 135873862 1
58506922 136269382 1
58506922 137321742 1
58506922 137667122 1
58506922 137843782 1
58506922 137879362 1
58506922 138011082 1
58506922 139134032 1
58596382 64193772 1
58596382 70133832 1
58596382 78609482 1
58596382 83503132 1
58596382 89195572 1
58596382 93654882 2
58596382 96782192 1
58596382 97223322 1
58596382 99516102 1
58596382 100531862 1
58596382 106680582 1
58596382 108997912 1
58596382 111893782 1
58596382 115262452 1
58596382 130571372 1
58596382 130612572 1
58596382 135231782 1
58596382 135672072 1
58596382 135873862 2
58596382 136269382 2
58596382 137321742 1
58596382 137667122 1
58596382 137843782 1
58596382 137879362 2
58596382 138011082 1
58596382 139134032 1
64193772 70133832 1
64193772 78609482 1
64193772 83503132 1
64193772 89195572 1
64193772 93654882 1
64193772 96782192 1
64193772 97223322 1
64193772 99516102 1
64193772 100531862 1
64193772 106680582 1
64193772 108997912 1
64193772 111893782 1
64193772 115262452 1
64193772 130571372 1
64193772 130612572 1
64193772 135231782 1
64193772 135672072 1
64193772 135873862 1
64193772 136269382 1
64193772 137321742 1
64193772 137667122 1
64193772 137843782 1
64193772 137879362 1
64193772 138011082 1
64193772 139134032 1
70133832 78609482 1
70133832 83503132 2
70133832 89195572 2
70133832 93654882 1
70133832 96782192 1
70133832 97223322 1
70133832 99516102 1
70133832 100531862 2
70133832 106680582 1
70133832 108997912 1
70133832 111893782 1
70133832 115262452 1
70133832 130571372 2
70133832 130612572 2
70133832 135231782 2
70133832 135672072 1
70133832 135873862 1
70133832 136269382 2
70133832 137321742 1
70133832 137667122 1
70133832 137843782 2
70133832 137879362 1
70133832 138011082 1
70133832 139134032 1
78609482 83503132 1
78609482 89195572 1
78609482 93654882 1
78609482 96782192 1
78609482 97223322 1
78609482 99516102 1
78609482 100531862 1
78609482 106680582 1
78609482 108997912 1
78609482 111893782 1
78609482 115262452 1
78609482 130571372 1
78609482 130612572 1
78609482 135231782 1
78609482 135672072 1
78609482 135873862 1
78609482 136269382 1
78609482 137321742 1
78609482 137667122 1
78609482 137843782 1
78609482 137879362 1
78609482 138011082 1
78609482 139134032 1
83503132 89195572 2
83503132 93654882 2
83503132 96782192 1
83503132 97223322 1
83503132 99516102 1
83503132 100531862 2
83503132 106680582 1
83503132 108997912 1
83503132 111893782 1
83503132 115262452 1
83503132 130571372 2
83503132 130612572 2
83503132 135231782 2
83503132 135672072 1
83503132 135873862 1
83503132 136269382 3
83503132 137321742 1
83503132 137667122 1
83503132 137843782 3
83503132 137879362 1
83503132 138011082 1
83503132 139134032 1
89195572 93654882 1
89195572 96782192 1
89195572 97223322 1
89195572 99516102 1
89195572 100531862 2
89195572 106680582 1
89195572 108997912 1
89195572 111893782 1
89195572 115262452 1
89195572 130571372 2
89195572 130612572 2
89195572 135231782 2
89195572 135672072 1
89195572 135873862 1
89195572 136269382 2
89195572 137321742 1
89195572 137667122 1
89195572 137843782 2
89195572 137879362 1
89195572 138011082 1
89195572 139134032 1
93654882 96782192 1
93654882 97223322 1
93654882 99516102 1
93654882 100531862 2
93654882 106680582 1
93654882 108997912 1
93654882 111893782 1
93654882 115262452 1
93654882 130571372 1
93654882 130612572 1
93654882 135231782 1
93654882 135672072 2
93654882 135873862 2
93654882 136269382 4
93654882 137321742 1
93654882 137667122 1
93654882 137843782 2
93654882 137879362 2
93654882 138011082 1
93654882 139134032 1
96782192 97223322 1
96782192 99516102 1
96782192 100531862 1
96782192 106680582 1
96782192 108997912 1
96782192 111893782 1
96782192 115262452 1
96782192 130571372 1
96782192 130612572 1
96782192 135231782 1
96782192 135672072 1
96782192 135873862 1
96782192 136269382 1
96782192 137321742 1
96782192 137667122 1
96782192 137843782 1
96782192 137879362 1
96782192 138011082 1
96782192 139134032 1
97223322 99516102 1
97223322 100531862 1
97223322 106680582 1
97223322 108997912 1
97223322 111893782 1
97223322 115262452 1
97223322 130571372 1
97223322 130612572 1
97223322 135231782 1
97223322 135672072 1
97223322 135873862 1
97223322 136269382 1
97223322 137321742 1
97223322 137667122 1
97223322 137843782 1
97223322 137879362 1
97223322 138011082 1
97223322 139134032 1
99516102 100531862 1
99516102 106680582 1
99516102 108997912 1
99516102 111893782 1
99516102 115262452 1
99516102 130571372 1
99516102 130612572 1
99516102 135231782 1
99516102 135672072 1
99516102 135873862 1
99516102 136269382 1
99516102 137321742 1
99516102 137667122 1
99516102 137843782 1
99516102 137879362 1
99516102 138011082 1
99516102 139134032 1
100531862 106680582 1
100531862 108997912 1
100531862 111893782 1
100531862 115262452 1
100531862 130571372 2
100531862 130612572 2
100531862 135231782 2
100531862 135672072 2
100531862 135873862 1
100531862 136269382 3
100531862 137321742 1
100531862 137667122 1
100531862 137843782 2
100531862 137879362 1
100531862 138011082 1
100531862 139134032 1
106680582 108997912 1
106680582 111893782 1
106680582 115262452 1
106680582 130571372 1
106680582 130612572 1
106680582 135231782 1
106680582 135672072 2
106680582 135873862 1
106680582 136269382 2
106680582 137321742 1
106680582 137667122 1
106680582 137843782 1
106680582 137879362 1
106680582 138011082 1
106680582 139134032 1
108997912 111893782 1
108997912 115262452 1
108997912 130571372 1
108997912 130612572 1
108997912 135231782 1
108997912 135672072 1
108997912 135873862 1
108997912 136269382 1
108997912 137321742 1
108997912 137667122 1
108997912 137843782 1
108997912 137879362 1
108997912 138011082 1
108997912 139134032 1
111893782 115262452 1
111893782 130571372 1
111893782 130612572 1
111893782 135231782 1
111893782 135672072 1
111893782 135873862 1
111893782 136269382 1
111893782 137321742 1
111893782 137667122 1
111893782 137843782 1
111893782 137879362 1
111893782 138011082 1
111893782 139134032 1
115262452 130571372 1
115262452 130612572 1
115262452 135231782 1
115262452 135672072 1
115262452 135873862 1
115262452 136269382 1
115262452 137321742 1
115262452 137667122 1
115262452 137843782 1
115262452 137879362 1
115262452 138011082 1
115262452 139134032 1
130571372 130612572 2
130571372 135231782 2
130571372 135672072 1
130571372 135873862 1
130571372 136269382 2
130571372 137321742 1
130571372 137667122 1
130571372 137843782 2
130571372 137879362 1
130571372 138011082 1
130571372 139134032 1
130612572 135231782 2
130612572 135672072 1
130612572 135873862 1
130612572 136269382 2
130612572 137321742 1
130612572 137667122 1
130612572 137843782 2
130612572 137879362 1
130612572 138011082 1
130612572 139134032 1
135231782 135672072 1
135231782 135873862 1
135231782 136269382 2
135231782 137321742 1
135231782 137667122 1
135231782 137843782 2
135231782 137879362 1
135231782 138011082 1
135231782 139134032 1
135672072 135873862 1
135672072 136269382 3
135672072 137321742 1
135672072 137667122 1
135672072 137843782 1
135672072 137879362 1
135672072 138011082 1
135672072 139134032 1
135873862 137321742 1
135873862 137667122 1
135873862 137879362 2
135873862 138011082 1
135873862 139134032 1
136269382 137321742 1
136269382 137667122 1
136269382 137879362 2
136269382 138011082 1
136269382 139134032 1
137321742 137667122 1
137321742 137843782 1
137321742 137879362 1
137321742 138011082 1
137321742 139134032 1
137667122 137843782 1
137667122 137879362 1
137667122 138011082 1
137667122 139134032 1
137843782 137879362 1
137843782 138011082 1
137843782 139134032 1
137879362 138011082 1
137879362 139134032 1
138011082 139134032 1
3592487 5067417 1
3592487 6657608 1
3592487 9043318 2
3592487 9598004 1
3592487 9647489 1
3592487 9700505 2
3592487 11161202 1
3592487 13645724 1
3592487 39086922 2
3592487 58596382 1
3592487 59562222 2
3592487 75639482 2
3592487 90014632 2
3592487 93654882 1
3592487 94482762 1
3592487 119947552 2
3592487 135873862 1
3592487 136269382 2
3592487 137879362 1
5067417 6657608 1
5067417 9043318 1
5067417 9598004 1
5067417 9647489 1
5067417 9700505 1
5067417 11161202 1
5067417 13645724 1
5067417 39086922 1
5067417 58596382 1
5067417 59562222 1
5067417 75639482 1
5067417 90014632 1
5067417 93654882 1
5067417 94482762 1
5067417 119947552 1
5067417 135873862 1
5067417 136269382 1
5067417 137879362 1
6657608 9598004 1
6657608 9647489 1
6657608 9700505 1
6657608 59562222 1
6657608 75639482 1
6657608 90014632 1
6657608 119947552 1
9043318 9598004 1
9043318 9700505 4
9043318 11161202 1
9043318 13645724 1
9043318 39086922 2
9043318 58596382 1
9043318 59562222 3
9043318 75639482 2
9043318 90014632 3
9043318 93654882 3
9043318 119947552 2
9043318 137879362 1
9598004 9647489 1
9598004 9700505 1
9598004 11161202 1
9598004 13645724 1
9598004 39086922 1
9598004 58596382 1
9598004 59562222 1
9598004 75639482 1
9598004 90014632 1
9598004 93654882 1
9598004 94482762 1
9598004 119947552 1
9598004 135873862 1
9598004 136269382 1
9598004 137879362 1
9647489 9700505 2
9647489 11161202 1
9647489 13645724 1
9647489 39086922 1
9647489 58596382 1
9647489 59562222 2
9647489 75639482 1
9647489 90014632 2
9647489 93654882 2
9647489 119947552 1
9647489 137879362 1
9700505 11161202 1
9700505 13645724 1
9700505 39086922 2
9700505 58596382 1
9700505 59562222 3
9700505 75639482 2
9700505 90014632 3
9700505 93654882 1
9700505 94482762 1
9700505 119947552 2
9700505 135873862 1
9700505 136269382 3
9700505 137879362 1
11161202 59562222 1
11161202 75639482 1
11161202 90014632 1
11161202 94482762 1
11161202 119947552 1
13645724 59562222 1
13645724 75639482 1
13645724 90014632 1
13645724 94482762 1
13645724 119947552 1
39086922 59562222 2
39086922 75639482 2
39086922 90014632 2
39086922 94482762 1
39086922 119947552 2
58596382 59562222 1
58596382 75639482 1
58596382 90014632 1
58596382 94482762 1
58596382 119947552 1
59562222 75639482 2
59562222 90014632 3
59562222 93654882 1
59562222 94482762 1
59562222 119947552 2
59562222 135873862 1
59562222 136269382 3
59562222 137879362 1
75639482 90014632 2
75639482 93654882 1
75639482 94482762 1
75639482 119947552 2
75639482 135873862 1
75639482 136269382 2
75639482 137879362 1
90014632 93654882 1
90014632 94482762 1
90014632 119947552 2
90014632 135873862 1
90014632 136269382 3
90014632 137879362 1
93654882 94482762 1
93654882 119947552 1
94482762 119947552 1
94482762 137879362 1
119947552 135873862 1
119947552 136269382 2
119947552 137879362 1
6095320 9043318 1
6095320 9647489 1
6095320 13723067 1
6095320 88969352 1
7001556 88969352 1
9043318 83503132 3
9043318 88969352 1
9647489 83503132 1
9647489 88969352 1
13723067 83503132 1
13723067 88969352 1
13723067 93654882 1
83503132 88969352 1
88969352 93654882 1
88969352 136269382 1
88969352 137843782 1
7001556 7932926 1
7001556 10214004 2
7001556 55120842 1
7932926 9043318 1
7932926 10214004 1
7932926 55120842 1
7932926 93654882 1
7932926 100531862 1
7932926 135672072 1
7932926 136269382 1
9043318 10214004 4
9043318 55120842 1
9043318 100531862 3
9043318 135672072 2
10214004 55120842 1
10214004 93654882 1
10214004 100531862 3
10214004 135672072 2
10214004 136269382 3
55120842 93654882 1
55120842 100531862 1
55120842 135672072 1
55120842 136269382 1
9043318 11921996 1
9043318 14431774 1
9043318 24303952 1
9043318 34530292 1
9043318 45332002 1
9043318 52789732 1
9043318 96995872 3
9043318 106680582 1
9043318 142253582 3
9647489 10214004 1
9647489 11921996 1
9647489 14431774 1
9647489 24303952 1
9647489 34530292 1
9647489 45332002 1
9647489 52789732 1
9647489 96995872 1
9647489 106680582 1
9647489 135672072 1
9647489 142253582 1
9700505 10214004 2
9700505 11921996 1
9700505 14431774 1
9700505 24303952 1
9700505 34530292 1
9700505 45332002 1
9700505 52789732 1
9700505 96995872 2
9700505 106680582 1
9700505 135672072 1
9700505 142253582 2
10214004 11921996 1
10214004 14431774 1
10214004 24303952 1
10214004 34530292 1
10214004 45332002 1
10214004 52789732 1
10214004 59562222 2
10214004 90014632 2
10214004 96995872 3
10214004 106680582 1
10214004 142253582 3
11921996 14431774 1
11921996 24303952 1
11921996 34530292 1
11921996 45332002 1
11921996 52789732 1
11921996 59562222 1
11921996 90014632 1
11921996 96995872 1
11921996 106680582 1
11921996 135672072 1
11921996 136269382 1
11921996 142253582 1
14431774 24303952 1
14431774 34530292 1
14431774 45332002 1
14431774 52789732 1
14431774 59562222 1
14431774 90014632 1
14431774 96995872 1
14431774 106680582 1
14431774 135672072 1
14431774 136269382 1
14431774 142253582 1
24303952 34530292 1
24303952 45332002 1
24303952 52789732 1
24303952 59562222 1
24303952 90014632 1
24303952 96995872 1
24303952 106680582 1
24303952 135672072 1
24303952 136269382 1
24303952 142253582 1
34530292 45332002 1
34530292 52789732 1
34530292 59562222 1
34530292 90014632 1
34530292 96995872 1
34530292 106680582 1
34530292 135672072 1
34530292 136269382 1
34530292 142253582 1
45332002 52789732 1
45332002 59562222 1
45332002 90014632 1
45332002 96995872 1
45332002 106680582 1
45332002 135672072 1
45332002 136269382 1
45332002 142253582 1
52789732 59562222 1
52789732 90014632 1
52789732 96995872 1
52789732 106680582 1
52789732 135672072 1
52789732 136269382 1
52789732 142253582 1
59562222 96995872 2
59562222 106680582 1
59562222 135672072 1
59562222 142253582 2
90014632 96995872 2
90014632 106680582 1
90014632 135672072 1
90014632 142253582 2
96995872 106680582 1
96995872 135672072 1
96995872 136269382 2
96995872 142253582 3
106680582 142253582 1
135672072 142253582 1
136269382 142253582 2
9700505 83503132 2
90315 2089797 1
90315 2517110 1
90315 2975864 1
90315 3281441 1
90315 3592487 1
90315 5097886 1
90315 6638284 1
90315 7353670 1
90315 8355143 1
90315 9043318 1
90315 9451173 1
90315 9700505 1
90315 10214004 1
90315 11050069 1
90315 11174920 1
90315 11809063 1
90315 12012395 1
90315 12029265 1
90315 12052237 1
90315 12911243 1
90315 13513646 1
90315 14067152 1
90315 14095092 1
90315 14217378 1
90315 14653592 1
90315 20106651 1
90315 22919081 1
90315 23354921 1
90315 28997512 1
90315 31780682 1
90315 35772032 1
90315 38720722 1
90315 39086922 1
90315 39877852 1
90315 45100142 1
90315 47107712 1
90315 47595902 1
90315 52859882 1
90315 55880202 1
90315 59562222 1
90315 59859862 1
90315 60328672 1
90315 66669442 1
90315 70133832 1
90315 75639482 1
90315 76109032 1
90315 83503132 1
90315 85294582 1
90315 89195572 1
90315 90014632 1
90315 91725772 1
90315 96551002 1
90315 96995872 1
90315 100531862 1
90315 105062042 1
90315 105887992 1
90315 108912672 1
90315 111725042 1
90315 113052762 1
90315 115599422 1
90315 115957972 1
90315 119947552 1
90315 127165392 1
90315 130007092 1
90315 130571372 1
90315 130612572 1
90315 132468422 1
90315 135231782 1
90315 136269382 1
90315 137843782 1
90315 138341872 1
90315 142253582 1
90315 144121752 1
2089797 2517110 1
2089797 2975864 1
2089797 3281441 1
2089797 3592487 1
2089797 5097886 1
2089797 6638284 1
2089797 7353670 1
2089797 8355143 1
2089797 9043318 1
2089797 9451173 1
2089797 9700505 1
2089797 10214004 1
2089797 11050069 1
2089797 11809063 1
2089797 12012395 1
2089797 12029265 1
2089797 12052237 1
2089797 14067152 1
2089797 14217378 1
2089797 23354921 1
2089797 28997512 1
2089797 35772032 1
2089797 38720722 1
2089797 39877852 1
2089797 47595902 1
2089797 52859882 1
2089797 59562222 1
2089797 59859862 1
2089797 60328672 1
2089797 66669442 1
2089797 75639482 1
2089797 76109032 1
2089797 85294582 1
2089797 90014632 1
2089797 91725772 1
2089797 96551002 1
2089797 96995872 1
2089797 105062042 1
2089797 105887992 1
2089797 108912672 1
2089797 111725042 1
2089797 113052762 1
2089797 115599422 1
2089797 115957972 1
2089797 119947552 1
2089797 127165392 1
2089797 130007092 1
2089797 132468422 1
2089797 138341872 1
2089797 142253582 1
2089797 144121752 1
2517110 2975864 1
2517110 3281441 1
2517110 3592487 1
2517110 5097886 1
2517110 6638284 1
2517110 7353670 1
2517110 8355143 1
2517110 9043318 1
2517110 9451173 1
2517110 9700505 1
2517110 10214004 1
2517110 11050069 1
2517110 11174920 1
2517110 11809063 1
2517110 12012395 1
2517110 12029265 1
2517110 12052237 1
2517110 12911243 1
2517110 13513646 1
2517110 14067152 1
2517110 14095092 1
2517110 14217378 1
2517110 14653592 1
2517110 20106651 1
2517110 22919081 1
2517110 23354921 1
2517110 28997512 1
2517110 31780682 1
2517110 35772032 1
2517110 38720722 1
2517110 39086922 1
2517110 39877852 1
2517110 45100142 1
2517110 47107712 1
2517110 47595902 1
2517110 52859882 1
2517110 55880202 1
2517110 59562222 1
2517110 59859862 1
2517110 60328672 1
2517110 66669442 1
2517110 70133832 1
2517110 75639482 1
2517110 76109032 1
2517110 83503132 1
2517110 85294582 1
2517110 89195572 1
2517110 90014632 1
2517110 91725772 1
2517110 96551002 1
2517110 96995872 1
2517110 100531862 1
2517110 105062042 1
2517110 105887992 1
2517110 108912672 1
2517110 111725042 1
2517110 113052762 1
2517110 115599422 1
2517110 115957972 1
2517110 119947552 1
2517110 127165392 1
2517110 130007092 1
2517110 130571372 1
2517110 130612572 1
2517110 132468422 1
2517110 135231782 1
2517110 136269382 1
2517110 137843782 1
2517110 138341872 1
2517110 142253582 1
2517110 144121752 1
2975864 3281441 1
2975864 3592487 1
2975864 5097886 1
2975864 6638284 1
2975864 7353670 1
2975864 8355143 1
2975864 9043318 1
2975864 9451173 1
2975864 9700505 1
2975864 10214004 1
2975864 11050069 1
2975864 11174920 1
2975864 11809063 1
2975864 12012395 1
2975864 12029265 1
2975864 12052237 1
2975864 12911243 1
2975864 13513646 1
2975864 14067152 1
2975864 14095092 1
2975864 14217378 1
2975864 14653592 1
2975864 20106651 1
2975864 22919081 1
2975864 23354921 1
2975864 28997512 1
2975864 31780682 1
2975864 35772032 1
2975864 38720722 1
2975864 39086922 1
2975864 39877852 1
2975864 45100142 1
2975864 47107712 1
2975864 47595902 1
2975864 52859882 1
2975864 55880202 1
2975864 59562222 1
2975864 59859862 1
2975864 60328672 1
2975864 66669442 1
2975864 70133832 1
2975864 75639482 1
2975864 76109032 1
2975864 83503132 1
2975864 85294582 1
2975864 89195572 1
2975864 90014632 1
2975864 91725772 1
2975864 96551002 1
2975864 96995872 1
2975864 100531862 1
2975864 105062042 1
2975864 105887992 1
2975864 108912672 1
2975864 111725042 1
2975864 113052762 1
2975864 115599422 1
2975864 115957972 1
2975864 119947552 1
2975864 127165392 1
2975864 130007092 1
2975864 130571372 1
2975864 130612572 1
2975864 132468422 1
2975864 135231782 1
2975864 136269382 1
2975864 137843782 1
2975864 138341872 1
2975864 142253582 1
2975864 144121752 1
3281441 3592487 1
3281441 5097886 1
3281441 6638284 1
3281441 7353670 1
3281441 8355143 1
3281441 9043318 1
3281441 9451173 1
3281441 9700505 1
3281441 10214004 1
3281441 11050069 1
3281441 11174920 1
3281441 11809063 1
3281441 12012395 1
3281441 12029265 1
3281441 12052237 1
3281441 12911243 1
3281441 13513646 1
3281441 14067152 1
3281441 14095092 1
3281441 14217378 1
3281441 14653592 1
3281441 20106651 1
3281441 22919081 1
3281441 23354921 1
3281441 28997512 1
3281441 31780682 1
3281441 35772032 1
3281441 38720722 1
3281441 39086922 1
3281441 39877852 1
3281441 45100142 1
3281441 47107712 1
3281441 47595902 1
3281441 52859882 1
3281441 55880202 1
3281441 59562222 1
3281441 59859862 1
3281441 60328672 1
3281441 66669442 1
3281441 70133832 1
3281441 75639482 1
3281441 76109032 1
3281441 83503132 1
3281441 85294582 1
3281441 89195572 1
3281441 90014632 1
3281441 91725772 1
3281441 96551002 1
3281441 96995872 1
3281441 100531862 1
3281441 105062042 1
3281441 105887992 1
3281441 108912672 1
3281441 111725042 1
3281441 113052762 1
3281441 115599422 1
3281441 115957972 1
3281441 119947552 1
3281441 127165392 1
3281441 130007092 1
3281441 130571372 1
3281441 130612572 1
3281441 132468422 1
3281441 135231782 1
3281441 136269382 1
3281441 137843782 1
3281441 138341872 1
3281441 142253582 1
3281441 144121752 1
3592487 5097886 1
3592487 6638284 1
3592487 7353670 1
3592487 8355143 1
3592487 9451173 1
3592487 10214004 1
3592487 11050069 1
3592487 11174920 1
3592487 11809063 1
3592487 12012395 1
3592487 12029265 1
3592487 12052237 1
3592487 12911243 1
3592487 13513646 1
3592487 14067152 1
3592487 14095092 1
3592487 14217378 1
3592487 14653592 1
3592487 20106651 1
3592487 22919081 1
3592487 23354921 1
3592487 28997512 1
3592487 31780682 1
3592487 35772032 1
3592487 38720722 1
3592487 39877852 1
3592487 45100142 1
3592487 47107712 1
3592487 47595902 1
3592487 52859882 1
3592487 55880202 1
3592487 59859862 1
3592487 60328672 1
3592487 66669442 1
3592487 70133832 1
3592487 76109032 1
3592487 83503132 1
3592487 85294582 1
3592487 89195572 1
3592487 91725772 1
3592487 96551002 1
3592487 96995872 1
3592487 100531862 1
3592487 105062042 1
3592487 105887992 1
3592487 108912672 1
3592487 111725042 1
3592487 113052762 1
3592487 115599422 1
3592487 115957972 1
3592487 127165392 1
3592487 130007092 1
3592487 130571372 1
3592487 130612572 1
3592487 132468422 1
3592487 135231782 1
3592487 137843782 1
3592487 138341872 1
3592487 142253582 1
3592487 144121752 1
5097886 6638284 1
5097886 7353670 1
5097886 8355143 1
5097886 9043318 1
5097886 9451173 1
5097886 9700505 1
5097886 10214004 1
5097886 11050069 1
5097886 11174920 1
5097886 11809063 1
5097886 12012395 1
5097886 12029265 1
5097886 12052237 1
5097886 12911243 1
5097886 13513646 1
5097886 14067152 1
5097886 14095092 1
5097886 14217378 1
5097886 14653592 1
5097886 20106651 1
5097886 22919081 1
5097886 23354921 1
5097886 28997512 1
5097886 31780682 1
5097886 35772032 1
5097886 38720722 1
5097886 39086922 1
5097886 39877852 1
5097886 45100142 1
5097886 47107712 1
5097886 47595902 1
5097886 52859882 1
5097886 55880202 1
5097886 59562222 1
5097886 59859862 1
5097886 60328672 1
5097886 66669442 1
5097886 70133832 1
5097886 75639482 1
5097886 76109032 1
5097886 83503132 1
5097886 85294582 1
5097886 89195572 1
5097886 90014632 1
5097886 91725772 1
5097886 96551002 1
5097886 96995872 1
5097886 100531862 1
5097886 105062042 1
5097886 105887992 1
5097886 108912672 1
5097886 111725042 1
5097886 113052762 1
5097886 115599422 1
5097886 115957972 1
5097886 119947552 1
5097886 127165392 1
5097886 130007092 1
5097886 130571372 1
5097886 130612572 1
5097886 132468422 1
5097886 135231782 1
5097886 136269382 1
5097886 137843782 1
5097886 138341872 1
5097886 142253582 1
5097886 144121752 1
6638284 7353670 1
6638284 8355143 1
6638284 9043318 1
6638284 9451173 1
6638284 9700505 1
6638284 10214004 1
6638284 11050069 1
6638284 11174920 1
6638284 11809063 1
6638284 12012395 1
6638284 12029265 1
6638284 12052237 1
6638284 12911243 1
6638284 13513646 1
6638284 14067152 1
6638284 14095092 1
6638284 14217378 1
6638284 14653592 1
6638284 20106651 1
6638284 22919081 1
6638284 23354921 1
6638284 28997512 1
6638284 31780682 1
6638284 35772032 1
6638284 38720722 1
6638284 39086922 1
6638284 39877852 1
6638284 45100142 1
6638284 47107712 1
6638284 47595902 1
6638284 52859882 1
6638284 55880202 1
6638284 59562222 1
6638284 59859862 1
6638284 60328672 1
6638284 66669442 1
6638284 70133832 1
6638284 75639482 1
6638284 76109032 1
6638284 83503132 1
6638284 85294582 1
6638284 89195572 1
6638284 90014632 1
6638284 91725772 1
6638284 96551002 1
6638284 96995872 1
6638284 100531862 1
6638284 105062042 1
6638284 105887992 1
6638284 108912672 1
6638284 111725042 1
6638284 113052762 1
6638284 115599422 1
6638284 115957972 1
6638284 119947552 1
6638284 127165392 1
6638284 130007092 1
6638284 130571372 1
6638284 130612572 1
6638284 132468422 1
6638284 135231782 1
6638284 136269382 1
6638284 137843782 1
6638284 138341872 1
6638284 142253582 1
6638284 144121752 1
7353670 8355143 1
7353670 9043318 1
7353670 9451173 1
7353670 9700505 1
7353670 10214004 1
7353670 11050069 1
7353670 11174920 1
7353670 11809063 1
7353670 12012395 1
7353670 12029265 1
7353670 12052237 1
7353670 12911243 1
7353670 13513646 1
7353670 14067152 1
7353670 14095092 1
7353670 14217378 1
7353670 14653592 1
7353670 20106651 1
7353670 22919081 1
7353670 23354921 1
7353670 28997512 1
7353670 31780682 1
7353670 35772032 1
7353670 38720722 1
7353670 39086922 1
7353670 39877852 1
7353670 45100142 1
7353670 47107712 1
7353670 47595902 1
7353670 52859882 1
7353670 55880202 1
7353670 59562222 1
7353670 59859862 1
7353670 60328672 1
7353670 66669442 1
7353670 70133832 1
7353670 75639482 1
7353670 76109032 1
7353670 83503132 1
7353670 85294582 1
7353670 89195572 1
7353670 90014632 1
7353670 91725772 1
7353670 96551002 1
7353670 96995872 1
7353670 100531862 1
7353670 105062042 1
7353670 105887992 1
7353670 108912672 1
7353670 111725042 1
7353670 113052762 1
7353670 115599422 1
7353670 115957972 1
7353670 119947552 1
7353670 127165392 1
7353670 130007092 1
7353670 130571372 1
7353670 130612572 1
7353670 132468422 1
7353670 135231782 1
7353670 136269382 1
7353670 137843782 1
7353670 138341872 1
7353670 142253582 1
7353670 144121752 1
8355143 9043318 1
8355143 9451173 1
8355143 9700505 1
8355143 10214004 1
8355143 11050069 1
8355143 11174920 1
8355143 11809063 1
8355143 12012395 1
8355143 12029265 1
8355143 12052237 1
8355143 12911243 1
8355143 13513646 1
8355143 14067152 1
8355143 14095092 1
8355143 14217378 1
8355143 14653592 1
8355143 20106651 1
8355143 22919081 1
8355143 23354921 1
8355143 28997512 1
8355143 31780682 1
8355143 35772032 1
8355143 38720722 1
8355143 39086922 1
8355143 39877852 1
8355143 45100142 1
8355143 47107712 1
8355143 47595902 1
8355143 52859882 1
8355143 55880202 1
8355143 59562222 1
8355143 59859862 1
8355143 60328672 1
8355143 66669442 1
8355143 70133832 1
8355143 75639482 1
8355143 76109032 1
8355143 83503132 1
8355143 85294582 1
8355143 89195572 1
8355143 90014632 1
8355143 91725772 1
8355143 96551002 1
8355143 96995872 1
8355143 100531862 1
8355143 105062042 1
8355143 105887992 1
8355143 108912672 1
8355143 111725042 1
8355143 113052762 1
8355143 115599422 1
8355143 115957972 1
8355143 119947552 1
8355143 127165392 1
8355143 130007092 1
8355143 130571372 1
8355143 130612572 1
8355143 132468422 1
8355143 135231782 1
8355143 136269382 1
8355143 137843782 1
8355143 138341872 1
8355143 142253582 1
8355143 144121752 1
9043318 9451173 1
9043318 11050069 1
9043318 11174920 2
9043318 11809063 1
9043318 12012395 1
9043318 12029265 1
9043318 12052237 1
9043318 12911243 1
9043318 13513646 1
9043318 14067152 1
9043318 14095092 1
9043318 14217378 1
9043318 14653592 1
9043318 20106651 1
9043318 22919081 1
9043318 23354921 1
9043318 28997512 1
9043318 35772032 1
9043318 38720722 1
9043318 39877852 1
9043318 47107712 1
9043318 47595902 1
9043318 52859882 2
9043318 55880202 1
9043318 59859862 1
9043318 60328672 1
9043318 66669442 1
9043318 70133832 1
9043318 76109032 1
9043318 85294582 1
9043318 89195572 1
9043318 91725772 1
9043318 96551002 1
9043318 105062042 1
9043318 105887992 1
9043318 108912672 1
9043318 111725042 2
9043318 113052762 1
9043318 115599422 1
9043318 115957972 1
9043318 127165392 1
9043318 130007092 1
9043318 130571372 1
9043318 130612572 1
9043318 132468422 1
9043318 135231782 1
9043318 138341872 1
9043318 144121752 1
9451173 9700505 1
9451173 10214004 1
9451173 11050069 1
9451173 11174920 1
9451173 11809063 1
9451173 12012395 1
9451173 12029265 1
9451173 12052237 1
9451173 12911243 1
9451173 13513646 1
9451173 14067152 1
9451173 14095092 1
9451173 14217378 1
9451173 14653592 1
9451173 20106651 1
9451173 22919081 1
9451173 23354921 1
9451173 28997512 1
9451173 31780682 1
9451173 35772032 1
9451173 38720722 1
9451173 39086922 1
9451173 39877852 1
9451173 45100142 1
9451173 47107712 1
9451173 47595902 1
9451173 52859882 1
9451173 55880202 1
9451173 59562222 1
9451173 59859862 1
9451173 60328672 1
9451173 66669442 1
9451173 70133832 1
9451173 75639482 1
9451173 76109032 1
9451173 83503132 1
9451173 85294582 1
9451173 89195572 1
9451173 90014632 1
9451173 91725772 1
9451173 96551002 1
9451173 96995872 1
9451173 100531862 1
9451173 105062042 1
9451173 105887992 1
9451173 108912672 1
9451173 111725042 1
9451173 113052762 1
9451173 115599422 1
9451173 115957972 1
9451173 119947552 1
9451173 127165392 1
9451173 130007092 1
9451173 130571372 1
9451173 130612572 1
9451173 132468422 1
9451173 135231782 1
9451173 136269382 1
9451173 137843782 1
9451173 138341872 1
9451173 142253582 1
9451173 144121752 1
9700505 11050069 1
9700505 11174920 1
9700505 11809063 1
9700505 12012395 1
9700505 12029265 1
9700505 12052237 1
9700505 12911243 1
9700505 13513646 1
9700505 14067152 1
9700505 14095092 1
9700505 14217378 1
9700505 14653592 1
9700505 20106651 1
9700505 22919081 1
9700505 23354921 1
9700505 28997512 1
9700505 31780682 1
9700505 35772032 1
9700505 38720722 1
9700505 39877852 1
9700505 45100142 1
9700505 47107712 1
9700505 47595902 1
9700505 52859882 1
9700505 55880202 1
9700505 59859862 1
9700505 60328672 1
9700505 66669442 1
9700505 70133832 1
9700505 76109032 1
9700505 85294582 1
9700505 89195572 1
9700505 91725772 1
9700505 96551002 1
9700505 100531862 1
9700505 105062042 1
9700505 105887992 1
9700505 108912672 1
9700505 111725042 1
9700505 113052762 1
9700505 115599422 1
9700505 115957972 1
9700505 127165392 1
9700505 130007092 1
9700505 130571372 1
9700505 130612572 1
9700505 132468422 1
9700505 135231782 1
9700505 137843782 1
9700505 138341872 1
9700505 144121752 1
10214004 11050069 1
10214004 11174920 2
10214004 11809063 1
10214004 12012395 1
10214004 12029265 1
10214004 12052237 1
10214004 12911243 1
10214004 13513646 1
10214004 14067152 1
10214004 14095092 1
10214004 14217378 1
10214004 14653592 1
10214004 20106651 1
10214004 22919081 1
10214004 23354921 1
10214004 28997512 1
10214004 31780682 1
10214004 35772032 1
10214004 38720722 1
10214004 39086922 1
10214004 39877852 1
10214004 45100142 1
10214004 47107712 1
10214004 47595902 1
10214004 52859882 2
10214004 55880202 1
10214004 59859862 1
10214004 60328672 1
10214004 66669442 1
10214004 70133832 1
10214004 75639482 1
10214004 76109032 1
10214004 83503132 1
10214004 85294582 1
10214004 89195572 1
10214004 91725772 1
10214004 96551002 1
10214004 105062042 1
10214004 105887992 1
10214004 108912672 1
10214004 111725042 2
10214004 113052762 1
10214004 115599422 1
10214004 115957972 1
10214004 119947552 1
10214004 127165392 1
10214004 130007092 1
10214004 130571372 1
10214004 130612572 1
10214004 132468422 1
10214004 135231782 1
10214004 137843782 1
10214004 138341872 1
10214004 144121752 1
11050069 11174920 1
11050069 11809063 1
11050069 12012395 1
11050069 12029265 1
11050069 12052237 1
11050069 12911243 1
11050069 13513646 1
11050069 14067152 1
11050069 14095092 1
11050069 14217378 1
11050069 14653592 1
11050069 20106651 1
11050069 22919081 1
11050069 23354921 1
11050069 28997512 1
11050069 31780682 1
11050069 35772032 1
11050069 38720722 1
11050069 39086922 1
11050069 39877852 1
11050069 45100142 1
11050069 47107712 1
11050069 47595902 1
11050069 52859882 1
11050069 55880202 1
11050069 59562222 1
11050069 59859862 1
11050069 60328672 1
11050069 66669442 1
11050069 70133832 1
11050069 75639482 1
11050069 76109032 1
11050069 83503132 1
11050069 85294582 1
11050069 89195572 1
11050069 90014632 1
11050069 91725772 1
11050069 96551002 1
11050069 96995872 1
11050069 100531862 1
11050069 105062042 1
11050069 105887992 1
11050069 108912672 1
11050069 111725042 1
11050069 113052762 1
11050069 115599422 1
11050069 115957972 1
11050069 119947552 1
11050069 127165392 1
11050069 130007092 1
11050069 130571372 1
11050069 130612572 1
11050069 132468422 1
11050069 135231782 1
11050069 136269382 1
11050069 137843782 1
11050069 138341872 1
11050069 142253582 1
11050069 144121752 1
11174920 11809063 1
11174920 12012395 1
11174920 12029265 1
11174920 12052237 1
11174920 14067152 1
11174920 14217378 1
11174920 23354921 1
11174920 28997512 1
11174920 35772032 1
11174920 38720722 1
11174920 39877852 1
11174920 47595902 1
11174920 52859882 2
11174920 59562222 1
11174920 59859862 1
11174920 60328672 1
11174920 66669442 1
11174920 75639482 1
11174920 76109032 1
11174920 85294582 1
11174920 90014632 1
11174920 91725772 1
11174920 96551002 1
11174920 96995872 2
11174920 105062042 1
11174920 105887992 1
11174920 108912672 1
11174920 111725042 2
11174920 113052762 1
11174920 115599422 1
11174920 115957972 1
11174920 119947552 1
11174920 127165392 1
11174920 130007092 1
11174920 132468422 1
11174920 138341872 1
11174920 142253582 2
11174920 144121752 1
11809063 12012395 1
11809063 12029265 1
11809063 12052237 1
11809063 12911243 1
11809063 13513646 1
11809063 14067152 1
11809063 14095092 1
11809063 14217378 1
11809063 14653592 1
11809063 20106651 1
11809063 22919081 1
11809063 23354921 1
11809063 28997512 1
11809063 31780682 1
11809063 35772032 1
11809063 38720722 1
11809063 39086922 1
11809063 39877852 1
11809063 45100142 1
11809063 47107712 1
11809063 47595902 1
11809063 52859882 1
11809063 55880202 1
11809063 59562222 1
11809063 59859862 1
11809063 60328672 1
11809063 66669442 1
11809063 70133832 1
11809063 75639482 1
11809063 76109032 1
11809063 83503132 1
11809063 85294582 1
11809063 89195572 1
11809063 90014632 1
11809063 91725772 1
11809063 96551002 1
11809063 96995872 1
11809063 100531862 1
11809063 105062042 1
11809063 105887992 1
11809063 108912672 1
11809063 111725042 1
11809063 113052762 1
11809063 115599422 1
11809063 115957972 1
11809063 119947552 1
11809063 127165392 1
11809063 130007092 1
11809063 130571372 1
11809063 130612572 1
11809063 132468422 1
11809063 135231782 1
11809063 136269382 1
11809063 137843782 1
11809063 138341872 1
11809063 142253582 1
11809063 144121752 1
12012395 12029265 1
12012395 12052237 1
12012395 12911243 1
12012395 13513646 1
12012395 14067152 1
12012395 14095092 1
12012395 14217378 1
12012395 14653592 1
12012395 20106651 1
12012395 22919081 1
12012395 23354921 1
12012395 28997512 1
12012395 31780682 1
12012395 35772032 1
12012395 38720722 1
12012395 39086922 1
12012395 39877852 1
12012395 45100142 1
12012395 47107712 1
12012395 47595902 1
12012395 52859882 1
12012395 55880202 1
12012395 59562222 1
12012395 59859862 1
12012395 60328672 1
12012395 66669442 1
12012395 70133832 1
12012395 75639482 1
12012395 76109032 1
12012395 83503132 1
12012395 85294582 1
12012395 89195572 1
12012395 90014632 1
12012395 91725772 1
12012395 96551002 1
12012395 96995872 1
12012395 100531862 1
12012395 105062042 1
12012395 105887992 1
12012395 108912672 1
12012395 111725042 1
12012395 113052762 1
12012395 115599422 1
12012395 115957972 1
12012395 119947552 1
12012395 127165392 1
12012395 130007092 1
12012395 130571372 1
12012395 130612572 1
12012395 132468422 1
12012395 135231782 1
12012395 136269382 1
12012395 137843782 1
12012395 138341872 1
12012395 142253582 1
12012395 144121752 1
12029265 12052237 1
12029265 12911243 1
12029265 13513646 1
12029265 14067152 1
12029265 14095092 1
12029265 14217378 1
12029265 14653592 1
12029265 20106651 1
12029265 22919081 1
12029265 23354921 1
12029265 28997512 1
12029265 31780682 1
12029265 35772032 1
12029265 38720722 1
12029265 39086922 1
12029265 39877852 1
12029265 45100142 1
12029265 47107712 1
12029265 47595902 1
12029265 52859882 1
12029265 55880202 1
12029265 59562222 1
12029265 59859862 1
12029265 60328672 1
12029265 66669442 1
12029265 70133832 1
12029265 75639482 1
12029265 76109032 1
12029265 83503132 1
12029265 85294582 1
12029265 89195572 1
12029265 90014632 1
12029265 91725772 1
12029265 96551002 1
12029265 96995872 1
12029265 100531862 1
12029265 105062042 1
12029265 105887992 1
12029265 108912672 1
12029265 111725042 1
12029265 113052762 1
12029265 115599422 1
12029265 115957972 1
12029265 119947552 1
12029265 127165392 1
12029265 130007092 1
12029265 130571372 1
12029265 130612572 1
12029265 132468422 1
12029265 135231782 1
12029265 136269382 1
12029265 137843782 1
12029265 138341872 1
12029265 142253582 1
12029265 144121752 1
12052237 12911243 1
12052237 13513646 1
12052237 14067152 1
12052237 14095092 1
12052237 14217378 1
12052237 14653592 1
12052237 20106651 1
12052237 22919081 1
12052237 23354921 1
12052237 28997512 1
12052237 31780682 1
12052237 35772032 1
12052237 38720722 1
12052237 39086922 1
12052237 39877852 1
12052237 45100142 1
12052237 47107712 1
12052237 47595902 1
12052237 52859882 1
12052237 55880202 1
12052237 59562222 1
12052237 59859862 1
12052237 60328672 1
12052237 66669442 1
12052237 70133832 1
12052237 75639482 1
12052237 76109032 1
12052237 83503132 1
12052237 85294582 1
12052237 89195572 1
12052237 90014632 1
12052237 91725772 1
12052237 96551002 1
12052237 96995872 1
12052237 100531862 1
12052237 105062042 1
12052237 105887992 1
12052237 108912672 1
12052237 111725042 1
12052237 113052762 1
12052237 115599422 1
12052237 115957972 1
12052237 119947552 1
12052237 127165392 1
12052237 130007092 1
12052237 130571372 1
12052237 130612572 1
12052237 132468422 1
12052237 135231782 1
12052237 136269382 1
12052237 137843782 1
12052237 138341872 1
12052237 142253582 1
12052237 144121752 1
12911243 14067152 1
12911243 14217378 1
12911243 23354921 1
12911243 28997512 1
12911243 35772032 1
12911243 38720722 1
12911243 39877852 1
12911243 47595902 1
12911243 52859882 1
12911243 59562222 1
12911243 59859862 1
12911243 60328672 1
12911243 66669442 1
12911243 75639482 1
12911243 76109032 1
12911243 85294582 1
12911243 90014632 1
12911243 91725772 1
12911243 96551002 1
12911243 96995872 1
12911243 105062042 1
12911243 105887992 1
12911243 108912672 1
12911243 111725042 1
12911243 113052762 1
12911243 115599422 1
12911243 115957972 1
12911243 119947552 1
12911243 127165392 1
12911243 130007092 1
12911243 132468422 1
12911243 138341872 1
12911243 142253582 1
12911243 144121752 1
13513646 14067152 1
13513646 14217378 1
13513646 23354921 1
13513646 28997512 1
13513646 35772032 1
13513646 38720722 1
13513646 39877852 1
13513646 47595902 1
13513646 52859882 1
13513646 59562222 1
13513646 59859862 1
13513646 60328672 1
13513646 66669442 1
13513646 75639482 1
13513646 76109032 1
13513646 85294582 1
13513646 90014632 1
13513646 91725772 1
13513646 96551002 1
13513646 96995872 1
13513646 105062042 1
13513646 105887992 1
13513646 108912672 1
13513646 111725042 1
13513646 113052762 1
13513646 115599422 1
13513646 115957972 1
13513646 119947552 1
13513646 127165392 1
13513646 130007092 1
13513646 132468422 1
13513646 138341872 1
13513646 142253582 1
13513646 144121752 1
14067152 14095092 1
14067152 14217378 1
14067152 14653592 1
14067152 20106651 1
14067152 22919081 1
14067152 23354921 1
14067152 28997512 1
14067152 31780682 1
14067152 35772032 1
14067152 38720722 1
14067152 39086922 1
14067152 39877852 1
14067152 45100142 1
14067152 47107712 1
14067152 47595902 1
14067152 52859882 1
14067152 55880202 1
14067152 59562222 1
14067152 59859862 1
14067152 60328672 1
14067152 66669442 1
14067152 70133832 1
14067152 75639482 1
14067152 76109032 1
14067152 83503132 1
14067152 85294582 1
14067152 89195572 1
14067152 90014632 1
14067152 91725772 1
14067152 96551002 1
14067152 96995872 1
14067152 100531862 1
14067152 105062042 1
14067152 105887992 1
14067152 108912672 1
14067152 111725042 1
14067152 113052762 1
14067152 115599422 1
14067152 115957972 1
14067152 119947552 1
14067152 127165392 1
14067152 130007092 1
14067152 130571372 1
14067152 130612572 1
14067152 132468422 1
14067152 135231782 1
14067152 136269382 1
14067152 137843782 1
14067152 138341872 1
14067152 142253582 1
14067152 144121752 1
14095092 14217378 1
14095092 23354921 1
14095092 28997512 1
14095092 35772032 1
14095092 38720722 1
14095092 39877852 1
14095092 47595902 1
14095092 52859882 1
14095092 59562222 1
14095092 59859862 1
14095092 60328672 1
14095092 66669442 1
14095092 75639482 1
14095092 76109032 1
14095092 85294582 1
14095092 90014632 1
14095092 91725772 1
14095092 96551002 1
14095092 96995872 1
14095092 105062042 1
14095092 105887992 1
14095092 108912672 1
14095092 111725042 1
14095092 113052762 1
14095092 115599422 1
14095092 115957972 1
14095092 119947552 1
14095092 127165392 1
14095092 130007092 1
14095092 132468422 1
14095092 138341872 1
14095092 142253582 1
14095092 144121752 1
14217378 14653592 1
14217378 20106651 1
14217378 22919081 1
14217378 23354921 1
14217378 28997512 1
14217378 31780682 1
14217378 35772032 1
14217378 38720722 1
14217378 39086922 1
14217378 39877852 1
14217378 45100142 1
14217378 47107712 1
14217378 47595902 1
14217378 52859882 1
14217378 55880202 1
14217378 59562222 1
14217378 59859862 1
14217378 60328672 1
14217378 66669442 1
14217378 70133832 1
14217378 75639482 1
14217378 76109032 1
14217378 83503132 1
14217378 85294582 1
14217378 89195572 1
14217378 90014632 1
14217378 91725772 1
14217378 96551002 1
14217378 96995872 1
14217378 100531862 1
14217378 105062042 1
14217378 105887992 1
14217378 108912672 1
14217378 111725042 1
14217378 113052762 1
14217378 115599422 1
14217378 115957972 1
14217378 119947552 1
14217378 127165392 1
14217378 130007092 1
14217378 130571372 1
14217378 130612572 1
14217378 132468422 1
14217378 135231782 1
14217378 136269382 1
14217378 137843782 1
14217378 138341872 1
14217378 142253582 1
14217378 144121752 1
14653592 23354921 1
14653592 28997512 1
14653592 35772032 1
14653592 38720722 1
14653592 39877852 1
14653592 47595902 1
14653592 52859882 1
14653592 59562222 1
14653592 59859862 1
14653592 60328672 1
14653592 66669442 1
14653592 75639482 1
14653592 76109032 1
14653592 85294582 1
14653592 90014632 1
14653592 91725772 1
14653592 96551002 1
14653592 96995872 1
14653592 105062042 1
14653592 105887992 1
14653592 108912672 1
14653592 111725042 1
14653592 113052762 1
14653592 115599422 1
14653592 115957972 1
14653592 119947552 1
14653592 127165392 1
14653592 130007092 1
14653592 132468422 1
14653592 138341872 1
14653592 142253582 1
14653592 144121752 1
20106651 23354921 1
20106651 28997512 1
20106651 35772032 1
20106651 38720722 1
20106651 39877852 1
20106651 47595902 1
20106651 52859882 1
20106651 59562222 1
20106651 59859862 1
20106651 60328672 1
20106651 66669442 1
20106651 75639482 1
20106651 76109032 1
20106651 85294582 1
20106651 90014632 1
20106651 91725772 1
20106651 96551002 1
20106651 96995872 1
20106651 105062042 1
20106651 105887992 1
20106651 108912672 1
20106651 111725042 1
20106651 113052762 1
20106651 115599422 1
20106651 115957972 1
20106651 119947552 1
20106651 127165392 1
20106651 130007092 1
20106651 132468422 1
20106651 138341872 1
20106651 142253582 1
20106651 144121752 1
22919081 23354921 1
22919081 28997512 1
22919081 35772032 1
22919081 38720722 1
22919081 39877852 1
22919081 47595902 1
22919081 52859882 1
22919081 59562222 1
22919081 59859862 1
22919081 60328672 1
22919081 66669442 1
22919081 75639482 1
22919081 76109032 1
22919081 85294582 1
22919081 90014632 1
22919081 91725772 1
22919081 96551002 1
22919081 96995872 1
22919081 105062042 1
22919081 105887992 1
22919081 108912672 1
22919081 111725042 1
22919081 113052762 1
22919081 115599422 1
22919081 115957972 1
22919081 119947552 1
22919081 127165392 1
22919081 130007092 1
22919081 132468422 1
22919081 138341872 1
22919081 142253582 1
22919081 144121752 1
23354921 28997512 1
23354921 31780682 1
23354921 35772032 1
23354921 38720722 1
23354921 39086922 1
23354921 39877852 1
23354921 45100142 1
23354921 47107712 1
23354921 47595902 1
23354921 52859882 1
23354921 55880202 1
23354921 59562222 1
23354921 59859862 1
23354921 60328672 1
23354921 66669442 1
23354921 70133832 1
23354921 75639482 1
23354921 76109032 1
23354921 83503132 1
23354921 85294582 1
23354921 89195572 1
23354921 90014632 1
23354921 91725772 1
23354921 96551002 1
23354921 96995872 1
23354921 100531862 1
23354921 105062042 1
23354921 105887992 1
23354921 108912672 1
23354921 111725042 1
23354921 113052762 1
23354921 115599422 1
23354921 115957972 1
23354921 119947552 1
23354921 127165392 1
23354921 130007092 1
23354921 130571372 1
23354921 130612572 1
23354921 132468422 1
23354921 135231782 1
23354921 136269382 1
23354921 137843782 1
23354921 138341872 1
23354921 142253582 1
23354921 144121752 1
28997512 31780682 1
28997512 35772032 1
28997512 38720722 1
28997512 39086922 1
28997512 39877852 1
28997512 45100142 1
28997512 47107712 1
28997512 47595902 1
28997512 52859882 1
28997512 55880202 1
28997512 59562222 1
28997512 59859862 1
28997512 60328672 1
28997512 66669442 1
28997512 70133832 1
28997512 75639482 1
28997512 76109032 1
28997512 83503132 1
28997512 85294582 1
28997512 89195572 1
28997512 90014632 1
28997512 91725772 1
28997512 96551002 1
28997512 96995872 1
28997512 100531862 1
28997512 105062042 1
28997512 105887992 1
28997512 108912672 1
28997512 111725042 1
28997512 113052762 1
28997512 115599422 1
28997512 115957972 1
28997512 119947552 1
28997512 127165392 1
28997512 130007092 1
28997512 130571372 1
28997512 130612572 1
28997512 132468422 1
28997512 135231782 1
28997512 136269382 1
28997512 137843782 1
28997512 138341872 1
28997512 142253582 1
28997512 144121752 1
31780682 35772032 1
31780682 38720722 1
31780682 39877852 1
31780682 47595902 1
31780682 52859882 1
31780682 59562222 1
31780682 59859862 1
31780682 60328672 1
31780682 66669442 1
31780682 75639482 1
31780682 76109032 1
31780682 85294582 1
31780682 90014632 1
31780682 91725772 1
31780682 96551002 1
31780682 96995872 1
31780682 105062042 1
31780682 105887992 1
31780682 108912672 1
31780682 111725042 1
31780682 113052762 1
31780682 115599422 1
31780682 115957972 1
31780682 119947552 1
31780682 127165392 1
31780682 130007092 1
31780682 132468422 1
31780682 138341872 1
31780682 142253582 1
31780682 144121752 1
35772032 38720722 1
35772032 39086922 1
35772032 39877852 1
35772032 45100142 1
35772032 47107712 1
35772032 47595902 1
35772032 52859882 1
35772032 55880202 1
35772032 59562222 1
35772032 59859862 1
35772032 60328672 1
35772032 66669442 1
35772032 70133832 1
35772032 75639482 1
35772032 76109032 1
35772032 83503132 1
35772032 85294582 1
35772032 89195572 1
35772032 90014632 1
35772032 91725772 1
35772032 96551002 1
35772032 96995872 1
35772032 100531862 1
35772032 105062042 1
35772032 105887992 1
35772032 108912672 1
35772032 111725042 1
35772032 113052762 1
35772032 115599422 1
35772032 115957972 1
35772032 119947552 1
35772032 127165392 1
35772032 130007092 1
35772032 130571372 1
35772032 130612572 1
35772032 132468422 1
35772032 135231782 1
35772032 136269382 1
35772032 137843782 1
35772032 138341872 1
35772032 142253582 1
35772032 144121752 1
38720722 39086922 1
38720722 39877852 1
38720722 45100142 1
38720722 47107712 1
38720722 47595902 1
38720722 52859882 1
38720722 55880202 1
38720722 59562222 1
38720722 59859862 1
38720722 60328672 1
38720722 66669442 1
38720722 70133832 1
38720722 75639482 1
38720722 76109032 1
38720722 83503132 1
38720722 85294582 1
38720722 89195572 1
38720722 90014632 1
38720722 91725772 1
38720722 96551002 1
38720722 96995872 1
38720722 100531862 1
38720722 105062042 1
38720722 105887992 1
38720722 108912672 1
38720722 111725042 1
38720722 113052762 1
38720722 115599422 1
38720722 115957972 1
38720722 119947552 1
38720722 127165392 1
38720722 130007092 1
38720722 130571372 1
38720722 130612572 1
38720722 132468422 1
38720722 135231782 1
38720722 136269382 1
38720722 137843782 1
38720722 138341872 1
38720722 142253582 1
38720722 144121752 1
39086922 39877852 1
39086922 47595902 1
39086922 52859882 1
39086922 59859862 1
39086922 60328672 1
39086922 66669442 1
39086922 76109032 1
39086922 85294582 1
39086922 91725772 1
39086922 96551002 1
39086922 96995872 1
39086922 105062042 1
39086922 105887992 1
39086922 108912672 1
39086922 111725042 1
39086922 113052762 1
39086922 115599422 1
39086922 115957972 1
39086922 127165392 1
39086922 130007092 1
39086922 132468422 1
39086922 138341872 1
39086922 142253582 1
39086922 144121752 1
39877852 45100142 1
39877852 47107712 1
39877852 47595902 1
39877852 52859882 1
39877852 55880202 1
39877852 59562222 1
39877852 59859862 1
39877852 60328672 1
39877852 66669442 1
39877852 70133832 1
39877852 75639482 1
39877852 76109032 1
39877852 83503132 1
39877852 85294582 1
39877852 89195572 1
39877852 90014632 1
39877852 91725772 1
39877852 96551002 1
39877852 96995872 1
39877852 100531862 1
39877852 105062042 1
39877852 105887992 1
39877852 108912672 1
39877852 111725042 1
39877852 113052762 1
39877852 115599422 1
39877852 115957972 1
39877852 119947552 1
39877852 127165392 1
39877852 130007092 1
39877852 130571372 1
39877852 130612572 1
39877852 132468422 1
39877852 135231782 1
39877852 136269382 1
39877852 137843782 1
39877852 138341872 1
39877852 142253582 1
39877852 144121752 1
45100142 47595902 1
45100142 52859882 1
45100142 59562222 1
45100142 59859862 1
45100142 60328672 1
45100142 66669442 1
45100142 75639482 1
45100142 76109032 1
45100142 85294582 1
45100142 90014632 1
45100142 91725772 1
45100142 96551002 1
45100142 96995872 1
45100142 105062042 1
45100142 105887992 1
45100142 108912672 1
45100142 111725042 1
45100142 113052762 1
45100142 115599422 1
45100142 115957972 1
45100142 119947552 1
45100142 127165392 1
45100142 130007092 1
45100142 132468422 1
45100142 138341872 1
45100142 142253582 1
45100142 144121752 1
47107712 47595902 1
47107712 52859882 1
47107712 59562222 1
47107712 59859862 1
47107712 60328672 1
47107712 66669442 1
47107712 75639482 1
47107712 76109032 1
47107712 85294582 1
47107712 90014632 1
47107712 91725772 1
47107712 96551002 1
47107712 96995872 1
47107712 105062042 1
47107712 105887992 1
47107712 108912672 1
47107712 111725042 1
47107712 113052762 1
47107712 115599422 1
47107712 115957972 1
47107712 119947552 1
47107712 127165392 1
47107712 130007092 1
47107712 132468422 1
47107712 138341872 1
47107712 142253582 1
47107712 144121752 1
47595902 52859882 1
47595902 55880202 1
47595902 59562222 1
47595902 59859862 1
47595902 60328672 1
47595902 66669442 1
47595902 70133832 1
47595902 75639482 1
47595902 76109032 1
47595902 83503132 1
47595902 85294582 1
47595902 89195572 1
47595902 90014632 1
47595902 91725772 1
47595902 96551002 1
47595902 96995872 1
47595902 100531862 1
47595902 105062042 1
47595902 105887992 1
47595902 108912672 1
47595902 111725042 1
47595902 113052762 1
47595902 115599422 1
47595902 115957972 1
47595902 119947552 1
47595902 127165392 1
47595902 130007092 1
47595902 130571372 1
47595902 130612572 1
47595902 132468422 1
47595902 135231782 1
47595902 136269382 1
47595902 137843782 1
47595902 138341872 1
47595902 142253582 1
47595902 144121752 1
52859882 55880202 1
52859882 59562222 1
52859882 59859862 1
52859882 60328672 1
52859882 66669442 1
52859882 70133832 1
52859882 75639482 1
52859882 76109032 1
52859882 83503132 1
52859882 85294582 1
52859882 89195572 1
52859882 90014632 1
52859882 91725772 1
52859882 96551002 1
52859882 96995872 2
52859882 100531862 2
52859882 105062042 1
52859882 105887992 1
52859882 108912672 1
52859882 111725042 2
52859882 113052762 1
52859882 115599422 1
52859882 115957972 1
52859882 119947552 1
52859882 127165392 1
52859882 130007092 1
52859882 130571372 1
52859882 130612572 1
52859882 132468422 1
52859882 135231782 1
52859882 136269382 1
52859882 137843782 1
52859882 138341872 1
52859882 142253582 2
52859882 144121752 1
55880202 59562222 1
55880202 59859862 1
55880202 60328672 1
55880202 66669442 1
55880202 75639482 1
55880202 76109032 1
55880202 85294582 1
55880202 90014632 1
55880202 91725772 1
55880202 96551002 1
55880202 96995872 1
55880202 105062042 1
55880202 105887992 1
55880202 108912672 1
55880202 111725042 1
55880202 113052762 1
55880202 115599422 1
55880202 115957972 1
55880202 119947552 1
55880202 127165392 1
55880202 130007092 1
55880202 132468422 1
55880202 138341872 1
55880202 142253582 1
55880202 144121752 1
59562222 59859862 1
59562222 60328672 1
59562222 66669442 1
59562222 70133832 1
59562222 76109032 1
59562222 83503132 1
59562222 85294582 1
59562222 89195572 1
59562222 91725772 1
59562222 96551002 1
59562222 100531862 1
59562222 105062042 1
59562222 105887992 1
59562222 108912672 1
59562222 111725042 1
59562222 113052762 1
59562222 115599422 1
59562222 115957972 1
59562222 127165392 1
59562222 130007092 1
59562222 130571372 1
59562222 130612572 1
59562222 132468422 1
59562222 135231782 1
59562222 137843782 1
59562222 138341872 1
59562222 144121752 1
59859862 60328672 1
59859862 66669442 1
59859862 70133832 1
59859862 75639482 1
59859862 76109032 1
59859862 83503132 1
59859862 85294582 1
59859862 89195572 1
59859862 90014632 1
59859862 91725772 1
59859862 96551002 1
59859862 96995872 1
59859862 100531862 1
59859862 105062042 1
59859862 105887992 1
59859862 108912672 1
59859862 111725042 1
59859862 113052762 1
59859862 115599422 1
59859862 115957972 1
59859862 119947552 1
59859862 127165392 1
59859862 130007092 1
59859862 130571372 1
59859862 130612572 1
59859862 132468422 1
59859862 135231782 1
59859862 136269382 1
59859862 137843782 1
59859862 138341872 1
59859862 142253582 1
59859862 144121752 1
60328672 66669442 1
60328672 70133832 1
60328672 75639482 1
60328672 76109032 1
60328672 83503132 1
60328672 85294582 1
60328672 89195572 1
60328672 90014632 1
60328672 91725772 1
60328672 96551002 1
60328672 96995872 1
60328672 100531862 1
60328672 105062042 1
60328672 105887992 1
60328672 108912672 1
60328672 111725042 1
60328672 113052762 1
60328672 115599422 1
60328672 115957972 1
60328672 119947552 1
60328672 127165392 1
60328672 130007092 1
60328672 130571372 1
60328672 130612572 1
60328672 132468422 1
60328672 135231782 1
60328672 136269382 1
60328672 137843782 1
60328672 138341872 1
60328672 142253582 1
60328672 144121752 1
66669442 70133832 1
66669442 75639482 1
66669442 76109032 1
66669442 83503132 1
66669442 85294582 1
66669442 89195572 1
66669442 90014632 1
66669442 91725772 1
66669442 96551002 1
66669442 96995872 1
66669442 100531862 1
66669442 105062042 1
66669442 105887992 1
66669442 108912672 1
66669442 111725042 1
66669442 113052762 1
66669442 115599422 1
66669442 115957972 1
66669442 119947552 1
66669442 127165392 1
66669442 130007092 1
66669442 130571372 1
66669442 130612572 1
66669442 132468422 1
66669442 135231782 1
66669442 136269382 1
66669442 137843782 1
66669442 138341872 1
66669442 142253582 1
66669442 144121752 1
70133832 75639482 1
70133832 76109032 1
70133832 85294582 1
70133832 90014632 1
70133832 91725772 1
70133832 96551002 1
70133832 96995872 1
70133832 105062042 1
70133832 105887992 1
70133832 108912672 1
70133832 111725042 1
70133832 113052762 1
70133832 115599422 1
70133832 115957972 1
70133832 119947552 1
70133832 127165392 1
70133832 130007092 1
70133832 132468422 1
70133832 138341872 1
70133832 142253582 1
70133832 144121752 1
75639482 76109032 1
75639482 83503132 1
75639482 85294582 1
75639482 89195572 1
75639482 91725772 1
75639482 96551002 1
75639482 96995872 1
75639482 100531862 1
75639482 105062042 1
75639482 105887992 1
75639482 108912672 1
75639482 111725042 1
75639482 113052762 1
75639482 115599422 1
75639482 115957972 1
75639482 127165392 1
75639482 130007092 1
75639482 130571372 1
75639482 130612572 1
75639482 132468422 1
75639482 135231782 1
75639482 137843782 1
75639482 138341872 1
75639482 142253582 1
75639482 144121752 1
76109032 83503132 1
76109032 85294582 1
76109032 89195572 1
76109032 90014632 1
76109032 91725772 1
76109032 96551002 1
76109032 96995872 1
76109032 100531862 1
76109032 105062042 1
76109032 105887992 1
76109032 108912672 1
76109032 111725042 1
76109032 113052762 1
76109032 115599422 1
76109032 115957972 1
76109032 119947552 1
76109032 127165392 1
76109032 130007092 1
76109032 130571372 1
76109032 130612572 1
76109032 132468422 1
76109032 135231782 1
76109032 136269382 1
76109032 137843782 1
76109032 138341872 1
76109032 142253582 1
76109032 144121752 1
83503132 85294582 1
83503132 90014632 1
83503132 91725772 1
83503132 96551002 1
83503132 96995872 1
83503132 105062042 1
83503132 105887992 1
83503132 108912672 1
83503132 111725042 1
83503132 113052762 1
83503132 115599422 1
83503132 115957972 1
83503132 119947552 1
83503132 127165392 1
83503132 130007092 1
83503132 132468422 1
83503132 138341872 1
83503132 142253582 1
83503132 144121752 1
85294582 89195572 1
85294582 90014632 1
85294582 91725772 1
85294582 96551002 1
85294582 96995872 1
85294582 100531862 1
85294582 105062042 1
85294582 105887992 1
85294582 108912672 1
85294582 111725042 1
85294582 113052762 1
85294582 115599422 1
85294582 115957972 1
85294582 119947552 1
85294582 127165392 1
85294582 130007092 1
85294582 130571372 1
85294582 130612572 1
85294582 132468422 1
85294582 135231782 1
85294582 136269382 1
85294582 137843782 1
85294582 138341872 1
85294582 142253582 1
85294582 144121752 1
89195572 90014632 1
89195572 91725772 1
89195572 96551002 1
89195572 96995872 1
89195572 105062042 1
89195572 105887992 1
89195572 108912672 1
89195572 111725042 1
89195572 113052762 1
89195572 115599422 1
89195572 115957972 1
89195572 119947552 1
89195572 127165392 1
89195572 130007092 1
89195572 132468422 1
89195572 138341872 1
89195572 142253582 1
89195572 144121752 1
90014632 91725772 1
90014632 96551002 1
90014632 100531862 1
90014632 105062042 1
90014632 105887992 1
90014632 108912672 1
90014632 111725042 1
90014632 113052762 1
90014632 115599422 1
90014632 115957972 1
90014632 127165392 1
90014632 130007092 1
90014632 130571372 1
90014632 130612572 1
90014632 132468422 1
90014632 135231782 1
90014632 137843782 1
90014632 138341872 1
90014632 144121752 1
91725772 96551002 1
91725772 96995872 1
91725772 100531862 1
91725772 105062042 1
91725772 105887992 1
91725772 108912672 1
91725772 111725042 1
91725772 113052762 1
91725772 115599422 1
91725772 115957972 1
91725772 119947552 1
91725772 127165392 1
91725772 130007092 1
91725772 130571372 1
91725772 130612572 1
91725772 132468422 1
91725772 135231782 1
91725772 136269382 1
91725772 137843782 1
91725772 138341872 1
91725772 142253582 1
91725772 144121752 1
96551002 96995872 1
96551002 100531862 1
96551002 105062042 1
96551002 105887992 1
96551002 108912672 1
96551002 111725042 1
96551002 113052762 1
96551002 115599422 1
96551002 115957972 1
96551002 119947552 1
96551002 127165392 1
96551002 130007092 1
96551002 130571372 1
96551002 130612572 1
96551002 132468422 1
96551002 135231782 1
96551002 136269382 1
96551002 137843782 1
96551002 138341872 1
96551002 142253582 1
96551002 144121752 1
96995872 100531862 2
96995872 105062042 1
96995872 105887992 1
96995872 108912672 1
96995872 111725042 2
96995872 113052762 1
96995872 115599422 1
96995872 115957972 1
96995872 119947552 1
96995872 127165392 1
96995872 130007092 1
96995872 130571372 1
96995872 130612572 1
96995872 132468422 1
96995872 135231782 1
96995872 137843782 1
96995872 138341872 1
96995872 144121752 1
100531862 105062042 1
100531862 105887992 1
100531862 108912672 1
100531862 111725042 2
100531862 113052762 1
100531862 115599422 1
100531862 115957972 1
100531862 119947552 1
100531862 127165392 1
100531862 130007092 1
100531862 132468422 1
100531862 138341872 1
100531862 142253582 2
100531862 144121752 1
105062042 105887992 1
105062042 108912672 1
105062042 111725042 1
105062042 113052762 1
105062042 115599422 1
105062042 115957972 1
105062042 119947552 1
105062042 127165392 1
105062042 130007092 1
105062042 130571372 1
105062042 130612572 1
105062042 132468422 1
105062042 135231782 1
105062042 136269382 1
105062042 137843782 1
105062042 138341872 1
105062042 142253582 1
105062042 144121752 1
105887992 108912672 1
105887992 111725042 1
105887992 113052762 1
105887992 115599422 1
105887992 115957972 1
105887992 119947552 1
105887992 127165392 1
105887992 130007092 1
105887992 130571372 1
105887992 130612572 1
105887992 132468422 1
105887992 135231782 1
105887992 136269382 1
105887992 137843782 1
105887992 138341872 1
105887992 142253582 1
105887992 144121752 1
108912672 111725042 1
108912672 113052762 1
108912672 115599422 1
108912672 115957972 1
108912672 119947552 1
108912672 127165392 1
108912672 130007092 1
108912672 130571372 1
108912672 130612572 1
108912672 132468422 1
108912672 135231782 1
108912672 136269382 1
108912672 137843782 1
108912672 138341872 1
108912672 142253582 1
108912672 144121752 1
111725042 113052762 1
111725042 115599422 1
111725042 115957972 1
111725042 119947552 1
111725042 127165392 1
111725042 130007092 1
111725042 130571372 1
111725042 130612572 1
111725042 132468422 1
111725042 135231782 1
111725042 136269382 1
111725042 137843782 1
111725042 138341872 1
111725042 142253582 2
111725042 144121752 1
113052762 115599422 1
113052762 115957972 1
113052762 119947552 1
113052762 127165392 1
113052762 130007092 1
113052762 130571372 1
113052762 130612572 1
113052762 132468422 1
113052762 135231782 1
113052762 136269382 1
113052762 137843782 1
113052762 138341872 1
113052762 142253582 1
113052762 144121752 1
115599422 115957972 1
115599422 119947552 1
115599422 127165392 1
115599422 130007092 1
115599422 130571372 1
115599422 130612572 1
115599422 132468422 1
115599422 135231782 1
115599422 136269382 1
115599422 137843782 1
115599422 138341872 1
115599422 142253582 1
115599422 144121752 1
115957972 119947552 1
115957972 127165392 1
115957972 130007092 1
115957972 130571372 1
115957972 130612572 1
115957972 132468422 1
115957972 135231782 1
115957972 136269382 1
115957972 137843782 1
115957972 138341872 1
115957972 142253582 1
115957972 144121752 1
119947552 127165392 1
119947552 130007092 1
119947552 130571372 1
119947552 130612572 1
119947552 132468422 1
119947552 135231782 1
119947552 137843782 1
119947552 138341872 1
119947552 142253582 1
119947552 144121752 1
127165392 130007092 1
127165392 130571372 1
127165392 130612572 1
127165392 132468422 1
127165392 135231782 1
127165392 136269382 1
127165392 137843782 1
127165392 138341872 1
127165392 142253582 1
127165392 144121752 1
130007092 130571372 1
130007092 130612572 1
130007092 132468422 1
130007092 135231782 1
130007092 136269382 1
130007092 137843782 1
130007092 138341872 1
130007092 142253582 1
130007092 144121752 1
130571372 132468422 1
130571372 138341872 1
130571372 142253582 1
130571372 144121752 1
130612572 132468422 1
130612572 138341872 1
130612572 142253582 1
130612572 144121752 1
132468422 135231782 1
132468422 136269382 1
132468422 137843782 1
132468422 138341872 1
132468422 142253582 1
132468422 144121752 1
135231782 138341872 1
135231782 142253582 1
135231782 144121752 1
136269382 138341872 1
136269382 144121752 1
137843782 138341872 1
137843782 142253582 1
137843782 144121752 1
138341872 142253582 1
138341872 144121752 1
142253582 144121752 1
7001556 21337211 1
7001556 52859882 1
7001556 88790272 1
7001556 96995872 1
7001556 111725042 1
7001556 142253582 1
9043318 21337211 1
9043318 88790272 1
10214004 21337211 1
10214004 88790272 1
11174920 21337211 1
11174920 88790272 1
21337211 52859882 1
21337211 88790272 1
21337211 96995872 1
21337211 100531862 1
21337211 111725042 1
21337211 142253582 1
52859882 88790272 1
88790272 96995872 1
88790272 100531862 1
88790272 111725042 1
88790272 142253582 1
