80951552 91836032 192465282 14482048 189624708 165522052 183931908 7619464 183503881 190751113 193674504 174237452 71847182 96123022 138054672 11992720 192909079 26114712 57342362 6170151 183198765 15861551 194109875 168470452 12608566 125590332 6638397 11274174 21559741 183223871 5077569 68043202 194106945 183699396 6896194 3918536 113376592 166136912 14374610 160739412 171786452 184885077 192730580 178321112 30912602 31792092 5188444 193937756 193418845 56887392 73174752 196979685 40234342 11785704 112842472 182763243 1433838 38890102 19141751 105624312 196833914 24806522
5077569 5188444 1
5077569 6170151 1
5077569 6638397 1
5077569 7619464 1
5077569 11274174 1
5077569 15861551 1
5077569 19141751 1
5077569 21559741 1
5077569 24806522 1
5077569 26114712 1
5077569 30912602 1
5077569 31792092 1
5077569 38890102 1
5077569 56887392 1
5077569 57342362 1
5077569 68043202 1
5077569 71847182 1
5077569 73174752 1
5077569 80951552 1
5077569 91836032 1
5077569 105624312 1
5077569 113376592 1
5077569 160739412 1
5077569 166136912 1
5077569 171786452 1
5077569 182763243 1
5077569 183198765 1
5077569 183503881 1
5077569 183699396 1
5077569 184885077 1
5077569 189624708 1
5077569 190751113 1
5077569 192465282 1
5077569 192909079 1
5077569 193937756 1
5077569 194106945 1
5077569 194109875 1
5077569 196979685 1
5188444 6170151 1
5188444 6638397 1
5188444 7619464 1
5188444 11274174 3
5188444 15861551 1
5188444 19141751 2
5188444 21559741 1
5188444 24806522 1
5188444 26114712 1
5188444 30912602 2
5188444 31792092 3
5188444 38890102 1
5188444 56887392 2
5188444 57342362 1
5188444 68043202 3
5188444 71847182 3
5188444 73174752 2
5188444 80951552 1
5188444 91836032 2
5188444 105624312 2
5188444 113376592 2
5188444 160739412 2
5188444 166136912 2
5188444 171786452 2
5188444 182763243 2
5188444 183198765 2
5188444 183503881 1
5188444 183699396 1
5188444 184885077 1
5188444 189624708 2
5188444 190751113 1
5188444 192465282 2
5188444 192909079 1
5188444 193937756 2
5188444 194106945 2
5188444 194109875 2
5188444 196979685 2
6170151 6638397 1
6170151 7619464 1
6170151 11274174 1
6170151 15861551 1
6170151 19141751 1
6170151 21559741 1
6170151 24806522 1
6170151 26114712 1
6170151 30912602 1
6170151 31792092 1
6170151 38890102 1
6170151 56887392 1
6170151 57342362 1
6170151 68043202 1
6170151 71847182 1
6170151 73174752 1
6170151 80951552 1
6170151 91836032 1
6170151 105624312 1
6170151 113376592 1
6170151 160739412 1
6170151 166136912 1
6170151 171786452 1
6170151 182763243 1
6170151 183198765 1
6170151 183503881 1
6170151 183699396 1
6170151 184885077 1
6170151 189624708 1
6170151 190751113 1
6170151 192465282 1
6170151 192909079 1
6170151 193937756 1
6170151 194106945 1
6170151 194109875 1
6170151 196979685 1
6638397 7619464 1
6638397 11274174 1
6638397 15861551 1
6638397 19141751 1
6638397 21559741 1
6638397 24806522 1
6638397 26114712 1
6638397 30912602 1
6638397 31792092 1
6638397 38890102 1
6638397 56887392 1
6638397 57342362 1
6638397 68043202 1
6638397 71847182 1
6638397 73174752 1
6638397 80951552 1
6638397 91836032 1
6638397 105624312 1
6638397 113376592 1
6638397 160739412 1
6638397 166136912 1
6638397 171786452 1
6638397 182763243 1
6638397 183198765 1
6638397 183503881 1
6638397 183699396 1
6638397 184885077 1
6638397 189624708 1
6638397 190751113 1
6638397 192465282 1
6638397 192909079 1
6638397 193937756 1
6638397 194106945 1
6638397 194109875 1
6638397 196979685 1
7619464 11274174 1
7619464 15861551 1
7619464 19141751 1
7619464 21559741 1
7619464 24806522 1
7619464 26114712 1
7619464 30912602 1
7619464 31792092 1
7619464 38890102 1
7619464 56887392 1
7619464 57342362 1
7619464 68043202 1
7619464 71847182 1
7619464 73174752 1
7619464 80951552 1
7619464 91836032 1
7619464 105624312 1
7619464 113376592 1
7619464 160739412 1
7619464 166136912 1
7619464 171786452 1
7619464 182763243 1
7619464 183198765 1
7619464 183503881 1
7619464 183699396 1
7619464 184885077 1
7619464 189624708 1
7619464 190751113 1
7619464 192465282 1
7619464 192909079 1
7619464 193937756 1
7619464 194106945 1
7619464 194109875 1
7619464 196979685 1
11274174 15861551 1
11274174 19141751 2
11274174 21559741 1
11274174 24806522 1
11274174 26114712 1
11274174 30912602 3
11274174 31792092 3
11274174 38890102 1
11274174 56887392 2
11274174 57342362 1
11274174 68043202 3
11274174 71847182 3
11274174 73174752 2
11274174 80951552 1
11274174 91836032 2
11274174 105624312 2
11274174 113376592 2
11274174 160739412 2
11274174 166136912 2
11274174 171786452 2
11274174 182763243 2
11274174 183198765 2
11274174 183503881 1
11274174 183699396 1
11274174 184885077 1
11274174 189624708 2
11274174 190751113 1
11274174 192465282 2
11274174 192909079 1
11274174 193937756 2
11274174 194106945 2
11274174 194109875 2
11274174 196979685 2
15861551 19141751 1
15861551 21559741 1
15861551 24806522 1
15861551 26114712 1
15861551 30912602 1
15861551 31792092 1
15861551 38890102 1
15861551 56887392 1
15861551 57342362 1
15861551 68043202 1
15861551 71847182 1
15861551 73174752 1
15861551 80951552 1
15861551 91836032 1
15861551 105624312 1
15861551 113376592 1
15861551 160739412 1
15861551 166136912 1
15861551 171786452 1
15861551 182763243 1
15861551 183198765 1
15861551 183503881 1
15861551 183699396 1
15861551 184885077 1
15861551 189624708 1
15861551 190751113 1
15861551 192465282 1
15861551 192909079 1
15861551 193937756 1
15861551 194106945 1
15861551 194109875 1
15861551 196979685 1
19141751 21559741 1
19141751 24806522 1
19141751 26114712 1
19141751 30912602 2
19141751 31792092 2
19141751 38890102 1
19141751 56887392 2
19141751 57342362 1
19141751 68043202 2
19141751 71847182 2
19141751 73174752 2
19141751 80951552 1
19141751 91836032 1
19141751 105624312 1
19141751 113376592 1
19141751 160739412 1
19141751 166136912 1
19141751 171786452 1
19141751 182763243 2
19141751 183198765 1
19141751 183503881 1
19141751 183699396 1
19141751 184885077 1
19141751 189624708 2
19141751 190751113 1
19141751 192465282 1
19141751 192909079 1
19141751 193937756 1
19141751 194106945 1
19141751 194109875 1
19141751 196979685 2
21559741 24806522 1
21559741 26114712 1
21559741 30912602 1
21559741 31792092 1
21559741 38890102 1
21559741 56887392 1
21559741 57342362 1
21559741 68043202 1
21559741 71847182 1
21559741 73174752 1
21559741 80951552 1
21559741 91836032 1
21559741 105624312 1
21559741 113376592 1
21559741 160739412 1
21559741 166136912 1
21559741 171786452 1
21559741 182763243 1
21559741 183198765 1
21559741 183503881 1
21559741 183699396 1
21559741 184885077 1
21559741 189624708 1
21559741 190751113 1
21559741 192465282 1
21559741 192909079 1
21559741 193937756 1
21559741 194106945 1
21559741 194109875 1
21559741 196979685 1
24806522 26114712 1
24806522 30912602 1
24806522 31792092 1
24806522 38890102 1
24806522 56887392 1
24806522 57342362 1
24806522 68043202 1
24806522 71847182 1
24806522 73174752 1
24806522 80951552 1
24806522 91836032 1
24806522 105624312 1
24806522 113376592 1
24806522 160739412 1
24806522 166136912 1
24806522 171786452 1
24806522 182763243 1
24806522 183198765 1
24806522 183503881 1
24806522 183699396 1
24806522 184885077 1
24806522 189624708 1
24806522 190751113 1
24806522 192465282 1
24806522 192909079 1
24806522 193937756 1
24806522 194106945 1
24806522 194109875 1
24806522 196979685 1
26114712 30912602 1
26114712 31792092 1
26114712 38890102 1
26114712 56887392 1
26114712 57342362 1
26114712 68043202 1
26114712 71847182 1
26114712 73174752 1
26114712 80951552 1
26114712 91836032 1
26114712 105624312 1
26114712 113376592 1
26114712 160739412 1
26114712 166136912 1
26114712 171786452 1
26114712 182763243 1
26114712 183198765 1
26114712 183503881 1
26114712 183699396 1
26114712 184885077 1
26114712 189624708 1
26114712 190751113 1
26114712 192465282 1
26114712 192909079 1
26114712 193937756 1
26114712 194106945 1
26114712 194109875 1
26114712 196979685 1
30912602 31792092 2
30912602 38890102 1
30912602 56887392 2
30912602 57342362 1
30912602 68043202 2
30912602 71847182 2
30912602 73174752 2
30912602 80951552 1
30912602 91836032 1
30912602 105624312 1
30912602 113376592 1
30912602 160739412 1
30912602 166136912 1
30912602 171786452 1
30912602 182763243 2
30912602 183198765 1
30912602 183503881 1
30912602 183699396 1
30912602 184885077 1
30912602 189624708 2
30912602 190751113 1
30912602 192465282 1
30912602 192909079 1
30912602 193937756 1
30912602 194106945 1
30912602 194109875 1
30912602 196979685 2
31792092 38890102 1
31792092 56887392 2
31792092 57342362 1
31792092 68043202 3
31792092 71847182 3
31792092 73174752 2
31792092 80951552 1
31792092 91836032 2
31792092 105624312 2
31792092 113376592 2
31792092 160739412 2
31792092 166136912 2
31792092 171786452 2
31792092 182763243 2
31792092 183198765 2
31792092 183503881 1
31792092 183699396 1
31792092 184885077 1
31792092 189624708 2
31792092 190751113 1
31792092 192465282 2
31792092 192909079 1
31792092 193937756 2
31792092 194106945 2
31792092 194109875 2
31792092 196979685 2
38890102 56887392 1
38890102 57342362 1
38890102 68043202 1
38890102 71847182 1
38890102 73174752 1
38890102 80951552 1
38890102 91836032 1
38890102 105624312 1
38890102 113376592 1
38890102 160739412 1
38890102 166136912 1
38890102 171786452 1
38890102 182763243 1
38890102 183198765 1
38890102 183503881 1
38890102 183699396 1
38890102 184885077 1
38890102 189624708 1
38890102 190751113 1
38890102 192465282 1
38890102 192909079 1
38890102 193937756 1
38890102 194106945 1
38890102 194109875 1
38890102 196979685 1
56887392 57342362 1
56887392 68043202 2
56887392 71847182 2
56887392 73174752 2
56887392 80951552 1
56887392 91836032 1
56887392 105624312 1
56887392 113376592 1
56887392 160739412 1
56887392 166136912 1
56887392 171786452 1
56887392 182763243 2
56887392 183198765 1
56887392 183503881 1
56887392 183699396 1
56887392 184885077 1
56887392 189624708 2
56887392 190751113 1
56887392 192465282 1
56887392 192909079 1
56887392 193937756 1
56887392 194106945 1
56887392 194109875 1
56887392 196979685 2
57342362 68043202 1
57342362 71847182 1
57342362 73174752 1
57342362 80951552 1
57342362 91836032 1
57342362 105624312 1
57342362 113376592 1
57342362 160739412 1
57342362 166136912 1
57342362 171786452 1
57342362 182763243 1
57342362 183198765 1
57342362 183503881 1
57342362 183699396 1
57342362 184885077 1
57342362 189624708 1
57342362 190751113 1
57342362 192465282 1
57342362 192909079 1
57342362 193937756 1
57342362 194106945 1
57342362 194109875 1
57342362 196979685 1
68043202 71847182 3
68043202 73174752 2
68043202 80951552 1
68043202 91836032 2
68043202 105624312 2
68043202 113376592 2
68043202 160739412 2
68043202 166136912 2
68043202 171786452 2
68043202 182763243 2
68043202 183198765 2
68043202 183503881 1
68043202 183699396 1
68043202 184885077 1
68043202 189624708 2
68043202 190751113 1
68043202 192465282 2
68043202 192909079 1
68043202 193937756 2
68043202 194106945 2
68043202 194109875 2
68043202 196979685 2
71847182 73174752 2
71847182 80951552 1
71847182 91836032 2
71847182 105624312 2
71847182 113376592 2
71847182 160739412 2
71847182 166136912 2
71847182 171786452 2
71847182 182763243 2
71847182 183198765 2
71847182 183503881 1
71847182 183699396 1
71847182 184885077 1
71847182 189624708 2
71847182 190751113 1
71847182 192465282 2
71847182 192909079 1
71847182 193937756 2
71847182 194106945 2
71847182 194109875 2
71847182 196979685 2
73174752 80951552 1
73174752 91836032 1
73174752 105624312 1
73174752 113376592 1
73174752 160739412 1
73174752 166136912 1
73174752 171786452 1
73174752 182763243 2
73174752 183198765 1
73174752 183503881 1
73174752 183699396 1
73174752 184885077 1
73174752 189624708 2
73174752 190751113 1
73174752 192465282 1
73174752 192909079 1
73174752 193937756 1
73174752 194106945 1
73174752 194109875 1
73174752 196979685 2
80951552 91836032 1
80951552 105624312 1
80951552 113376592 1
80951552 160739412 1
80951552 166136912 1
80951552 171786452 1
80951552 182763243 1
80951552 183198765 1
80951552 183503881 1
80951552 183699396 1
80951552 184885077 1
80951552 189624708 1
80951552 190751113 1
80951552 192465282 1
80951552 192909079 1
80951552 193937756 1
80951552 194106945 1
80951552 194109875 1
80951552 196979685 1
91836032 105624312 2
91836032 113376592 2
91836032 160739412 2
91836032 166136912 2
91836032 171786452 2
91836032 182763243 1
91836032 183198765 2
91836032 183503881 1
91836032 183699396 1
91836032 184885077 1
91836032 189624708 1
91836032 190751113 1
91836032 192465282 2
91836032 192909079 1
91836032 193937756 2
91836032 194106945 2
91836032 194109875 2
91836032 196979685 1
105624312 113376592 2
105624312 160739412 2
105624312 166136912 2
105624312 171786452 2
105624312 182763243 1
105624312 183198765 2
105624312 183503881 1
105624312 183699396 1
105624312 184885077 1
105624312 189624708 1
105624312 190751113 1
105624312 192465282 2
105624312 192909079 1
105624312 193937756 2
105624312 194106945 2
105624312 194109875 2
105624312 196979685 1
113376592 160739412 2
113376592 166136912 2
113376592 171786452 2
113376592 182763243 1
113376592 183198765 2
113376592 183503881 1
113376592 183699396 1
113376592 184885077 1
113376592 189624708 1
113376592 190751113 1
113376592 192465282 2
113376592 192909079 1
113376592 193937756 2
113376592 194106945 2
113376592 194109875 2
113376592 196979685 1
160739412 166136912 2
160739412 171786452 2
160739412 182763243 1
160739412 183198765 2
160739412 183503881 1
160739412 183699396 1
160739412 184885077 1
160739412 189624708 1
160739412 190751113 1
160739412 192465282 2
160739412 192909079 1
160739412 193937756 2
160739412 194106945 2
160739412 194109875 2
160739412 196979685 1
166136912 171786452 2
166136912 182763243 1
166136912 183198765 2
166136912 183503881 1
166136912 183699396 1
166136912 184885077 1
166136912 189624708 1
166136912 190751113 1
166136912 192465282 2
166136912 192909079 1
166136912 193937756 2
166136912 194106945 2
166136912 194109875 2
166136912 196979685 1
171786452 182763243 1
171786452 183198765 2
171786452 183503881 1
171786452 183699396 1
171786452 184885077 1
171786452 189624708 1
171786452 190751113 1
171786452 192465282 2
171786452 192909079 1
171786452 193937756 2
171786452 194106945 2
171786452 194109875 2
171786452 196979685 1
182763243 183198765 1
182763243 183503881 1
182763243 183699396 1
182763243 184885077 1
182763243 189624708 2
182763243 190751113 1
182763243 192465282 1
182763243 192909079 1
182763243 193937756 1
182763243 194106945 1
182763243 194109875 1
182763243 196979685 2
183198765 183503881 1
183198765 183699396 1
183198765 184885077 1
183198765 189624708 1
183198765 190751113 1
183198765 192465282 2
183198765 192909079 1
183198765 193937756 2
183198765 194106945 2
183198765 194109875 2
183198765 196979685 1
183503881 183699396 1
183503881 184885077 1
183503881 189624708 1
183503881 190751113 1
183503881 192465282 1
183503881 192909079 1
183503881 193937756 1
183503881 194106945 1
183503881 194109875 1
183503881 196979685 1
183699396 184885077 1
183699396 189624708 1
183699396 190751113 1
183699396 192465282 1
183699396 192909079 1
183699396 193937756 1
183699396 194106945 1
183699396 194109875 1
183699396 196979685 1
184885077 189624708 1
184885077 190751113 1
184885077 192465282 1
184885077 192909079 1
184885077 193937756 1
184885077 194106945 1
184885077 194109875 1
184885077 196979685 1
189624708 190751113 1
189624708 192465282 1
189624708 192909079 1
189624708 193937756 1
189624708 194106945 1
189624708 194109875 1
189624708 196979685 2
190751113 192465282 1
190751113 192909079 1
190751113 193937756 1
190751113 194106945 1
190751113 194109875 1
190751113 196979685 1
192465282 192909079 1
192465282 193937756 2
192465282 194106945 2
192465282 194109875 2
192465282 196979685 1
192909079 193937756 1
192909079 194106945 1
192909079 194109875 1
192909079 196979685 1
193937756 194106945 2
193937756 194109875 2
193937756 196979685 1
194106945 194109875 2
194106945 196979685 1
194109875 196979685 1
3918536 5188444 1
3918536 11274174 1
3918536 11785704 1
3918536 14374610 1
3918536 14482048 1
3918536 19141751 1
3918536 30912602 1
3918536 31792092 1
3918536 40234342 1
3918536 56887392 1
3918536 68043202 1
3918536 71847182 1
3918536 73174752 1
3918536 96123022 1
3918536 125590332 1
3918536 138054672 1
3918536 165522052 1
3918536 182763243 1
3918536 183223871 1
3918536 183931908 1
3918536 189624708 1
3918536 192730580 1
3918536 193418845 1
3918536 193674504 1
3918536 196833914 1
3918536 196979685 1
5188444 11785704 1
5188444 14374610 1
5188444 14482048 2
5188444 40234342 1
5188444 96123022 1
5188444 125590332 1
5188444 138054672 1
5188444 165522052 2
5188444 183223871 1
5188444 183931908 1
5188444 192730580 2
5188444 193418845 2
5188444 193674504 2
5188444 196833914 2
11274174 11785704 1
11274174 14374610 1
11274174 14482048 2
11274174 40234342 1
11274174 96123022 1
11274174 125590332 1
11274174 138054672 1
11274174 165522052 2
11274174 183223871 1
11274174 183931908 1
11274174 192730580 2
11274174 193418845 2
11274174 193674504 2
11274174 196833914 2
11785704 14374610 1
11785704 14482048 1
11785704 19141751 1
11785704 30912602 1
11785704 31792092 1
11785704 40234342 1
11785704 56887392 1
11785704 68043202 1
11785704 71847182 1
11785704 73174752 1
11785704 96123022 1
11785704 125590332 1
11785704 138054672 1
11785704 165522052 1
11785704 182763243 1
11785704 183223871 1
11785704 183931908 1
11785704 189624708 1
11785704 192730580 1
11785704 193418845 1
11785704 193674504 1
11785704 196833914 1
11785704 196979685 1
14374610 14482048 1
14374610 19141751 1
14374610 30912602 1
14374610 31792092 1
14374610 40234342 1
14374610 56887392 1
14374610 68043202 1
14374610 71847182 1
14374610 73174752 1
14374610 96123022 1
14374610 125590332 1
14374610 138054672 1
14374610 165522052 1
14374610 182763243 1
14374610 183223871 1
14374610 183931908 1
14374610 189624708 1
14374610 192730580 1
14374610 193418845 1
14374610 193674504 1
14374610 196833914 1
14374610 196979685 1
14482048 19141751 1
14482048 30912602 1
14482048 31792092 2
14482048 40234342 1
14482048 56887392 1
14482048 68043202 2
14482048 71847182 2
14482048 73174752 1
14482048 96123022 1
14482048 125590332 1
14482048 138054672 1
14482048 165522052 2
14482048 182763243 1
14482048 183223871 1
14482048 183931908 1
14482048 189624708 1
14482048 192730580 2
14482048 193418845 2
14482048 193674504 2
14482048 196833914 2
14482048 196979685 1
19141751 40234342 1
19141751 96123022 1
19141751 125590332 1
19141751 138054672 1
19141751 165522052 1
19141751 183223871 1
19141751 183931908 1
19141751 192730580 1
19141751 193418845 1
19141751 193674504 1
19141751 196833914 1
30912602 40234342 1
30912602 96123022 1
30912602 125590332 1
30912602 138054672 1
30912602 165522052 1
30912602 183223871 1
30912602 183931908 1
30912602 192730580 1
30912602 193418845 1
30912602 193674504 1
30912602 196833914 1
31792092 40234342 1
31792092 96123022 1
31792092 125590332 1
31792092 138054672 1
31792092 165522052 2
31792092 183223871 1
31792092 183931908 1
31792092 192730580 2
31792092 193418845 2
31792092 193674504 2
31792092 196833914 2
40234342 56887392 1
40234342 68043202 1
40234342 71847182 1
40234342 73174752 1
40234342 96123022 1
40234342 125590332 1
40234342 138054672 1
40234342 165522052 1
40234342 182763243 1
40234342 183223871 1
40234342 183931908 1
40234342 189624708 1
40234342 192730580 1
40234342 193418845 1
40234342 193674504 1
40234342 196833914 1
40234342 196979685 1
56887392 96123022 1
56887392 125590332 1
56887392 138054672 1
56887392 165522052 1
56887392 183223871 1
56887392 183931908 1
56887392 192730580 1
56887392 193418845 1
56887392 193674504 1
56887392 196833914 1
68043202 96123022 1
68043202 125590332 1
68043202 138054672 1
68043202 165522052 2
68043202 183223871 1
68043202 183931908 1
68043202 192730580 2
68043202 193418845 2
68043202 193674504 2
68043202 196833914 2
71847182 96123022 1
71847182 125590332 1
71847182 138054672 1
71847182 165522052 2
71847182 183223871 1
71847182 183931908 1
71847182 192730580 2
71847182 193418845 2
71847182 193674504 2
71847182 196833914 2
73174752 96123022 1
73174752 125590332 1
73174752 138054672 1
73174752 165522052 1
73174752 183223871 1
73174752 183931908 1
73174752 192730580 1
73174752 193418845 1
73174752 193674504 1
73174752 196833914 1
96123022 125590332 1
96123022 138054672 1
96123022 165522052 1
96123022 182763243 1
96123022 183223871 1
96123022 183931908 1
96123022 189624708 1
96123022 192730580 1
96123022 193418845 1
96123022 193674504 1
96123022 196833914 1
96123022 196979685 1
125590332 138054672 1
125590332 165522052 1
125590332 182763243 1
125590332 183223871 1
125590332 183931908 1
125590332 189624708 1
125590332 192730580 1
125590332 193418845 1
125590332 193674504 1
125590332 196833914 1
125590332 196979685 1
138054672 165522052 1
138054672 182763243 1
138054672 183223871 1
138054672 183931908 1
138054672 189624708 1
138054672 192730580 1
138054672 193418845 1
138054672 193674504 1
138054672 196833914 1
138054672 196979685 1
165522052 182763243 1
165522052 183223871 1
165522052 183931908 1
165522052 189624708 1
165522052 192730580 2
165522052 193418845 2
165522052 193674504 2
165522052 196833914 2
165522052 196979685 1
182763243 183223871 1
182763243 183931908 1
182763243 192730580 1
182763243 193418845 1
182763243 193674504 1
182763243 196833914 1
183223871 183931908 1
183223871 189624708 1
183223871 192730580 1
183223871 193418845 1
183223871 193674504 1
183223871 196833914 1
183223871 196979685 1
183931908 189624708 1
183931908 192730580 1
183931908 193418845 1
183931908 193674504 1
183931908 196833914 1
183931908 196979685 1
189624708 192730580 1
189624708 193418845 1
189624708 193674504 1
189624708 196833914 1
192730580 193418845 2
192730580 193674504 2
192730580 196833914 2
192730580 196979685 1
193418845 193674504 2
193418845 196833914 2
193418845 196979685 1
193674504 196833914 2
193674504 196979685 1
196833914 196979685 1
1433838 5188444 1
1433838 6896194 1
1433838 11274174 1
1433838 12608566 1
1433838 14482048 1
1433838 31792092 1
1433838 68043202 1
1433838 71847182 1
1433838 91836032 1
1433838 105624312 1
1433838 112842472 1
1433838 113376592 1
1433838 160739412 1
1433838 165522052 1
1433838 166136912 1
1433838 168470452 1
1433838 171786452 1
1433838 174237452 1
1433838 178321112 1
1433838 183198765 1
1433838 192465282 1
1433838 192730580 1
1433838 193418845 1
1433838 193674504 1
1433838 193937756 1
1433838 194106945 1
1433838 194109875 1
1433838 196833914 1
5188444 6896194 1
5188444 12608566 1
5188444 112842472 1
5188444 168470452 1
5188444 174237452 1
5188444 178321112 1
6896194 11274174 1
6896194 12608566 1
6896194 14482048 1
6896194 31792092 1
6896194 68043202 1
6896194 71847182 1
6896194 91836032 1
6896194 105624312 1
6896194 112842472 1
6896194 113376592 1
6896194 160739412 1
6896194 165522052 1
6896194 166136912 1
6896194 168470452 1
6896194 171786452 1
6896194 174237452 1
6896194 178321112 1
6896194 183198765 1
6896194 192465282 1
6896194 192730580 1
6896194 193418845 1
6896194 193674504 1
6896194 193937756 1
6896194 194106945 1
6896194 194109875 1
6896194 196833914 1
11274174 12608566 1
11274174 112842472 1
11274174 168470452 1
11274174 174237452 1
11274174 178321112 1
12608566 14482048 1
12608566 31792092 1
12608566 68043202 1
12608566 71847182 1
12608566 91836032 1
12608566 105624312 1
12608566 112842472 1
12608566 113376592 1
12608566 160739412 1
12608566 165522052 1
12608566 166136912 1
12608566 168470452 1
12608566 171786452 1
12608566 174237452 1
12608566 178321112 1
12608566 183198765 1
12608566 192465282 1
12608566 192730580 1
12608566 193418845 1
12608566 193674504 1
12608566 193937756 1
12608566 194106945 1
12608566 194109875 1
12608566 196833914 1
14482048 91836032 1
14482048 105624312 1
14482048 112842472 1
14482048 113376592 1
14482048 160739412 1
14482048 166136912 1
14482048 168470452 1
14482048 171786452 1
14482048 174237452 1
14482048 178321112 1
14482048 183198765 1
14482048 192465282 1
14482048 193937756 1
14482048 194106945 1
14482048 194109875 1
31792092 112842472 1
31792092 168470452 1
31792092 174237452 1
31792092 178321112 1
68043202 112842472 1
68043202 168470452 1
68043202 174237452 1
68043202 178321112 1
71847182 112842472 1
71847182 168470452 1
71847182 174237452 1
71847182 178321112 1
91836032 112842472 1
91836032 165522052 1
91836032 168470452 1
91836032 174237452 1
91836032 178321112 1
91836032 192730580 1
91836032 193418845 1
91836032 193674504 1
91836032 196833914 1
105624312 112842472 1
105624312 165522052 1
105624312 168470452 1
105624312 174237452 1
105624312 178321112 1
105624312 192730580 1
105624312 193418845 1
105624312 193674504 1
105624312 196833914 1
112842472 113376592 1
112842472 160739412 1
112842472 165522052 1
112842472 166136912 1
112842472 168470452 1
112842472 171786452 1
112842472 174237452 1
112842472 178321112 1
112842472 183198765 1
112842472 192465282 1
112842472 192730580 1
112842472 193418845 1
112842472 193674504 1
112842472 193937756 1
112842472 194106945 1
112842472 194109875 1
112842472 196833914 1
113376592 165522052 1
113376592 168470452 1
113376592 174237452 1
113376592 178321112 1
113376592 192730580 1
113376592 193418845 1
113376592 193674504 1
113376592 196833914 1
160739412 165522052 1
160739412 168470452 1
160739412 174237452 1
160739412 178321112 1
160739412 192730580 1
160739412 193418845 1
160739412 193674504 1
160739412 196833914 1
165522052 166136912 1
165522052 168470452 1
165522052 171786452 1
165522052 174237452 1
165522052 178321112 1
165522052 183198765 1
165522052 192465282 1
165522052 193937756 1
165522052 194106945 1
165522052 194109875 1
166136912 168470452 1
166136912 174237452 1
166136912 178321112 1
166136912 192730580 1
166136912 193418845 1
166136912 193674504 1
166136912 196833914 1
168470452 171786452 1
168470452 174237452 1
168470452 178321112 1
168470452 183198765 1
168470452 192465282 1
168470452 192730580 1
168470452 193418845 1
168470452 193674504 1
168470452 193937756 1
168470452 194106945 1
168470452 194109875 1
168470452 196833914 1
171786452 174237452 1
171786452 178321112 1
171786452 192730580 1
171786452 193418845 1
171786452 193674504 1
171786452 196833914 1
174237452 178321112 1
174237452 183198765 1
174237452 192465282 1
174237452 192730580 1
174237452 193418845 1
174237452 193674504 1
174237452 193937756 1
174237452 194106945 1
174237452 194109875 1
174237452 196833914 1
178321112 183198765 1
178321112 192465282 1
178321112 192730580 1
178321112 193418845 1
178321112 193674504 1
178321112 193937756 1
178321112 194106945 1
178321112 194109875 1
178321112 196833914 1
183198765 192730580 1
183198765 193418845 1
183198765 193674504 1
183198765 196833914 1
192465282 192730580 1
192465282 193418845 1
192465282 193674504 1
192465282 196833914 1
192730580 193937756 1
192730580 194106945 1
192730580 194109875 1
193418845 193937756 1
193418845 194106945 1
193418845 194109875 1
193674504 193937756 1
193674504 194106945 1
193674504 194109875 1
193937756 196833914 1
194106945 196833914 1
194109875 196833914 1
11274174 11992720 1
11992720 30912602 1
