176457122 172083302 159732902 179867432 9460585 13470345 116515372 177105742 64546162 5048824 182268952 91128602 184873727
5048824 9460585 1
5048824 13470345 10
5048824 176457122 2
5048824 182268952 1
9460585 13470345 1
9460585 176457122 1
9460585 182268952 1
13470345 176457122 2
13470345 182268952 1
176457122 182268952 1
5048824 64546162 4
13470345 64546162 4
5048824 172083302 1
13470345 172083302 1
64546162 176457122 1
5048824 91128602 1
5048824 177105742 1
5048824 179867432 1
13470345 91128602 1
13470345 177105742 1
13470345 179867432 1
64546162 91128602 1
64546162 177105742 1
64546162 179867432 1
91128602 177105742 1
91128602 179867432 1
177105742 179867432 1
5048824 116515372 1
5048824 159732902 1
5048824 184873727 1
13470345 116515372 1
13470345 159732902 1
13470345 184873727 1
64546162 116515372 1
64546162 159732902 1
64546162 184873727 1
116515372 159732902 1
116515372 184873727 1
159732902 184873727 1
