12656128 32741632 7202307 29301892 35800582 5827595 4603276 14177679 9008529 16395281 24736022 36198552 9799197 15702301 6453023 24648352 33947552 13260963 2756521 6934826 19687851 13432492 38395822 35208112 11693619 27073332 12860467 10570931 7905082 3405243 28318522 10026048 3261121 32926912 39579332 14664009 15412811 11316305 13310930 4990291 9902164 11027418 1891419 35482332 13221085 12773985 10938085 11935077 33951592 39666792 37459692 27922412 8814578 38983282 14176762
3261121 4990291 2
3261121 5827595 5
3261121 6453023 4
3261121 9008529 1
3261121 9799197 2
3261121 9902164 4
3261121 11693619 4
3261121 12656128 3
3261121 12773985 5
3261121 14176762 1
3261121 14664009 2
4990291 5827595 6
4990291 6453023 4
4990291 9008529 1
4990291 9799197 3
4990291 9902164 1
4990291 11693619 3
4990291 12656128 4
4990291 12773985 6
4990291 14176762 1
4990291 14664009 3
5827595 6453023 6
5827595 9008529 1
5827595 9799197 3
5827595 9902164 4
5827595 11693619 5
5827595 12656128 5
5827595 12773985 10
5827595 14176762 1
5827595 14664009 4
6453023 9008529 1
6453023 9799197 3
6453023 9902164 3
6453023 11693619 4
6453023 12656128 5
6453023 12773985 6
6453023 14176762 1
6453023 14664009 2
9008529 9799197 1
9008529 9902164 1
9008529 11693619 1
9008529 12656128 1
9008529 12773985 1
9008529 14176762 1
9008529 14664009 1
9799197 9902164 1
9799197 11693619 3
9799197 12656128 3
9799197 12773985 3
9799197 14176762 1
9799197 14664009 2
9902164 11693619 3
9902164 12656128 2
9902164 12773985 4
9902164 14176762 1
9902164 14664009 2
11693619 12656128 4
11693619 12773985 5
11693619 14176762 1
11693619 14664009 3
12656128 12773985 5
12656128 14176762 1
12656128 14664009 2
12773985 14176762 1
12773985 14664009 4
14176762 14664009 1
4990291 10026048 1
4990291 16395281 1
5827595 10026048 2
5827595 16395281 1
10026048 12773985 2
10026048 14664009 2
10026048 16395281 1
12773985 16395281 1
14664009 16395281 1
3261121 4603276 2
3261121 7905082 1
3261121 10026048 1
3261121 24648352 1
4603276 5827595 2
4603276 7905082 1
4603276 9902164 2
4603276 10026048 1
4603276 11693619 1
4603276 12773985 2
4603276 14664009 1
4603276 24648352 1
5827595 7905082 1
5827595 24648352 1
7905082 9902164 1
7905082 10026048 1
7905082 11693619 1
7905082 12773985 1
7905082 14664009 1
7905082 24648352 1
9902164 10026048 1
9902164 24648352 1
10026048 11693619 1
10026048 24648352 1
11693619 24648352 1
12773985 24648352 1
14664009 24648352 1
4990291 8814578 1
4990291 10938085 1
4990291 11027418 1
4990291 19687851 1
4990291 27073332 1
4990291 32926912 1
4990291 33951592 2
4990291 35208112 2
5827595 8814578 1
5827595 10938085 1
5827595 11027418 1
5827595 19687851 1
5827595 27073332 1
5827595 32926912 2
5827595 33951592 5
5827595 35208112 2
6453023 8814578 1
6453023 10938085 1
6453023 11027418 1
6453023 19687851 1
6453023 27073332 1
6453023 32926912 2
6453023 33951592 3
6453023 35208112 2
8814578 9799197 1
8814578 10938085 1
8814578 11027418 1
8814578 11693619 1
8814578 12656128 1
8814578 12773985 1
8814578 14664009 1
8814578 19687851 1
8814578 27073332 1
8814578 32926912 1
8814578 33951592 1
8814578 35208112 1
9799197 10938085 1
9799197 11027418 1
9799197 19687851 1
9799197 27073332 1
9799197 32926912 1
9799197 33951592 1
9799197 35208112 2
10938085 11027418 1
10938085 11693619 1
10938085 12656128 1
10938085 12773985 1
10938085 14664009 1
10938085 19687851 1
10938085 27073332 1
10938085 32926912 1
10938085 33951592 1
10938085 35208112 1
11027418 11693619 1
11027418 12656128 1
11027418 12773985 1
11027418 14664009 1
11027418 19687851 1
11027418 27073332 1
11027418 32926912 1
11027418 33951592 1
11027418 35208112 1
11693619 19687851 1
11693619 27073332 1
11693619 32926912 1
11693619 33951592 2
11693619 35208112 2
12656128 19687851 1
12656128 27073332 1
12656128 32926912 1
12656128 33951592 2
12656128 35208112 2
12773985 19687851 1
12773985 27073332 1
12773985 32926912 2
12773985 33951592 5
12773985 35208112 2
14664009 19687851 1
14664009 27073332 1
14664009 32926912 1
14664009 33951592 1
14664009 35208112 1
19687851 27073332 1
19687851 32926912 1
19687851 33951592 1
19687851 35208112 1
27073332 32926912 1
27073332 33951592 1
27073332 35208112 1
32926912 33951592 2
32926912 35208112 1
33951592 35208112 1
3261121 3405243 1
3261121 7202307 2
3261121 12860467 1
3261121 13221085 3
3261121 29301892 3
3261121 32741632 1
3261121 35208112 1
3405243 4990291 2
3405243 5827595 2
3405243 6453023 1
3405243 7202307 1
3405243 9799197 1
3405243 11693619 1
3405243 12656128 1
3405243 12773985 2
3405243 12860467 2
3405243 13221085 1
3405243 29301892 2
3405243 32741632 1
3405243 35208112 1
4990291 7202307 1
4990291 12860467 2
4990291 13221085 1
4990291 29301892 2
4990291 32741632 1
5827595 7202307 3
5827595 12860467 2
5827595 13221085 3
5827595 29301892 4
5827595 32741632 1
6453023 7202307 2
6453023 12860467 1
6453023 13221085 3
6453023 29301892 3
6453023 32741632 1
7202307 9799197 1
7202307 11693619 2
7202307 12656128 2
7202307 12773985 3
7202307 12860467 1
7202307 13221085 2
7202307 29301892 2
7202307 32741632 1
7202307 35208112 1
9799197 12860467 1
9799197 13221085 1
9799197 29301892 1
9799197 32741632 1
11693619 12860467 1
11693619 13221085 2
11693619 29301892 2
11693619 32741632 1
12656128 12860467 1
12656128 13221085 2
12656128 29301892 2
12656128 32741632 1
12773985 12860467 2
12773985 13221085 3
12773985 29301892 4
12773985 32741632 1
12860467 13221085 1
12860467 29301892 2
12860467 32741632 1
12860467 35208112 1
13221085 29301892 3
13221085 32741632 1
13221085 35208112 1
29301892 32741632 1
29301892 35208112 1
32741632 35208112 1
1891419 2756521 3
1891419 3405243 1
1891419 4990291 1
1891419 5827595 4
1891419 12773985 4
1891419 12860467 1
1891419 14177679 3
1891419 15412811 1
1891419 15702301 1
1891419 29301892 3
1891419 33951592 4
1891419 39579332 3
1891419 39666792 4
2756521 3405243 1
2756521 4990291 1
2756521 5827595 3
2756521 12773985 3
2756521 12860467 1
2756521 14177679 2
2756521 15412811 1
2756521 15702301 1
2756521 29301892 3
2756521 33951592 3
2756521 39579332 2
2756521 39666792 3
3405243 14177679 1
3405243 15412811 1
3405243 15702301 1
3405243 33951592 1
3405243 39579332 1
3405243 39666792 1
4990291 14177679 1
4990291 15412811 1
4990291 15702301 1
4990291 39579332 1
4990291 39666792 1
5827595 14177679 3
5827595 15412811 1
5827595 15702301 1
5827595 39579332 3
5827595 39666792 4
12773985 14177679 3
12773985 15412811 1
12773985 15702301 1
12773985 39579332 3
12773985 39666792 4
12860467 14177679 1
12860467 15412811 1
12860467 15702301 1
12860467 33951592 1
12860467 39579332 1
12860467 39666792 1
14177679 15412811 1
14177679 15702301 1
14177679 29301892 2
14177679 33951592 3
14177679 39579332 3
14177679 39666792 3
15412811 15702301 1
15412811 29301892 1
15412811 33951592 1
15412811 39579332 1
15412811 39666792 1
15702301 29301892 1
15702301 33951592 1
15702301 39579332 1
15702301 39666792 1
29301892 33951592 3
29301892 39579332 2
29301892 39666792 3
33951592 39579332 3
33951592 39666792 4
39579332 39666792 3
1891419 7202307 2
1891419 24736022 2
1891419 28318522 2
1891419 36198552 1
1891419 37459692 1
5827595 24736022 2
5827595 28318522 2
5827595 36198552 1
5827595 37459692 1
7202307 14177679 2
7202307 24736022 1
7202307 28318522 2
7202307 33951592 2
7202307 36198552 1
7202307 37459692 1
7202307 39579332 2
7202307 39666792 2
12773985 24736022 2
12773985 28318522 2
12773985 36198552 1
12773985 37459692 1
14177679 24736022 1
14177679 28318522 2
14177679 36198552 1
14177679 37459692 1
24736022 28318522 1
24736022 33951592 2
24736022 36198552 1
24736022 37459692 1
24736022 39579332 1
24736022 39666792 2
28318522 33951592 2
28318522 36198552 1
28318522 37459692 1
28318522 39579332 2
28318522 39666792 2
33951592 36198552 1
33951592 37459692 1
36198552 37459692 1
36198552 39579332 1
36198552 39666792 1
37459692 39579332 1
37459692 39666792 1
1891419 3261121 2
1891419 4603276 1
1891419 6453023 2
1891419 9902164 2
1891419 11316305 1
1891419 11935077 1
1891419 13221085 2
1891419 13260963 1
1891419 13432492 2
1891419 32926912 1
1891419 35800582 2
1891419 38395822 1
2756521 3261121 2
2756521 4603276 1
2756521 6453023 2
2756521 9902164 2
2756521 11316305 1
2756521 11935077 1
2756521 13221085 2
2756521 13260963 1
2756521 13432492 2
2756521 24736022 1
2756521 32926912 1
2756521 35800582 2
2756521 38395822 1
3261121 11316305 1
3261121 11935077 1
3261121 13260963 1
3261121 13432492 2
3261121 24736022 1
3261121 32926912 1
3261121 33951592 2
3261121 35800582 2
3261121 38395822 1
3261121 39666792 2
4603276 6453023 1
4603276 11316305 1
4603276 11935077 1
4603276 13221085 1
4603276 13260963 1
4603276 13432492 1
4603276 24736022 1
4603276 29301892 1
4603276 32926912 1
4603276 33951592 1
4603276 35800582 1
4603276 38395822 1
4603276 39666792 1
5827595 11316305 1
5827595 11935077 1
5827595 13260963 1
5827595 13432492 2
5827595 35800582 2
5827595 38395822 1
6453023 11316305 1
6453023 11935077 1
6453023 13260963 1
6453023 13432492 2
6453023 24736022 1
6453023 35800582 2
6453023 38395822 1
6453023 39666792 2
9902164 11316305 1
9902164 11935077 1
9902164 13221085 2
9902164 13260963 1
9902164 13432492 2
9902164 24736022 1
9902164 29301892 2
9902164 32926912 1
9902164 33951592 2
9902164 35800582 2
9902164 38395822 1
9902164 39666792 2
11316305 11935077 1
11316305 12773985 1
11316305 13221085 1
11316305 13260963 1
11316305 13432492 1
11316305 24736022 1
11316305 29301892 1
11316305 32926912 1
11316305 33951592 1
11316305 35800582 1
11316305 38395822 1
11316305 39666792 1
11935077 12773985 1
11935077 13221085 1
11935077 13260963 1
11935077 13432492 1
11935077 24736022 1
11935077 29301892 1
11935077 32926912 1
11935077 33951592 1
11935077 35800582 1
11935077 38395822 1
11935077 39666792 1
12773985 13260963 1
12773985 13432492 2
12773985 35800582 2
12773985 38395822 1
13221085 13260963 1
13221085 13432492 2
13221085 24736022 1
13221085 32926912 1
13221085 33951592 2
13221085 35800582 2
13221085 38395822 1
13221085 39666792 2
13260963 13432492 1
13260963 24736022 1
13260963 29301892 1
13260963 32926912 1
13260963 33951592 1
13260963 35800582 1
13260963 38395822 1
13260963 39666792 1
13432492 24736022 1
13432492 29301892 2
13432492 32926912 1
13432492 33951592 2
13432492 35800582 2
13432492 38395822 1
13432492 39666792 2
24736022 29301892 1
24736022 32926912 1
24736022 35800582 1
24736022 38395822 1
29301892 32926912 1
29301892 35800582 2
29301892 38395822 1
32926912 35800582 1
32926912 38395822 1
32926912 39666792 1
33951592 35800582 2
33951592 38395822 1
35800582 38395822 1
35800582 39666792 2
38395822 39666792 1
1891419 6934826 1
1891419 10570931 1
1891419 11693619 1
1891419 12656128 1
1891419 13310930 1
1891419 27922412 1
1891419 33947552 1
1891419 35482332 1
1891419 38983282 1
2756521 6934826 1
2756521 7202307 1
2756521 10570931 1
2756521 11693619 1
2756521 12656128 1
2756521 13310930 1
2756521 27922412 1
2756521 28318522 1
2756521 33947552 1
2756521 35482332 1
2756521 38983282 1
3261121 6934826 1
3261121 10570931 1
3261121 13310930 1
3261121 14177679 1
3261121 27922412 1
3261121 28318522 1
3261121 33947552 1
3261121 35482332 1
3261121 38983282 1
3261121 39579332 1
5827595 6934826 1
5827595 10570931 1
5827595 13310930 1
5827595 27922412 1
5827595 33947552 1
5827595 35482332 1
5827595 38983282 1
6453023 6934826 1
6453023 10570931 1
6453023 13310930 1
6453023 14177679 1
6453023 27922412 1
6453023 28318522 1
6453023 33947552 1
6453023 35482332 1
6453023 38983282 1
6453023 39579332 1
6934826 7202307 1
6934826 9902164 1
6934826 10570931 1
6934826 11693619 1
6934826 12656128 1
6934826 12773985 1
6934826 13221085 1
6934826 13310930 1
6934826 13432492 1
6934826 14177679 1
6934826 27922412 1
6934826 28318522 1
6934826 29301892 1
6934826 33947552 1
6934826 33951592 1
6934826 35482332 1
6934826 35800582 1
6934826 38983282 1
6934826 39579332 1
6934826 39666792 1
7202307 9902164 1
7202307 10570931 1
7202307 13310930 1
7202307 13432492 1
7202307 27922412 1
7202307 33947552 1
7202307 35482332 1
7202307 35800582 1
7202307 38983282 1
9902164 10570931 1
9902164 13310930 1
9902164 14177679 1
9902164 27922412 1
9902164 28318522 1
9902164 33947552 1
9902164 35482332 1
9902164 38983282 1
9902164 39579332 1
10570931 11693619 1
10570931 12656128 1
10570931 12773985 1
10570931 13221085 1
10570931 13310930 1
10570931 13432492 1
10570931 14177679 1
10570931 27922412 1
10570931 28318522 1
10570931 29301892 1
10570931 33947552 1
10570931 33951592 1
10570931 35482332 1
10570931 35800582 1
10570931 38983282 1
10570931 39579332 1
10570931 39666792 1
11693619 13310930 1
11693619 13432492 1
11693619 14177679 1
11693619 27922412 1
11693619 28318522 1
11693619 33947552 1
11693619 35482332 1
11693619 35800582 1
11693619 38983282 1
11693619 39579332 1
11693619 39666792 1
12656128 13310930 1
12656128 13432492 1
12656128 14177679 1
12656128 27922412 1
12656128 28318522 1
12656128 33947552 1
12656128 35482332 1
12656128 35800582 1
12656128 38983282 1
12656128 39579332 1
12656128 39666792 1
12773985 13310930 1
12773985 27922412 1
12773985 33947552 1
12773985 35482332 1
12773985 38983282 1
13221085 13310930 1
13221085 14177679 1
13221085 27922412 1
13221085 28318522 1
13221085 33947552 1
13221085 35482332 1
13221085 38983282 1
13221085 39579332 1
13310930 13432492 1
13310930 14177679 1
13310930 27922412 1
13310930 28318522 1
13310930 29301892 1
13310930 33947552 1
13310930 33951592 1
13310930 35482332 1
13310930 35800582 1
13310930 38983282 1
13310930 39579332 1
13310930 39666792 1
13432492 14177679 1
13432492 27922412 1
13432492 28318522 1
13432492 33947552 1
13432492 35482332 1
13432492 38983282 1
13432492 39579332 1
14177679 27922412 1
14177679 33947552 1
14177679 35482332 1
14177679 35800582 1
14177679 38983282 1
27922412 28318522 1
27922412 29301892 1
27922412 33947552 1
27922412 33951592 1
27922412 35482332 1
27922412 35800582 1
27922412 38983282 1
27922412 39579332 1
27922412 39666792 1
28318522 29301892 1
28318522 33947552 1
28318522 35482332 1
28318522 35800582 1
28318522 38983282 1
29301892 33947552 1
29301892 35482332 1
29301892 38983282 1
33947552 33951592 1
33947552 35482332 1
33947552 35800582 1
33947552 38983282 1
33947552 39579332 1
33947552 39666792 1
33951592 35482332 1
33951592 38983282 1
35482332 35800582 1
35482332 38983282 1
35482332 39579332 1
35482332 39666792 1
35800582 38983282 1
35800582 39579332 1
38983282 39579332 1
38983282 39666792 1
