71372672 189353988 61521412 27179782 68915082 193110154 36072202 156931342 13864079 62310032 189061009 124944402 18143251 192253457 8316566 101027222 194997528 39156122 190914074 2797596 103279772 180919582 19754401 191732514 133919012 176293542 165630762 189641776 7626808 89103162 182756797 191847231 54271812 33536452 186674246 152522442 186539596 57873232 195835984 137568592 185861842 190612051 9937237 155224662 186930776 173056092 6213216 76869092 108119402 155064562 6661110 173205112 145096572 89879422
2797596 6213216 2
2797596 6661110 1
2797596 9937237 1
2797596 57873232 1
2797596 68915082 6
2797596 108119402 4
2797596 124944402 1
2797596 152522442 1
2797596 173056092 1
2797596 176293542 2
2797596 191847231 2
2797596 193110154 1
6213216 6661110 1
6213216 9937237 1
6213216 57873232 1
6213216 68915082 2
6213216 108119402 1
6213216 124944402 1
6213216 152522442 1
6213216 173056092 1
6213216 176293542 1
6213216 191847231 2
6213216 193110154 1
6661110 9937237 1
6661110 57873232 1
6661110 68915082 1
6661110 108119402 1
6661110 124944402 1
6661110 152522442 1
6661110 173056092 1
6661110 176293542 1
6661110 191847231 1
6661110 193110154 1
9937237 57873232 1
9937237 68915082 1
9937237 108119402 1
9937237 124944402 1
9937237 152522442 1
9937237 173056092 1
9937237 176293542 1
9937237 191847231 1
9937237 193110154 1
57873232 68915082 1
57873232 108119402 1
57873232 124944402 1
57873232 152522442 1
57873232 173056092 1
57873232 176293542 1
57873232 191847231 1
57873232 193110154 1
68915082 108119402 4
68915082 124944402 1
68915082 152522442 1
68915082 173056092 1
68915082 176293542 2
68915082 191847231 2
68915082 193110154 1
108119402 124944402 1
108119402 152522442 1
108119402 173056092 1
108119402 176293542 2
108119402 191847231 1
108119402 193110154 1
124944402 152522442 1
124944402 173056092 1
124944402 176293542 1
124944402 191847231 1
124944402 193110154 1
152522442 173056092 1
152522442 176293542 1
152522442 191847231 1
152522442 193110154 1
173056092 176293542 1
173056092 191847231 1
173056092 193110154 1
176293542 191847231 1
176293542 193110154 1
191847231 193110154 1
36072202 54271812 1
36072202 76869092 1
36072202 189641776 1
36072202 191732514 1
36072202 194997528 1
54271812 76869092 1
54271812 189641776 1
54271812 191732514 1
54271812 194997528 1
76869092 189641776 1
76869092 191732514 1
76869092 194997528 1
189641776 191732514 1
189641776 194997528 1
191732514 194997528 1
165630762 189353988 1
2797596 8316566 3
2797596 33536452 1
2797596 39156122 1
2797596 62310032 2
2797596 101027222 1
2797596 103279772 3
2797596 155064562 2
2797596 186930776 2
2797596 195835984 3
8316566 33536452 1
8316566 39156122 1
8316566 62310032 2
8316566 68915082 3
8316566 101027222 1
8316566 103279772 2
8316566 108119402 2
8316566 155064562 1
8316566 186930776 3
8316566 195835984 2
33536452 39156122 1
33536452 62310032 1
33536452 68915082 1
33536452 101027222 1
33536452 103279772 1
33536452 108119402 1
33536452 155064562 1
33536452 186930776 1
33536452 195835984 1
39156122 62310032 1
39156122 68915082 1
39156122 101027222 1
39156122 103279772 1
39156122 108119402 1
39156122 155064562 1
39156122 186930776 1
39156122 195835984 1
62310032 68915082 2
62310032 101027222 1
62310032 103279772 2
62310032 108119402 2
62310032 155064562 1
62310032 186930776 2
62310032 195835984 2
68915082 101027222 1
68915082 103279772 3
68915082 155064562 2
68915082 186930776 2
68915082 195835984 3
101027222 103279772 1
101027222 108119402 1
101027222 155064562 1
101027222 186930776 1
101027222 195835984 1
103279772 108119402 3
103279772 155064562 1
103279772 186930776 2
103279772 195835984 2
108119402 155064562 1
108119402 186930776 2
108119402 195835984 2
155064562 186930776 1
155064562 195835984 2
186930776 195835984 2
2797596 27179782 1
2797596 36072202 2
2797596 61521412 1
2797596 89103162 1
2797596 137568592 1
2797596 155224662 1
2797596 156931342 2
2797596 185861842 2
8316566 27179782 1
8316566 36072202 1
8316566 61521412 1
8316566 89103162 1
8316566 137568592 1
8316566 155224662 1
8316566 156931342 2
8316566 185861842 2
27179782 36072202 1
27179782 61521412 1
27179782 62310032 1
27179782 68915082 1
27179782 89103162 1
27179782 103279772 1
27179782 108119402 1
27179782 137568592 1
27179782 155224662 1
27179782 156931342 1
27179782 185861842 1
27179782 186930776 1
27179782 195835984 1
36072202 61521412 1
36072202 62310032 1
36072202 68915082 2
36072202 89103162 1
36072202 103279772 2
36072202 108119402 2
36072202 137568592 1
36072202 155224662 1
36072202 156931342 1
36072202 185861842 1
36072202 186930776 1
36072202 195835984 1
61521412 62310032 1
61521412 68915082 1
61521412 89103162 1
61521412 103279772 1
61521412 108119402 1
61521412 137568592 1
61521412 155224662 1
61521412 156931342 1
61521412 185861842 1
61521412 186930776 1
61521412 195835984 1
62310032 89103162 1
62310032 137568592 1
62310032 155224662 1
62310032 156931342 1
62310032 185861842 1
68915082 89103162 1
68915082 137568592 1
68915082 155224662 1
68915082 156931342 2
68915082 185861842 2
89103162 103279772 1
89103162 108119402 1
89103162 137568592 1
89103162 155224662 1
89103162 156931342 1
89103162 185861842 1
89103162 186930776 1
89103162 195835984 1
103279772 137568592 1
103279772 155224662 1
103279772 156931342 1
103279772 185861842 1
108119402 137568592 1
108119402 155224662 1
108119402 156931342 1
108119402 185861842 1
137568592 155224662 1
137568592 156931342 1
137568592 185861842 1
137568592 186930776 1
137568592 195835984 1
155224662 156931342 1
155224662 185861842 1
155224662 186930776 1
155224662 195835984 1
156931342 185861842 2
156931342 186930776 1
156931342 195835984 1
185861842 186930776 1
185861842 195835984 1
2797596 19754401 1
2797596 173205112 1
2797596 186674246 1
2797596 189061009 1
2797596 190612051 1
19754401 36072202 1
19754401 68915082 1
19754401 103279772 1
19754401 108119402 1
19754401 173205112 1
19754401 176293542 1
19754401 186674246 1
19754401 189061009 1
19754401 190612051 1
36072202 173205112 1
36072202 176293542 1
36072202 186674246 1
36072202 189061009 1
36072202 190612051 1
68915082 173205112 1
68915082 186674246 1
68915082 189061009 1
68915082 190612051 1
103279772 173205112 1
103279772 176293542 1
103279772 186674246 1
103279772 189061009 1
103279772 190612051 1
108119402 173205112 1
108119402 186674246 1
108119402 189061009 1
108119402 190612051 1
173205112 176293542 1
173205112 186674246 1
173205112 189061009 1
173205112 190612051 1
176293542 186674246 1
176293542 189061009 1
176293542 190612051 1
186674246 189061009 1
186674246 190612051 1
189061009 190612051 1
7626808 18143251 1
7626808 68915082 1
7626808 165630762 2
7626808 182756797 2
7626808 191732514 2
18143251 68915082 1
18143251 165630762 1
18143251 182756797 1
18143251 191732514 1
68915082 165630762 1
68915082 182756797 1
68915082 191732514 1
165630762 182756797 2
165630762 191732514 2
182756797 191732514 2
2797596 13864079 1
2797596 89879422 1
2797596 133919012 1
2797596 145096572 1
2797596 180919582 1
2797596 186539596 1
2797596 190914074 1
2797596 192253457 1
6213216 8316566 1
6213216 13864079 1
6213216 89879422 1
6213216 133919012 1
6213216 145096572 1
6213216 156931342 1
6213216 180919582 1
6213216 185861842 1
6213216 186539596 1
6213216 190914074 1
6213216 192253457 1
8316566 13864079 1
8316566 89879422 1
8316566 133919012 1
8316566 145096572 1
8316566 180919582 1
8316566 186539596 1
8316566 190914074 1
8316566 191847231 1
8316566 192253457 1
13864079 68915082 1
13864079 89879422 1
13864079 133919012 1
13864079 145096572 1
13864079 156931342 1
13864079 180919582 1
13864079 185861842 1
13864079 186539596 1
13864079 190914074 1
13864079 191847231 1
13864079 192253457 1
68915082 89879422 1
68915082 133919012 1
68915082 145096572 1
68915082 180919582 1
68915082 186539596 1
68915082 190914074 1
68915082 192253457 1
89879422 133919012 1
89879422 145096572 1
89879422 156931342 1
89879422 180919582 1
89879422 185861842 1
89879422 186539596 1
89879422 190914074 1
89879422 191847231 1
89879422 192253457 1
133919012 145096572 1
133919012 156931342 1
133919012 180919582 1
133919012 185861842 1
133919012 186539596 1
133919012 190914074 1
133919012 191847231 1
133919012 192253457 1
145096572 156931342 1
145096572 180919582 1
145096572 185861842 1
145096572 186539596 1
145096572 190914074 1
145096572 191847231 1
145096572 192253457 1
156931342 180919582 1
156931342 186539596 1
156931342 190914074 1
156931342 191847231 1
156931342 192253457 1
180919582 185861842 1
180919582 186539596 1
180919582 190914074 1
180919582 191847231 1
180919582 192253457 1
185861842 186539596 1
185861842 190914074 1
185861842 191847231 1
185861842 192253457 1
186539596 190914074 1
186539596 191847231 1
186539596 192253457 1
190914074 191847231 1
190914074 192253457 1
191847231 192253457 1
7626808 8316566 1
7626808 71372672 1
7626808 186930776 1
8316566 71372672 1
8316566 165630762 1
8316566 182756797 1
8316566 191732514 1
71372672 165630762 1
71372672 182756797 1
71372672 186930776 1
71372672 191732514 1
165630762 186930776 1
182756797 186930776 1
186930776 191732514 1
