34319872 96995872 143374982 188612399 14037425 164934102 184355766 90135162 195241303
14037425 34319872 1
14037425 90135162 1
14037425 96995872 1
14037425 143374982 1
14037425 164934102 1
14037425 184355766 1
14037425 188612399 1
14037425 195241303 1
34319872 90135162 1
34319872 96995872 1
34319872 143374982 1
34319872 164934102 1
34319872 184355766 1
34319872 188612399 1
34319872 195241303 1
90135162 96995872 1
90135162 143374982 1
90135162 164934102 1
90135162 184355766 1
90135162 188612399 1
90135162 195241303 1
96995872 143374982 1
96995872 164934102 1
96995872 184355766 1
96995872 188612399 1
96995872 195241303 1
143374982 164934102 1
143374982 184355766 1
143374982 188612399 1
143374982 195241303 1
164934102 184355766 1
164934102 188612399 1
164934102 195241303 1
184355766 188612399 1
184355766 195241303 1
188612399 195241303 1
