17804931 23258501 195198863 53836052 4501783 481053 191631785 83444522 129687852 10524205 189573549 99736752 6750002 3727159 75639482 120086852 186734279 100595912 11178445 13549661 308194 123940962 11262053 150582762 154214122 194779498 195385069 13004273 13456887 78587002 196615803 189250556
308194 75639482 2
308194 120086852 1
308194 189250556 1
308194 191631785 1
75639482 120086852 1
75639482 189250556 1
75639482 191631785 1
120086852 189250556 1
120086852 191631785 1
189250556 191631785 1
308194 481053 1
308194 3727159 1
308194 4501783 1
308194 6750002 1
308194 10524205 1
308194 11178445 1
308194 11262053 1
308194 13004273 1
308194 13456887 1
308194 13549661 1
308194 17804931 1
308194 23258501 1
308194 53836052 1
308194 78587002 1
308194 83444522 1
308194 99736752 1
308194 100595912 1
308194 123940962 1
308194 129687852 1
308194 150582762 1
308194 154214122 1
308194 186734279 1
308194 189573549 1
308194 194779498 1
308194 195198863 1
308194 195385069 1
308194 196615803 1
481053 3727159 1
481053 4501783 1
481053 6750002 1
481053 10524205 1
481053 11178445 1
481053 11262053 1
481053 13004273 1
481053 13456887 1
481053 13549661 1
481053 17804931 1
481053 23258501 1
481053 53836052 1
481053 75639482 1
481053 78587002 1
481053 83444522 1
481053 99736752 1
481053 100595912 1
481053 123940962 1
481053 129687852 1
481053 150582762 1
481053 154214122 1
481053 186734279 1
481053 189573549 1
481053 194779498 1
481053 195198863 1
481053 195385069 1
481053 196615803 1
3727159 4501783 1
3727159 6750002 1
3727159 10524205 1
3727159 11178445 1
3727159 11262053 1
3727159 13004273 1
3727159 13456887 1
3727159 13549661 1
3727159 17804931 1
3727159 23258501 1
3727159 53836052 1
3727159 75639482 1
3727159 78587002 1
3727159 83444522 1
3727159 99736752 1
3727159 100595912 1
3727159 123940962 1
3727159 129687852 1
3727159 150582762 1
3727159 154214122 1
3727159 186734279 1
3727159 189573549 1
3727159 194779498 1
3727159 195198863 1
3727159 195385069 1
3727159 196615803 1
4501783 6750002 1
4501783 10524205 1
4501783 11178445 1
4501783 11262053 1
4501783 13004273 1
4501783 13456887 1
4501783 13549661 1
4501783 17804931 1
4501783 23258501 1
4501783 53836052 1
4501783 75639482 1
4501783 78587002 1
4501783 83444522 1
4501783 99736752 1
4501783 100595912 1
4501783 123940962 1
4501783 129687852 1
4501783 150582762 1
4501783 154214122 1
4501783 186734279 1
4501783 189573549 1
4501783 194779498 1
4501783 195198863 1
4501783 195385069 1
4501783 196615803 1
6750002 10524205 1
6750002 11178445 1
6750002 11262053 1
6750002 13004273 1
6750002 13456887 1
6750002 13549661 1
6750002 17804931 1
6750002 23258501 1
6750002 53836052 1
6750002 75639482 1
6750002 78587002 1
6750002 83444522 1
6750002 99736752 1
6750002 100595912 1
6750002 123940962 1
6750002 129687852 1
6750002 150582762 1
6750002 154214122 1
6750002 186734279 1
6750002 189573549 1
6750002 194779498 1
6750002 195198863 1
6750002 195385069 1
6750002 196615803 1
10524205 11178445 1
10524205 11262053 1
10524205 13004273 1
10524205 13456887 1
10524205 13549661 1
10524205 17804931 1
10524205 23258501 1
10524205 53836052 1
10524205 75639482 1
10524205 78587002 1
10524205 83444522 1
10524205 99736752 1
10524205 100595912 1
10524205 123940962 1
10524205 129687852 1
10524205 150582762 1
10524205 154214122 1
10524205 186734279 1
10524205 189573549 1
10524205 194779498 1
10524205 195198863 1
10524205 195385069 1
10524205 196615803 1
11178445 11262053 1
11178445 13004273 1
11178445 13456887 1
11178445 13549661 1
11178445 17804931 1
11178445 23258501 1
11178445 53836052 1
11178445 75639482 1
11178445 78587002 1
11178445 83444522 1
11178445 99736752 1
11178445 100595912 1
11178445 123940962 1
11178445 129687852 1
11178445 150582762 1
11178445 154214122 1
11178445 186734279 1
11178445 189573549 1
11178445 194779498 1
11178445 195198863 1
11178445 195385069 1
11178445 196615803 1
11262053 13004273 1
11262053 13456887 1
11262053 13549661 1
11262053 17804931 1
11262053 23258501 1
11262053 53836052 1
11262053 75639482 1
11262053 78587002 1
11262053 83444522 1
11262053 99736752 1
11262053 100595912 1
11262053 123940962 1
11262053 129687852 1
11262053 150582762 1
11262053 154214122 1
11262053 186734279 1
11262053 189573549 1
11262053 194779498 1
11262053 195198863 1
11262053 195385069 1
11262053 196615803 1
13004273 13456887 1
13004273 13549661 1
13004273 17804931 1
13004273 23258501 1
13004273 53836052 1
13004273 75639482 1
13004273 78587002 1
13004273 83444522 1
13004273 99736752 1
13004273 100595912 1
13004273 123940962 1
13004273 129687852 1
13004273 150582762 1
13004273 154214122 1
13004273 186734279 1
13004273 189573549 1
13004273 194779498 1
13004273 195198863 1
13004273 195385069 1
13004273 196615803 1
13456887 13549661 1
13456887 17804931 1
13456887 23258501 1
13456887 53836052 1
13456887 75639482 1
13456887 78587002 1
13456887 83444522 1
13456887 99736752 1
13456887 100595912 1
13456887 123940962 1
13456887 129687852 1
13456887 150582762 1
13456887 154214122 1
13456887 186734279 1
13456887 189573549 1
13456887 194779498 1
13456887 195198863 1
13456887 195385069 1
13456887 196615803 1
13549661 17804931 1
13549661 23258501 1
13549661 53836052 1
13549661 75639482 1
13549661 78587002 1
13549661 83444522 1
13549661 99736752 1
13549661 100595912 1
13549661 123940962 1
13549661 129687852 1
13549661 150582762 1
13549661 154214122 1
13549661 186734279 1
13549661 189573549 1
13549661 194779498 1
13549661 195198863 1
13549661 195385069 1
13549661 196615803 1
17804931 23258501 1
17804931 53836052 1
17804931 75639482 1
17804931 78587002 1
17804931 83444522 1
17804931 99736752 1
17804931 100595912 1
17804931 123940962 1
17804931 129687852 1
17804931 150582762 1
17804931 154214122 1
17804931 186734279 1
17804931 189573549 1
17804931 194779498 1
17804931 195198863 1
17804931 195385069 1
17804931 196615803 1
23258501 53836052 1
23258501 75639482 1
23258501 78587002 1
23258501 83444522 1
23258501 99736752 1
23258501 100595912 1
23258501 123940962 1
23258501 129687852 1
23258501 150582762 1
23258501 154214122 1
23258501 186734279 1
23258501 189573549 1
23258501 194779498 1
23258501 195198863 1
23258501 195385069 1
23258501 196615803 1
53836052 75639482 1
53836052 78587002 1
53836052 83444522 1
53836052 99736752 1
53836052 100595912 1
53836052 123940962 1
53836052 129687852 1
53836052 150582762 1
53836052 154214122 1
53836052 186734279 1
53836052 189573549 1
53836052 194779498 1
53836052 195198863 1
53836052 195385069 1
53836052 196615803 1
75639482 78587002 1
75639482 83444522 1
75639482 99736752 1
75639482 100595912 1
75639482 123940962 1
75639482 129687852 1
75639482 150582762 1
75639482 154214122 1
75639482 186734279 1
75639482 189573549 1
75639482 194779498 1
75639482 195198863 1
75639482 195385069 1
75639482 196615803 1
78587002 83444522 1
78587002 99736752 1
78587002 100595912 1
78587002 123940962 1
78587002 129687852 1
78587002 150582762 1
78587002 154214122 1
78587002 186734279 1
78587002 189573549 1
78587002 194779498 1
78587002 195198863 1
78587002 195385069 1
78587002 196615803 1
83444522 99736752 1
83444522 100595912 1
83444522 123940962 1
83444522 129687852 1
83444522 150582762 1
83444522 154214122 1
83444522 186734279 1
83444522 189573549 1
83444522 194779498 1
83444522 195198863 1
83444522 195385069 1
83444522 196615803 1
99736752 100595912 1
99736752 123940962 1
99736752 129687852 1
99736752 150582762 1
99736752 154214122 1
99736752 186734279 1
99736752 189573549 1
99736752 194779498 1
99736752 195198863 1
99736752 195385069 1
99736752 196615803 1
100595912 123940962 1
100595912 129687852 1
100595912 150582762 1
100595912 154214122 1
100595912 186734279 1
100595912 189573549 1
100595912 194779498 1
100595912 195198863 1
100595912 195385069 1
100595912 196615803 1
123940962 129687852 1
123940962 150582762 1
123940962 154214122 1
123940962 186734279 1
123940962 189573549 1
123940962 194779498 1
123940962 195198863 1
123940962 195385069 1
123940962 196615803 1
129687852 150582762 1
129687852 154214122 1
129687852 186734279 1
129687852 189573549 1
129687852 194779498 1
129687852 195198863 1
129687852 195385069 1
129687852 196615803 1
150582762 154214122 1
150582762 186734279 1
150582762 189573549 1
150582762 194779498 1
150582762 195198863 1
150582762 195385069 1
150582762 196615803 1
154214122 186734279 1
154214122 189573549 1
154214122 194779498 1
154214122 195198863 1
154214122 195385069 1
154214122 196615803 1
186734279 189573549 1
186734279 194779498 1
186734279 195198863 1
186734279 195385069 1
186734279 196615803 1
189573549 194779498 1
189573549 195198863 1
189573549 195385069 1
189573549 196615803 1
194779498 195198863 1
194779498 195385069 1
194779498 196615803 1
195198863 195385069 1
195198863 196615803 1
195385069 196615803 1
