156572932 183847813 186532742 190169608 12418827 194243726 194166929 13644690 61541012 67352212 189270432 191847585 23325091 148296102 61498022 87434922 10099243 152437802 14564395 48803502 154907312 185666101 96121142 9263671 10036409 78842432 191467202 10228036 177766342 174611532 100740302 58467662 3972688 174933982 191738593 190551013 193101036 147767532 190602097 72080242 156721272 13986299 192675582
9263671 10099243 1
9263671 13644690 1
9263671 61498022 1
9263671 148296102 1
9263671 174933982 1
9263671 189270432 1
9263671 190169608 1
10099243 13644690 3
10099243 61498022 3
10099243 148296102 1
10099243 174933982 1
10099243 189270432 1
10099243 190169608 1
13644690 61498022 3
13644690 148296102 1
13644690 174933982 1
13644690 189270432 1
13644690 190169608 1
61498022 148296102 1
61498022 174933982 1
61498022 189270432 1
61498022 190169608 1
148296102 174933982 1
148296102 189270432 1
148296102 190169608 1
174933982 189270432 1
174933982 190169608 1
189270432 190169608 1
10099243 10228036 1
10099243 12418827 1
10099243 13986299 1
10099243 23325091 1
10099243 48803502 1
10099243 61541012 1
10099243 67352212 1
10099243 72080242 1
10099243 78842432 1
10099243 87434922 1
10099243 96121142 1
10099243 100740302 1
10099243 152437802 1
10099243 174611532 1
10099243 177766342 1
10099243 186532742 2
10099243 190551013 1
10099243 191847585 1
10228036 12418827 1
10228036 13644690 1
10228036 13986299 1
10228036 23325091 1
10228036 48803502 1
10228036 61498022 1
10228036 61541012 1
10228036 67352212 1
10228036 72080242 1
10228036 78842432 1
10228036 87434922 1
10228036 96121142 1
10228036 100740302 1
10228036 152437802 1
10228036 174611532 1
10228036 177766342 1
10228036 186532742 1
10228036 190551013 1
10228036 191847585 1
12418827 13644690 1
12418827 13986299 1
12418827 23325091 1
12418827 48803502 1
12418827 61498022 1
12418827 61541012 1
12418827 67352212 1
12418827 72080242 1
12418827 78842432 1
12418827 87434922 1
12418827 96121142 1
12418827 100740302 1
12418827 152437802 1
12418827 174611532 1
12418827 177766342 1
12418827 186532742 1
12418827 190551013 1
12418827 191847585 1
13644690 13986299 1
13644690 23325091 1
13644690 48803502 1
13644690 61541012 1
13644690 67352212 1
13644690 72080242 1
13644690 78842432 1
13644690 87434922 1
13644690 96121142 1
13644690 100740302 1
13644690 152437802 1
13644690 174611532 1
13644690 177766342 1
13644690 186532742 2
13644690 190551013 1
13644690 191847585 1
13986299 23325091 1
13986299 48803502 1
13986299 61498022 2
13986299 61541012 1
13986299 67352212 1
13986299 72080242 1
13986299 78842432 1
13986299 87434922 1
13986299 96121142 1
13986299 100740302 1
13986299 152437802 1
13986299 174611532 1
13986299 177766342 1
13986299 186532742 1
13986299 190551013 1
13986299 191847585 1
23325091 48803502 1
23325091 61498022 1
23325091 61541012 1
23325091 67352212 1
23325091 72080242 1
23325091 78842432 1
23325091 87434922 1
23325091 96121142 1
23325091 100740302 1
23325091 152437802 1
23325091 174611532 1
23325091 177766342 1
23325091 186532742 1
23325091 190551013 1
23325091 191847585 1
48803502 61498022 1
48803502 61541012 1
48803502 67352212 1
48803502 72080242 1
48803502 78842432 1
48803502 87434922 1
48803502 96121142 1
48803502 100740302 1
48803502 152437802 1
48803502 174611532 1
48803502 177766342 1
48803502 186532742 1
48803502 190551013 1
48803502 191847585 1
61498022 61541012 1
61498022 67352212 1
61498022 72080242 1
61498022 78842432 1
61498022 87434922 1
61498022 96121142 1
61498022 100740302 1
61498022 152437802 1
61498022 174611532 1
61498022 177766342 1
61498022 186532742 2
61498022 190551013 1
61498022 191847585 1
61541012 67352212 1
61541012 72080242 1
61541012 78842432 1
61541012 87434922 1
61541012 96121142 1
61541012 100740302 1
61541012 152437802 1
61541012 174611532 1
61541012 177766342 1
61541012 186532742 1
61541012 190551013 1
61541012 191847585 1
67352212 72080242 1
67352212 78842432 1
67352212 87434922 1
67352212 96121142 1
67352212 100740302 1
67352212 152437802 1
67352212 174611532 1
67352212 177766342 1
67352212 186532742 1
67352212 190551013 1
67352212 191847585 1
72080242 78842432 1
72080242 87434922 1
72080242 96121142 1
72080242 100740302 1
72080242 152437802 1
72080242 174611532 1
72080242 177766342 1
72080242 186532742 1
72080242 190551013 1
72080242 191847585 1
78842432 87434922 1
78842432 96121142 1
78842432 100740302 1
78842432 152437802 1
78842432 174611532 1
78842432 177766342 1
78842432 186532742 1
78842432 190551013 1
78842432 191847585 1
87434922 96121142 1
87434922 100740302 1
87434922 152437802 1
87434922 174611532 1
87434922 177766342 1
87434922 186532742 1
87434922 190551013 1
87434922 191847585 1
96121142 100740302 1
96121142 152437802 1
96121142 174611532 1
96121142 177766342 1
96121142 186532742 1
96121142 190551013 1
96121142 191847585 1
100740302 152437802 1
100740302 174611532 1
100740302 177766342 1
100740302 186532742 1
100740302 190551013 1
100740302 191847585 1
152437802 174611532 1
152437802 177766342 1
152437802 186532742 1
152437802 190551013 1
152437802 191847585 1
174611532 177766342 1
174611532 186532742 1
174611532 190551013 1
174611532 191847585 1
177766342 186532742 1
177766342 190551013 1
177766342 191847585 1
186532742 190551013 1
186532742 191847585 1
190551013 191847585 1
13986299 156572932 1
13986299 189270432 1
156572932 189270432 1
156721272 189270432 1
3972688 58467662 1
3972688 61498022 1
3972688 185666101 1
3972688 191467202 1
3972688 192675582 1
58467662 61498022 1
58467662 185666101 1
58467662 191467202 1
58467662 192675582 1
61498022 185666101 1
61498022 191467202 1
61498022 192675582 1
185666101 191467202 1
185666101 192675582 1
191467202 192675582 1
13986299 14564395 1
13986299 185666101 1
14564395 185666101 1
10036409 10099243 1
10036409 13644690 1
10036409 61498022 1
10036409 154907312 1
10036409 156572932 1
10036409 186532742 1
10036409 190602097 1
10099243 154907312 1
10099243 156572932 1
10099243 190602097 1
13644690 154907312 1
13644690 156572932 1
13644690 190602097 1
61498022 154907312 1
61498022 156572932 1
61498022 190602097 1
154907312 156572932 1
154907312 186532742 1
154907312 190602097 1
156572932 186532742 1
156572932 190602097 1
186532742 190602097 1
13986299 174933982 1
13986299 191738593 1
13986299 193101036 1
174933982 191738593 1
174933982 193101036 1
191738593 193101036 1
13986299 147767532 1
13986299 183847813 1
13986299 194166929 1
13986299 194243726 1
61498022 147767532 1
61498022 183847813 1
61498022 194166929 1
61498022 194243726 1
147767532 183847813 1
147767532 194166929 1
147767532 194243726 1
183847813 194166929 1
183847813 194243726 1
194166929 194243726 1
