137409152 184707329 189267594 11670412 193369357 102803992 186354329 191883687 185910313 4694195 134307522 178151372 117754322 88931672 84824922 191493982 184500706 126261862 26670572 171069292 103949552 190562294 45293432 182117242
26670572 184500706 1
26670572 184707329 1
26670572 185910313 1
26670572 186354329 1
184500706 184707329 1
184500706 185910313 1
184500706 186354329 1
184707329 185910313 1
184707329 186354329 2
185910313 186354329 1
117754322 184707329 6
11670412 45293432 1
11670412 134307522 1
11670412 137409152 1
11670412 184707329 1
11670412 190562294 1
45293432 134307522 1
45293432 137409152 1
45293432 184707329 1
45293432 190562294 1
134307522 137409152 1
134307522 184707329 1
134307522 190562294 1
137409152 184707329 1
137409152 190562294 1
184707329 190562294 2
4694195 117754322 2
4694195 184707329 1
4694195 190562294 1
117754322 190562294 1
4694195 103949552 1
4694195 178151372 1
103949552 117754322 3
103949552 178151372 2
117754322 178151372 2
117754322 193369357 1
184707329 193369357 1
103949552 126261862 2
117754322 126261862 2
126261862 178151372 1
84824922 88931672 1
84824922 102803992 1
84824922 103949552 1
84824922 117754322 1
84824922 126261862 1
84824922 171069292 1
84824922 182117242 1
84824922 184707329 1
84824922 186354329 1
84824922 189267594 1
84824922 191493982 1
84824922 191883687 1
88931672 102803992 1
88931672 103949552 1
88931672 117754322 1
88931672 126261862 1
88931672 171069292 1
88931672 182117242 1
88931672 184707329 1
88931672 186354329 1
88931672 189267594 1
88931672 191493982 1
88931672 191883687 1
102803992 103949552 1
102803992 117754322 1
102803992 126261862 1
102803992 171069292 1
102803992 182117242 1
102803992 184707329 1
102803992 186354329 1
102803992 189267594 1
102803992 191493982 1
102803992 191883687 1
103949552 171069292 1
103949552 182117242 1
103949552 184707329 1
103949552 186354329 1
103949552 189267594 1
103949552 191493982 1
103949552 191883687 1
117754322 171069292 1
117754322 182117242 1
117754322 186354329 1
117754322 189267594 1
117754322 191493982 1
117754322 191883687 1
126261862 171069292 1
126261862 182117242 1
126261862 184707329 1
126261862 186354329 1
126261862 189267594 1
126261862 191493982 1
126261862 191883687 1
171069292 182117242 1
171069292 184707329 1
171069292 186354329 1
171069292 189267594 1
171069292 191493982 1
171069292 191883687 1
182117242 184707329 1
182117242 186354329 1
182117242 189267594 1
182117242 191493982 1
182117242 191883687 1
184707329 189267594 1
184707329 191493982 1
184707329 191883687 1
186354329 189267594 1
186354329 191493982 1
186354329 191883687 1
189267594 191493982 1
189267594 191883687 1
191493982 191883687 1
