13377536 62616322 186884994 190460932 13263109 89673482 68915082 152553612 158417552 193338897 190444692 118644502 46297752 193631641 63485082 183402399 6551974 13775021 126885422 189926323 160080052 12728318 184788918 28845112 105327672 82078522 184062909 189426368 189170241 183763265 9980869 26206792 191557963 184335184 193385681 160487122 173931602 171562962 13262934 185966939 163346652 193928924 7643742 10948831 99417952 187800414 118554472 185249258 7290859 166389872 193788401 73572212 136836342 142508662 104224632 180762492 188912382
7290859 9980869 1
7290859 12728318 1
7290859 13263109 2
7290859 13377536 1
7290859 62616322 1
7290859 73572212 1
7290859 118554472 1
7290859 158417552 1
7290859 160487122 1
7290859 166389872 1
7290859 184335184 1
7290859 185966939 1
7290859 188912382 1
7290859 189170241 1
9980869 12728318 1
9980869 13263109 1
9980869 13377536 1
9980869 62616322 1
9980869 73572212 1
9980869 118554472 1
9980869 158417552 1
9980869 160487122 1
9980869 166389872 1
9980869 184335184 1
9980869 185966939 1
9980869 188912382 1
9980869 189170241 1
12728318 13263109 1
12728318 13377536 1
12728318 62616322 1
12728318 73572212 1
12728318 118554472 1
12728318 158417552 1
12728318 160487122 1
12728318 166389872 1
12728318 184335184 1
12728318 185966939 1
12728318 188912382 1
12728318 189170241 1
13263109 13377536 1
13263109 62616322 1
13263109 73572212 1
13263109 118554472 1
13263109 158417552 1
13263109 160487122 1
13263109 166389872 1
13263109 184335184 1
13263109 185966939 3
13263109 188912382 1
13263109 189170241 1
13377536 62616322 1
13377536 73572212 1
13377536 118554472 1
13377536 158417552 1
13377536 160487122 1
13377536 166389872 1
13377536 184335184 1
13377536 185966939 1
13377536 188912382 1
13377536 189170241 1
62616322 73572212 1
62616322 118554472 1
62616322 158417552 1
62616322 160487122 1
62616322 166389872 1
62616322 184335184 1
62616322 185966939 1
62616322 188912382 1
62616322 189170241 1
73572212 118554472 1
73572212 158417552 1
73572212 160487122 1
73572212 166389872 1
73572212 184335184 1
73572212 185966939 1
73572212 188912382 1
73572212 189170241 1
118554472 158417552 1
118554472 160487122 1
118554472 166389872 1
118554472 184335184 1
118554472 185966939 1
118554472 188912382 1
118554472 189170241 1
158417552 160487122 1
158417552 166389872 1
158417552 184335184 1
158417552 185966939 1
158417552 188912382 1
158417552 189170241 1
160487122 166389872 1
160487122 184335184 1
160487122 185966939 1
160487122 188912382 1
160487122 189170241 1
166389872 184335184 1
166389872 185966939 1
166389872 188912382 1
166389872 189170241 1
184335184 185966939 1
184335184 188912382 1
184335184 189170241 1
185966939 188912382 1
185966939 189170241 1
188912382 189170241 1
6551974 13262934 1
6551974 13263109 1
6551974 13775021 1
6551974 26206792 2
6551974 82078522 1
6551974 104224632 1
6551974 184062909 1
6551974 189426368 2
13262934 13263109 3
13262934 13775021 1
13262934 26206792 4
13262934 82078522 2
13262934 104224632 2
13262934 184062909 2
13262934 189426368 1
13263109 13775021 1
13263109 26206792 4
13263109 82078522 2
13263109 104224632 2
13263109 184062909 2
13263109 189426368 1
13775021 26206792 1
13775021 82078522 1
13775021 104224632 1
13775021 184062909 1
13775021 189426368 1
26206792 82078522 2
26206792 104224632 2
26206792 184062909 2
26206792 189426368 2
82078522 104224632 2
82078522 184062909 1
82078522 189426368 1
104224632 184062909 1
104224632 189426368 1
184062909 189426368 1
13263109 152553612 1
13263109 160080052 2
13263109 184788918 1
152553612 160080052 1
152553612 184062909 1
152553612 184788918 1
152553612 185966939 1
160080052 184062909 1
160080052 184788918 1
160080052 185966939 1
184062909 184788918 1
184062909 185966939 1
184788918 185966939 1
13262934 185966939 1
13262934 191557963 1
13263109 191557963 1
26206792 185966939 1
26206792 191557963 1
82078522 185966939 1
82078522 191557963 1
104224632 185966939 1
104224632 191557963 1
185966939 191557963 1
13263109 63485082 1
13263109 189926323 2
13263109 193385681 1
26206792 63485082 2
26206792 189926323 3
26206792 193385681 2
63485082 189926323 1
63485082 193385681 4
189926323 193385681 1
6551974 28845112 1
6551974 46297752 1
6551974 89673482 1
6551974 180762492 1
6551974 183763265 1
6551974 185249258 1
6551974 189926323 1
6551974 190444692 1
6551974 193338897 1
26206792 28845112 1
26206792 46297752 1
26206792 89673482 1
26206792 180762492 1
26206792 183763265 1
26206792 185249258 1
26206792 190444692 1
26206792 193338897 1
28845112 46297752 1
28845112 89673482 1
28845112 180762492 1
28845112 183763265 1
28845112 185249258 1
28845112 189426368 1
28845112 189926323 1
28845112 190444692 1
28845112 193338897 1
46297752 89673482 1
46297752 180762492 1
46297752 183763265 1
46297752 185249258 1
46297752 189426368 1
46297752 189926323 1
46297752 190444692 1
46297752 193338897 1
89673482 180762492 1
89673482 183763265 1
89673482 185249258 1
89673482 189426368 1
89673482 189926323 1
89673482 190444692 1
89673482 193338897 1
180762492 183763265 1
180762492 185249258 1
180762492 189426368 1
180762492 189926323 1
180762492 190444692 1
180762492 193338897 1
183763265 185249258 1
183763265 189426368 1
183763265 189926323 1
183763265 190444692 1
183763265 193338897 1
185249258 189426368 1
185249258 189926323 1
185249258 190444692 1
185249258 193338897 1
189426368 189926323 1
189426368 190444692 1
189426368 193338897 1
189926323 190444692 1
189926323 193338897 1
190444692 193338897 1
63485082 68915082 2
63485082 126885422 2
63485082 136836342 1
63485082 173931602 1
63485082 184062909 3
68915082 126885422 2
68915082 136836342 1
68915082 173931602 1
68915082 184062909 2
68915082 193385681 2
126885422 136836342 1
126885422 173931602 1
126885422 184062909 2
126885422 193385681 2
136836342 173931602 1
136836342 184062909 1
136836342 193385681 1
173931602 184062909 1
173931602 193385681 1
184062909 193385681 3
7290859 7643742 1
7290859 13262934 1
7290859 26206792 1
7290859 99417952 1
7290859 105327672 1
7290859 118644502 1
7290859 160080052 1
7290859 163346652 1
7290859 183402399 1
7290859 186884994 1
7290859 189926323 1
7290859 193788401 1
7643742 13262934 1
7643742 13263109 1
7643742 26206792 1
7643742 99417952 1
7643742 105327672 1
7643742 118644502 1
7643742 160080052 1
7643742 163346652 1
7643742 183402399 1
7643742 186884994 1
7643742 189926323 1
7643742 193788401 1
13262934 99417952 1
13262934 105327672 1
13262934 118644502 1
13262934 160080052 1
13262934 163346652 1
13262934 183402399 1
13262934 186884994 1
13262934 189926323 1
13262934 193788401 1
13263109 99417952 1
13263109 105327672 1
13263109 118644502 1
13263109 163346652 1
13263109 183402399 1
13263109 186884994 1
13263109 193788401 1
26206792 99417952 1
26206792 105327672 1
26206792 118644502 1
26206792 160080052 1
26206792 163346652 1
26206792 183402399 1
26206792 186884994 1
26206792 193788401 1
99417952 105327672 1
99417952 118644502 1
99417952 160080052 1
99417952 163346652 1
99417952 183402399 1
99417952 186884994 1
99417952 189926323 1
99417952 193788401 1
105327672 118644502 1
105327672 160080052 1
105327672 163346652 1
105327672 183402399 1
105327672 186884994 1
105327672 189926323 1
105327672 193788401 1
118644502 160080052 1
118644502 163346652 1
118644502 183402399 1
118644502 186884994 1
118644502 189926323 1
118644502 193788401 1
160080052 163346652 1
160080052 183402399 1
160080052 186884994 1
160080052 189926323 1
160080052 193788401 1
163346652 183402399 1
163346652 186884994 1
163346652 189926323 1
163346652 193788401 1
183402399 186884994 1
183402399 189926323 1
183402399 193788401 1
186884994 189926323 1
186884994 193788401 1
189926323 193788401 1
63485082 142508662 2
63485082 193631641 1
63485082 193928924 1
142508662 184062909 2
142508662 193385681 2
142508662 193631641 1
142508662 193928924 1
184062909 193631641 1
184062909 193928924 1
193385681 193631641 1
193385681 193928924 1
193631641 193928924 1
10948831 13262934 1
10948831 26206792 1
10948831 63485082 1
10948831 68915082 1
10948831 126885422 1
10948831 142508662 1
10948831 171562962 1
10948831 184062909 1
10948831 187800414 1
10948831 190460932 1
10948831 193385681 1
13262934 63485082 1
13262934 68915082 1
13262934 126885422 1
13262934 142508662 1
13262934 171562962 1
13262934 187800414 1
13262934 190460932 1
13262934 193385681 1
26206792 68915082 1
26206792 126885422 1
26206792 142508662 1
26206792 171562962 1
26206792 187800414 1
26206792 190460932 1
63485082 171562962 1
63485082 187800414 1
63485082 190460932 1
68915082 142508662 1
68915082 171562962 1
68915082 187800414 1
68915082 190460932 1
126885422 142508662 1
126885422 171562962 1
126885422 187800414 1
126885422 190460932 1
142508662 171562962 1
142508662 187800414 1
142508662 190460932 1
171562962 184062909 1
171562962 187800414 1
171562962 190460932 1
171562962 193385681 1
184062909 187800414 1
184062909 190460932 1
187800414 190460932 1
187800414 193385681 1
190460932 193385681 1
