190881408 114631812 5619591 77697422 188197012 103709722 2797596 10814111 3629471 4262434 186338468 186471717 6348970 383024 88587962 25644352 145635792 11235674 189677672 7771500 14310261 188128374
383024 3629471 10
383024 5619591 10
383024 6348970 4
383024 7771500 5
383024 88587962 10
383024 114631812 5
383024 145635792 2
3629471 5619591 10
3629471 6348970 4
3629471 7771500 5
3629471 88587962 10
3629471 114631812 5
3629471 145635792 2
5619591 6348970 4
5619591 7771500 5
5619591 88587962 10
5619591 114631812 5
5619591 145635792 2
6348970 7771500 3
6348970 88587962 4
6348970 114631812 4
6348970 145635792 1
7771500 88587962 5
7771500 114631812 3
7771500 145635792 1
88587962 114631812 5
88587962 145635792 2
114631812 145635792 1
383024 11235674 9
383024 77697422 7
383024 186338468 1
3629471 11235674 9
3629471 77697422 7
3629471 186338468 1
5619591 11235674 9
5619591 77697422 7
5619591 186338468 1
6348970 11235674 3
6348970 77697422 1
6348970 186338468 1
11235674 77697422 7
11235674 88587962 9
11235674 114631812 4
11235674 186338468 1
77697422 88587962 7
77697422 114631812 2
77697422 186338468 1
88587962 186338468 1
114631812 186338468 1
383024 186471717 1
3629471 186471717 1
5619591 186471717 1
6348970 186471717 1
7771500 11235674 4
7771500 186471717 1
11235674 186471717 1
88587962 186471717 1
114631812 186471717 1
11235674 145635792 1
77697422 145635792 1
383024 10814111 1
383024 188128374 1
383024 188197012 1
3629471 10814111 1
3629471 188128374 1
3629471 188197012 1
5619591 10814111 1
5619591 188128374 1
5619591 188197012 1
10814111 11235674 1
10814111 77697422 1
10814111 88587962 1
10814111 188128374 1
10814111 188197012 1
11235674 188128374 1
11235674 188197012 1
77697422 188128374 1
77697422 188197012 1
88587962 188128374 1
88587962 188197012 1
188128374 188197012 1
383024 4262434 1
3629471 4262434 1
4262434 5619591 1
4262434 7771500 1
4262434 11235674 1
4262434 77697422 1
4262434 88587962 1
7771500 77697422 2
383024 103709722 1
3629471 103709722 1
5619591 103709722 1
11235674 103709722 1
77697422 103709722 1
88587962 103709722 1
383024 14310261 1
383024 25644352 1
383024 189677672 1
3629471 14310261 1
3629471 25644352 1
3629471 189677672 1
5619591 14310261 1
5619591 25644352 1
5619591 189677672 1
7771500 14310261 1
7771500 25644352 1
7771500 189677672 1
11235674 14310261 1
11235674 25644352 1
11235674 189677672 1
14310261 25644352 1
14310261 77697422 1
14310261 88587962 1
14310261 189677672 1
25644352 77697422 1
25644352 88587962 1
25644352 189677672 1
77697422 189677672 1
88587962 189677672 1
383024 2797596 1
383024 190881408 1
2797596 3629471 1
2797596 5619591 1
2797596 11235674 1
2797596 77697422 1
2797596 88587962 1
2797596 114631812 1
2797596 190881408 1
3629471 190881408 1
5619591 190881408 1
11235674 190881408 1
77697422 190881408 1
88587962 190881408 1
114631812 190881408 1
