180219782 77697422 119482382 27521942 191226263 36189982 11931301 6348970 184217898 32523952 189487793 195405492 47055942 6865479 194144471 185036120 192959852 3562477 71005422 188394357 133132662 188429687 145602042
6865479 77697422 1
6865479 145602042 1
6865479 180219782 2
6865479 188394357 1
6865479 189487793 1
6865479 191226263 1
77697422 145602042 2
77697422 180219782 7
77697422 188394357 1
77697422 189487793 2
77697422 191226263 1
145602042 180219782 2
145602042 188394357 1
145602042 189487793 1
145602042 191226263 1
180219782 188394357 1
180219782 189487793 3
180219782 191226263 1
188394357 189487793 1
188394357 191226263 1
189487793 191226263 1
6348970 180219782 4
6348970 189487793 1
6348970 194144471 1
180219782 194144471 1
189487793 194144471 1
36189982 77697422 3
36189982 119482382 1
36189982 180219782 3
36189982 184217898 1
36189982 189487793 1
77697422 119482382 3
77697422 184217898 2
119482382 180219782 3
119482382 184217898 2
119482382 189487793 1
180219782 184217898 2
184217898 189487793 1
77697422 192959852 2
119482382 145602042 1
119482382 192959852 1
145602042 184217898 1
145602042 192959852 1
180219782 192959852 3
184217898 192959852 1
6348970 36189982 1
6348970 47055942 1
6348970 71005422 1
6348970 77697422 2
6348970 188429687 1
6348970 195405492 2
36189982 47055942 1
36189982 71005422 1
36189982 188429687 1
36189982 195405492 1
47055942 71005422 1
47055942 77697422 1
47055942 180219782 1
47055942 188429687 1
47055942 195405492 1
71005422 77697422 1
71005422 180219782 1
71005422 188429687 1
71005422 195405492 1
77697422 188429687 1
77697422 195405492 1
180219782 188429687 1
180219782 195405492 2
188429687 195405492 1
11931301 32523952 1
11931301 36189982 1
11931301 77697422 1
11931301 180219782 2
11931301 185036120 1
32523952 36189982 1
32523952 77697422 1
32523952 180219782 1
32523952 185036120 1
36189982 185036120 1
77697422 185036120 1
180219782 185036120 1
6348970 6865479 1
6348970 11931301 1
6348970 27521942 1
6348970 192959852 1
6865479 11931301 1
6865479 27521942 1
6865479 192959852 1
6865479 195405492 1
11931301 27521942 1
11931301 192959852 1
11931301 195405492 1
27521942 180219782 1
27521942 192959852 1
27521942 195405492 1
192959852 195405492 1
3562477 6348970 1
3562477 77697422 1
3562477 119482382 1
3562477 133132662 1
3562477 180219782 1
6348970 119482382 1
6348970 133132662 1
77697422 133132662 1
119482382 133132662 1
133132662 180219782 1
