190881408 195577474 114631812 187447909 5619591 7771500 77697422 383024 10814111 192761810 88587962 18561401 11235674 2797596 7393949 3629471
383024 2797596 1
383024 3629471 1
383024 5619591 10
383024 11235674 10
383024 77697422 7
383024 88587962 2
383024 114631812 1
383024 190881408 1
2797596 3629471 1
2797596 5619591 1
2797596 11235674 1
2797596 77697422 1
2797596 88587962 1
2797596 114631812 1
2797596 190881408 1
3629471 5619591 1
3629471 11235674 1
3629471 77697422 1
3629471 88587962 1
3629471 114631812 1
3629471 190881408 1
5619591 11235674 10
5619591 77697422 7
5619591 88587962 2
5619591 114631812 1
5619591 190881408 1
11235674 77697422 7
11235674 88587962 2
11235674 114631812 1
11235674 190881408 1
77697422 88587962 2
77697422 114631812 1
77697422 190881408 1
88587962 114631812 1
88587962 190881408 1
114631812 190881408 1
383024 10814111 3
383024 187447909 2
5619591 10814111 3
5619591 187447909 2
10814111 11235674 3
10814111 77697422 2
10814111 88587962 1
10814111 187447909 1
11235674 187447909 2
77697422 187447909 2
88587962 187447909 1
383024 7771500 2
5619591 7771500 2
7771500 10814111 1
7771500 11235674 2
7771500 77697422 1
383024 18561401 1
383024 195577474 2
5619591 18561401 1
5619591 195577474 2
11235674 18561401 1
11235674 195577474 2
18561401 77697422 1
18561401 187447909 1
18561401 195577474 1
77697422 195577474 2
187447909 195577474 1
383024 192761810 1
5619591 192761810 1
10814111 192761810 1
10814111 195577474 1
11235674 192761810 1
77697422 192761810 1
192761810 195577474 1
383024 7393949 1
5619591 7393949 1
7393949 11235674 1
