184607688 190349129 6554185 11062700 12321874 65001362 129841432 21820221 184405119
12321874 21820221 5
12321874 129841432 9
12321874 184405119 10
12321874 184607688 10
12321874 190349129 9
21820221 129841432 5
21820221 184405119 5
21820221 184607688 5
21820221 190349129 4
129841432 184405119 9
129841432 184607688 9
129841432 190349129 8
184405119 184607688 10
184405119 190349129 9
184607688 190349129 9
6554185 12321874 5
6554185 21820221 3
6554185 65001362 3
6554185 129841432 4
6554185 184405119 5
6554185 184607688 5
12321874 65001362 4
21820221 65001362 1
65001362 129841432 3
65001362 184405119 4
65001362 184607688 4
6554185 11062700 1
6554185 190349129 4
11062700 12321874 3
11062700 21820221 1
11062700 129841432 3
11062700 184405119 3
11062700 184607688 3
11062700 190349129 3
65001362 190349129 3
11062700 65001362 1
