153942272 12359434 75573132 25966732 12285196 11456785 178020882 196950164 197004565 2358808 9171097 188576410 192958234 82125592 195703066 4527769 186733985 83080482 196899620 8170788 194821926 61498022 12607786 10835378 191042613 98068152 13680831 189426368 189588543 194388804 189938117 196898628 196164553 196171722 3159113 196068173 114358222 54223182 65247822 183175121 187560270 117360852 187889238 196899799 142699102 10070623 184755557 9697516 151914092 196672754 12710644 14210164 194393079 104183802 189755644
9171097 9697516 1
9171097 10070623 1
9171097 12359434 1
9171097 12607786 2
9171097 75573132 2
9171097 186733985 1
9171097 188576410 1
9171097 189938117 2
9171097 194388804 2
9171097 194393079 1
9171097 196164553 1
9171097 196171722 1
9171097 196672754 2
9171097 196898628 1
9171097 196899620 1
9171097 196899799 1
9697516 10070623 1
9697516 12359434 1
9697516 12607786 1
9697516 75573132 1
9697516 186733985 1
9697516 188576410 1
9697516 189938117 1
9697516 194388804 1
9697516 194393079 1
9697516 196164553 1
9697516 196171722 1
9697516 196672754 1
9697516 196898628 1
9697516 196899620 1
9697516 196899799 1
10070623 12359434 1
10070623 12607786 1
10070623 75573132 1
10070623 186733985 1
10070623 188576410 1
10070623 189938117 1
10070623 194388804 1
10070623 194393079 1
10070623 196164553 1
10070623 196171722 1
10070623 196672754 1
10070623 196898628 1
10070623 196899620 1
10070623 196899799 1
12359434 12607786 1
12359434 75573132 1
12359434 186733985 1
12359434 188576410 1
12359434 189938117 1
12359434 194388804 1
12359434 194393079 1
12359434 196164553 1
12359434 196171722 1
12359434 196672754 1
12359434 196898628 1
12359434 196899620 1
12359434 196899799 1
12607786 75573132 2
12607786 186733985 1
12607786 188576410 1
12607786 189938117 2
12607786 194388804 5
12607786 194393079 1
12607786 196164553 1
12607786 196171722 1
12607786 196672754 5
12607786 196898628 1
12607786 196899620 1
12607786 196899799 1
75573132 186733985 1
75573132 188576410 1
75573132 189938117 2
75573132 194388804 2
75573132 194393079 1
75573132 196164553 1
75573132 196171722 1
75573132 196672754 2
75573132 196898628 1
75573132 196899620 1
75573132 196899799 1
186733985 188576410 1
186733985 189938117 1
186733985 194388804 1
186733985 194393079 1
186733985 196164553 1
186733985 196171722 1
186733985 196672754 1
186733985 196898628 1
186733985 196899620 1
186733985 196899799 1
188576410 189938117 1
188576410 194388804 1
188576410 194393079 1
188576410 196164553 1
188576410 196171722 1
188576410 196672754 1
188576410 196898628 1
188576410 196899620 1
188576410 196899799 1
189938117 194388804 2
189938117 194393079 1
189938117 196164553 1
189938117 196171722 1
189938117 196672754 2
189938117 196898628 1
189938117 196899620 1
189938117 196899799 1
194388804 194393079 1
194388804 196164553 1
194388804 196171722 1
194388804 196672754 5
194388804 196898628 1
194388804 196899620 1
194388804 196899799 1
194393079 196164553 1
194393079 196171722 1
194393079 196672754 1
194393079 196898628 1
194393079 196899620 1
194393079 196899799 1
196164553 196171722 1
196164553 196672754 1
196164553 196898628 1
196164553 196899620 1
196164553 196899799 1
196171722 196672754 1
196171722 196898628 1
196171722 196899620 1
196171722 196899799 1
196672754 196898628 1
196672754 196899620 1
196672754 196899799 1
196898628 196899620 1
196898628 196899799 1
196899620 196899799 1
12607786 12710644 1
12607786 14210164 1
12607786 25966732 1
12607786 153942272 1
12607786 183175121 2
12607786 194821926 1
12710644 14210164 1
12710644 25966732 1
12710644 153942272 1
12710644 183175121 1
12710644 194388804 1
12710644 194821926 1
12710644 196672754 1
14210164 25966732 1
14210164 153942272 1
14210164 183175121 1
14210164 194388804 1
14210164 194821926 1
14210164 196672754 1
25966732 153942272 1
25966732 183175121 1
25966732 194388804 1
25966732 194821926 1
25966732 196672754 1
153942272 183175121 1
153942272 194388804 1
153942272 194821926 1
153942272 196672754 1
183175121 194388804 2
183175121 194821926 1
183175121 196672754 2
194388804 194821926 1
194821926 196672754 1
2358808 9171097 1
2358808 12607786 1
2358808 75573132 1
2358808 117360852 1
2358808 142699102 1
2358808 151914092 1
2358808 183175121 1
2358808 184755557 1
2358808 189426368 1
2358808 189755644 1
2358808 189938117 1
2358808 192958234 1
2358808 194388804 1
2358808 196672754 1
9171097 117360852 1
9171097 142699102 1
9171097 151914092 1
9171097 183175121 1
9171097 184755557 1
9171097 189426368 1
9171097 189755644 1
9171097 192958234 1
12607786 117360852 1
12607786 142699102 1
12607786 151914092 3
12607786 184755557 1
12607786 189426368 1
12607786 189755644 1
12607786 192958234 1
75573132 117360852 1
75573132 142699102 1
75573132 151914092 1
75573132 183175121 1
75573132 184755557 1
75573132 189426368 1
75573132 189755644 1
75573132 192958234 1
117360852 142699102 1
117360852 151914092 1
117360852 183175121 1
117360852 184755557 1
117360852 189426368 1
117360852 189755644 1
117360852 189938117 1
117360852 192958234 1
117360852 194388804 1
117360852 196672754 1
142699102 151914092 1
142699102 183175121 1
142699102 184755557 1
142699102 189426368 1
142699102 189755644 1
142699102 189938117 1
142699102 192958234 1
142699102 194388804 1
142699102 196672754 1
151914092 183175121 1
151914092 184755557 1
151914092 189426368 1
151914092 189755644 1
151914092 189938117 1
151914092 192958234 1
151914092 194388804 3
151914092 196672754 3
183175121 184755557 1
183175121 189426368 1
183175121 189755644 1
183175121 189938117 1
183175121 192958234 1
184755557 189426368 1
184755557 189755644 1
184755557 189938117 1
184755557 192958234 1
184755557 194388804 1
184755557 196672754 1
189426368 189755644 1
189426368 189938117 1
189426368 192958234 1
189426368 194388804 1
189426368 196672754 1
189755644 189938117 1
189755644 192958234 1
189755644 194388804 1
189755644 196672754 1
189938117 192958234 1
192958234 194388804 1
192958234 196672754 1
3159113 8170788 1
3159113 10835378 1
3159113 11456785 1
3159113 12285196 1
3159113 12607786 1
3159113 61498022 1
3159113 82125592 1
3159113 83080482 1
3159113 104183802 1
3159113 114358222 1
3159113 151914092 1
3159113 187889238 1
3159113 191042613 1
3159113 194388804 1
3159113 195703066 1
3159113 196672754 1
8170788 10835378 1
8170788 11456785 1
8170788 12285196 1
8170788 12607786 1
8170788 61498022 1
8170788 82125592 1
8170788 83080482 1
8170788 104183802 1
8170788 114358222 1
8170788 151914092 1
8170788 187889238 1
8170788 191042613 1
8170788 194388804 1
8170788 195703066 1
8170788 196672754 1
10835378 11456785 1
10835378 12285196 1
10835378 12607786 1
10835378 61498022 1
10835378 82125592 1
10835378 83080482 1
10835378 104183802 1
10835378 114358222 1
10835378 151914092 1
10835378 187889238 1
10835378 191042613 1
10835378 194388804 1
10835378 195703066 1
10835378 196672754 1
11456785 12285196 1
11456785 12607786 1
11456785 61498022 1
11456785 82125592 1
11456785 83080482 1
11456785 104183802 1
11456785 114358222 1
11456785 151914092 1
11456785 187889238 1
11456785 191042613 1
11456785 194388804 1
11456785 195703066 1
11456785 196672754 1
12285196 12607786 1
12285196 61498022 1
12285196 82125592 1
12285196 83080482 1
12285196 104183802 1
12285196 114358222 1
12285196 151914092 1
12285196 187889238 1
12285196 191042613 1
12285196 194388804 1
12285196 195703066 1
12285196 196672754 1
12607786 61498022 1
12607786 82125592 1
12607786 83080482 1
12607786 104183802 1
12607786 114358222 1
12607786 187889238 1
12607786 191042613 1
12607786 195703066 1
61498022 82125592 1
61498022 83080482 1
61498022 104183802 1
61498022 114358222 1
61498022 151914092 1
61498022 187889238 1
61498022 191042613 1
61498022 194388804 1
61498022 195703066 1
61498022 196672754 1
82125592 83080482 1
82125592 104183802 1
82125592 114358222 1
82125592 151914092 1
82125592 187889238 1
82125592 191042613 1
82125592 194388804 1
82125592 195703066 1
82125592 196672754 1
83080482 104183802 1
83080482 114358222 1
83080482 151914092 1
83080482 187889238 1
83080482 191042613 1
83080482 194388804 1
83080482 195703066 1
83080482 196672754 1
104183802 114358222 1
104183802 151914092 1
104183802 187889238 1
104183802 191042613 1
104183802 194388804 1
104183802 195703066 1
104183802 196672754 1
114358222 151914092 1
114358222 187889238 1
114358222 191042613 1
114358222 194388804 1
114358222 195703066 1
114358222 196672754 1
151914092 187889238 1
151914092 191042613 1
151914092 195703066 1
187889238 191042613 1
187889238 194388804 1
187889238 195703066 1
187889238 196672754 1
191042613 194388804 1
191042613 195703066 1
191042613 196672754 1
194388804 195703066 1
195703066 196672754 1
4527769 12607786 1
4527769 13680831 1
4527769 54223182 1
4527769 65247822 1
4527769 98068152 1
4527769 151914092 1
4527769 178020882 1
4527769 187560270 1
4527769 189588543 1
4527769 194388804 1
4527769 196068173 1
4527769 196672754 1
4527769 196950164 1
4527769 197004565 1
12607786 13680831 1
12607786 54223182 1
12607786 65247822 1
12607786 98068152 1
12607786 178020882 1
12607786 187560270 1
12607786 189588543 1
12607786 196068173 1
12607786 196950164 1
12607786 197004565 1
13680831 54223182 1
13680831 65247822 1
13680831 98068152 1
13680831 151914092 1
13680831 178020882 1
13680831 187560270 1
13680831 189588543 1
13680831 194388804 1
13680831 196068173 1
13680831 196672754 1
13680831 196950164 1
13680831 197004565 1
54223182 65247822 1
54223182 98068152 1
54223182 151914092 1
54223182 178020882 1
54223182 187560270 1
54223182 189588543 1
54223182 194388804 1
54223182 196068173 1
54223182 196672754 1
54223182 196950164 1
54223182 197004565 1
65247822 98068152 1
65247822 151914092 1
65247822 178020882 1
65247822 187560270 1
65247822 189588543 1
65247822 194388804 1
65247822 196068173 1
65247822 196672754 1
65247822 196950164 1
65247822 197004565 1
98068152 151914092 1
98068152 178020882 1
98068152 187560270 1
98068152 189588543 1
98068152 194388804 1
98068152 196068173 1
98068152 196672754 1
98068152 196950164 1
98068152 197004565 1
151914092 178020882 1
151914092 187560270 1
151914092 189588543 1
151914092 196068173 1
151914092 196950164 1
151914092 197004565 1
178020882 187560270 1
178020882 189588543 1
178020882 194388804 1
178020882 196068173 1
178020882 196672754 1
178020882 196950164 1
178020882 197004565 1
187560270 189588543 1
187560270 194388804 1
187560270 196068173 1
187560270 196672754 1
187560270 196950164 1
187560270 197004565 1
189588543 194388804 1
189588543 196068173 1
189588543 196672754 1
189588543 196950164 1
189588543 197004565 1
194388804 196068173 1
194388804 196950164 1
194388804 197004565 1
196068173 196672754 1
196068173 196950164 1
196068173 197004565 1
196672754 196950164 1
196672754 197004565 1
196950164 197004565 1
