11354525 185713567 182700322 7488037 6590248 16266411 111576622 56772662 2605385 45220302 134296272 179230032 186462673 8078038 24430432 1345633 186389475 10499939 186001638 92911462 182544234 53536622 182931314 1842676
1842676 2605385 1
1842676 6590248 2
1842676 45220302 1
1842676 134296272 1
1842676 182544234 1
1842676 182700322 1
1842676 185713567 2
2605385 6590248 1
2605385 45220302 1
2605385 134296272 1
2605385 182544234 1
2605385 182700322 1
2605385 185713567 1
6590248 45220302 2
6590248 134296272 3
6590248 182544234 1
6590248 182700322 2
6590248 185713567 8
45220302 134296272 2
45220302 182544234 1
45220302 182700322 2
45220302 185713567 2
134296272 182544234 1
134296272 182700322 2
134296272 185713567 4
182544234 182700322 1
182544234 185713567 1
182700322 185713567 2
1345633 6590248 1
1345633 134296272 1
1345633 185713567 1
6590248 8078038 3
6590248 56772662 5
6590248 179230032 2
6590248 186001638 1
8078038 56772662 2
8078038 179230032 4
8078038 185713567 4
8078038 186001638 1
56772662 179230032 1
56772662 185713567 5
56772662 186001638 1
179230032 185713567 3
179230032 186001638 1
185713567 186001638 1
6590248 11354525 1
6590248 92911462 3
11354525 45220302 1
11354525 56772662 1
11354525 92911462 1
11354525 134296272 1
11354525 182700322 1
11354525 185713567 1
45220302 56772662 1
45220302 92911462 1
56772662 92911462 3
56772662 134296272 1
56772662 182700322 1
92911462 134296272 1
92911462 182700322 1
92911462 185713567 3
8078038 134296272 1
8078038 186389475 1
134296272 179230032 1
134296272 186389475 1
179230032 186389475 1
185713567 186389475 1
6590248 10499939 1
6590248 182931314 1
6590248 186462673 1
10499939 56772662 1
10499939 92911462 1
10499939 182931314 1
10499939 185713567 1
10499939 186462673 1
56772662 182931314 1
56772662 186462673 1
92911462 182931314 1
92911462 186462673 1
182931314 185713567 1
182931314 186462673 1
185713567 186462673 1
1842676 7488037 1
1842676 16266411 1
1842676 24430432 1
1842676 53536622 1
1842676 56772662 1
6590248 7488037 1
6590248 16266411 1
6590248 24430432 2
6590248 53536622 2
7488037 16266411 1
7488037 24430432 1
7488037 53536622 1
7488037 56772662 1
7488037 185713567 1
16266411 24430432 1
16266411 53536622 1
16266411 56772662 1
16266411 185713567 1
24430432 53536622 2
24430432 56772662 2
24430432 185713567 2
53536622 56772662 2
53536622 185713567 2
6590248 111576622 1
8078038 24430432 1
8078038 53536622 1
8078038 92911462 1
8078038 111576622 1
24430432 92911462 1
24430432 111576622 1
53536622 92911462 1
53536622 111576622 1
56772662 111576622 1
92911462 111576622 1
111576622 185713567 1
