194245504 123048972 192974732 182881169 195821201 193159700 189265173 189741981 192138530 196146595 183015332 189609130 138502842 26358972 118897472 161922042 191769667 53567302 190257608 28369482 115749962 191937869 162015842 2648808 182745578 97362282 192988782 71396342 8622327 179488762
2648808 28369482 1
2648808 123048972 1
2648808 138502842 1
2648808 182745578 1
2648808 182881169 1
2648808 189609130 1
2648808 189741981 1
2648808 192974732 1
2648808 192988782 1
2648808 193159700 1
28369482 123048972 2
28369482 138502842 1
28369482 182745578 1
28369482 182881169 2
28369482 189609130 1
28369482 189741981 1
28369482 192974732 1
28369482 192988782 1
28369482 193159700 1
123048972 138502842 1
123048972 182745578 1
123048972 182881169 2
123048972 189609130 2
123048972 189741981 1
123048972 192974732 1
123048972 192988782 2
123048972 193159700 1
138502842 182745578 1
138502842 182881169 1
138502842 189609130 1
138502842 189741981 1
138502842 192974732 1
138502842 192988782 1
138502842 193159700 1
182745578 182881169 1
182745578 189609130 1
182745578 189741981 1
182745578 192974732 1
182745578 192988782 1
182745578 193159700 1
182881169 189609130 1
182881169 189741981 1
182881169 192974732 1
182881169 192988782 1
182881169 193159700 1
189609130 189741981 1
189609130 192974732 1
189609130 192988782 2
189609130 193159700 1
189741981 192974732 1
189741981 192988782 1
189741981 193159700 1
192974732 192988782 1
192974732 193159700 1
192988782 193159700 1
8622327 26358972 1
8622327 53567302 1
8622327 97362282 2
8622327 115749962 2
8622327 118897472 1
8622327 123048972 2
8622327 179488762 2
8622327 189609130 1
8622327 190257608 1
8622327 191769667 2
8622327 192988782 1
26358972 53567302 1
26358972 97362282 1
26358972 115749962 1
26358972 118897472 1
26358972 123048972 1
26358972 179488762 1
26358972 189609130 1
26358972 190257608 1
26358972 191769667 1
26358972 192988782 1
53567302 97362282 1
53567302 115749962 1
53567302 118897472 1
53567302 123048972 1
53567302 179488762 1
53567302 189609130 1
53567302 190257608 1
53567302 191769667 1
53567302 192988782 1
97362282 115749962 2
97362282 118897472 1
97362282 123048972 2
97362282 179488762 2
97362282 189609130 1
97362282 190257608 1
97362282 191769667 2
97362282 192988782 1
115749962 118897472 1
115749962 123048972 2
115749962 179488762 2
115749962 189609130 1
115749962 190257608 1
115749962 191769667 2
115749962 192988782 1
118897472 123048972 1
118897472 179488762 1
118897472 189609130 1
118897472 190257608 1
118897472 191769667 1
118897472 192988782 1
123048972 179488762 2
123048972 190257608 1
123048972 191769667 2
179488762 189609130 1
179488762 190257608 1
179488762 191769667 2
179488762 192988782 1
189609130 190257608 1
189609130 191769667 1
190257608 191769667 1
190257608 192988782 1
191769667 192988782 1
162015842 189265173 1
8622327 28369482 1
8622327 161922042 1
8622327 182881169 1
8622327 183015332 1
8622327 191937869 1
8622327 192138530 1
8622327 194245504 1
28369482 97362282 1
28369482 115749962 1
28369482 161922042 1
28369482 179488762 1
28369482 183015332 1
28369482 191769667 1
28369482 191937869 1
28369482 192138530 1
28369482 194245504 1
97362282 161922042 1
97362282 182881169 1
97362282 183015332 1
97362282 191937869 1
97362282 192138530 1
97362282 194245504 2
115749962 161922042 1
115749962 182881169 1
115749962 183015332 1
115749962 191937869 1
115749962 192138530 1
115749962 194245504 1
123048972 161922042 1
123048972 183015332 1
123048972 191937869 1
123048972 192138530 1
123048972 194245504 1
161922042 179488762 1
161922042 182881169 1
161922042 183015332 1
161922042 191769667 1
161922042 191937869 1
161922042 192138530 1
161922042 194245504 1
179488762 182881169 1
179488762 183015332 1
179488762 191937869 1
179488762 192138530 1
179488762 194245504 1
182881169 183015332 1
182881169 191769667 1
182881169 191937869 1
182881169 192138530 1
182881169 194245504 1
183015332 191769667 1
183015332 191937869 1
183015332 192138530 1
183015332 194245504 1
191769667 191937869 1
191769667 192138530 1
191769667 194245504 1
191937869 192138530 1
191937869 194245504 1
192138530 194245504 1
97362282 189265173 1
189265173 194245504 1
71396342 182745578 1
71396342 189265173 1
71396342 195821201 1
71396342 196146595 1
182745578 189265173 1
182745578 195821201 1
182745578 196146595 1
189265173 195821201 1
189265173 196146595 1
195821201 196146595 1
