137340672 189891461 10645767 88481932 184704783 13701904 186000145 13973272 184967323 191950107 129076382 12110494 35202852 187026599 48148392 185296040 316474 11444541 186790590 91563712 191918786 190757190 154606022 13795020 177109842 184695899 8330205 186996061 91679712 191000416 189069026 189986149 186937701 162680042 12066794 186046827 106414062 188475375
316474 48148392 2
316474 162680042 8
316474 186000145 7
48148392 162680042 3
48148392 186000145 3
162680042 186000145 8
13973272 48148392 1
13973272 129076382 1
13973272 162680042 1
13973272 186000145 1
13973272 187026599 1
48148392 129076382 2
48148392 187026599 2
129076382 162680042 5
129076382 186000145 4
129076382 187026599 3
162680042 187026599 4
186000145 187026599 4
316474 8330205 6
316474 129076382 4
316474 186790590 1
316474 187026599 3
8330205 48148392 1
8330205 129076382 4
8330205 162680042 6
8330205 186000145 5
8330205 186790590 1
8330205 187026599 3
48148392 186790590 1
129076382 186790590 1
162680042 186790590 1
186000145 186790590 1
186790590 187026599 1
316474 11444541 4
316474 177109842 3
316474 184704783 4
316474 184967323 4
316474 189069026 3
8330205 11444541 4
8330205 177109842 3
8330205 184704783 4
8330205 184967323 3
8330205 189069026 2
11444541 162680042 4
11444541 177109842 2
11444541 184704783 3
11444541 184967323 3
11444541 186000145 3
11444541 189069026 2
162680042 177109842 4
162680042 184704783 4
162680042 184967323 5
162680042 189069026 4
177109842 184704783 3
177109842 184967323 3
177109842 186000145 3
177109842 189069026 3
184704783 184967323 3
184704783 186000145 4
184704783 189069026 2
184967323 186000145 4
184967323 189069026 4
186000145 189069026 3
35202852 91679712 1
35202852 162680042 4
35202852 177109842 2
35202852 184967323 2
35202852 189069026 1
35202852 189891461 1
35202852 189986149 2
91679712 162680042 1
91679712 177109842 1
91679712 184967323 1
91679712 189069026 1
91679712 189891461 1
91679712 189986149 1
162680042 189891461 1
162680042 189986149 3
177109842 189891461 1
177109842 189986149 1
184967323 189891461 1
184967323 189986149 2
189069026 189891461 1
189069026 189986149 2
189891461 189986149 1
316474 13701904 2
316474 91563712 1
316474 137340672 5
316474 184695899 4
316474 189986149 2
316474 190757190 1
13701904 91563712 1
13701904 137340672 2
13701904 162680042 2
13701904 184695899 2
13701904 184967323 1
13701904 186000145 1
13701904 189069026 1
13701904 189986149 2
13701904 190757190 1
91563712 137340672 1
91563712 162680042 1
91563712 184695899 1
91563712 184967323 1
91563712 186000145 1
91563712 189069026 1
91563712 189986149 1
91563712 190757190 1
137340672 162680042 5
137340672 184695899 4
137340672 184967323 3
137340672 186000145 4
137340672 189069026 2
137340672 189986149 2
137340672 190757190 1
162680042 184695899 4
162680042 190757190 1
184695899 184967323 2
184695899 186000145 3
184695899 189069026 2
184695899 189986149 2
184695899 190757190 1
184967323 190757190 1
186000145 189986149 1
186000145 190757190 1
189069026 190757190 1
189986149 190757190 1
316474 12110494 3
316474 13795020 4
316474 35202852 3
316474 106414062 2
316474 154606022 2
316474 186937701 3
316474 191000416 1
8330205 12110494 3
8330205 13701904 1
8330205 13795020 4
8330205 35202852 3
8330205 106414062 2
8330205 137340672 4
8330205 154606022 2
8330205 184695899 3
8330205 186937701 3
8330205 189986149 1
8330205 191000416 1
11444541 12110494 2
11444541 13701904 1
11444541 13795020 3
11444541 35202852 2
11444541 106414062 2
11444541 129076382 2
11444541 137340672 3
11444541 154606022 1
11444541 184695899 2
11444541 186937701 2
11444541 189986149 1
11444541 191000416 1
12110494 13701904 1
12110494 13795020 3
12110494 35202852 2
12110494 106414062 2
12110494 129076382 2
12110494 137340672 3
12110494 154606022 2
12110494 162680042 3
12110494 184695899 3
12110494 186937701 3
12110494 189986149 1
12110494 191000416 1
13701904 13795020 1
13701904 35202852 1
13701904 106414062 1
13701904 129076382 1
13701904 154606022 1
13701904 186937701 1
13701904 191000416 1
13795020 35202852 3
13795020 106414062 2
13795020 129076382 3
13795020 137340672 4
13795020 154606022 2
13795020 162680042 4
13795020 184695899 3
13795020 186937701 3
13795020 189986149 1
13795020 191000416 1
35202852 106414062 1
35202852 129076382 3
35202852 137340672 3
35202852 154606022 2
35202852 184695899 2
35202852 186937701 2
35202852 191000416 1
106414062 129076382 1
106414062 137340672 2
106414062 154606022 1
106414062 162680042 2
106414062 184695899 2
106414062 186937701 2
106414062 189986149 1
106414062 191000416 1
129076382 137340672 3
129076382 154606022 2
129076382 184695899 2
129076382 186937701 2
129076382 189986149 1
129076382 191000416 1
137340672 154606022 2
137340672 186937701 3
137340672 191000416 1
154606022 162680042 2
154606022 184695899 2
154606022 186937701 2
154606022 189986149 1
154606022 191000416 1
162680042 186937701 3
162680042 191000416 1
184695899 186937701 3
184695899 191000416 1
186937701 189986149 1
186937701 191000416 1
189986149 191000416 1
316474 88481932 2
316474 186996061 3
316474 188475375 3
316474 191918786 2
316474 191950107 3
8330205 88481932 2
8330205 186996061 3
8330205 188475375 3
8330205 191918786 2
8330205 191950107 3
11444541 88481932 2
11444541 186996061 2
11444541 187026599 2
11444541 188475375 2
11444541 191918786 2
11444541 191950107 2
13795020 88481932 2
13795020 184704783 3
13795020 184967323 2
13795020 186000145 3
13795020 186996061 3
13795020 187026599 2
13795020 188475375 3
13795020 191918786 2
13795020 191950107 3
35202852 88481932 1
35202852 184704783 2
35202852 186000145 2
35202852 186996061 2
35202852 187026599 1
35202852 188475375 2
35202852 191918786 1
35202852 191950107 2
88481932 129076382 1
88481932 137340672 2
88481932 162680042 2
88481932 184704783 2
88481932 184967323 2
88481932 186000145 2
88481932 186996061 2
88481932 187026599 2
88481932 188475375 2
88481932 191918786 2
88481932 191950107 2
129076382 184704783 2
129076382 184967323 1
129076382 186996061 2
129076382 188475375 2
129076382 191918786 1
129076382 191950107 2
137340672 184704783 3
137340672 186996061 3
137340672 187026599 2
137340672 188475375 3
137340672 191918786 2
137340672 191950107 3
162680042 186996061 3
162680042 188475375 3
162680042 191918786 2
162680042 191950107 3
184704783 186996061 3
184704783 187026599 2
184704783 188475375 3
184704783 191918786 2
184704783 191950107 3
184967323 186996061 2
184967323 187026599 2
184967323 188475375 2
184967323 191918786 2
184967323 191950107 2
186000145 186996061 3
186000145 188475375 3
186000145 191918786 2
186000145 191950107 3
186996061 187026599 2
186996061 188475375 3
186996061 191918786 2
186996061 191950107 3
187026599 188475375 2
187026599 191918786 2
187026599 191950107 2
188475375 191918786 2
188475375 191950107 3
191918786 191950107 2
12110494 177109842 2
12110494 184704783 2
12110494 186000145 2
12110494 186996061 2
12110494 188475375 2
12110494 191950107 2
13795020 177109842 2
129076382 177109842 1
137340672 177109842 2
154606022 177109842 1
154606022 184704783 1
154606022 186000145 1
154606022 186996061 1
154606022 188475375 1
154606022 191950107 1
177109842 184695899 2
177109842 186937701 2
177109842 186996061 2
177109842 188475375 2
177109842 191950107 2
184695899 184704783 2
184695899 186996061 2
184695899 188475375 2
184695899 191950107 2
184704783 186937701 2
186000145 186937701 2
186937701 186996061 2
186937701 188475375 2
186937701 191950107 2
316474 10645767 1
316474 12066794 1
316474 185296040 1
316474 186046827 1
8330205 10645767 1
8330205 12066794 1
8330205 185296040 1
8330205 186046827 1
10645767 11444541 1
10645767 12066794 1
10645767 12110494 1
10645767 13795020 1
10645767 88481932 1
10645767 106414062 1
10645767 137340672 1
10645767 162680042 1
10645767 177109842 1
10645767 184695899 1
10645767 184704783 1
10645767 184967323 1
10645767 185296040 1
10645767 186000145 1
10645767 186046827 1
10645767 186937701 1
10645767 186996061 1
10645767 187026599 1
10645767 188475375 1
10645767 189069026 1
10645767 191918786 1
10645767 191950107 1
11444541 12066794 1
11444541 185296040 1
11444541 186046827 1
12066794 12110494 1
12066794 13795020 1
12066794 88481932 1
12066794 106414062 1
12066794 137340672 1
12066794 162680042 1
12066794 177109842 1
12066794 184695899 1
12066794 184704783 1
12066794 184967323 1
12066794 185296040 1
12066794 186000145 1
12066794 186046827 1
12066794 186937701 1
12066794 186996061 1
12066794 187026599 1
12066794 188475375 1
12066794 189069026 1
12066794 191918786 1
12066794 191950107 1
12110494 88481932 1
12110494 184967323 1
12110494 185296040 1
12110494 186046827 1
12110494 187026599 1
12110494 189069026 1
12110494 191918786 1
13795020 185296040 1
13795020 186046827 1
13795020 189069026 1
88481932 106414062 1
88481932 177109842 1
88481932 184695899 1
88481932 185296040 1
88481932 186046827 1
88481932 186937701 1
88481932 189069026 1
106414062 177109842 1
106414062 184704783 1
106414062 184967323 1
106414062 185296040 1
106414062 186000145 1
106414062 186046827 1
106414062 186996061 1
106414062 187026599 1
106414062 188475375 1
106414062 189069026 1
106414062 191918786 1
106414062 191950107 1
137340672 185296040 1
137340672 186046827 1
162680042 185296040 1
162680042 186046827 1
177109842 185296040 1
177109842 186046827 1
177109842 187026599 1
177109842 191918786 1
184695899 185296040 1
184695899 186046827 1
184695899 187026599 1
184695899 191918786 1
184704783 185296040 1
184704783 186046827 1
184967323 185296040 1
184967323 186046827 1
184967323 186937701 1
185296040 186000145 1
185296040 186046827 1
185296040 186937701 1
185296040 186996061 1
185296040 187026599 1
185296040 188475375 1
185296040 189069026 1
185296040 191918786 1
185296040 191950107 1
186000145 186046827 1
186046827 186937701 1
186046827 186996061 1
186046827 187026599 1
186046827 188475375 1
186046827 189069026 1
186046827 191918786 1
186046827 191950107 1
186937701 187026599 1
186937701 189069026 1
186937701 191918786 1
186996061 189069026 1
187026599 189069026 1
188475375 189069026 1
189069026 191918786 1
189069026 191950107 1
