185365634 188345349 80718472 189913354 191207178 185383570 14583827 12047122 146545432 50727962 191373082 191504028 191500186 47292062 186739870 11651232 184920866 191498274 190741157 100545062 65156392 190890667 190942892 190645807 189027888 10033714 143131572 189946808 183952698 106134972 56198972 30753342 6421823 190799424 8083775 82585982 14171581 110854332 190229189 95844422 13563466 185588683 182530637 190886095 73656272 183568977 25993042 183466962 2612560 189803228 12466530 87247842 109335782 181106152 155282282 11700338 179317362 191367796 191465208 1428729 55474942 188605823
11700338 14583827 2
11700338 25993042 3
11700338 47292062 2
11700338 80718472 1
11700338 95844422 1
11700338 106134972 2
11700338 109335782 3
11700338 185383570 1
11700338 188605823 2
11700338 189027888 2
11700338 189946808 1
11700338 190741157 1
14583827 25993042 3
14583827 47292062 3
14583827 80718472 1
14583827 95844422 1
14583827 106134972 2
14583827 109335782 2
14583827 185383570 1
14583827 188605823 1
14583827 189027888 2
14583827 189946808 1
14583827 190741157 1
25993042 47292062 7
25993042 80718472 1
25993042 95844422 2
25993042 106134972 5
25993042 109335782 4
25993042 185383570 1
25993042 188605823 4
25993042 189027888 6
25993042 189946808 2
25993042 190741157 1
47292062 80718472 1
47292062 95844422 2
47292062 106134972 5
47292062 109335782 3
47292062 185383570 1
47292062 188605823 4
47292062 189027888 6
47292062 189946808 2
47292062 190741157 1
80718472 95844422 1
80718472 106134972 1
80718472 109335782 1
80718472 185383570 1
80718472 188605823 1
80718472 189027888 1
80718472 189946808 1
80718472 190741157 1
95844422 106134972 2
95844422 109335782 2
95844422 185383570 1
95844422 188605823 2
95844422 189027888 2
95844422 189946808 2
95844422 190741157 1
106134972 109335782 3
106134972 185383570 1
106134972 188605823 3
106134972 189027888 5
106134972 189946808 2
106134972 190741157 1
109335782 185383570 1
109335782 188605823 3
109335782 189027888 3
109335782 189946808 2
109335782 190741157 1
185383570 188605823 1
185383570 189027888 1
185383570 189946808 1
185383570 190741157 1
188605823 189027888 4
188605823 189946808 2
188605823 190741157 1
189027888 189946808 2
189027888 190741157 1
189946808 190741157 1
12466530 14583827 1
12466530 25993042 3
12466530 30753342 1
12466530 47292062 4
12466530 50727962 3
12466530 73656272 1
12466530 87247842 1
12466530 106134972 3
12466530 184920866 1
12466530 185365634 1
12466530 186739870 4
12466530 189027888 3
12466530 189913354 3
12466530 190799424 2
12466530 190890667 1
14583827 30753342 1
14583827 50727962 1
14583827 73656272 1
14583827 87247842 1
14583827 184920866 1
14583827 185365634 1
14583827 186739870 2
14583827 189913354 2
14583827 190799424 2
14583827 190890667 1
25993042 30753342 1
25993042 50727962 2
25993042 73656272 1
25993042 87247842 2
25993042 184920866 1
25993042 185365634 1
25993042 186739870 6
25993042 189913354 6
25993042 190799424 5
25993042 190890667 2
30753342 47292062 1
30753342 50727962 1
30753342 73656272 1
30753342 87247842 1
30753342 106134972 1
30753342 184920866 1
30753342 185365634 1
30753342 186739870 1
30753342 189027888 1
30753342 189913354 1
30753342 190799424 1
30753342 190890667 1
47292062 50727962 3
47292062 73656272 1
47292062 87247842 1
47292062 184920866 2
47292062 185365634 1
47292062 186739870 7
47292062 189913354 6
47292062 190799424 5
47292062 190890667 2
50727962 73656272 1
50727962 87247842 1
50727962 106134972 2
50727962 184920866 1
50727962 185365634 1
50727962 186739870 3
50727962 189027888 2
50727962 189913354 2
50727962 190799424 2
50727962 190890667 1
73656272 87247842 1
73656272 106134972 1
73656272 184920866 1
73656272 185365634 1
73656272 186739870 1
73656272 189027888 1
73656272 189913354 1
73656272 190799424 1
73656272 190890667 1
87247842 106134972 2
87247842 184920866 1
87247842 185365634 1
87247842 186739870 2
87247842 189027888 2
87247842 189913354 2
87247842 190799424 2
87247842 190890667 1
106134972 184920866 1
106134972 185365634 1
106134972 186739870 4
106134972 189913354 5
106134972 190799424 2
106134972 190890667 2
184920866 185365634 1
184920866 186739870 2
184920866 189027888 2
184920866 189913354 1
184920866 190799424 2
184920866 190890667 1
185365634 186739870 1
185365634 189027888 1
185365634 189913354 1
185365634 190799424 1
185365634 190890667 1
186739870 189027888 5
186739870 189913354 6
186739870 190799424 6
186739870 190890667 1
189027888 189913354 4
189027888 190799424 4
189027888 190890667 2
189913354 190799424 4
189913354 190890667 2
190799424 190890667 1
6421823 8083775 1
6421823 12466530 2
6421823 13563466 1
6421823 47292062 2
6421823 50727962 1
6421823 65156392 1
6421823 106134972 2
6421823 146545432 1
6421823 186739870 2
6421823 189913354 2
8083775 12466530 1
8083775 13563466 2
8083775 47292062 2
8083775 50727962 1
8083775 65156392 2
8083775 106134972 3
8083775 146545432 3
8083775 186739870 2
8083775 189913354 3
12466530 13563466 1
12466530 65156392 2
12466530 146545432 1
13563466 47292062 1
13563466 50727962 1
13563466 65156392 1
13563466 106134972 2
13563466 146545432 2
13563466 186739870 2
13563466 189913354 2
47292062 65156392 4
47292062 146545432 2
50727962 65156392 2
50727962 146545432 1
65156392 106134972 2
65156392 146545432 2
65156392 186739870 3
65156392 189913354 2
106134972 146545432 3
146545432 186739870 2
146545432 189913354 3
12466530 185588683 1
25993042 65156392 2
25993042 185588683 1
47292062 185588683 1
50727962 185588683 1
65156392 185588683 1
65156392 189027888 3
65156392 190799424 2
185588683 186739870 1
185588683 189027888 1
185588683 190799424 1
25993042 55474942 2
25993042 143131572 3
25993042 188345349 2
25993042 190645807 1
25993042 191367796 5
25993042 191504028 1
47292062 55474942 2
47292062 143131572 3
47292062 188345349 2
47292062 190645807 1
47292062 191367796 4
47292062 191504028 1
55474942 143131572 2
55474942 186739870 2
55474942 188345349 2
55474942 188605823 1
55474942 189913354 2
55474942 190645807 1
55474942 190799424 1
55474942 191367796 2
55474942 191504028 1
143131572 186739870 2
143131572 188345349 2
143131572 188605823 2
143131572 189913354 3
143131572 190645807 1
143131572 190799424 1
143131572 191367796 3
143131572 191504028 1
186739870 188345349 2
186739870 188605823 3
186739870 190645807 1
186739870 191367796 4
186739870 191504028 1
188345349 188605823 1
188345349 189913354 2
188345349 190645807 1
188345349 190799424 1
188345349 191367796 2
188345349 191504028 1
188605823 189913354 3
188605823 190645807 1
188605823 190799424 3
188605823 191367796 3
188605823 191504028 1
189913354 190645807 1
189913354 191367796 5
189913354 191504028 1
190645807 190799424 1
190645807 191367796 1
190645807 191504028 1
190799424 191367796 3
190799424 191504028 1
191367796 191504028 1
1428729 6421823 1
1428729 12466530 1
1428729 25993042 1
1428729 47292062 1
1428729 55474942 1
1428729 106134972 1
1428729 143131572 1
1428729 183466962 1
1428729 186739870 1
1428729 188345349 1
1428729 189027888 1
1428729 189913354 1
1428729 190886095 1
1428729 191207178 1
1428729 191367796 1
6421823 25993042 1
6421823 55474942 1
6421823 143131572 1
6421823 183466962 1
6421823 188345349 1
6421823 189027888 1
6421823 190886095 1
6421823 191207178 1
6421823 191367796 1
12466530 55474942 1
12466530 143131572 1
12466530 183466962 1
12466530 188345349 1
12466530 190886095 1
12466530 191207178 1
12466530 191367796 1
25993042 183466962 3
25993042 190886095 1
25993042 191207178 2
47292062 183466962 2
47292062 190886095 1
47292062 191207178 2
55474942 106134972 1
55474942 183466962 1
55474942 189027888 1
55474942 190886095 1
55474942 191207178 1
106134972 143131572 2
106134972 183466962 3
106134972 188345349 1
106134972 190886095 1
106134972 191207178 1
106134972 191367796 3
143131572 183466962 2
143131572 189027888 2
143131572 190886095 1
143131572 191207178 1
183466962 186739870 2
183466962 188345349 1
183466962 189027888 3
183466962 189913354 3
183466962 190886095 1
183466962 191207178 1
183466962 191367796 3
186739870 190886095 1
186739870 191207178 2
188345349 189027888 1
188345349 190886095 1
188345349 191207178 1
189027888 190886095 1
189027888 191207178 1
189027888 191367796 3
189913354 190886095 1
189913354 191207178 2
190886095 191207178 1
190886095 191367796 1
191207178 191367796 2
8083775 25993042 2
8083775 56198972 1
8083775 82585982 1
8083775 95844422 1
8083775 100545062 1
8083775 109335782 2
8083775 143131572 1
8083775 155282282 1
8083775 179317362 1
8083775 181106152 1
8083775 182530637 1
8083775 183466962 2
8083775 183568977 1
8083775 183952698 1
8083775 188605823 2
8083775 189027888 2
8083775 189946808 1
8083775 190890667 1
8083775 191367796 2
8083775 191465208 1
25993042 56198972 1
25993042 82585982 1
25993042 100545062 1
25993042 146545432 2
25993042 155282282 1
25993042 179317362 1
25993042 181106152 1
25993042 182530637 1
25993042 183568977 1
25993042 183952698 1
25993042 191465208 1
47292062 56198972 1
47292062 82585982 2
47292062 100545062 1
47292062 155282282 1
47292062 179317362 1
47292062 181106152 1
47292062 182530637 1
47292062 183568977 2
47292062 183952698 1
47292062 191465208 1
56198972 65156392 1
56198972 82585982 1
56198972 95844422 1
56198972 100545062 1
56198972 106134972 1
56198972 109335782 1
56198972 143131572 1
56198972 146545432 1
56198972 155282282 1
56198972 179317362 1
56198972 181106152 1
56198972 182530637 1
56198972 183466962 1
56198972 183568977 1
56198972 183952698 1
56198972 188605823 1
56198972 189027888 1
56198972 189913354 1
56198972 189946808 1
56198972 190890667 1
56198972 191367796 1
56198972 191465208 1
65156392 82585982 2
65156392 95844422 1
65156392 100545062 1
65156392 109335782 1
65156392 143131572 1
65156392 155282282 1
65156392 179317362 1
65156392 181106152 1
65156392 182530637 1
65156392 183466962 1
65156392 183568977 2
65156392 183952698 1
65156392 188605823 2
65156392 189946808 1
65156392 190890667 1
65156392 191367796 1
65156392 191465208 1
82585982 95844422 1
82585982 100545062 1
82585982 106134972 1
82585982 109335782 1
82585982 143131572 1
82585982 146545432 1
82585982 155282282 1
82585982 179317362 1
82585982 181106152 1
82585982 182530637 1
82585982 183466962 1
82585982 183568977 2
82585982 183952698 1
82585982 188605823 2
82585982 189027888 2
82585982 189913354 1
82585982 189946808 1
82585982 190890667 1
82585982 191367796 1
82585982 191465208 1
95844422 100545062 1
95844422 143131572 1
95844422 146545432 1
95844422 155282282 1
95844422 179317362 1
95844422 181106152 1
95844422 182530637 1
95844422 183466962 1
95844422 183568977 1
95844422 183952698 1
95844422 189913354 1
95844422 190890667 1
95844422 191367796 1
95844422 191465208 1
100545062 106134972 1
100545062 109335782 1
100545062 143131572 1
100545062 146545432 1
100545062 155282282 1
100545062 179317362 1
100545062 181106152 1
100545062 182530637 1
100545062 183466962 1
100545062 183568977 1
100545062 183952698 1
100545062 188605823 1
100545062 189027888 1
100545062 189913354 1
100545062 189946808 1
100545062 190890667 1
100545062 191367796 1
100545062 191465208 1
106134972 155282282 1
106134972 179317362 1
106134972 181106152 1
106134972 182530637 1
106134972 183568977 1
106134972 183952698 1
106134972 191465208 1
109335782 143131572 1
109335782 146545432 2
109335782 155282282 1
109335782 179317362 1
109335782 181106152 1
109335782 182530637 1
109335782 183466962 2
109335782 183568977 1
109335782 183952698 1
109335782 189913354 3
109335782 190890667 1
109335782 191367796 3
109335782 191465208 1
143131572 146545432 1
143131572 155282282 1
143131572 179317362 1
143131572 181106152 1
143131572 182530637 1
143131572 183568977 1
143131572 183952698 1
143131572 189946808 1
143131572 190890667 1
143131572 191465208 1
146545432 155282282 1
146545432 179317362 1
146545432 181106152 1
146545432 182530637 1
146545432 183466962 2
146545432 183568977 1
146545432 183952698 1
146545432 188605823 2
146545432 189027888 2
146545432 189946808 1
146545432 190890667 1
146545432 191367796 2
146545432 191465208 1
155282282 179317362 1
155282282 181106152 1
155282282 182530637 1
155282282 183466962 1
155282282 183568977 1
155282282 183952698 1
155282282 188605823 1
155282282 189027888 1
155282282 189913354 1
155282282 189946808 1
155282282 190890667 1
155282282 191367796 1
155282282 191465208 1
179317362 181106152 1
179317362 182530637 1
179317362 183466962 1
179317362 183568977 1
179317362 183952698 1
179317362 188605823 1
179317362 189027888 1
179317362 189913354 1
179317362 189946808 1
179317362 190890667 1
179317362 191367796 1
179317362 191465208 1
181106152 182530637 1
181106152 183466962 1
181106152 183568977 1
181106152 183952698 1
181106152 188605823 1
181106152 189027888 1
181106152 189913354 1
181106152 189946808 1
181106152 190890667 1
181106152 191367796 1
181106152 191465208 1
182530637 183466962 1
182530637 183568977 1
182530637 183952698 1
182530637 188605823 1
182530637 189027888 1
182530637 189913354 1
182530637 189946808 1
182530637 190890667 1
182530637 191367796 1
182530637 191465208 1
183466962 183568977 1
183466962 183952698 1
183466962 188605823 2
183466962 189946808 1
183466962 190890667 1
183466962 191465208 1
183568977 183952698 1
183568977 188605823 2
183568977 189027888 2
183568977 189913354 1
183568977 189946808 1
183568977 190890667 1
183568977 191367796 1
183568977 191465208 1
183952698 188605823 1
183952698 189027888 1
183952698 189913354 1
183952698 189946808 1
183952698 190890667 1
183952698 191367796 1
183952698 191465208 1
188605823 190890667 1
188605823 191465208 1
189027888 191465208 1
189913354 189946808 1
189913354 191465208 1
189946808 190890667 1
189946808 191367796 1
189946808 191465208 1
190890667 191367796 1
190890667 191465208 1
191367796 191465208 1
2612560 11700338 1
2612560 14583827 1
2612560 25993042 1
2612560 47292062 1
2612560 109335782 1
2612560 186739870 1
2612560 189913354 1
2612560 190799424 1
2612560 191207178 1
2612560 191367796 1
11700338 186739870 2
11700338 189913354 2
11700338 190799424 2
11700338 191207178 1
11700338 191367796 2
14583827 191207178 1
14583827 191367796 1
109335782 186739870 2
109335782 190799424 2
109335782 191207178 1
190799424 191207178 1
8083775 10033714 1
8083775 11651232 1
8083775 11700338 1
8083775 14171581 1
8083775 87247842 1
8083775 110854332 1
8083775 190229189 1
8083775 190799424 1
8083775 190942892 1
8083775 191373082 1
8083775 191498274 1
8083775 191500186 1
10033714 11651232 1
10033714 11700338 1
10033714 13563466 1
10033714 14171581 1
10033714 25993042 1
10033714 87247842 1
10033714 106134972 1
10033714 109335782 1
10033714 110854332 1
10033714 146545432 1
10033714 183466962 1
10033714 186739870 1
10033714 188605823 1
10033714 189027888 1
10033714 189913354 1
10033714 190229189 1
10033714 190799424 1
10033714 190942892 1
10033714 191367796 1
10033714 191373082 1
10033714 191498274 1
10033714 191500186 1
11651232 11700338 1
11651232 13563466 1
11651232 14171581 1
11651232 25993042 1
11651232 87247842 1
11651232 106134972 1
11651232 109335782 1
11651232 110854332 1
11651232 146545432 1
11651232 183466962 1
11651232 186739870 1
11651232 188605823 1
11651232 189027888 1
11651232 189913354 1
11651232 190229189 1
11651232 190799424 1
11651232 190942892 1
11651232 191367796 1
11651232 191373082 1
11651232 191498274 1
11651232 191500186 1
11700338 13563466 1
11700338 14171581 1
11700338 87247842 1
11700338 110854332 1
11700338 146545432 1
11700338 183466962 1
11700338 190229189 1
11700338 190942892 1
11700338 191373082 1
11700338 191498274 1
11700338 191500186 1
13563466 14171581 1
13563466 25993042 1
13563466 87247842 1
13563466 109335782 1
13563466 110854332 1
13563466 183466962 1
13563466 188605823 1
13563466 189027888 1
13563466 190229189 1
13563466 190799424 1
13563466 190942892 1
13563466 191367796 1
13563466 191373082 1
13563466 191498274 1
13563466 191500186 1
14171581 25993042 1
14171581 87247842 1
14171581 106134972 1
14171581 109335782 1
14171581 110854332 1
14171581 146545432 1
14171581 183466962 1
14171581 186739870 1
14171581 188605823 1
14171581 189027888 1
14171581 189913354 1
14171581 190229189 1
14171581 190799424 1
14171581 190942892 1
14171581 191367796 1
14171581 191373082 1
14171581 191498274 1
14171581 191500186 1
25993042 110854332 1
25993042 190229189 1
25993042 190942892 1
25993042 191373082 1
25993042 191498274 1
25993042 191500186 1
87247842 109335782 1
87247842 110854332 1
87247842 146545432 1
87247842 183466962 1
87247842 188605823 1
87247842 190229189 1
87247842 190942892 1
87247842 191367796 1
87247842 191373082 1
87247842 191498274 1
87247842 191500186 1
106134972 110854332 1
106134972 190229189 1
106134972 190942892 1
106134972 191373082 1
106134972 191498274 1
106134972 191500186 1
109335782 110854332 1
109335782 190229189 1
109335782 190942892 1
109335782 191373082 1
109335782 191498274 1
109335782 191500186 1
110854332 146545432 1
110854332 183466962 1
110854332 186739870 2
110854332 188605823 2
110854332 189027888 2
110854332 189913354 1
110854332 190229189 1
110854332 190799424 2
110854332 190942892 1
110854332 191367796 1
110854332 191373082 1
110854332 191498274 1
110854332 191500186 1
146545432 190229189 1
146545432 190799424 1
146545432 190942892 1
146545432 191373082 1
146545432 191498274 1
146545432 191500186 1
183466962 190229189 1
183466962 190799424 1
183466962 190942892 1
183466962 191373082 1
183466962 191498274 1
183466962 191500186 1
186739870 190229189 1
186739870 190942892 1
186739870 191373082 1
186739870 191498274 1
186739870 191500186 1
188605823 190229189 1
188605823 190942892 1
188605823 191373082 1
188605823 191498274 1
188605823 191500186 1
189027888 190229189 1
189027888 190942892 1
189027888 191373082 1
189027888 191498274 1
189027888 191500186 1
189913354 190229189 1
189913354 190942892 1
189913354 191373082 1
189913354 191498274 1
189913354 191500186 1
190229189 190799424 1
190229189 190942892 1
190229189 191367796 1
190229189 191373082 1
190229189 191498274 1
190229189 191500186 1
190799424 190942892 1
190799424 191373082 1
190799424 191498274 1
190799424 191500186 1
190942892 191367796 1
190942892 191373082 1
190942892 191498274 1
190942892 191500186 1
191367796 191373082 1
191367796 191498274 1
191367796 191500186 1
191373082 191498274 1
191373082 191500186 1
191498274 191500186 1
12047122 47292062 1
12047122 65156392 1
12047122 82585982 1
12047122 110854332 1
12047122 183568977 1
12047122 184920866 1
12047122 186739870 1
12047122 188605823 1
12047122 189027888 1
12047122 189803228 1
12047122 190799424 1
47292062 110854332 1
47292062 189803228 1
65156392 110854332 1
65156392 184920866 1
65156392 189803228 1
82585982 110854332 1
82585982 184920866 1
82585982 186739870 1
82585982 189803228 1
82585982 190799424 1
110854332 183568977 1
110854332 184920866 1
110854332 189803228 1
183568977 184920866 1
183568977 186739870 1
183568977 189803228 1
183568977 190799424 1
184920866 188605823 1
184920866 189803228 1
186739870 189803228 1
188605823 189803228 1
189027888 189803228 1
189803228 190799424 1
