2630147 3163019 153228822 76953592 192262042 139240732 13041574 185919530 111481642 190841644 12397484 192600878 9836463 191286067 44673722 45299262 191250499 192554819 146200782 191400916 191250903 191891422 19086701 42973302 186738935 138691832
13041574 42973302 1
13041574 45299262 1
13041574 146200782 2
13041574 186738935 2
13041574 190841644 2
13041574 191250499 1
42973302 45299262 1
42973302 146200782 1
42973302 186738935 1
42973302 190841644 1
42973302 191250499 1
45299262 146200782 2
45299262 186738935 3
45299262 190841644 2
45299262 191250499 1
146200782 186738935 3
146200782 190841644 3
146200782 191250499 1
186738935 190841644 5
186738935 191250499 2
190841644 191250499 1
12397484 138691832 1
12397484 185919530 1
12397484 186738935 1
12397484 191250499 1
12397484 191250903 1
12397484 191286067 1
12397484 191400916 1
138691832 185919530 1
138691832 186738935 1
138691832 191250499 1
138691832 191250903 1
138691832 191286067 1
138691832 191400916 1
185919530 186738935 4
185919530 191250499 1
185919530 191250903 1
185919530 191286067 1
185919530 191400916 1
186738935 191250903 1
186738935 191286067 1
186738935 191400916 1
191250499 191250903 1
191250499 191286067 1
191250499 191400916 1
191250903 191286067 1
191250903 191400916 1
191286067 191400916 1
44673722 45299262 1
44673722 146200782 1
44673722 153228822 1
44673722 186738935 2
44673722 190841644 2
45299262 153228822 1
146200782 153228822 1
153228822 186738935 1
153228822 190841644 1
2630147 3163019 1
2630147 19086701 1
2630147 44673722 1
2630147 111481642 1
2630147 185919530 1
2630147 186738935 1
2630147 190841644 1
2630147 191891422 1
3163019 19086701 1
3163019 44673722 1
3163019 111481642 1
3163019 185919530 1
3163019 186738935 1
3163019 190841644 1
3163019 191891422 1
19086701 44673722 1
19086701 111481642 1
19086701 185919530 1
19086701 186738935 2
19086701 190841644 1
19086701 191891422 1
44673722 111481642 1
44673722 185919530 1
44673722 191891422 1
111481642 185919530 1
111481642 186738935 1
111481642 190841644 1
111481642 191891422 1
185919530 190841644 2
185919530 191891422 1
186738935 191891422 1
190841644 191891422 1
45299262 185919530 1
9836463 13041574 1
9836463 76953592 1
9836463 146200782 1
9836463 185919530 1
9836463 186738935 1
9836463 190841644 1
9836463 192554819 1
13041574 76953592 1
13041574 185919530 1
13041574 192554819 1
76953592 146200782 1
76953592 185919530 1
76953592 186738935 2
76953592 190841644 1
76953592 192554819 1
146200782 185919530 1
146200782 192554819 1
185919530 192554819 1
186738935 192554819 1
190841644 192554819 1
76953592 139240732 1
76953592 192262042 1
76953592 192600878 1
139240732 186738935 1
139240732 192262042 1
139240732 192600878 1
186738935 192262042 1
186738935 192600878 1
192262042 192600878 1
