1090273 193529220 59862822 8468807 5716488 12607786 3348779 77697422 192002575 10175600 114929522 193561464 3320728 6999256 193631641 82078522 6094463
6999256 8468807 1
6999256 10175600 1
6999256 12607786 1
6999256 77697422 1
6999256 114929522 1
6999256 193561464 1
8468807 10175600 1
8468807 12607786 1
8468807 77697422 1
8468807 114929522 1
8468807 193561464 1
10175600 12607786 3
10175600 77697422 2
10175600 114929522 3
10175600 193561464 1
12607786 77697422 3
12607786 114929522 10
12607786 193561464 7
77697422 114929522 3
77697422 193561464 2
114929522 193561464 7
10175600 193631641 1
12607786 193631641 2
114929522 193631641 2
3348779 12607786 1
3348779 114929522 1
3320728 6094463 1
3320728 12607786 2
3320728 59862822 1
3320728 114929522 2
3320728 193561464 2
6094463 12607786 1
6094463 59862822 1
6094463 114929522 1
6094463 193561464 1
12607786 59862822 1
59862822 114929522 1
59862822 193561464 1
12607786 82078522 2
12607786 193529220 1
77697422 82078522 1
77697422 193529220 1
82078522 114929522 2
82078522 193529220 1
82078522 193561464 2
114929522 193529220 1
193529220 193561464 1
1090273 12607786 2
1090273 114929522 2
1090273 192002575 1
1090273 193561464 2
1090273 193631641 1
12607786 192002575 1
114929522 192002575 1
192002575 193561464 1
192002575 193631641 1
193561464 193631641 1
3320728 82078522 1
5716488 12607786 1
5716488 114929522 1
5716488 193561464 1
