186267392 191761666 161428102 5716488 77697422 10147984 191661079 59862822 12607786 11843249 12532659 5607733 82078522 41921852 193203272 4121418 10514772 79285462 6999256 174933982 12674657 10175600 114929522
5607733 10147984 1
5607733 10175600 1
5607733 12607786 2
5607733 59862822 2
5607733 114929522 2
5607733 191761666 1
10147984 10175600 1
10147984 12607786 1
10147984 59862822 1
10147984 114929522 1
10147984 191761666 1
10175600 12607786 2
10175600 59862822 2
10175600 114929522 2
10175600 191761666 1
12607786 59862822 4
12607786 114929522 10
12607786 191761666 2
59862822 114929522 4
59862822 191761666 1
114929522 191761666 2
5607733 12532659 1
5607733 12674657 1
5607733 79285462 1
5607733 82078522 1
5607733 174933982 1
5607733 191661079 1
12532659 12607786 2
12532659 12674657 1
12532659 59862822 2
12532659 79285462 1
12532659 82078522 2
12532659 114929522 2
12532659 174933982 1
12532659 191661079 1
12607786 12674657 1
12607786 79285462 1
12607786 82078522 6
12607786 174933982 1
12607786 191661079 3
12674657 59862822 1
12674657 79285462 1
12674657 82078522 1
12674657 114929522 1
12674657 174933982 1
12674657 191661079 1
59862822 79285462 1
59862822 82078522 3
59862822 174933982 1
59862822 191661079 1
79285462 82078522 1
79285462 114929522 1
79285462 174933982 1
79285462 191661079 1
82078522 114929522 6
82078522 174933982 1
82078522 191661079 2
114929522 174933982 1
114929522 191661079 3
174933982 191661079 1
6999256 11843249 1
6999256 12607786 3
6999256 114929522 3
6999256 191661079 1
6999256 191761666 1
11843249 12607786 1
11843249 114929522 1
11843249 191661079 1
11843249 191761666 1
191661079 191761666 1
5716488 6999256 1
5716488 12532659 1
5716488 12607786 1
5716488 41921852 1
5716488 59862822 1
5716488 77697422 1
5716488 82078522 1
5716488 114929522 1
5716488 186267392 1
6999256 12532659 1
6999256 41921852 2
6999256 59862822 2
6999256 77697422 2
6999256 82078522 2
6999256 186267392 1
12532659 41921852 1
12532659 77697422 1
12532659 186267392 1
12607786 41921852 2
12607786 77697422 5
12607786 186267392 1
41921852 59862822 2
41921852 77697422 2
41921852 82078522 2
41921852 114929522 2
41921852 186267392 1
59862822 77697422 2
59862822 186267392 1
77697422 82078522 4
77697422 114929522 5
77697422 186267392 1
82078522 186267392 1
114929522 186267392 1
10514772 12607786 1
10514772 77697422 1
10514772 82078522 1
10514772 114929522 1
12607786 193203272 1
114929522 193203272 1
4121418 12607786 1
4121418 77697422 1
4121418 82078522 1
4121418 114929522 1
4121418 161428102 1
4121418 191661079 1
12607786 161428102 1
77697422 161428102 1
77697422 191661079 1
82078522 161428102 1
114929522 161428102 1
161428102 191661079 1
6999256 10175600 1
10175600 41921852 1
10175600 77697422 1
10175600 82078522 1
