6123715 14016871 69009162 158265582 5165494 191878969 152274012 178339262
5165494 14016871 2
5165494 69009162 1
5165494 152274012 3
5165494 158265582 1
5165494 178339262 1
5165494 191878969 1
14016871 69009162 2
14016871 152274012 3
14016871 158265582 2
14016871 178339262 1
14016871 191878969 1
69009162 152274012 2
69009162 158265582 2
69009162 178339262 1
69009162 191878969 1
152274012 158265582 2
152274012 178339262 1
152274012 191878969 1
158265582 178339262 1
158265582 191878969 1
178339262 191878969 1
6123715 14016871 1
6123715 69009162 1
6123715 152274012 1
6123715 158265582 1
