13470345 34605962 192543628 147542042 86930592 194821926 140057382 12864168 192093995 13715507 7934646 13725883 76872892 193692742 6536785 8171484 7255007 194297962 12172530 184138356 128920822 140693112
7255007 8171484 1
7255007 12864168 2
7255007 13470345 2
7255007 86930592 2
7255007 147542042 3
7255007 192543628 3
8171484 12864168 1
8171484 13470345 1
8171484 86930592 1
8171484 147542042 1
8171484 192543628 1
12864168 13470345 2
12864168 86930592 2
12864168 147542042 2
12864168 192543628 2
13470345 86930592 2
13470345 147542042 3
13470345 192543628 3
86930592 147542042 2
86930592 192543628 2
147542042 192543628 6
6536785 7255007 1
6536785 7934646 1
6536785 12864168 1
6536785 13470345 1
6536785 86930592 1
6536785 147542042 1
6536785 192543628 1
6536785 193692742 1
7255007 7934646 1
7255007 193692742 2
7934646 12864168 1
7934646 13470345 1
7934646 86930592 1
7934646 147542042 1
7934646 192543628 1
7934646 193692742 1
12864168 193692742 1
13470345 193692742 2
86930592 193692742 1
147542042 193692742 4
192543628 193692742 5
7255007 34605962 1
34605962 147542042 1
34605962 192543628 2
34605962 193692742 2
13725883 147542042 1
13725883 192543628 1
13725883 194821926 1
147542042 194821926 1
192543628 194821926 2
76872892 147542042 2
76872892 192543628 3
76872892 193692742 3
12172530 13470345 1
12172530 13715507 1
12172530 76872892 1
12172530 128920822 1
12172530 140057382 1
12172530 140693112 1
12172530 147542042 1
12172530 192093995 1
12172530 192543628 1
12172530 193692742 1
12172530 194297962 1
13470345 13715507 1
13470345 76872892 1
13470345 128920822 1
13470345 140057382 1
13470345 140693112 1
13470345 192093995 1
13470345 194297962 1
13715507 76872892 1
13715507 128920822 1
13715507 140057382 1
13715507 140693112 1
13715507 147542042 1
13715507 192093995 1
13715507 192543628 1
13715507 193692742 1
13715507 194297962 1
76872892 128920822 1
76872892 140057382 1
76872892 140693112 1
76872892 192093995 1
76872892 194297962 1
128920822 140057382 1
128920822 140693112 1
128920822 147542042 1
128920822 192093995 1
128920822 192543628 1
128920822 193692742 1
128920822 194297962 1
140057382 140693112 1
140057382 147542042 1
140057382 192093995 1
140057382 192543628 1
140057382 193692742 1
140057382 194297962 1
140693112 147542042 1
140693112 192093995 1
140693112 192543628 1
140693112 193692742 1
140693112 194297962 1
147542042 192093995 1
147542042 194297962 1
192093995 192543628 1
192093995 193692742 1
192093995 194297962 1
192543628 194297962 1
193692742 194297962 1
34605962 76872892 1
34605962 184138356 1
34605962 194821926 1
76872892 184138356 1
76872892 194821926 1
184138356 192543628 1
184138356 193692742 1
184138356 194821926 1
193692742 194821926 1
