14375040 11112856 59488152 2358808 3629471 96234912 160925602 30443432 75026472 6348970 12850477 11001909 164825402 5556030 9433921 10413121 81301702 73651022 43349722 9155546 152845402 174933982 1090273 64328682 10110956 128032492 4848884 6750456
1090273 2358808 1
1090273 3629471 1
1090273 4848884 1
1090273 5556030 1
1090273 6348970 1
1090273 6750456 1
1090273 9155546 1
1090273 9433921 1
1090273 10110956 1
1090273 10413121 1
1090273 11001909 1
1090273 11112856 1
1090273 12850477 1
1090273 14375040 1
1090273 30443432 1
1090273 43349722 1
1090273 59488152 1
1090273 64328682 1
1090273 73651022 1
1090273 75026472 1
1090273 81301702 1
1090273 96234912 1
1090273 128032492 1
1090273 152845402 1
1090273 160925602 1
1090273 164825402 1
1090273 174933982 1
2358808 3629471 1
2358808 4848884 1
2358808 5556030 1
2358808 6348970 1
2358808 6750456 1
2358808 9155546 1
2358808 9433921 1
2358808 10110956 1
2358808 10413121 1
2358808 11001909 1
2358808 11112856 1
2358808 12850477 1
2358808 14375040 1
2358808 30443432 1
2358808 43349722 1
2358808 59488152 1
2358808 64328682 1
2358808 73651022 1
2358808 75026472 1
2358808 81301702 1
2358808 96234912 1
2358808 128032492 1
2358808 152845402 1
2358808 160925602 1
2358808 164825402 1
2358808 174933982 1
3629471 4848884 1
3629471 5556030 1
3629471 6348970 1
3629471 6750456 1
3629471 9155546 1
3629471 9433921 1
3629471 10110956 1
3629471 10413121 1
3629471 11001909 1
3629471 11112856 1
3629471 12850477 1
3629471 14375040 1
3629471 30443432 1
3629471 43349722 1
3629471 59488152 1
3629471 64328682 1
3629471 73651022 1
3629471 75026472 1
3629471 81301702 1
3629471 96234912 1
3629471 128032492 1
3629471 152845402 1
3629471 160925602 1
3629471 164825402 1
3629471 174933982 1
4848884 5556030 1
4848884 6348970 1
4848884 6750456 1
4848884 9155546 1
4848884 9433921 1
4848884 10110956 1
4848884 10413121 1
4848884 11001909 1
4848884 11112856 1
4848884 12850477 1
4848884 14375040 1
4848884 30443432 1
4848884 43349722 1
4848884 59488152 1
4848884 64328682 1
4848884 73651022 1
4848884 75026472 1
4848884 81301702 1
4848884 96234912 1
4848884 128032492 1
4848884 152845402 1
4848884 160925602 1
4848884 164825402 1
4848884 174933982 1
5556030 6348970 1
5556030 6750456 1
5556030 9155546 1
5556030 9433921 1
5556030 10110956 1
5556030 10413121 1
5556030 11001909 1
5556030 11112856 1
5556030 12850477 1
5556030 14375040 1
5556030 30443432 1
5556030 43349722 1
5556030 59488152 1
5556030 64328682 1
5556030 73651022 1
5556030 75026472 1
5556030 81301702 1
5556030 96234912 1
5556030 128032492 1
5556030 152845402 1
5556030 160925602 1
5556030 164825402 1
5556030 174933982 1
6348970 6750456 1
6348970 9155546 1
6348970 9433921 1
6348970 10110956 1
6348970 10413121 1
6348970 11001909 1
6348970 11112856 1
6348970 12850477 1
6348970 14375040 1
6348970 30443432 1
6348970 43349722 1
6348970 59488152 1
6348970 64328682 1
6348970 73651022 1
6348970 75026472 1
6348970 81301702 1
6348970 96234912 1
6348970 128032492 1
6348970 152845402 1
6348970 160925602 1
6348970 164825402 1
6348970 174933982 1
6750456 9155546 1
6750456 9433921 1
6750456 10110956 1
6750456 10413121 1
6750456 11001909 1
6750456 11112856 1
6750456 12850477 1
6750456 14375040 1
6750456 30443432 1
6750456 43349722 1
6750456 59488152 1
6750456 64328682 1
6750456 73651022 1
6750456 75026472 1
6750456 81301702 1
6750456 96234912 1
6750456 128032492 1
6750456 152845402 1
6750456 160925602 1
6750456 164825402 1
6750456 174933982 1
9155546 9433921 1
9155546 10110956 1
9155546 10413121 1
9155546 11001909 1
9155546 11112856 1
9155546 12850477 1
9155546 14375040 1
9155546 30443432 1
9155546 43349722 1
9155546 59488152 1
9155546 64328682 1
9155546 73651022 1
9155546 75026472 1
9155546 81301702 1
9155546 96234912 1
9155546 128032492 1
9155546 152845402 1
9155546 160925602 1
9155546 164825402 1
9155546 174933982 1
9433921 10110956 1
9433921 10413121 1
9433921 11001909 1
9433921 11112856 1
9433921 12850477 1
9433921 14375040 1
9433921 30443432 1
9433921 43349722 1
9433921 59488152 1
9433921 64328682 1
9433921 73651022 1
9433921 75026472 1
9433921 81301702 1
9433921 96234912 1
9433921 128032492 1
9433921 152845402 1
9433921 160925602 1
9433921 164825402 1
9433921 174933982 1
10110956 10413121 1
10110956 11001909 1
10110956 11112856 1
10110956 12850477 1
10110956 14375040 1
10110956 30443432 1
10110956 43349722 1
10110956 59488152 1
10110956 64328682 1
10110956 73651022 1
10110956 75026472 1
10110956 81301702 1
10110956 96234912 1
10110956 128032492 1
10110956 152845402 1
10110956 160925602 1
10110956 164825402 1
10110956 174933982 1
10413121 11001909 1
10413121 11112856 1
10413121 12850477 1
10413121 14375040 1
10413121 30443432 1
10413121 43349722 1
10413121 59488152 1
10413121 64328682 1
10413121 73651022 1
10413121 75026472 1
10413121 81301702 1
10413121 96234912 1
10413121 128032492 1
10413121 152845402 1
10413121 160925602 1
10413121 164825402 1
10413121 174933982 1
11001909 11112856 1
11001909 12850477 1
11001909 14375040 1
11001909 30443432 1
11001909 43349722 1
11001909 59488152 1
11001909 64328682 1
11001909 73651022 1
11001909 75026472 1
11001909 81301702 1
11001909 96234912 1
11001909 128032492 1
11001909 152845402 1
11001909 160925602 1
11001909 164825402 1
11001909 174933982 1
11112856 12850477 1
11112856 14375040 1
11112856 30443432 1
11112856 43349722 1
11112856 59488152 1
11112856 64328682 1
11112856 73651022 1
11112856 75026472 1
11112856 81301702 1
11112856 96234912 1
11112856 128032492 1
11112856 152845402 1
11112856 160925602 1
11112856 164825402 1
11112856 174933982 1
12850477 14375040 1
12850477 30443432 1
12850477 43349722 1
12850477 59488152 1
12850477 64328682 1
12850477 73651022 1
12850477 75026472 1
12850477 81301702 1
12850477 96234912 1
12850477 128032492 1
12850477 152845402 1
12850477 160925602 1
12850477 164825402 1
12850477 174933982 1
14375040 30443432 1
14375040 43349722 1
14375040 59488152 1
14375040 64328682 1
14375040 73651022 1
14375040 75026472 1
14375040 81301702 1
14375040 96234912 1
14375040 128032492 1
14375040 152845402 1
14375040 160925602 1
14375040 164825402 1
14375040 174933982 1
30443432 43349722 1
30443432 59488152 1
30443432 64328682 1
30443432 73651022 1
30443432 75026472 1
30443432 81301702 1
30443432 96234912 1
30443432 128032492 1
30443432 152845402 1
30443432 160925602 1
30443432 164825402 1
30443432 174933982 1
43349722 59488152 1
43349722 64328682 1
43349722 73651022 1
43349722 75026472 1
43349722 81301702 1
43349722 96234912 1
43349722 128032492 1
43349722 152845402 1
43349722 160925602 1
43349722 164825402 1
43349722 174933982 1
59488152 64328682 1
59488152 73651022 1
59488152 75026472 1
59488152 81301702 1
59488152 96234912 1
59488152 128032492 1
59488152 152845402 1
59488152 160925602 1
59488152 164825402 1
59488152 174933982 1
64328682 73651022 1
64328682 75026472 1
64328682 81301702 1
64328682 96234912 1
64328682 128032492 1
64328682 152845402 1
64328682 160925602 1
64328682 164825402 1
64328682 174933982 1
73651022 75026472 1
73651022 81301702 1
73651022 96234912 1
73651022 128032492 1
73651022 152845402 1
73651022 160925602 1
73651022 164825402 1
73651022 174933982 1
75026472 81301702 1
75026472 96234912 1
75026472 128032492 1
75026472 152845402 1
75026472 160925602 1
75026472 164825402 1
75026472 174933982 1
81301702 96234912 1
81301702 128032492 1
81301702 152845402 1
81301702 160925602 1
81301702 164825402 1
81301702 174933982 1
96234912 128032492 1
96234912 152845402 1
96234912 160925602 1
96234912 164825402 1
96234912 174933982 1
128032492 152845402 1
128032492 160925602 1
128032492 164825402 1
128032492 174933982 1
152845402 160925602 1
152845402 164825402 1
152845402 174933982 1
160925602 164825402 1
160925602 174933982 1
164825402 174933982 1
