7990405 12738827 10408462 10825871 12554128 49378192 26887442 12777362 10934041 94759962 4293531 46716572 11501725 13046297 11906719 61637152 31208482 39883172 50658982 89231142 17164971 48354992 50364342 69256252 14559298 66097092 22497221 14292432 11769937 11481682 96872402 54130262 56953822 59726562 84611042 42574692 57266662 12275566 92045552 93606262 80960122
10934041 11481682 4
10934041 12275566 1
10934041 12738827 1
10934041 42574692 4
10934041 50658982 1
10934041 57266662 4
10934041 59726562 4
10934041 61637152 4
10934041 92045552 2
11481682 12275566 1
11481682 12738827 1
11481682 42574692 6
11481682 50658982 1
11481682 57266662 7
11481682 59726562 5
11481682 61637152 8
11481682 92045552 3
12275566 12738827 1
12275566 42574692 1
12275566 50658982 1
12275566 57266662 1
12275566 59726562 1
12275566 61637152 1
12275566 92045552 1
12738827 42574692 1
12738827 50658982 1
12738827 57266662 2
12738827 59726562 1
12738827 61637152 1
12738827 92045552 2
42574692 50658982 1
42574692 57266662 5
42574692 59726562 5
42574692 61637152 5
42574692 92045552 3
50658982 57266662 1
50658982 59726562 1
50658982 61637152 1
50658982 92045552 1
57266662 59726562 4
57266662 61637152 6
57266662 92045552 3
59726562 61637152 5
59726562 92045552 3
61637152 92045552 3
7990405 10408462 1
7990405 10934041 1
7990405 11481682 2
7990405 11501725 1
7990405 11769937 1
7990405 11906719 2
7990405 12554128 1
7990405 14292432 1
7990405 26887442 1
7990405 31208482 1
7990405 39883172 1
7990405 42574692 2
7990405 46716572 1
7990405 49378192 1
7990405 50364342 1
7990405 57266662 1
7990405 59726562 2
7990405 61637152 2
7990405 66097092 1
7990405 84611042 1
7990405 89231142 2
7990405 93606262 1
10408462 10934041 1
10408462 11481682 1
10408462 11501725 1
10408462 11769937 1
10408462 11906719 1
10408462 12554128 1
10408462 14292432 1
10408462 26887442 1
10408462 31208482 1
10408462 39883172 1
10408462 42574692 1
10408462 46716572 1
10408462 49378192 1
10408462 50364342 1
10408462 57266662 1
10408462 59726562 1
10408462 61637152 1
10408462 66097092 1
10408462 84611042 1
10408462 89231142 1
10408462 93606262 1
10934041 11501725 1
10934041 11769937 1
10934041 11906719 2
10934041 12554128 1
10934041 14292432 1
10934041 26887442 1
10934041 31208482 1
10934041 39883172 2
10934041 46716572 2
10934041 49378192 1
10934041 50364342 1
10934041 66097092 2
10934041 84611042 2
10934041 89231142 2
10934041 93606262 2
11481682 11501725 1
11481682 11769937 1
11481682 11906719 5
11481682 12554128 1
11481682 14292432 1
11481682 26887442 1
11481682 31208482 1
11481682 39883172 2
11481682 46716572 2
11481682 49378192 1
11481682 50364342 1
11481682 66097092 2
11481682 84611042 2
11481682 89231142 4
11481682 93606262 2
11501725 11769937 1
11501725 11906719 1
11501725 12554128 1
11501725 14292432 1
11501725 26887442 1
11501725 31208482 1
11501725 39883172 1
11501725 42574692 1
11501725 46716572 1
11501725 49378192 1
11501725 50364342 1
11501725 57266662 1
11501725 59726562 1
11501725 61637152 1
11501725 66097092 1
11501725 84611042 1
11501725 89231142 1
11501725 93606262 1
11769937 11906719 1
11769937 12554128 1
11769937 14292432 1
11769937 26887442 1
11769937 31208482 1
11769937 39883172 1
11769937 42574692 1
11769937 46716572 1
11769937 49378192 1
11769937 50364342 1
11769937 57266662 1
11769937 59726562 1
11769937 61637152 1
11769937 66097092 1
11769937 84611042 1
11769937 89231142 1
11769937 93606262 1
11906719 12554128 1
11906719 14292432 1
11906719 26887442 2
11906719 31208482 1
11906719 39883172 2
11906719 42574692 4
11906719 46716572 2
11906719 49378192 1
11906719 50364342 1
11906719 57266662 4
11906719 59726562 3
11906719 61637152 4
11906719 66097092 2
11906719 84611042 1
11906719 89231142 4
11906719 93606262 2
12554128 14292432 1
12554128 26887442 1
12554128 31208482 1
12554128 39883172 1
12554128 42574692 1
12554128 46716572 1
12554128 49378192 1
12554128 50364342 1
12554128 57266662 1
12554128 59726562 1
12554128 61637152 1
12554128 66097092 1
12554128 84611042 1
12554128 89231142 1
12554128 93606262 1
14292432 26887442 1
14292432 31208482 1
14292432 39883172 1
14292432 42574692 1
14292432 46716572 1
14292432 49378192 1
14292432 50364342 1
14292432 57266662 1
14292432 59726562 1
14292432 61637152 1
14292432 66097092 1
14292432 84611042 1
14292432 89231142 1
14292432 93606262 1
26887442 31208482 1
26887442 39883172 1
26887442 42574692 1
26887442 46716572 1
26887442 49378192 1
26887442 50364342 1
26887442 57266662 2
26887442 59726562 1
26887442 61637152 1
26887442 66097092 1
26887442 84611042 1
26887442 89231142 1
26887442 93606262 1
31208482 39883172 1
31208482 42574692 1
31208482 46716572 1
31208482 49378192 1
31208482 50364342 1
31208482 57266662 1
31208482 59726562 1
31208482 61637152 1
31208482 66097092 1
31208482 84611042 1
31208482 89231142 1
31208482 93606262 1
39883172 42574692 2
39883172 46716572 2
39883172 49378192 1
39883172 50364342 1
39883172 57266662 2
39883172 59726562 2
39883172 61637152 2
39883172 66097092 2
39883172 84611042 1
39883172 89231142 2
39883172 93606262 2
42574692 46716572 2
42574692 49378192 1
42574692 50364342 1
42574692 66097092 2
42574692 84611042 2
42574692 89231142 3
42574692 93606262 2
46716572 49378192 1
46716572 50364342 1
46716572 57266662 2
46716572 59726562 2
46716572 61637152 2
46716572 66097092 2
46716572 84611042 1
46716572 89231142 2
46716572 93606262 2
49378192 50364342 1
49378192 57266662 1
49378192 59726562 1
49378192 61637152 1
49378192 66097092 1
49378192 84611042 1
49378192 89231142 1
49378192 93606262 1
50364342 57266662 1
50364342 59726562 1
50364342 61637152 1
50364342 66097092 1
50364342 84611042 1
50364342 89231142 1
50364342 93606262 1
57266662 66097092 2
57266662 84611042 2
57266662 89231142 2
57266662 93606262 2
59726562 66097092 2
59726562 84611042 2
59726562 89231142 3
59726562 93606262 2
61637152 66097092 2
61637152 84611042 2
61637152 89231142 4
61637152 93606262 2
66097092 84611042 1
66097092 89231142 2
66097092 93606262 2
84611042 89231142 1
84611042 93606262 1
89231142 93606262 2
10934041 48354992 1
11481682 48354992 2
42574692 48354992 2
48354992 57266662 2
48354992 59726562 1
48354992 61637152 1
48354992 84611042 1
48354992 92045552 1
84611042 92045552 1
7990405 10825871 1
7990405 80960122 1
7990405 92045552 1
10825871 11481682 1
10825871 11906719 1
10825871 42574692 1
10825871 59726562 1
10825871 61637152 1
10825871 80960122 1
10825871 89231142 1
10825871 92045552 1
11481682 80960122 1
11906719 80960122 1
11906719 92045552 2
42574692 80960122 1
59726562 80960122 1
61637152 80960122 1
80960122 89231142 1
80960122 92045552 1
89231142 92045552 1
4293531 11481682 2
4293531 11906719 1
4293531 22497221 1
4293531 61637152 2
4293531 89231142 1
11481682 22497221 1
11906719 22497221 1
22497221 61637152 1
22497221 89231142 1
10934041 17164971 1
10934041 54130262 1
10934041 56953822 1
10934041 69256252 1
10934041 94759962 1
11481682 17164971 1
11481682 54130262 1
11481682 56953822 1
11481682 69256252 1
11481682 94759962 1
11906719 17164971 1
11906719 54130262 1
11906719 56953822 1
11906719 69256252 2
11906719 94759962 1
17164971 39883172 1
17164971 42574692 1
17164971 46716572 1
17164971 54130262 1
17164971 56953822 1
17164971 57266662 1
17164971 59726562 1
17164971 61637152 1
17164971 66097092 1
17164971 69256252 1
17164971 89231142 1
17164971 93606262 1
17164971 94759962 1
39883172 54130262 1
39883172 56953822 1
39883172 69256252 1
39883172 94759962 1
42574692 54130262 1
42574692 56953822 1
42574692 69256252 1
42574692 94759962 1
46716572 54130262 1
46716572 56953822 1
46716572 69256252 1
46716572 94759962 1
54130262 56953822 1
54130262 57266662 1
54130262 59726562 1
54130262 61637152 1
54130262 66097092 1
54130262 69256252 1
54130262 89231142 1
54130262 93606262 1
54130262 94759962 1
56953822 57266662 1
56953822 59726562 1
56953822 61637152 1
56953822 66097092 1
56953822 69256252 1
56953822 89231142 1
56953822 93606262 1
56953822 94759962 1
57266662 69256252 2
57266662 94759962 1
59726562 69256252 1
59726562 94759962 1
61637152 69256252 1
61637152 94759962 1
66097092 69256252 1
66097092 94759962 1
69256252 89231142 1
69256252 93606262 1
69256252 94759962 1
89231142 94759962 1
93606262 94759962 1
11481682 12777362 1
11481682 13046297 1
11906719 12777362 1
11906719 13046297 2
11906719 48354992 1
12777362 13046297 1
12777362 42574692 1
12777362 48354992 1
12777362 57266662 1
13046297 42574692 1
13046297 48354992 1
13046297 57266662 2
4293531 57266662 1
11906719 12738827 1
11906719 14559298 1
11906719 96872402 1
12738827 13046297 1
12738827 14559298 1
12738827 26887442 1
12738827 69256252 1
12738827 96872402 1
13046297 14559298 1
13046297 26887442 1
13046297 69256252 1
13046297 92045552 1
13046297 96872402 1
14559298 26887442 1
14559298 57266662 1
14559298 69256252 1
14559298 92045552 1
14559298 96872402 1
26887442 69256252 1
26887442 92045552 1
26887442 96872402 1
57266662 96872402 1
69256252 92045552 1
69256252 96872402 1
92045552 96872402 1
