50525442 104913032 154639882 25966732 104567692 178652302 175964432 163163282 41263002 12751642 167336092 10473893 172454822 36472362 161739692 166600622 176733232 170923902 52713912 173002552 95912952 11371068 82233532 120568062 37463232 12383936 149345472 72441412 152486342 73177542 156072392 163176392 96293712 154028752 12656215 9553241 53626972 158007772 75683422 156440802 124580962 72279652 53334632 170933352 15462121 54479982 170802032 141538162 145275252 51230712 172455162 179195902 19023231
12656215 36472362 1
12656215 51230712 1
12656215 52713912 1
12656215 154639882 1
12656215 156440802 1
12656215 166600622 1
12656215 178652302 1
36472362 51230712 1
36472362 52713912 1
36472362 154639882 1
36472362 156440802 1
36472362 166600622 1
36472362 178652302 1
51230712 52713912 1
51230712 154639882 1
51230712 156440802 1
51230712 166600622 1
51230712 178652302 1
52713912 154639882 1
52713912 156440802 1
52713912 166600622 1
52713912 178652302 1
154639882 156440802 1
154639882 166600622 1
154639882 178652302 1
156440802 166600622 1
156440802 178652302 1
166600622 178652302 1
19023231 96293712 1
19023231 173002552 1
96293712 173002552 1
10473893 37463232 1
10473893 50525442 1
10473893 53334632 1
10473893 53626972 1
10473893 54479982 1
10473893 72279652 1
10473893 95912952 1
10473893 104913032 1
10473893 141538162 1
10473893 145275252 1
10473893 154028752 1
10473893 161739692 1
10473893 163163282 1
10473893 170802032 2
10473893 170933352 1
10473893 172454822 1
10473893 172455162 1
10473893 175964432 1
10473893 176733232 1
37463232 50525442 1
37463232 53334632 1
37463232 53626972 1
37463232 54479982 1
37463232 72279652 1
37463232 95912952 1
37463232 104913032 1
37463232 141538162 1
37463232 145275252 1
37463232 154028752 1
37463232 161739692 1
37463232 163163282 1
37463232 170802032 1
37463232 170933352 1
37463232 172454822 1
37463232 172455162 1
37463232 175964432 1
37463232 176733232 1
50525442 53334632 1
50525442 53626972 1
50525442 54479982 1
50525442 72279652 1
50525442 95912952 1
50525442 104913032 1
50525442 141538162 1
50525442 145275252 1
50525442 154028752 1
50525442 161739692 1
50525442 163163282 1
50525442 170802032 1
50525442 170933352 1
50525442 172454822 1
50525442 172455162 1
50525442 175964432 1
50525442 176733232 1
53334632 53626972 1
53334632 54479982 1
53334632 72279652 1
53334632 95912952 1
53334632 104913032 1
53334632 141538162 1
53334632 145275252 1
53334632 154028752 1
53334632 161739692 1
53334632 163163282 1
53334632 170802032 1
53334632 170933352 1
53334632 172454822 1
53334632 172455162 1
53334632 175964432 1
53334632 176733232 1
53626972 54479982 1
53626972 72279652 1
53626972 95912952 1
53626972 104913032 1
53626972 141538162 1
53626972 145275252 1
53626972 154028752 1
53626972 161739692 1
53626972 163163282 1
53626972 170802032 1
53626972 170933352 1
53626972 172454822 1
53626972 172455162 1
53626972 175964432 1
53626972 176733232 1
54479982 72279652 1
54479982 95912952 1
54479982 104913032 1
54479982 141538162 1
54479982 145275252 1
54479982 154028752 1
54479982 161739692 1
54479982 163163282 1
54479982 170802032 1
54479982 170933352 1
54479982 172454822 1
54479982 172455162 1
54479982 175964432 1
54479982 176733232 1
72279652 95912952 1
72279652 104913032 1
72279652 141538162 1
72279652 145275252 1
72279652 154028752 1
72279652 161739692 1
72279652 163163282 1
72279652 170802032 1
72279652 170933352 1
72279652 172454822 1
72279652 172455162 1
72279652 175964432 1
72279652 176733232 1
95912952 104913032 1
95912952 141538162 1
95912952 145275252 1
95912952 154028752 1
95912952 161739692 1
95912952 163163282 1
95912952 170802032 1
95912952 170933352 1
95912952 172454822 1
95912952 172455162 1
95912952 175964432 1
95912952 176733232 1
104913032 141538162 1
104913032 145275252 1
104913032 154028752 1
104913032 161739692 1
104913032 163163282 1
104913032 170802032 1
104913032 170933352 1
104913032 172454822 1
104913032 172455162 1
104913032 175964432 1
104913032 176733232 1
141538162 145275252 1
141538162 154028752 1
141538162 161739692 1
141538162 163163282 1
141538162 170802032 1
141538162 170933352 1
141538162 172454822 1
141538162 172455162 1
141538162 175964432 1
141538162 176733232 1
145275252 154028752 1
145275252 161739692 1
145275252 163163282 1
145275252 170802032 1
145275252 170933352 1
145275252 172454822 1
145275252 172455162 1
145275252 175964432 1
145275252 176733232 1
154028752 161739692 1
154028752 163163282 1
154028752 170802032 1
154028752 170933352 1
154028752 172454822 1
154028752 172455162 1
154028752 175964432 1
154028752 176733232 1
161739692 163163282 1
161739692 170802032 1
161739692 170933352 1
161739692 172454822 1
161739692 172455162 1
161739692 175964432 1
161739692 176733232 1
163163282 170802032 1
163163282 170933352 1
163163282 172454822 1
163163282 172455162 1
163163282 175964432 1
163163282 176733232 1
170802032 170933352 1
170802032 172454822 1
170802032 172455162 1
170802032 175964432 1
170802032 176733232 1
170933352 172454822 1
170933352 172455162 1
170933352 175964432 1
170933352 176733232 1
172454822 172455162 1
172454822 175964432 1
172454822 176733232 1
172455162 175964432 1
172455162 176733232 1
175964432 176733232 1
10473893 12383936 1
10473893 15462121 1
10473893 36472362 1
10473893 75683422 1
10473893 149345472 1
10473893 152486342 1
10473893 156072392 1
10473893 158007772 1
10473893 179195902 1
12383936 15462121 1
12383936 36472362 1
12383936 75683422 1
12383936 149345472 1
12383936 152486342 1
12383936 156072392 1
12383936 158007772 1
12383936 170802032 1
12383936 179195902 1
15462121 36472362 1
15462121 75683422 1
15462121 149345472 1
15462121 152486342 1
15462121 156072392 1
15462121 158007772 1
15462121 170802032 1
15462121 179195902 1
36472362 75683422 1
36472362 149345472 2
36472362 152486342 1
36472362 156072392 1
36472362 158007772 1
36472362 170802032 1
36472362 179195902 2
75683422 149345472 1
75683422 152486342 1
75683422 156072392 1
75683422 158007772 1
75683422 170802032 1
75683422 179195902 1
149345472 152486342 1
149345472 156072392 1
149345472 158007772 1
149345472 170802032 1
149345472 179195902 1
152486342 156072392 1
152486342 158007772 1
152486342 170802032 1
152486342 179195902 1
156072392 158007772 1
156072392 170802032 1
156072392 179195902 1
158007772 170802032 1
158007772 179195902 1
170802032 179195902 1
36472362 170923902 1
149345472 170923902 1
11371068 36472362 2
11371068 37463232 1
11371068 72441412 1
11371068 82233532 1
11371068 124580962 1
11371068 179195902 1
36472362 37463232 1
36472362 72441412 1
36472362 82233532 1
36472362 124580962 1
37463232 72441412 1
37463232 82233532 1
37463232 124580962 1
37463232 179195902 1
72441412 82233532 1
72441412 124580962 1
72441412 179195902 1
82233532 124580962 1
82233532 179195902 1
124580962 179195902 1
9553241 11371068 1
9553241 19023231 1
9553241 25966732 1
9553241 36472362 1
9553241 41263002 1
9553241 120568062 1
9553241 163176392 1
11371068 19023231 1
11371068 25966732 1
11371068 41263002 1
11371068 120568062 1
11371068 163176392 1
19023231 25966732 1
19023231 36472362 1
19023231 41263002 1
19023231 120568062 1
19023231 163176392 1
25966732 36472362 1
25966732 41263002 1
25966732 120568062 1
25966732 163176392 1
36472362 41263002 1
36472362 120568062 1
36472362 163176392 1
41263002 120568062 1
41263002 163176392 1
120568062 163176392 1
12751642 36472362 1
12751642 73177542 1
12751642 104567692 1
12751642 167336092 1
36472362 73177542 1
36472362 104567692 1
36472362 167336092 1
73177542 104567692 1
73177542 167336092 1
104567692 167336092 1
