12816256 38366472 61409422 53508622 36658192 26887442 12777362 5187349 55203352 13046297 10934041 4293531 46716572 11906719 61637152 39883172 17164971 52552502 3154617 65587642 53094202 14559298 66097092 19752011 11769937 14326098 54130262 56953822 13026654 59726562 42574692 49738852 57266662 60415982 12809199 59909872 12275566 36580852 32561022
10934041 11906719 8
10934041 12816256 1
10934041 13046297 9
10934041 42574692 7
10934041 57266662 8
10934041 59726562 5
10934041 61637152 3
11906719 12816256 1
11906719 13046297 9
11906719 42574692 7
11906719 57266662 8
11906719 59726562 5
11906719 61637152 3
12816256 13046297 1
12816256 42574692 1
12816256 57266662 1
12816256 59726562 1
12816256 61637152 1
13046297 42574692 8
13046297 57266662 9
13046297 59726562 5
13046297 61637152 3
42574692 57266662 7
42574692 59726562 4
42574692 61637152 3
57266662 59726562 4
57266662 61637152 3
59726562 61637152 2
10934041 26887442 3
11906719 26887442 2
13046297 26887442 3
26887442 42574692 3
26887442 57266662 3
26887442 59726562 1
26887442 61637152 1
10934041 13026654 1
11906719 13026654 1
13026654 13046297 1
13026654 42574692 1
13026654 57266662 1
13026654 61637152 1
10934041 12777362 4
10934041 12809199 2
10934041 17164971 1
10934041 32561022 2
10934041 36580852 3
10934041 38366472 1
10934041 46716572 3
10934041 54130262 4
10934041 56953822 2
10934041 61409422 1
11906719 12777362 5
11906719 12809199 2
11906719 17164971 1
11906719 32561022 2
11906719 36580852 3
11906719 38366472 1
11906719 46716572 3
11906719 54130262 4
11906719 56953822 2
11906719 61409422 1
12777362 12809199 2
12777362 13046297 5
12777362 17164971 1
12777362 32561022 2
12777362 36580852 2
12777362 38366472 1
12777362 42574692 3
12777362 46716572 3
12777362 54130262 4
12777362 56953822 1
12777362 59726562 3
12777362 61409422 1
12809199 13046297 2
12809199 17164971 1
12809199 32561022 2
12809199 36580852 1
12809199 38366472 1
12809199 42574692 1
12809199 46716572 2
12809199 54130262 2
12809199 56953822 1
12809199 59726562 1
12809199 61409422 1
13046297 17164971 1
13046297 32561022 2
13046297 36580852 3
13046297 38366472 1
13046297 46716572 3
13046297 54130262 4
13046297 56953822 2
13046297 61409422 1
17164971 32561022 1
17164971 36580852 1
17164971 38366472 1
17164971 42574692 1
17164971 46716572 1
17164971 54130262 1
17164971 56953822 1
17164971 59726562 1
17164971 61409422 1
32561022 36580852 1
32561022 38366472 1
32561022 42574692 1
32561022 46716572 2
32561022 54130262 2
32561022 56953822 1
32561022 59726562 1
32561022 61409422 1
36580852 38366472 1
36580852 42574692 2
36580852 46716572 1
36580852 54130262 2
36580852 56953822 2
36580852 59726562 2
36580852 61409422 1
38366472 42574692 1
38366472 46716572 1
38366472 54130262 1
38366472 56953822 1
38366472 59726562 1
38366472 61409422 1
42574692 46716572 2
42574692 54130262 2
42574692 56953822 2
42574692 61409422 1
46716572 54130262 3
46716572 56953822 1
46716572 59726562 2
46716572 61409422 1
54130262 56953822 1
54130262 59726562 3
54130262 61409422 1
56953822 59726562 1
56953822 61409422 1
59726562 61409422 1
10934041 14559298 2
10934041 19752011 1
10934041 52552502 1
10934041 59909872 2
10934041 60415982 2
11906719 14559298 2
11906719 19752011 1
11906719 52552502 1
11906719 59909872 2
11906719 60415982 2
12777362 14559298 2
12777362 19752011 1
12777362 52552502 1
12777362 57266662 4
12777362 59909872 1
12777362 60415982 2
12809199 14559298 1
12809199 19752011 1
12809199 52552502 1
12809199 57266662 1
12809199 59909872 1
12809199 60415982 1
13046297 14559298 2
13046297 19752011 1
13046297 52552502 1
13046297 59909872 2
13046297 60415982 2
14559298 19752011 1
14559298 32561022 1
14559298 46716572 2
14559298 52552502 1
14559298 54130262 2
14559298 57266662 2
14559298 59909872 1
14559298 60415982 1
19752011 32561022 1
19752011 46716572 1
19752011 52552502 1
19752011 54130262 1
19752011 57266662 1
19752011 59909872 1
19752011 60415982 1
32561022 52552502 1
32561022 57266662 1
32561022 59909872 1
32561022 60415982 1
46716572 52552502 1
46716572 57266662 2
46716572 59909872 1
46716572 60415982 1
52552502 54130262 1
52552502 57266662 1
52552502 59909872 1
52552502 60415982 1
54130262 57266662 3
54130262 59909872 1
54130262 60415982 2
57266662 59909872 2
57266662 60415982 2
59909872 60415982 1
4293531 10934041 1
4293531 12275566 1
4293531 13046297 1
4293531 26887442 1
4293531 42574692 1
4293531 57266662 1
10934041 12275566 1
12275566 13046297 1
12275566 26887442 1
12275566 42574692 1
12275566 57266662 1
10934041 14326098 2
10934041 36658192 2
10934041 49738852 2
10934041 66097092 3
11906719 14326098 2
11906719 36658192 2
11906719 49738852 2
11906719 66097092 3
12777362 14326098 2
12777362 36658192 2
12777362 49738852 2
12777362 66097092 2
13046297 14326098 2
13046297 36658192 2
13046297 49738852 2
13046297 66097092 3
14326098 36580852 1
14326098 36658192 2
14326098 49738852 2
14326098 54130262 2
14326098 57266662 2
14326098 59726562 2
14326098 60415982 1
14326098 66097092 2
36580852 36658192 1
36580852 49738852 1
36580852 57266662 2
36580852 60415982 1
36580852 66097092 2
36658192 49738852 2
36658192 54130262 2
36658192 57266662 2
36658192 59726562 2
36658192 60415982 1
36658192 66097092 2
49738852 54130262 2
49738852 57266662 2
49738852 59726562 2
49738852 60415982 1
49738852 66097092 2
54130262 66097092 2
57266662 66097092 3
59726562 60415982 1
59726562 66097092 2
60415982 66097092 1
3154617 5187349 1
3154617 10934041 1
3154617 11769937 1
3154617 11906719 1
3154617 12777362 1
3154617 13046297 1
3154617 14326098 1
3154617 14559298 1
3154617 36658192 1
3154617 39883172 1
3154617 42574692 1
3154617 46716572 1
3154617 49738852 1
3154617 53508622 1
3154617 54130262 1
3154617 57266662 1
3154617 59726562 1
3154617 65587642 1
3154617 66097092 1
5187349 10934041 1
5187349 11769937 1
5187349 11906719 1
5187349 12777362 1
5187349 13046297 1
5187349 14326098 1
5187349 14559298 1
5187349 36658192 1
5187349 39883172 1
5187349 42574692 1
5187349 46716572 1
5187349 49738852 1
5187349 53508622 1
5187349 54130262 1
5187349 57266662 1
5187349 59726562 1
5187349 65587642 1
5187349 66097092 1
10934041 11769937 1
10934041 39883172 1
10934041 53508622 1
10934041 65587642 1
11769937 11906719 1
11769937 12777362 1
11769937 13046297 1
11769937 14326098 1
11769937 14559298 1
11769937 36658192 1
11769937 39883172 1
11769937 42574692 1
11769937 46716572 1
11769937 49738852 1
11769937 53508622 1
11769937 54130262 1
11769937 57266662 1
11769937 59726562 1
11769937 65587642 1
11769937 66097092 1
11906719 39883172 1
11906719 53508622 1
11906719 65587642 1
12777362 39883172 1
12777362 53508622 1
12777362 65587642 1
13046297 39883172 1
13046297 53508622 1
13046297 65587642 1
14326098 14559298 1
14326098 39883172 1
14326098 42574692 1
14326098 46716572 1
14326098 53508622 1
14326098 65587642 1
14559298 36658192 1
14559298 39883172 1
14559298 42574692 1
14559298 49738852 1
14559298 53508622 1
14559298 59726562 1
14559298 65587642 1
14559298 66097092 1
36658192 39883172 1
36658192 42574692 1
36658192 46716572 1
36658192 53508622 1
36658192 65587642 1
39883172 42574692 1
39883172 46716572 1
39883172 49738852 1
39883172 53508622 1
39883172 54130262 1
39883172 57266662 1
39883172 59726562 1
39883172 65587642 1
39883172 66097092 1
42574692 49738852 1
42574692 53508622 1
42574692 65587642 1
42574692 66097092 2
46716572 49738852 1
46716572 53508622 1
46716572 65587642 1
46716572 66097092 1
49738852 53508622 1
49738852 65587642 1
53508622 54130262 1
53508622 57266662 1
53508622 59726562 1
53508622 65587642 1
53508622 66097092 1
54130262 65587642 1
57266662 65587642 1
59726562 65587642 1
65587642 66097092 1
10934041 53094202 1
11906719 53094202 2
13046297 53094202 2
26887442 36580852 1
26887442 53094202 1
26887442 56953822 1
26887442 59909872 1
26887442 66097092 1
36580852 53094202 1
36580852 59909872 1
42574692 53094202 2
42574692 59909872 1
53094202 56953822 1
53094202 57266662 2
53094202 59909872 1
53094202 66097092 1
56953822 57266662 1
56953822 59909872 1
56953822 66097092 1
59909872 66097092 1
11906719 55203352 1
12777362 53094202 1
12777362 55203352 1
13046297 55203352 1
42574692 55203352 1
53094202 55203352 1
55203352 57266662 1
