34863872 8944643 46931972 6705798 1890694 60824072 14625161 10289543 50908172 4569741 79543822 5874319 61610512 8810388 61984662 18654361 67597082 10750237 9116450 23387171 13901349 11098150 12547964 10051754 10628013 49757102 15687471 8930223 87702582 9946167 9700790 3334201 12030779 16456381 11176639 13120959 11829443 81228612 7039557 86540742 51457862 9213896 42863302 14542538 3325515 60118092 13109835 57010382 13250132 11078997 34490972 73698012 36658782 11358687 615008 11297249 4873826 71404002 3766371 11420025 49951082 77495152 85727472 4407923 8502388 734580 3923958 10441465 88498812 9600125 6478590
6705798 8930223 4
6705798 12547964 2
6705798 13901349 4
6705798 15687471 2
6705798 34490972 1
6705798 46931972 1
6705798 49951082 3
6705798 81228612 4
6705798 88498812 3
8930223 12547964 4
8930223 13901349 8
8930223 15687471 4
8930223 34490972 4
8930223 46931972 2
8930223 49951082 9
8930223 81228612 7
8930223 88498812 8
12547964 13901349 4
12547964 15687471 2
12547964 34490972 2
12547964 46931972 1
12547964 49951082 4
12547964 81228612 3
12547964 88498812 3
13901349 15687471 3
13901349 34490972 3
13901349 46931972 1
13901349 49951082 7
13901349 81228612 5
13901349 88498812 6
15687471 34490972 3
15687471 46931972 2
15687471 49951082 4
15687471 81228612 3
15687471 88498812 4
34490972 46931972 2
34490972 49951082 4
34490972 81228612 3
34490972 88498812 4
46931972 49951082 2
46931972 81228612 2
46931972 88498812 2
49951082 81228612 6
49951082 88498812 7
81228612 88498812 6
1890694 3325515 1
1890694 4569741 1
1890694 4873826 1
1890694 6705798 1
1890694 8930223 1
1890694 8944643 1
1890694 9116450 1
1890694 9946167 1
1890694 10051754 1
1890694 10628013 1
1890694 11297249 1
1890694 11358687 1
1890694 12547964 1
1890694 13901349 1
1890694 14625161 1
1890694 15687471 1
1890694 49951082 1
1890694 60118092 1
1890694 81228612 1
1890694 86540742 1
1890694 88498812 1
3325515 4569741 1
3325515 4873826 1
3325515 6705798 1
3325515 8930223 1
3325515 8944643 1
3325515 9116450 1
3325515 9946167 1
3325515 10051754 1
3325515 10628013 1
3325515 11297249 1
3325515 11358687 1
3325515 12547964 1
3325515 13901349 1
3325515 14625161 1
3325515 15687471 1
3325515 49951082 1
3325515 60118092 1
3325515 81228612 1
3325515 86540742 1
3325515 88498812 1
4569741 4873826 1
4569741 6705798 1
4569741 8930223 1
4569741 8944643 1
4569741 9116450 1
4569741 9946167 1
4569741 10051754 1
4569741 10628013 1
4569741 11297249 1
4569741 11358687 1
4569741 12547964 1
4569741 13901349 1
4569741 14625161 1
4569741 15687471 1
4569741 49951082 1
4569741 60118092 1
4569741 81228612 1
4569741 86540742 1
4569741 88498812 1
4873826 6705798 1
4873826 8930223 2
4873826 8944643 1
4873826 9116450 1
4873826 9946167 1
4873826 10051754 1
4873826 10628013 1
4873826 11297249 1
4873826 11358687 1
4873826 12547964 1
4873826 13901349 2
4873826 14625161 1
4873826 15687471 2
4873826 49951082 2
4873826 60118092 1
4873826 81228612 1
4873826 86540742 1
4873826 88498812 2
6705798 8944643 1
6705798 9116450 1
6705798 9946167 1
6705798 10051754 1
6705798 10628013 1
6705798 11297249 1
6705798 11358687 1
6705798 14625161 1
6705798 60118092 1
6705798 86540742 1
8930223 8944643 1
8930223 9116450 5
8930223 9946167 1
8930223 10051754 1
8930223 10628013 3
8930223 11297249 1
8930223 11358687 2
8930223 14625161 1
8930223 60118092 1
8930223 86540742 2
8944643 9116450 1
8944643 9946167 1
8944643 10051754 1
8944643 10628013 1
8944643 11297249 1
8944643 11358687 1
8944643 12547964 1
8944643 13901349 1
8944643 14625161 1
8944643 15687471 1
8944643 49951082 1
8944643 60118092 1
8944643 81228612 1
8944643 86540742 1
8944643 88498812 1
9116450 9946167 1
9116450 10051754 1
9116450 10628013 3
9116450 11297249 1
9116450 11358687 2
9116450 12547964 3
9116450 13901349 4
9116450 14625161 1
9116450 15687471 1
9116450 49951082 5
9116450 60118092 1
9116450 81228612 3
9116450 86540742 2
9116450 88498812 4
9946167 10051754 1
9946167 10628013 1
9946167 11297249 1
9946167 11358687 1
9946167 12547964 1
9946167 13901349 1
9946167 14625161 1
9946167 15687471 1
9946167 49951082 1
9946167 60118092 1
9946167 81228612 1
9946167 86540742 1
9946167 88498812 1
10051754 10628013 1
10051754 11297249 1
10051754 11358687 1
10051754 12547964 1
10051754 13901349 1
10051754 14625161 1
10051754 15687471 1
10051754 49951082 1
10051754 60118092 1
10051754 81228612 1
10051754 86540742 1
10051754 88498812 1
10628013 11297249 1
10628013 11358687 2
10628013 12547964 3
10628013 13901349 3
10628013 14625161 1
10628013 15687471 1
10628013 49951082 3
10628013 60118092 1
10628013 81228612 2
10628013 86540742 2
10628013 88498812 2
11297249 11358687 1
11297249 12547964 1
11297249 13901349 1
11297249 14625161 1
11297249 15687471 1
11297249 49951082 1
11297249 60118092 1
11297249 81228612 1
11297249 86540742 1
11297249 88498812 1
11358687 12547964 2
11358687 13901349 2
11358687 14625161 1
11358687 15687471 1
11358687 49951082 2
11358687 60118092 1
11358687 81228612 1
11358687 86540742 1
11358687 88498812 1
12547964 14625161 1
12547964 60118092 1
12547964 86540742 2
13901349 14625161 1
13901349 60118092 1
13901349 86540742 2
14625161 15687471 1
14625161 49951082 1
14625161 60118092 1
14625161 81228612 1
14625161 86540742 1
14625161 88498812 1
15687471 60118092 1
15687471 86540742 1
49951082 60118092 1
49951082 86540742 2
60118092 81228612 1
60118092 86540742 1
60118092 88498812 1
81228612 86540742 2
86540742 88498812 2
6478590 7039557 1
6478590 8930223 1
6478590 9116450 1
6478590 10628013 1
6478590 10750237 1
6478590 12030779 1
6478590 12547964 1
6478590 13901349 1
6478590 14542538 1
6478590 34490972 1
6478590 34863872 1
6478590 49951082 1
6478590 60824072 1
6478590 61984662 1
6478590 67597082 1
6478590 81228612 1
6478590 86540742 1
6478590 88498812 1
7039557 8930223 1
7039557 9116450 1
7039557 10628013 1
7039557 10750237 1
7039557 12030779 1
7039557 12547964 1
7039557 13901349 1
7039557 14542538 1
7039557 34490972 1
7039557 34863872 1
7039557 49951082 1
7039557 60824072 1
7039557 61984662 1
7039557 67597082 1
7039557 81228612 1
7039557 86540742 1
7039557 88498812 1
8930223 10750237 2
8930223 12030779 1
8930223 14542538 2
8930223 34863872 1
8930223 60824072 2
8930223 61984662 3
8930223 67597082 1
9116450 10750237 2
9116450 12030779 1
9116450 14542538 1
9116450 34490972 1
9116450 34863872 1
9116450 60824072 1
9116450 61984662 2
9116450 67597082 1
10628013 10750237 2
10628013 12030779 1
10628013 14542538 1
10628013 34490972 1
10628013 34863872 1
10628013 60824072 1
10628013 61984662 2
10628013 67597082 1
10750237 12030779 1
10750237 12547964 2
10750237 13901349 2
10750237 14542538 1
10750237 34490972 1
10750237 34863872 1
10750237 49951082 2
10750237 60824072 1
10750237 61984662 2
10750237 67597082 1
10750237 81228612 1
10750237 86540742 1
10750237 88498812 1
12030779 12547964 1
12030779 13901349 1
12030779 14542538 1
12030779 34490972 1
12030779 34863872 1
12030779 49951082 1
12030779 60824072 1
12030779 61984662 1
12030779 67597082 1
12030779 81228612 1
12030779 86540742 1
12030779 88498812 1
12547964 14542538 1
12547964 34863872 1
12547964 60824072 1
12547964 61984662 2
12547964 67597082 1
13901349 14542538 2
13901349 34863872 1
13901349 60824072 2
13901349 61984662 3
13901349 67597082 1
14542538 34490972 2
14542538 34863872 1
14542538 49951082 2
14542538 60824072 2
14542538 61984662 1
14542538 67597082 1
14542538 81228612 1
14542538 86540742 1
14542538 88498812 2
34490972 34863872 1
34490972 60824072 2
34490972 61984662 1
34490972 67597082 1
34490972 86540742 1
34863872 49951082 1
34863872 60824072 1
34863872 61984662 1
34863872 67597082 1
34863872 81228612 1
34863872 86540742 1
34863872 88498812 1
49951082 60824072 2
49951082 61984662 3
49951082 67597082 1
60824072 61984662 1
60824072 67597082 1
60824072 81228612 1
60824072 86540742 1
60824072 88498812 2
61984662 67597082 1
61984662 81228612 2
61984662 86540742 1
61984662 88498812 1
67597082 81228612 1
67597082 86540742 1
67597082 88498812 1
3334201 4407923 1
3334201 5874319 1
3334201 8502388 1
3334201 8930223 1
3334201 9116450 1
3334201 10441465 1
3334201 11098150 1
3334201 11176639 1
3334201 13120959 1
3334201 13901349 1
3334201 23387171 1
3334201 49951082 1
3334201 50908172 1
3334201 51457862 1
3334201 57010382 1
3334201 61610512 1
3334201 77495152 1
3334201 88498812 1
4407923 5874319 2
4407923 8502388 1
4407923 8930223 4
4407923 9116450 3
4407923 10441465 1
4407923 11098150 1
4407923 11176639 1
4407923 13120959 1
4407923 13901349 3
4407923 23387171 2
4407923 49951082 4
4407923 50908172 1
4407923 51457862 3
4407923 57010382 1
4407923 61610512 2
4407923 77495152 2
4407923 88498812 3
5874319 8502388 1
5874319 8930223 2
5874319 9116450 2
5874319 10441465 1
5874319 11098150 1
5874319 11176639 1
5874319 13120959 1
5874319 13901349 1
5874319 23387171 1
5874319 49951082 2
5874319 50908172 1
5874319 51457862 2
5874319 57010382 1
5874319 61610512 1
5874319 77495152 1
5874319 88498812 2
8502388 8930223 1
8502388 9116450 1
8502388 10441465 1
8502388 11098150 1
8502388 11176639 1
8502388 13120959 1
8502388 13901349 1
8502388 23387171 1
8502388 49951082 1
8502388 50908172 1
8502388 51457862 1
8502388 57010382 1
8502388 61610512 1
8502388 77495152 1
8502388 88498812 1
8930223 10441465 1
8930223 11098150 2
8930223 11176639 1
8930223 13120959 1
8930223 23387171 2
8930223 50908172 1
8930223 51457862 3
8930223 57010382 1
8930223 61610512 3
8930223 77495152 3
9116450 10441465 1
9116450 11098150 1
9116450 11176639 1
9116450 13120959 1
9116450 23387171 1
9116450 50908172 1
9116450 51457862 2
9116450 57010382 1
9116450 61610512 2
9116450 77495152 2
10441465 11098150 1
10441465 11176639 1
10441465 13120959 1
10441465 13901349 1
10441465 23387171 1
10441465 49951082 1
10441465 50908172 1
10441465 51457862 1
10441465 57010382 1
10441465 61610512 1
10441465 77495152 1
10441465 88498812 1
11098150 11176639 1
11098150 13120959 1
11098150 13901349 1
11098150 23387171 1
11098150 49951082 2
11098150 50908172 1
11098150 51457862 1
11098150 57010382 1
11098150 61610512 2
11098150 77495152 2
11098150 88498812 2
11176639 13120959 1
11176639 13901349 1
11176639 23387171 1
11176639 49951082 1
11176639 50908172 1
11176639 51457862 1
11176639 57010382 1
11176639 61610512 1
11176639 77495152 1
11176639 88498812 1
13120959 13901349 1
13120959 23387171 1
13120959 49951082 1
13120959 50908172 1
13120959 51457862 1
13120959 57010382 1
13120959 61610512 1
13120959 77495152 1
13120959 88498812 1
13901349 23387171 2
13901349 50908172 1
13901349 51457862 2
13901349 57010382 1
13901349 61610512 2
13901349 77495152 2
23387171 49951082 2
23387171 50908172 1
23387171 51457862 2
23387171 57010382 1
23387171 61610512 1
23387171 77495152 1
23387171 88498812 2
49951082 50908172 1
49951082 51457862 3
49951082 57010382 1
49951082 61610512 3
49951082 77495152 3
50908172 51457862 1
50908172 57010382 1
50908172 61610512 1
50908172 77495152 1
50908172 88498812 1
51457862 57010382 1
51457862 61610512 1
51457862 77495152 1
51457862 88498812 3
57010382 61610512 1
57010382 77495152 1
57010382 88498812 1
61610512 77495152 3
61610512 88498812 2
77495152 88498812 2
615008 4407923 1
615008 4873826 1
615008 8930223 1
615008 9213896 1
615008 10289543 1
615008 11829443 1
615008 13109835 1
615008 13901349 1
615008 14542538 1
615008 15687471 1
615008 23387171 1
615008 34490972 1
615008 36658782 1
615008 42863302 1
615008 49951082 1
615008 51457862 1
615008 60824072 1
615008 73698012 1
615008 79543822 1
615008 88498812 1
4407923 4873826 1
4407923 9213896 1
4407923 10289543 1
4407923 11829443 1
4407923 13109835 1
4407923 14542538 1
4407923 15687471 1
4407923 34490972 1
4407923 36658782 1
4407923 42863302 2
4407923 60824072 1
4407923 73698012 1
4407923 79543822 1
4873826 9213896 1
4873826 10289543 1
4873826 11829443 1
4873826 13109835 1
4873826 14542538 1
4873826 23387171 1
4873826 34490972 1
4873826 36658782 1
4873826 42863302 1
4873826 51457862 1
4873826 60824072 1
4873826 73698012 1
4873826 79543822 1
8930223 9213896 1
8930223 10289543 1
8930223 11829443 1
8930223 13109835 1
8930223 36658782 1
8930223 42863302 2
8930223 73698012 1
8930223 79543822 1
9213896 10289543 1
9213896 11829443 1
9213896 13109835 1
9213896 13901349 1
9213896 14542538 1
9213896 15687471 1
9213896 23387171 1
9213896 34490972 1
9213896 36658782 1
9213896 42863302 1
9213896 49951082 1
9213896 51457862 1
9213896 60824072 1
9213896 73698012 1
9213896 79543822 1
9213896 88498812 1
10289543 11829443 1
10289543 13109835 1
10289543 13901349 1
10289543 14542538 1
10289543 15687471 1
10289543 23387171 1
10289543 34490972 1
10289543 36658782 1
10289543 42863302 1
10289543 49951082 1
10289543 51457862 1
10289543 60824072 1
10289543 73698012 1
10289543 79543822 1
10289543 88498812 1
11829443 13109835 1
11829443 13901349 1
11829443 14542538 1
11829443 15687471 1
11829443 23387171 1
11829443 34490972 1
11829443 36658782 1
11829443 42863302 1
11829443 49951082 1
11829443 51457862 1
11829443 60824072 1
11829443 73698012 1
11829443 79543822 1
11829443 88498812 1
13109835 13901349 1
13109835 14542538 1
13109835 15687471 1
13109835 23387171 1
13109835 34490972 1
13109835 36658782 1
13109835 42863302 1
13109835 49951082 1
13109835 51457862 1
13109835 60824072 1
13109835 73698012 1
13109835 79543822 1
13109835 88498812 1
13901349 36658782 1
13901349 42863302 1
13901349 73698012 1
13901349 79543822 1
14542538 15687471 1
14542538 23387171 1
14542538 36658782 1
14542538 42863302 1
14542538 51457862 1
14542538 73698012 1
14542538 79543822 1
15687471 23387171 1
15687471 36658782 1
15687471 42863302 1
15687471 51457862 1
15687471 60824072 1
15687471 73698012 1
15687471 79543822 1
23387171 34490972 1
23387171 36658782 1
23387171 42863302 1
23387171 60824072 1
23387171 73698012 1
23387171 79543822 1
34490972 36658782 1
34490972 42863302 1
34490972 51457862 1
34490972 73698012 1
34490972 79543822 1
36658782 42863302 1
36658782 49951082 1
36658782 51457862 1
36658782 60824072 1
36658782 73698012 1
36658782 79543822 1
36658782 88498812 1
42863302 49951082 2
42863302 51457862 2
42863302 60824072 1
42863302 73698012 1
42863302 79543822 1
42863302 88498812 2
49951082 73698012 1
49951082 79543822 1
51457862 60824072 1
51457862 73698012 1
51457862 79543822 1
60824072 73698012 1
60824072 79543822 1
73698012 79543822 1
73698012 88498812 1
79543822 88498812 1
4407923 71404002 1
4407923 81228612 1
5874319 42863302 1
5874319 71404002 1
5874319 81228612 1
8930223 71404002 1
9116450 42863302 1
9116450 71404002 1
42863302 71404002 1
42863302 81228612 1
49951082 71404002 1
51457862 71404002 1
51457862 81228612 1
71404002 81228612 1
71404002 88498812 1
734580 4407923 1
734580 8810388 1
734580 8930223 1
734580 9116450 1
734580 9600125 1
734580 10628013 1
734580 10750237 1
734580 11078997 1
734580 11358687 1
734580 12547964 1
734580 13901349 1
734580 16456381 1
734580 49951082 1
734580 61610512 1
734580 61984662 1
734580 77495152 1
734580 85727472 1
734580 87702582 1
4407923 8810388 1
4407923 9600125 1
4407923 10628013 1
4407923 10750237 1
4407923 11078997 1
4407923 11358687 1
4407923 12547964 1
4407923 16456381 1
4407923 61984662 1
4407923 85727472 1
4407923 87702582 1
8810388 8930223 1
8810388 9116450 1
8810388 9600125 1
8810388 10628013 1
8810388 10750237 1
8810388 11078997 1
8810388 11358687 1
8810388 12547964 1
8810388 13901349 1
8810388 16456381 1
8810388 49951082 1
8810388 61610512 1
8810388 61984662 1
8810388 77495152 1
8810388 85727472 1
8810388 87702582 1
8930223 9600125 1
8930223 11078997 1
8930223 16456381 1
8930223 85727472 1
8930223 87702582 1
9116450 9600125 1
9116450 11078997 1
9116450 16456381 1
9116450 85727472 1
9116450 87702582 1
9600125 10628013 1
9600125 10750237 1
9600125 11078997 1
9600125 11358687 1
9600125 12547964 1
9600125 13901349 1
9600125 16456381 1
9600125 49951082 1
9600125 61610512 1
9600125 61984662 1
9600125 77495152 1
9600125 85727472 1
9600125 87702582 1
10628013 11078997 1
10628013 16456381 1
10628013 61610512 1
10628013 77495152 1
10628013 85727472 1
10628013 87702582 1
10750237 11078997 1
10750237 11358687 1
10750237 16456381 1
10750237 61610512 1
10750237 77495152 1
10750237 85727472 1
10750237 87702582 1
11078997 11358687 1
11078997 12547964 1
11078997 13901349 1
11078997 16456381 1
11078997 49951082 1
11078997 61610512 1
11078997 61984662 1
11078997 77495152 1
11078997 85727472 1
11078997 87702582 1
11358687 16456381 1
11358687 61610512 1
11358687 61984662 1
11358687 77495152 1
11358687 85727472 1
11358687 87702582 1
12547964 16456381 1
12547964 61610512 1
12547964 77495152 1
12547964 85727472 1
12547964 87702582 1
13901349 16456381 1
13901349 85727472 1
13901349 87702582 1
16456381 49951082 1
16456381 61610512 1
16456381 61984662 1
16456381 77495152 1
16456381 85727472 1
16456381 87702582 1
49951082 85727472 1
49951082 87702582 1
61610512 61984662 1
61610512 85727472 1
61610512 87702582 1
61984662 77495152 1
61984662 85727472 1
61984662 87702582 1
77495152 85727472 1
77495152 87702582 1
85727472 87702582 1
6705798 13250132 1
6705798 61984662 1
8930223 13250132 1
13250132 13901349 1
13250132 49951082 1
13250132 61984662 1
13250132 81228612 1
6705798 49757102 1
8930223 49757102 2
13901349 49757102 1
49757102 81228612 2
49757102 88498812 2
3766371 3923958 1
3766371 8930223 1
3766371 9700790 1
3766371 11098150 1
3766371 11420025 1
3766371 15687471 1
3766371 18654361 1
3766371 34490972 1
3766371 46931972 1
3766371 49757102 1
3766371 49951082 1
3766371 61610512 1
3766371 77495152 1
3766371 81228612 1
3766371 88498812 1
3923958 8930223 1
3923958 9700790 1
3923958 11098150 1
3923958 11420025 1
3923958 15687471 1
3923958 18654361 1
3923958 34490972 1
3923958 46931972 1
3923958 49757102 1
3923958 49951082 1
3923958 61610512 1
3923958 77495152 1
3923958 81228612 1
3923958 88498812 1
8930223 9700790 1
8930223 11420025 1
8930223 18654361 1
9700790 11098150 1
9700790 11420025 1
9700790 15687471 1
9700790 18654361 1
9700790 34490972 1
9700790 46931972 1
9700790 49757102 1
9700790 49951082 1
9700790 61610512 1
9700790 77495152 1
9700790 81228612 1
9700790 88498812 1
11098150 11420025 1
11098150 15687471 1
11098150 18654361 1
11098150 34490972 1
11098150 46931972 1
11098150 49757102 1
11098150 81228612 1
11420025 15687471 1
11420025 18654361 1
11420025 34490972 1
11420025 46931972 1
11420025 49757102 1
11420025 49951082 1
11420025 61610512 1
11420025 77495152 1
11420025 81228612 1
11420025 88498812 1
15687471 18654361 1
15687471 49757102 1
15687471 61610512 1
15687471 77495152 1
18654361 34490972 1
18654361 46931972 1
18654361 49757102 1
18654361 49951082 1
18654361 61610512 1
18654361 77495152 1
18654361 81228612 1
18654361 88498812 1
34490972 49757102 1
34490972 61610512 1
34490972 77495152 1
46931972 49757102 1
46931972 61610512 1
46931972 77495152 1
49757102 49951082 1
49757102 61610512 1
49757102 77495152 1
61610512 81228612 1
77495152 81228612 1
