109441632 191730459 2884706 183040414 188421062 41479912 4576146 189579859 4898260 12949851 4584030 131916062
2884706 4576146 10
2884706 4584030 10
2884706 4898260 10
2884706 12949851 1
2884706 188421062 1
2884706 189579859 1
4576146 4584030 10
4576146 4898260 10
4576146 12949851 1
4576146 188421062 1
4576146 189579859 1
4584030 4898260 10
4584030 12949851 1
4584030 188421062 1
4584030 189579859 1
4898260 12949851 1
4898260 188421062 1
4898260 189579859 1
12949851 188421062 1
12949851 189579859 1
188421062 189579859 1
2884706 41479912 1
4576146 41479912 1
4584030 41479912 1
4898260 41479912 1
2884706 109441632 1
2884706 183040414 1
4576146 109441632 1
4576146 183040414 1
4584030 109441632 1
4584030 183040414 1
4898260 109441632 1
4898260 183040414 1
109441632 183040414 1
2884706 191730459 1
4576146 191730459 1
4584030 191730459 1
4898260 191730459 1
2884706 131916062 2
4576146 131916062 2
4584030 131916062 2
4898260 131916062 2
