1856384 4995611 4068895 4085422 5009582 5778223 4890930 3600563 5168702 2856254 3131203 2416722 4044115 2335339 3783534 4572143 3168885 1629947 560253
1629947 1856384 1
1629947 2856254 7
1629947 3168885 4
1629947 4044115 1
1629947 4085422 1
1856384 2856254 1
1856384 3168885 1
1856384 4044115 1
1856384 4085422 1
2856254 3168885 4
2856254 4044115 1
2856254 4085422 2
3168885 4044115 1
3168885 4085422 1
4044115 4085422 1
1629947 2335339 2
1629947 2416722 1
1629947 3131203 1
1629947 4890930 3
2335339 2416722 1
2335339 2856254 3
2335339 3131203 1
2335339 3168885 2
2335339 4890930 3
2416722 2856254 1
2416722 3131203 1
2416722 3168885 1
2416722 4890930 1
2856254 3131203 1
2856254 4890930 4
3131203 3168885 1
3131203 4890930 1
3168885 4890930 2
1629947 3600563 4
1629947 4995611 4
1629947 5009582 4
2856254 3600563 6
2856254 4995611 7
2856254 5009582 7
3600563 4890930 3
3600563 4995611 6
3600563 5009582 6
4890930 4995611 3
4890930 5009582 3
4995611 5009582 7
1629947 3783534 1
1629947 4068895 2
1629947 4572143 2
2856254 3783534 1
2856254 4068895 2
2856254 4572143 3
3168885 3600563 2
3168885 3783534 1
3168885 4068895 2
3168885 4572143 2
3168885 4995611 2
3168885 5009582 2
3600563 3783534 1
3600563 4068895 2
3600563 4572143 3
3783534 4068895 1
3783534 4572143 1
3783534 4995611 1
3783534 5009582 1
4068895 4572143 2
4068895 4995611 2
4068895 5009582 2
4572143 4995611 3
4572143 5009582 3
2335339 3600563 2
2335339 4068895 1
2335339 4572143 2
2335339 4995611 2
2335339 5009582 2
4068895 4890930 1
4572143 4890930 2
1629947 5168702 1
2856254 5168702 3
3600563 5168702 3
4995611 5168702 3
5009582 5168702 3
560253 2335339 1
560253 2856254 2
560253 3600563 2
560253 4572143 1
560253 4890930 1
560253 4995611 2
560253 5009582 2
560253 5168702 2
2335339 5168702 1
4572143 5168702 1
4890930 5168702 1
560253 4085422 1
560253 5778223 1
2856254 5778223 1
3600563 4085422 1
3600563 5778223 1
4085422 4995611 1
4085422 5009582 1
4085422 5168702 1
4085422 5778223 1
4995611 5778223 1
5009582 5778223 1
5168702 5778223 1
