12090210 8410149 386534 12448583 6218632 11608778 10334575 1796687 5706290 1944274 2173812 52020
2173812 6218632 5
2173812 12090210 1
6218632 12090210 2
2173812 5706290 1
5706290 6218632 1
1944274 6218632 7
1944274 11608778 7
1944274 12090210 1
6218632 11608778 7
11608778 12090210 1
52020 1944274 1
52020 2173812 1
52020 6218632 1
52020 11608778 1
1944274 2173812 2
2173812 11608778 2
1944274 12448583 2
6218632 12448583 2
11608778 12448583 2
386534 1944274 3
386534 6218632 3
386534 10334575 1
386534 11608778 3
1944274 10334575 2
6218632 10334575 2
10334575 11608778 2
386534 1796687 1
386534 2173812 1
386534 8410149 1
386534 12448583 1
1796687 1944274 1
1796687 2173812 1
1796687 6218632 1
1796687 8410149 1
1796687 11608778 1
1796687 12448583 1
1944274 8410149 1
2173812 8410149 1
2173812 12448583 1
6218632 8410149 1
8410149 11608778 1
8410149 12448583 1
