3608705 13320067 4893444 12931462 1890694 12590599 9874313 2035849 3546509 12376973 5906840 8733593 36198552 12135323 6735900 7144989 10081183 5801376 3354785 36517282 19394211 9303206 28347942 26196392 13348777 31572782 3334190 7965306 14325432 2852666 9100602 34857402 8371902 14616129 6485829 5433546 3546188 13411917 6536785 1828946 3417557 4231643 11885660 2677084 19768541 28704862 12241632 9448422 9849959 13165671 4806380 1071981 5981932 8184430 8932979 30842362 1535483
1535483 2677084 2
1535483 4893444 1
1535483 5433546 1
1535483 5801376 2
1535483 9849959 1
1535483 9874313 1
1535483 11885660 1
1535483 13320067 2
1535483 13348777 2
1535483 13411917 1
1535483 14325432 1
1535483 19768541 2
1535483 26196392 1
1535483 30842362 1
1535483 31572782 1
2677084 4893444 1
2677084 5433546 1
2677084 5801376 3
2677084 9849959 2
2677084 9874313 1
2677084 11885660 1
2677084 13320067 2
2677084 13348777 2
2677084 13411917 1
2677084 14325432 1
2677084 19768541 2
2677084 26196392 1
2677084 30842362 1
2677084 31572782 1
4893444 5433546 1
4893444 5801376 1
4893444 9849959 1
4893444 9874313 1
4893444 11885660 1
4893444 13320067 1
4893444 13348777 1
4893444 13411917 1
4893444 14325432 1
4893444 19768541 1
4893444 26196392 1
4893444 30842362 1
4893444 31572782 1
5433546 5801376 2
5433546 9849959 1
5433546 9874313 1
5433546 11885660 1
5433546 13320067 1
5433546 13348777 1
5433546 13411917 1
5433546 14325432 2
5433546 19768541 2
5433546 26196392 1
5433546 30842362 1
5433546 31572782 1
5801376 9849959 3
5801376 9874313 1
5801376 11885660 1
5801376 13320067 2
5801376 13348777 2
5801376 13411917 1
5801376 14325432 3
5801376 19768541 6
5801376 26196392 1
5801376 30842362 1
5801376 31572782 1
9849959 9874313 1
9849959 11885660 1
9849959 13320067 1
9849959 13348777 1
9849959 13411917 1
9849959 14325432 1
9849959 19768541 3
9849959 26196392 1
9849959 30842362 2
9849959 31572782 1
9874313 11885660 1
9874313 13320067 1
9874313 13348777 1
9874313 13411917 1
9874313 14325432 1
9874313 19768541 1
9874313 26196392 1
9874313 30842362 1
9874313 31572782 1
11885660 13320067 1
11885660 13348777 1
11885660 13411917 1
11885660 14325432 1
11885660 19768541 1
11885660 26196392 1
11885660 30842362 1
11885660 31572782 1
13320067 13348777 2
13320067 13411917 1
13320067 14325432 1
13320067 19768541 2
13320067 26196392 1
13320067 30842362 1
13320067 31572782 1
13348777 13411917 1
13348777 14325432 1
13348777 19768541 2
13348777 26196392 1
13348777 30842362 1
13348777 31572782 1
13411917 14325432 1
13411917 19768541 1
13411917 26196392 1
13411917 30842362 1
13411917 31572782 1
14325432 19768541 3
14325432 26196392 1
14325432 30842362 1
14325432 31572782 1
19768541 26196392 1
19768541 30842362 3
19768541 31572782 1
26196392 30842362 1
26196392 31572782 1
30842362 31572782 1
1535483 3334190 1
1535483 3546188 1
1535483 12931462 1
2677084 3334190 1
2677084 3546188 1
2677084 12931462 1
3334190 3546188 1
3334190 5801376 1
3334190 12931462 1
3334190 13320067 1
3334190 13348777 1
3334190 19768541 1
3546188 5801376 1
3546188 12931462 1
3546188 13320067 1
3546188 13348777 1
3546188 19768541 1
5801376 12931462 1
12931462 13320067 1
12931462 13348777 1
12931462 19768541 1
3546509 3608705 1
3546509 5801376 1
3546509 6735900 1
3546509 12135323 1
3546509 19768541 1
3546509 28704862 1
3608705 5801376 1
3608705 6735900 1
3608705 12135323 1
3608705 19768541 1
3608705 28704862 1
5801376 6735900 1
5801376 12135323 4
5801376 28704862 1
6735900 12135323 1
6735900 19768541 1
6735900 28704862 1
12135323 19768541 4
12135323 28704862 1
19768541 28704862 1
1071981 2852666 1
1071981 6536785 1
1071981 9849959 2
1071981 19768541 3
1071981 30842362 2
2852666 6536785 1
2852666 9849959 1
2852666 19768541 1
2852666 30842362 1
6536785 9849959 1
6536785 19768541 1
6536785 30842362 1
1828946 1890694 1
1828946 2677084 1
1828946 4231643 1
1828946 5801376 1
1828946 8733593 1
1828946 9849959 1
1890694 2677084 1
1890694 4231643 1
1890694 5801376 1
1890694 8733593 1
1890694 9849959 1
2677084 4231643 1
2677084 8733593 1
4231643 5801376 1
4231643 8733593 1
4231643 9849959 1
5801376 8733593 1
8733593 9849959 1
1071981 4806380 1
1071981 5906840 1
1071981 9303206 1
1071981 12135323 2
1071981 12241632 1
1071981 12376973 1
1071981 12590599 1
1071981 14616129 1
4806380 5906840 1
4806380 9303206 1
4806380 12135323 1
4806380 12241632 1
4806380 12376973 1
4806380 12590599 1
4806380 14616129 1
4806380 19768541 1
4806380 30842362 1
5906840 9303206 1
5906840 12135323 1
5906840 12241632 1
5906840 12376973 1
5906840 12590599 1
5906840 14616129 1
5906840 19768541 1
5906840 30842362 1
9303206 12135323 1
9303206 12241632 1
9303206 12376973 1
9303206 12590599 1
9303206 14616129 1
9303206 19768541 1
9303206 30842362 1
12135323 12241632 1
12135323 12376973 1
12135323 12590599 1
12135323 14616129 1
12135323 30842362 1
12241632 12376973 1
12241632 12590599 1
12241632 14616129 1
12241632 19768541 1
12241632 30842362 1
12376973 12590599 1
12376973 14616129 1
12376973 19768541 1
12376973 30842362 1
12590599 14616129 1
12590599 19768541 1
12590599 30842362 1
14616129 19768541 1
14616129 30842362 1
3354785 5801376 2
3354785 12135323 2
3354785 14325432 1
3354785 19768541 1
12135323 14325432 1
1071981 5801376 1
1071981 28347942 1
5801376 28347942 1
9849959 12135323 1
9849959 28347942 1
12135323 28347942 1
19768541 28347942 1
2035849 3354785 1
2035849 3417557 1
2035849 5801376 1
2035849 5981932 1
2035849 6485829 1
2035849 8184430 1
2035849 8371902 1
2035849 12135323 1
2035849 13165671 1
2035849 19394211 1
2035849 36517282 1
3354785 3417557 1
3354785 5981932 1
3354785 6485829 1
3354785 8184430 1
3354785 8371902 1
3354785 13165671 1
3354785 19394211 1
3354785 36517282 1
3417557 5801376 1
3417557 5981932 1
3417557 6485829 1
3417557 8184430 1
3417557 8371902 1
3417557 12135323 1
3417557 13165671 1
3417557 19394211 1
3417557 36517282 1
5801376 5981932 1
5801376 6485829 1
5801376 8184430 1
5801376 8371902 1
5801376 13165671 1
5801376 19394211 1
5801376 36517282 1
5981932 6485829 1
5981932 8184430 1
5981932 8371902 1
5981932 12135323 1
5981932 13165671 1
5981932 19394211 1
5981932 36517282 1
6485829 8184430 1
6485829 8371902 1
6485829 12135323 1
6485829 13165671 1
6485829 19394211 1
6485829 36517282 1
8184430 8371902 1
8184430 12135323 1
8184430 13165671 1
8184430 19394211 1
8184430 36517282 1
8371902 12135323 1
8371902 13165671 1
8371902 19394211 1
8371902 36517282 1
12135323 13165671 1
12135323 19394211 1
12135323 36517282 1
13165671 19394211 1
13165671 36517282 1
19394211 36517282 1
5433546 7144989 1
5433546 7965306 1
5433546 8932979 1
5433546 9100602 1
5433546 9448422 1
5433546 10081183 1
5433546 34857402 1
5433546 36198552 1
5801376 7144989 1
5801376 7965306 1
5801376 8932979 1
5801376 9100602 1
5801376 9448422 1
5801376 10081183 1
5801376 34857402 1
5801376 36198552 1
7144989 7965306 1
7144989 8932979 1
7144989 9100602 1
7144989 9448422 1
7144989 10081183 1
7144989 14325432 1
7144989 19768541 1
7144989 34857402 1
7144989 36198552 1
7965306 8932979 1
7965306 9100602 1
7965306 9448422 1
7965306 10081183 1
7965306 14325432 1
7965306 19768541 1
7965306 34857402 1
7965306 36198552 1
8932979 9100602 1
8932979 9448422 1
8932979 10081183 1
8932979 14325432 1
8932979 19768541 1
8932979 34857402 1
8932979 36198552 1
9100602 9448422 1
9100602 10081183 1
9100602 14325432 1
9100602 19768541 1
9100602 34857402 1
9100602 36198552 1
9448422 10081183 1
9448422 14325432 1
9448422 19768541 1
9448422 34857402 1
9448422 36198552 1
10081183 14325432 1
10081183 19768541 1
10081183 34857402 1
10081183 36198552 1
14325432 34857402 1
14325432 36198552 1
19768541 34857402 1
19768541 36198552 1
34857402 36198552 1
