5494146 4240003 547205 1890694 5851786 4603276 714517 3752861 2936352 3871265 3947683 4425252 5339432 3546025 5345833 7125424 4061368 6263225 4225208 3423166 1944256 6910659 3490760 7634170 3546188 3482573 3330512 3810131 3616091 4442715 4144475 1023326 5087075 3187044 7315044 3645934 4885240 3904890
714517 1023326 5
714517 1890694 6
714517 3187044 2
714517 3330512 2
714517 3423166 6
714517 3490760 1
714517 3546025 2
714517 3546188 3
714517 3645934 1
714517 3752861 5
714517 3871265 5
714517 3904890 4
714517 3947683 3
714517 5339432 6
714517 5494146 5
714517 7125424 1
714517 7315044 4
1023326 1890694 5
1023326 3187044 1
1023326 3330512 2
1023326 3423166 5
1023326 3490760 1
1023326 3546025 2
1023326 3546188 3
1023326 3645934 1
1023326 3752861 4
1023326 3871265 4
1023326 3904890 3
1023326 3947683 3
1023326 5339432 5
1023326 5494146 5
1023326 7125424 1
1023326 7315044 3
1890694 3187044 2
1890694 3330512 2
1890694 3423166 6
1890694 3490760 1
1890694 3546025 2
1890694 3546188 3
1890694 3645934 1
1890694 3752861 5
1890694 3871265 5
1890694 3904890 4
1890694 3947683 3
1890694 5339432 6
1890694 5494146 5
1890694 7125424 1
1890694 7315044 4
3187044 3330512 1
3187044 3423166 2
3187044 3490760 1
3187044 3546025 1
3187044 3546188 1
3187044 3645934 1
3187044 3752861 2
3187044 3871265 2
3187044 3904890 2
3187044 3947683 1
3187044 5339432 2
3187044 5494146 1
3187044 7125424 1
3187044 7315044 2
3330512 3423166 2
3330512 3490760 1
3330512 3546025 1
3330512 3546188 2
3330512 3645934 1
3330512 3752861 2
3330512 3871265 2
3330512 3904890 1
3330512 3947683 2
3330512 5339432 2
3330512 5494146 2
3330512 7125424 1
3330512 7315044 2
3423166 3490760 1
3423166 3546025 2
3423166 3546188 3
3423166 3645934 1
3423166 3752861 5
3423166 3871265 5
3423166 3904890 4
3423166 3947683 3
3423166 5339432 6
3423166 5494146 5
3423166 7125424 1
3423166 7315044 4
3490760 3546025 1
3490760 3546188 1
3490760 3645934 1
3490760 3752861 1
3490760 3871265 1
3490760 3904890 1
3490760 3947683 1
3490760 5339432 1
3490760 5494146 1
3490760 7125424 1
3490760 7315044 1
3546025 3546188 2
3546025 3645934 1
3546025 3752861 2
3546025 3871265 2
3546025 3904890 2
3546025 3947683 1
3546025 5339432 2
3546025 5494146 2
3546025 7125424 1
3546025 7315044 1
3546188 3645934 1
3546188 3752861 3
3546188 3871265 3
3546188 3904890 2
3546188 3947683 2
3546188 5339432 3
3546188 5494146 3
3546188 7125424 1
3546188 7315044 2
3645934 3752861 1
3645934 3871265 1
3645934 3904890 1
3645934 3947683 1
3645934 5339432 1
3645934 5494146 1
3645934 7125424 1
3645934 7315044 1
3752861 3871265 7
3752861 3904890 5
3752861 3947683 5
3752861 5339432 7
3752861 5494146 4
3752861 7125424 1
3752861 7315044 5
3871265 3904890 5
3871265 3947683 5
3871265 5339432 7
3871265 5494146 4
3871265 7125424 1
3871265 7315044 4
3904890 3947683 3
3904890 5339432 5
3904890 5494146 3
3904890 7125424 1
3904890 7315044 2
3947683 5339432 5
3947683 5494146 3
3947683 7125424 1
3947683 7315044 3
5339432 5494146 5
5339432 7125424 1
5339432 7315044 5
5494146 7125424 1
5494146 7315044 3
7125424 7315044 1
2936352 3752861 1
2936352 7315044 1
1944256 3482573 1
1944256 3616091 1
1944256 3752861 2
1944256 3871265 2
1944256 3904890 1
1944256 3947683 2
1944256 4885240 2
1944256 5339432 2
1944256 5345833 2
3482573 3616091 1
3482573 3752861 1
3482573 3871265 1
3482573 3904890 1
3482573 3947683 1
3482573 4885240 1
3482573 5339432 1
3482573 5345833 1
3616091 3752861 1
3616091 3871265 1
3616091 3904890 1
3616091 3947683 1
3616091 4885240 1
3616091 5339432 1
3616091 5345833 1
3752861 4885240 2
3752861 5345833 2
3871265 4885240 2
3871265 5345833 2
3904890 4885240 1
3904890 5345833 1
3947683 4885240 2
3947683 5345833 2
4885240 5339432 2
4885240 5345833 2
5339432 5345833 2
714517 4061368 4
714517 4442715 1
714517 6263225 1
1023326 4061368 3
1023326 4442715 1
1023326 6263225 1
1890694 4061368 4
1890694 4442715 1
1890694 6263225 1
3423166 4061368 4
3423166 4442715 1
3423166 6263225 1
3546025 4061368 1
3546025 4442715 1
3546025 6263225 1
3546188 4061368 2
3546188 4442715 1
3546188 6263225 1
3752861 4061368 3
3752861 4442715 1
3752861 6263225 1
3871265 4061368 3
3871265 4442715 1
3871265 6263225 1
3904890 4061368 2
3904890 4442715 1
3904890 6263225 1
4061368 4442715 1
4061368 5339432 4
4061368 5494146 3
4061368 6263225 1
4442715 5339432 1
4442715 5494146 1
4442715 6263225 1
5339432 6263225 1
5494146 6263225 1
714517 5087075 1
1023326 5087075 1
1890694 5087075 1
3423166 5087075 1
4061368 5087075 1
4061368 7315044 3
5087075 5339432 1
5087075 5494146 1
5087075 7315044 1
2936352 3810131 1
2936352 3871265 1
3810131 3871265 1
714517 4240003 2
714517 4603276 3
1023326 4240003 1
1023326 4603276 2
1890694 4240003 2
1890694 4603276 3
3330512 4061368 1
3330512 4240003 1
3330512 4603276 1
3423166 4240003 2
3423166 4603276 3
3546188 4240003 1
3546188 4603276 1
3752861 4240003 2
3752861 4603276 4
3871265 4240003 2
3871265 4603276 4
3947683 4061368 1
3947683 4240003 1
3947683 4603276 3
4061368 4240003 2
4061368 4603276 2
4240003 4603276 2
4240003 5339432 2
4240003 5494146 1
4240003 7315044 2
4603276 5339432 4
4603276 5494146 2
4603276 7315044 3
3904890 4603276 2
547205 1944256 1
547205 3752861 1
547205 3871265 1
547205 3947683 1
547205 4144475 1
547205 4225208 1
547205 4603276 1
547205 4885240 1
547205 5339432 1
547205 5345833 1
547205 5851786 1
547205 6910659 1
547205 7315044 1
547205 7634170 1
1944256 4144475 1
1944256 4225208 1
1944256 4603276 1
1944256 5851786 1
1944256 6910659 1
1944256 7315044 1
1944256 7634170 1
3752861 4144475 1
3752861 4225208 1
3752861 5851786 1
3752861 6910659 1
3752861 7634170 1
3871265 4144475 1
3871265 4225208 1
3871265 5851786 1
3871265 6910659 1
3871265 7634170 1
3947683 4144475 1
3947683 4225208 1
3947683 5851786 1
3947683 6910659 1
3947683 7634170 1
4144475 4225208 1
4144475 4603276 1
4144475 4885240 1
4144475 5339432 1
4144475 5345833 1
4144475 5851786 1
4144475 6910659 1
4144475 7315044 1
4144475 7634170 1
4225208 4603276 1
4225208 4885240 1
4225208 5339432 1
4225208 5345833 1
4225208 5851786 1
4225208 6910659 1
4225208 7315044 1
4225208 7634170 1
4603276 4885240 1
4603276 5345833 1
4603276 5851786 1
4603276 6910659 1
4603276 7634170 1
4885240 5851786 1
4885240 6910659 1
4885240 7315044 1
4885240 7634170 1
5339432 5851786 1
5339432 6910659 1
5339432 7634170 1
5345833 5851786 1
5345833 6910659 1
5345833 7315044 1
5345833 7634170 1
5851786 6910659 1
5851786 7315044 1
5851786 7634170 1
6910659 7315044 1
6910659 7634170 1
7315044 7634170 1
714517 4425252 1
1890694 4425252 1
3187044 4061368 1
3187044 4240003 1
3187044 4425252 1
3187044 4603276 1
3423166 4425252 1
3752861 4425252 1
3871265 4425252 1
3904890 4240003 1
3904890 4425252 1
4061368 4425252 1
4240003 4425252 1
4425252 4603276 1
4425252 5339432 1
4425252 7315044 1
