4159233 5494146 547205 1932550 1890694 81288 3562379 3164172 4603276 3493266 2812439 3108249 3752861 2936352 3871265 4345632 5062693 1845799 3187497 3334058 1602608 2434099 98484 4974904 1944256 5075137 1791300 2010057 3546188 6314833 3344209 4018519 1023326 5261539 3187044 5087075 4647401 6409323 3944306 4099826 719099 2669821 2110335
1023326 1845799 1
1023326 3187044 3
1023326 3187497 1
1023326 3493266 1
1023326 3546188 1
1023326 3944306 3
1023326 4099826 2
1023326 5261539 1
1845799 3187044 1
1845799 3187497 1
1845799 3493266 1
1845799 3546188 1
1845799 3944306 1
1845799 4099826 1
1845799 5261539 1
3187044 3187497 1
3187044 3493266 1
3187044 3546188 1
3187044 3944306 2
3187044 4099826 2
3187044 5261539 1
3187497 3493266 1
3187497 3546188 1
3187497 3944306 1
3187497 4099826 1
3187497 5261539 1
3493266 3546188 1
3493266 3944306 1
3493266 4099826 1
3493266 5261539 1
3546188 3944306 1
3546188 4099826 1
3546188 5261539 1
3944306 4099826 2
3944306 5261539 1
4099826 5261539 1
98484 1023326 2
98484 1932550 1
98484 2110335 2
98484 2669821 1
98484 3164172 1
98484 3187044 1
98484 3944306 2
98484 4099826 1
98484 5087075 1
1023326 1932550 1
1023326 2110335 4
1023326 2669821 1
1023326 3164172 1
1023326 5087075 1
1932550 2110335 1
1932550 2669821 1
1932550 3164172 1
1932550 3187044 1
1932550 3944306 1
1932550 4099826 1
1932550 5087075 1
2110335 2669821 1
2110335 3164172 1
2110335 3187044 2
2110335 3944306 3
2110335 4099826 1
2110335 5087075 1
2669821 3164172 1
2669821 3187044 1
2669821 3944306 1
2669821 4099826 1
2669821 5087075 1
3164172 3187044 1
3164172 3944306 1
3164172 4099826 1
3164172 5087075 1
3187044 5087075 1
3944306 5087075 1
4099826 5087075 1
547205 2010057 1
547205 2936352 5
547205 5075137 1
2010057 2936352 1
2010057 5075137 1
2936352 5075137 1
81288 98484 1
81288 547205 1
81288 1023326 2
81288 2110335 2
81288 3334058 1
81288 3752861 1
81288 3944306 1
81288 4018519 1
81288 4159233 2
81288 5062693 1
81288 5494146 1
81288 6314833 1
98484 547205 1
98484 3334058 1
98484 3752861 1
98484 4018519 1
98484 4159233 1
98484 5062693 1
98484 5494146 1
98484 6314833 1
547205 1023326 2
547205 2110335 4
547205 3334058 1
547205 3752861 2
547205 3944306 2
547205 4018519 1
547205 4159233 1
547205 5062693 1
547205 5494146 1
547205 6314833 1
1023326 3334058 1
1023326 3752861 1
1023326 4018519 1
1023326 4159233 2
1023326 5062693 1
1023326 5494146 1
1023326 6314833 1
2110335 3334058 1
2110335 3752861 1
2110335 4018519 1
2110335 4159233 2
2110335 5062693 1
2110335 5494146 1
2110335 6314833 1
3334058 3752861 1
3334058 3944306 1
3334058 4018519 1
3334058 4159233 1
3334058 5062693 1
3334058 5494146 1
3334058 6314833 1
3752861 3944306 1
3752861 4018519 1
3752861 4159233 1
3752861 5062693 1
3752861 5494146 1
3752861 6314833 1
3944306 4018519 1
3944306 4159233 1
3944306 5062693 1
3944306 5494146 1
3944306 6314833 1
4018519 4159233 1
4018519 5062693 1
4018519 5494146 1
4018519 6314833 1
4159233 5062693 1
4159233 5494146 1
4159233 6314833 1
5062693 5494146 1
5062693 6314833 1
5494146 6314833 1
1023326 1890694 2
81288 1791300 1
81288 1890694 1
81288 3562379 1
81288 3871265 1
81288 4345632 1
81288 4647401 1
81288 4974904 1
1023326 1791300 1
1023326 3562379 1
1023326 3871265 1
1023326 4345632 1
1023326 4647401 1
1023326 4974904 1
1791300 1890694 1
1791300 2110335 1
1791300 3562379 1
1791300 3871265 1
1791300 4159233 1
1791300 4345632 1
1791300 4647401 1
1791300 4974904 1
1890694 2110335 1
1890694 3562379 1
1890694 3871265 1
1890694 4159233 1
1890694 4345632 1
1890694 4647401 1
1890694 4974904 1
2110335 3562379 1
2110335 3871265 2
2110335 4345632 1
2110335 4647401 1
2110335 4974904 1
3562379 3871265 1
3562379 4159233 1
3562379 4345632 1
3562379 4647401 1
3562379 4974904 1
3871265 4159233 1
3871265 4345632 1
3871265 4647401 1
3871265 4974904 1
4159233 4345632 1
4159233 4647401 1
4159233 4974904 1
4345632 4647401 1
4345632 4974904 1
4647401 4974904 1
547205 1602608 1
547205 1944256 1
547205 2434099 1
547205 2812439 2
547205 3108249 1
547205 3187044 1
1023326 1602608 1
1023326 1944256 1
1023326 2434099 1
1023326 2812439 1
1023326 2936352 1
1023326 3108249 1
1602608 1944256 1
1602608 2110335 1
1602608 2434099 1
1602608 2812439 1
1602608 2936352 1
1602608 3108249 1
1602608 3187044 1
1944256 2110335 1
1944256 2434099 1
1944256 2812439 1
1944256 2936352 1
1944256 3108249 1
1944256 3187044 1
2110335 2434099 1
2110335 2812439 2
2110335 2936352 3
2110335 3108249 1
2434099 2812439 1
2434099 2936352 1
2434099 3108249 1
2434099 3187044 1
2812439 2936352 2
2812439 3108249 1
2812439 3187044 1
2936352 3108249 1
2936352 3187044 1
3108249 3187044 1
2936352 3944306 1
547205 3344209 1
547205 3871265 1
2110335 3344209 1
2812439 3344209 1
2812439 3871265 1
2936352 3344209 1
2936352 3871265 1
3344209 3871265 1
547205 719099 1
547205 4603276 1
547205 4647401 1
547205 6409323 1
719099 2936352 1
719099 3752861 1
719099 4603276 1
719099 4647401 1
719099 6409323 1
2936352 3752861 1
2936352 4603276 1
2936352 4647401 1
2936352 6409323 1
3752861 4603276 1
3752861 4647401 1
3752861 6409323 1
4603276 4647401 1
4603276 6409323 1
4647401 6409323 1
