107201792 128046722 94084362 137852682 63142412 59341582 111566992 7964051 120720792 11210521 48826272 42812582 131095592 27102892 11612229 19484361 6814540 33665232 12178645 10303067 91637352 6058481 13292023 55040632 2921855
13292023 19484361 2
13292023 107201792 1
13292023 111566992 1
13292023 120720792 1
19484361 107201792 1
19484361 111566992 1
19484361 120720792 1
107201792 111566992 1
107201792 120720792 1
111566992 120720792 1
6058481 7964051 1
6058481 19484361 1
6058481 55040632 1
6058481 63142412 1
7964051 19484361 4
7964051 55040632 1
7964051 63142412 1
19484361 55040632 2
19484361 63142412 1
55040632 63142412 1
11210521 19484361 1
11210521 55040632 1
7964051 27102892 1
7964051 91637352 2
19484361 27102892 1
19484361 91637352 2
27102892 91637352 1
6814540 10303067 1
6814540 19484361 1
6814540 42812582 1
6814540 48826272 1
6814540 128046722 1
10303067 19484361 1
10303067 42812582 1
10303067 48826272 1
10303067 128046722 1
19484361 42812582 1
19484361 48826272 1
19484361 128046722 1
42812582 48826272 1
42812582 128046722 1
48826272 128046722 1
7964051 59341582 2
19484361 59341582 2
59341582 91637352 1
12178645 19484361 1
11612229 19484361 1
11612229 131095592 1
19484361 131095592 1
2921855 7964051 1
2921855 19484361 1
2921855 33665232 1
2921855 59341582 1
2921855 94084362 1
2921855 137852682 1
7964051 33665232 1
7964051 94084362 1
7964051 137852682 1
19484361 33665232 1
19484361 94084362 1
19484361 137852682 1
33665232 59341582 1
33665232 94084362 1
33665232 137852682 1
59341582 94084362 1
59341582 137852682 1
94084362 137852682 1
