86965892 5606918 94084362 59341582 7964051 33635732 48027542 102348312 11210521 11702174 77175842 42524452 97285412 81868072 90896682 98457002 8735660 27102892 12431406 45121582 94150962 10086450 13205686 90092102 96604872 19484361 12050379 59261132 49853902 50145742 62499282 78908372 28264532 11901780 95983452 93162462 14494945 78258402 19121251 65884132 12960871 60189672 91637352
13205686 19121251 1
13205686 19484361 4
13205686 33635732 1
13205686 59341582 3
13205686 62499282 2
13205686 78258402 1
19121251 19484361 1
19121251 33635732 1
19121251 59341582 1
19121251 62499282 1
19121251 78258402 1
19484361 33635732 1
19484361 59341582 3
19484361 62499282 2
19484361 78258402 1
33635732 59341582 1
33635732 62499282 1
33635732 78258402 1
59341582 62499282 1
59341582 78258402 1
62499282 78258402 1
12050379 13205686 1
12050379 19484361 1
12050379 48027542 1
12050379 59261132 1
12050379 59341582 1
12050379 86965892 1
13205686 48027542 1
13205686 59261132 1
13205686 86965892 1
19484361 48027542 1
19484361 59261132 1
19484361 86965892 1
48027542 59261132 1
48027542 59341582 1
48027542 86965892 1
59261132 59341582 1
59261132 86965892 1
59341582 86965892 1
5606918 19484361 2
5606918 78908372 1
5606918 90092102 1
19484361 78908372 2
19484361 90092102 2
78908372 90092102 1
7964051 19484361 4
7964051 28264532 1
7964051 65884132 1
7964051 90092102 1
19484361 28264532 1
19484361 65884132 1
28264532 65884132 1
28264532 90092102 1
65884132 90092102 1
5606918 12431406 1
5606918 13205686 1
5606918 59341582 1
5606918 60189672 1
5606918 93162462 1
12431406 13205686 1
12431406 19484361 1
12431406 59341582 1
12431406 60189672 1
12431406 93162462 1
13205686 60189672 1
13205686 93162462 1
19484361 60189672 1
19484361 93162462 1
59341582 60189672 1
59341582 93162462 1
60189672 93162462 1
8735660 12960871 1
8735660 13205686 1
8735660 14494945 1
8735660 19484361 1
8735660 42524452 1
8735660 49853902 1
8735660 50145742 1
8735660 62499282 1
8735660 77175842 1
8735660 78908372 1
8735660 94084362 1
8735660 95983452 1
8735660 96604872 1
12960871 13205686 1
12960871 14494945 1
12960871 19484361 1
12960871 42524452 1
12960871 49853902 1
12960871 50145742 1
12960871 62499282 1
12960871 77175842 1
12960871 78908372 1
12960871 94084362 1
12960871 95983452 1
12960871 96604872 1
13205686 14494945 1
13205686 42524452 1
13205686 49853902 1
13205686 50145742 1
13205686 77175842 1
13205686 78908372 1
13205686 94084362 1
13205686 95983452 1
13205686 96604872 1
14494945 19484361 1
14494945 42524452 1
14494945 49853902 1
14494945 50145742 1
14494945 62499282 1
14494945 77175842 1
14494945 78908372 1
14494945 94084362 1
14494945 95983452 1
14494945 96604872 1
19484361 42524452 1
19484361 49853902 1
19484361 50145742 1
19484361 77175842 1
19484361 94084362 2
19484361 95983452 1
19484361 96604872 3
42524452 49853902 1
42524452 50145742 1
42524452 62499282 1
42524452 77175842 1
42524452 78908372 1
42524452 94084362 1
42524452 95983452 1
42524452 96604872 1
49853902 50145742 1
49853902 62499282 1
49853902 77175842 1
49853902 78908372 1
49853902 94084362 1
49853902 95983452 1
49853902 96604872 1
50145742 62499282 1
50145742 77175842 1
50145742 78908372 1
50145742 94084362 1
50145742 95983452 1
50145742 96604872 1
62499282 77175842 1
62499282 78908372 1
62499282 94084362 1
62499282 95983452 1
62499282 96604872 1
77175842 78908372 1
77175842 94084362 1
77175842 95983452 1
77175842 96604872 1
78908372 94084362 1
78908372 95983452 1
78908372 96604872 1
94084362 95983452 1
94084362 96604872 2
95983452 96604872 1
11901780 19484361 1
11901780 81868072 1
11901780 94084362 1
11901780 96604872 1
11901780 97285412 1
19484361 81868072 1
19484361 97285412 2
81868072 94084362 1
81868072 96604872 1
81868072 97285412 1
94084362 97285412 1
96604872 97285412 1
7964051 27102892 1
7964051 90896682 1
7964051 91637352 1
7964051 96604872 1
19484361 27102892 1
19484361 90896682 1
19484361 91637352 1
27102892 90896682 1
27102892 91637352 1
27102892 96604872 1
90896682 91637352 1
90896682 96604872 1
91637352 96604872 1
7964051 94150962 2
7964051 102348312 1
19484361 94150962 2
19484361 102348312 1
94150962 102348312 1
7964051 10086450 1
7964051 11210521 1
7964051 11702174 1
7964051 45121582 1
7964051 97285412 1
7964051 98457002 1
10086450 11210521 1
10086450 11702174 1
10086450 19484361 1
10086450 45121582 1
10086450 94150962 1
10086450 97285412 1
10086450 98457002 1
11210521 11702174 1
11210521 19484361 1
11210521 45121582 1
11210521 94150962 1
11210521 97285412 1
11210521 98457002 1
11702174 19484361 1
11702174 45121582 1
11702174 94150962 1
11702174 97285412 1
11702174 98457002 1
19484361 45121582 1
19484361 98457002 1
45121582 94150962 1
45121582 97285412 1
45121582 98457002 1
94150962 97285412 1
94150962 98457002 1
97285412 98457002 1
