182501313 190099236 13144711 91637352 19484361 61321962 111613772 183695825 192262002 7964051 9755345 184329851 42450422 13809301 12391864 184278011 196365655
7964051 13144711 1
7964051 19484361 2
7964051 91637352 2
13144711 19484361 1
13144711 91637352 1
19484361 91637352 4
19484361 192262002 1
19484361 183695825 2
19484361 184278011 1
91637352 183695825 2
91637352 184278011 2
183695825 184278011 1
9755345 91637352 1
9755345 182501313 1
9755345 184278011 1
91637352 182501313 2
182501313 184278011 1
12391864 19484361 1
12391864 91637352 1
12391864 111613772 1
12391864 183695825 1
12391864 190099236 1
19484361 111613772 1
19484361 190099236 1
91637352 111613772 1
91637352 190099236 1
111613772 183695825 1
111613772 190099236 1
183695825 190099236 1
19484361 42450422 1
19484361 61321962 1
19484361 182501313 1
19484361 184329851 1
42450422 61321962 1
42450422 182501313 1
42450422 184329851 1
61321962 182501313 1
61321962 184329851 1
182501313 184329851 1
13809301 196365655 1
