13130241 26788612 48929542 8807046 11944712 65557512 391050 69806602 4222988 68270092 2128399 12118801 12400787 11552915 37795732 25650712 10361498 33390492 7169181 8428321 9316388 4169892 11086630 13278630 24907432 13615274 7361835 65683372 10348720 8620723 12259382 62014652 3110850 58783172 32416582 2577735 38113992 8135625 1310152 11882318 10858831 58486352 2609617 5314256 17324501 13865943 53364952 8985599 8049116 6717687 13498972 35502182 3597159 17370861 1997421 11020526 45615472 8578546 14407668 8252917 54252662 57627892 7325176 22767231
391050 2128399 4
391050 2577735 1
391050 2609617 2
391050 3597159 3
391050 7325176 5
391050 8135625 3
391050 8578546 3
391050 8620723 1
391050 10361498 1
391050 11086630 4
391050 11882318 3
391050 12118801 2
391050 12259382 3
391050 12400787 1
391050 13615274 2
391050 14407668 3
391050 22767231 1
391050 32416582 5
391050 48929542 2
2128399 2577735 1
2128399 2609617 2
2128399 3597159 2
2128399 7325176 5
2128399 8135625 3
2128399 8578546 3
2128399 8620723 1
2128399 10361498 1
2128399 11086630 4
2128399 11882318 3
2128399 12118801 1
2128399 12259382 2
2128399 12400787 1
2128399 13615274 1
2128399 14407668 3
2128399 22767231 1
2128399 32416582 4
2128399 48929542 2
2577735 2609617 1
2577735 3597159 2
2577735 7325176 2
2577735 8135625 1
2577735 8578546 1
2577735 8620723 1
2577735 10361498 1
2577735 11086630 1
2577735 11882318 1
2577735 12118801 1
2577735 12259382 1
2577735 12400787 1
2577735 13615274 1
2577735 14407668 1
2577735 22767231 1
2577735 32416582 1
2577735 48929542 1
2609617 3597159 1
2609617 7325176 2
2609617 8135625 1
2609617 8578546 2
2609617 8620723 1
2609617 10361498 1
2609617 11086630 2
2609617 11882318 2
2609617 12118801 1
2609617 12259382 1
2609617 12400787 1
2609617 13615274 1
2609617 14407668 2
2609617 22767231 1
2609617 32416582 2
2609617 48929542 2
3597159 7325176 4
3597159 8135625 2
3597159 8578546 1
3597159 8620723 1
3597159 10361498 1
3597159 11086630 2
3597159 11882318 2
3597159 12118801 2
3597159 12259382 2
3597159 12400787 1
3597159 13615274 2
3597159 14407668 2
3597159 22767231 1
3597159 32416582 3
3597159 48929542 1
7325176 8135625 4
7325176 8578546 3
7325176 8620723 1
7325176 10361498 1
7325176 11086630 7
7325176 11882318 4
7325176 12118801 3
7325176 12259382 3
7325176 12400787 1
7325176 13615274 2
7325176 14407668 3
7325176 22767231 2
7325176 32416582 5
7325176 48929542 2
8135625 8578546 2
8135625 8620723 1
8135625 10361498 1
8135625 11086630 4
8135625 11882318 1
8135625 12118801 2
8135625 12259382 3
8135625 12400787 1
8135625 13615274 2
8135625 14407668 1
8135625 22767231 1
8135625 32416582 3
8135625 48929542 1
8578546 8620723 1
8578546 10361498 1
8578546 11086630 3
8578546 11882318 2
8578546 12118801 1
8578546 12259382 2
8578546 12400787 1
8578546 13615274 1
8578546 14407668 2
8578546 22767231 1
8578546 32416582 3
8578546 48929542 2
8620723 10361498 1
8620723 11086630 1
8620723 11882318 1
8620723 12118801 1
8620723 12259382 1
8620723 12400787 1
8620723 13615274 1
8620723 14407668 1
8620723 22767231 1
8620723 32416582 1
8620723 48929542 1
10361498 11086630 1
10361498 11882318 1
10361498 12118801 1
10361498 12259382 1
10361498 12400787 1
10361498 13615274 1
10361498 14407668 1
10361498 22767231 1
10361498 32416582 1
10361498 48929542 1
11086630 11882318 3
11086630 12118801 2
11086630 12259382 3
11086630 12400787 1
11086630 13615274 2
11086630 14407668 2
11086630 22767231 2
11086630 32416582 4
11086630 48929542 2
11882318 12118801 1
11882318 12259382 1
11882318 12400787 1
11882318 13615274 1
11882318 14407668 3
11882318 22767231 2
11882318 32416582 3
11882318 48929542 2
12118801 12259382 2
12118801 12400787 1
12118801 13615274 2
12118801 14407668 1
12118801 22767231 1
12118801 32416582 2
12118801 48929542 1
12259382 12400787 1
12259382 13615274 2
12259382 14407668 1
12259382 22767231 1
12259382 32416582 3
12259382 48929542 1
12400787 13615274 1
12400787 14407668 1
12400787 22767231 1
12400787 32416582 1
12400787 48929542 1
13615274 14407668 1
13615274 22767231 1
13615274 32416582 2
13615274 48929542 1
14407668 22767231 1
14407668 32416582 3
14407668 48929542 2
22767231 32416582 1
22767231 48929542 1
32416582 48929542 2
391050 7361835 1
391050 8049116 1
391050 8252917 1
391050 8985599 1
391050 11944712 1
391050 13278630 1
391050 17324501 1
391050 17370861 1
391050 25650712 2
391050 45615472 1
3597159 7361835 1
3597159 8049116 1
3597159 8252917 1
3597159 8985599 1
3597159 11944712 2
3597159 13278630 1
3597159 17324501 1
3597159 17370861 1
3597159 25650712 1
3597159 45615472 1
7325176 7361835 1
7325176 8049116 1
7325176 8252917 1
7325176 8985599 1
7325176 11944712 2
7325176 13278630 1
7325176 17324501 1
7325176 17370861 1
7325176 25650712 2
7325176 45615472 1
7361835 8049116 1
7361835 8135625 1
7361835 8252917 1
7361835 8985599 1
7361835 11086630 1
7361835 11944712 1
7361835 12118801 1
7361835 12259382 1
7361835 13278630 1
7361835 13615274 1
7361835 17324501 1
7361835 17370861 1
7361835 25650712 1
7361835 32416582 1
7361835 45615472 1
8049116 8135625 1
8049116 8252917 1
8049116 8985599 1
8049116 11086630 1
8049116 11944712 1
8049116 12118801 1
8049116 12259382 1
8049116 13278630 1
8049116 13615274 1
8049116 17324501 1
8049116 17370861 1
8049116 25650712 1
8049116 32416582 1
8049116 45615472 1
8135625 8252917 1
8135625 8985599 1
8135625 11944712 1
8135625 13278630 1
8135625 17324501 1
8135625 17370861 1
8135625 25650712 2
8135625 45615472 1
8252917 8985599 1
8252917 11086630 1
8252917 11944712 1
8252917 12118801 1
8252917 12259382 1
8252917 13278630 1
8252917 13615274 1
8252917 17324501 1
8252917 17370861 1
8252917 25650712 1
8252917 32416582 1
8252917 45615472 1
8985599 11086630 1
8985599 11944712 1
8985599 12118801 1
8985599 12259382 1
8985599 13278630 1
8985599 13615274 1
8985599 17324501 1
8985599 17370861 1
8985599 25650712 1
8985599 32416582 1
8985599 45615472 1
11086630 11944712 1
11086630 13278630 1
11086630 17324501 1
11086630 17370861 1
11086630 25650712 2
11086630 45615472 1
11944712 12118801 1
11944712 12259382 1
11944712 13278630 1
11944712 13615274 1
11944712 17324501 1
11944712 17370861 1
11944712 25650712 1
11944712 32416582 1
11944712 45615472 1
12118801 13278630 1
12118801 17324501 1
12118801 17370861 1
12118801 25650712 1
12118801 45615472 1
12259382 13278630 1
12259382 17324501 1
12259382 17370861 1
12259382 25650712 2
12259382 45615472 1
13278630 13615274 1
13278630 17324501 1
13278630 17370861 1
13278630 25650712 1
13278630 32416582 1
13278630 45615472 1
13615274 17324501 1
13615274 17370861 1
13615274 25650712 1
13615274 45615472 1
17324501 17370861 1
17324501 25650712 1
17324501 32416582 1
17324501 45615472 1
17370861 25650712 1
17370861 32416582 1
17370861 45615472 1
25650712 32416582 2
25650712 45615472 1
32416582 45615472 1
391050 1997421 1
391050 11020526 1
391050 11552915 1
391050 13130241 1
391050 13865943 1
391050 33390492 3
391050 53364952 1
391050 58486352 1
391050 58783172 1
391050 62014652 1
1997421 2128399 1
1997421 7325176 1
1997421 8135625 1
1997421 8578546 1
1997421 11020526 1
1997421 11086630 1
1997421 11552915 1
1997421 12259382 1
1997421 13130241 1
1997421 13865943 1
1997421 25650712 1
1997421 32416582 1
1997421 33390492 1
1997421 53364952 1
1997421 58486352 1
1997421 58783172 1
1997421 62014652 1
2128399 11020526 1
2128399 11552915 1
2128399 13130241 1
2128399 13865943 1
2128399 25650712 1
2128399 33390492 3
2128399 53364952 1
2128399 58486352 1
2128399 58783172 2
2128399 62014652 1
7325176 11020526 1
7325176 11552915 1
7325176 13130241 1
7325176 13865943 1
7325176 33390492 5
7325176 53364952 1
7325176 58486352 1
7325176 58783172 2
7325176 62014652 1
8135625 11020526 1
8135625 11552915 1
8135625 13130241 1
8135625 13865943 1
8135625 33390492 1
8135625 53364952 1
8135625 58486352 1
8135625 58783172 2
8135625 62014652 1
8578546 11020526 1
8578546 11552915 1
8578546 13130241 1
8578546 13865943 1
8578546 25650712 1
8578546 33390492 2
8578546 53364952 1
8578546 58486352 1
8578546 58783172 1
8578546 62014652 1
11020526 11086630 1
11020526 11552915 1
11020526 12259382 1
11020526 13130241 1
11020526 13865943 1
11020526 25650712 1
11020526 32416582 1
11020526 33390492 1
11020526 53364952 1
11020526 58486352 1
11020526 58783172 1
11020526 62014652 1
11086630 11552915 1
11086630 13130241 1
11086630 13865943 1
11086630 33390492 3
11086630 53364952 1
11086630 58486352 1
11086630 58783172 2
11086630 62014652 1
11552915 12259382 1
11552915 13130241 1
11552915 13865943 1
11552915 25650712 1
11552915 32416582 1
11552915 33390492 1
11552915 53364952 1
11552915 58486352 1
11552915 58783172 1
11552915 62014652 1
12259382 13130241 1
12259382 13865943 1
12259382 33390492 1
12259382 53364952 1
12259382 58486352 1
12259382 58783172 1
12259382 62014652 1
13130241 13865943 1
13130241 25650712 1
13130241 32416582 1
13130241 33390492 1
13130241 53364952 1
13130241 58486352 1
13130241 58783172 1
13130241 62014652 1
13865943 25650712 1
13865943 32416582 1
13865943 33390492 1
13865943 53364952 1
13865943 58486352 1
13865943 58783172 1
13865943 62014652 1
25650712 33390492 1
25650712 53364952 1
25650712 58486352 1
25650712 58783172 1
25650712 62014652 1
32416582 33390492 3
32416582 53364952 1
32416582 58486352 1
32416582 58783172 1
32416582 62014652 1
33390492 53364952 1
33390492 58486352 1
33390492 58783172 1
33390492 62014652 1
53364952 58486352 1
53364952 58783172 1
53364952 62014652 1
58486352 58783172 1
58486352 62014652 1
58783172 62014652 1
391050 9316388 1
391050 10348720 1
391050 38113992 1
391050 65683372 1
2128399 9316388 1
2128399 10348720 1
2128399 38113992 1
2128399 65683372 1
2609617 9316388 1
2609617 10348720 1
2609617 33390492 1
2609617 38113992 1
2609617 65683372 1
7325176 9316388 1
7325176 10348720 1
7325176 38113992 2
7325176 65683372 1
8578546 9316388 1
8578546 10348720 1
8578546 38113992 1
8578546 65683372 1
9316388 10348720 1
9316388 11086630 1
9316388 11882318 1
9316388 14407668 1
9316388 32416582 1
9316388 33390492 1
9316388 38113992 1
9316388 48929542 1
9316388 65683372 1
10348720 11086630 1
10348720 11882318 1
10348720 14407668 1
10348720 32416582 1
10348720 33390492 1
10348720 38113992 1
10348720 48929542 1
10348720 65683372 1
11086630 38113992 2
11086630 65683372 1
11882318 33390492 3
11882318 38113992 2
11882318 65683372 1
14407668 33390492 2
14407668 38113992 1
14407668 65683372 1
32416582 38113992 1
32416582 65683372 1
33390492 38113992 2
33390492 48929542 1
33390492 65683372 1
38113992 48929542 1
38113992 65683372 1
48929542 65683372 1
7325176 8428321 2
8428321 11086630 1
4222988 5314256 1
4222988 7325176 1
4222988 11086630 1
4222988 11882318 1
4222988 22767231 1
4222988 33390492 1
4222988 38113992 1
4222988 54252662 1
5314256 7325176 1
5314256 11086630 1
5314256 11882318 1
5314256 22767231 1
5314256 33390492 1
5314256 38113992 1
5314256 54252662 1
7325176 54252662 1
11086630 54252662 1
11882318 54252662 1
22767231 33390492 1
22767231 38113992 1
22767231 54252662 1
33390492 54252662 1
38113992 54252662 1
391050 4169892 1
391050 7169181 1
391050 8428321 1
391050 8807046 1
391050 10858831 1
391050 24907432 1
391050 35502182 1
391050 37795732 1
391050 57627892 1
391050 68270092 1
2128399 4169892 1
2128399 7169181 1
2128399 8428321 1
2128399 8807046 1
2128399 10858831 1
2128399 24907432 1
2128399 35502182 1
2128399 37795732 1
2128399 57627892 1
2128399 68270092 1
3597159 4169892 2
3597159 7169181 1
3597159 8428321 1
3597159 8807046 1
3597159 10858831 1
3597159 24907432 1
3597159 33390492 2
3597159 35502182 1
3597159 37795732 1
3597159 57627892 2
3597159 68270092 1
4169892 7169181 1
4169892 7325176 2
4169892 8428321 1
4169892 8807046 1
4169892 10858831 1
4169892 11882318 1
4169892 14407668 1
4169892 24907432 1
4169892 32416582 1
4169892 33390492 2
4169892 35502182 1
4169892 37795732 1
4169892 57627892 2
4169892 68270092 1
7169181 7325176 1
7169181 8428321 1
7169181 8807046 1
7169181 10858831 1
7169181 11882318 1
7169181 14407668 1
7169181 24907432 1
7169181 32416582 1
7169181 33390492 1
7169181 35502182 1
7169181 37795732 1
7169181 57627892 1
7169181 68270092 1
7325176 8807046 1
7325176 10858831 1
7325176 24907432 1
7325176 35502182 1
7325176 37795732 1
7325176 57627892 2
7325176 68270092 1
8428321 8807046 1
8428321 10858831 1
8428321 11882318 1
8428321 14407668 1
8428321 24907432 1
8428321 32416582 1
8428321 33390492 1
8428321 35502182 1
8428321 37795732 1
8428321 57627892 1
8428321 68270092 1
8807046 10858831 1
8807046 11882318 1
8807046 14407668 1
8807046 24907432 1
8807046 32416582 1
8807046 33390492 1
8807046 35502182 1
8807046 37795732 1
8807046 57627892 1
8807046 68270092 1
10858831 11882318 1
10858831 14407668 1
10858831 24907432 1
10858831 32416582 1
10858831 33390492 1
10858831 35502182 1
10858831 37795732 1
10858831 57627892 1
10858831 68270092 1
11882318 24907432 1
11882318 35502182 1
11882318 37795732 1
11882318 57627892 1
11882318 68270092 1
14407668 24907432 1
14407668 35502182 1
14407668 37795732 1
14407668 57627892 1
14407668 68270092 1
24907432 32416582 1
24907432 33390492 1
24907432 35502182 1
24907432 37795732 1
24907432 57627892 1
24907432 68270092 1
32416582 35502182 1
32416582 37795732 1
32416582 57627892 1
32416582 68270092 1
33390492 35502182 1
33390492 37795732 1
33390492 57627892 2
33390492 68270092 1
35502182 37795732 1
35502182 57627892 1
35502182 68270092 1
37795732 57627892 1
37795732 68270092 1
57627892 68270092 1
1310152 2577735 1
1310152 3597159 1
1310152 4169892 1
1310152 6717687 1
1310152 7325176 1
1310152 11944712 1
1310152 13498972 1
1310152 26788612 1
1310152 33390492 1
1310152 57627892 1
1310152 65557512 1
2577735 4169892 1
2577735 6717687 1
2577735 11944712 1
2577735 13498972 1
2577735 26788612 1
2577735 33390492 1
2577735 57627892 1
2577735 65557512 1
3597159 6717687 1
3597159 13498972 1
3597159 26788612 1
3597159 65557512 1
4169892 6717687 1
4169892 11944712 1
4169892 13498972 1
4169892 26788612 1
4169892 65557512 1
6717687 7325176 2
6717687 11944712 1
6717687 13498972 1
6717687 26788612 1
6717687 33390492 1
6717687 57627892 1
6717687 65557512 1
7325176 13498972 1
7325176 26788612 1
7325176 65557512 1
11944712 13498972 1
11944712 26788612 1
11944712 33390492 1
11944712 57627892 1
11944712 65557512 1
13498972 26788612 1
13498972 33390492 1
13498972 57627892 1
13498972 65557512 1
26788612 33390492 1
26788612 57627892 1
26788612 65557512 1
33390492 65557512 1
57627892 65557512 1
3110850 6717687 1
3110850 7325176 1
3110850 12118801 1
3110850 69806602 1
6717687 12118801 1
6717687 69806602 1
7325176 69806602 1
12118801 69806602 1
