18549761 12951554 10092042 4115984 3760156 7055903 9912360 22282281 14517292 8767537 11559990 33312312 11686457 33172542 5602879 6601791 15529541 21335111 32634442 3078743 2950754 12860514 13825656 14423161 8430719 17380481 9960066 23764621 22532241 14610577 9695892 25741972 6158489 8627867 12154011 6537374 3515557 10051754 14308522 2647730 8704178 13541048 33644242 13678805 29879512 11505369 9886945 21735141 17733861 8456938 24518892 1877242 23249151 10135814 4123911 5035791 22447911 4158762 10148139 19871021 10998576 11078453 4401975 12762423 2593600 14607174 15414101 33821532 10729826 11819364 14404454 3225961 4738411 7864173 9671539 6185862 12194698 6573451 38537102 12973970 20245921 30713252 3141037 1975726 5602764 36150742 3422167 12956634 15647711 20866021 22866431
3422167 3760156 4
3422167 5602764 4
3422167 5602879 6
3422167 9695892 1
3422167 10135814 4
3422167 11559990 6
3422167 11819364 1
3422167 12956634 3
3422167 14607174 5
3422167 15414101 7
3422167 15529541 7
3422167 15647711 7
3422167 23764621 1
3422167 30713252 6
3422167 32634442 1
3422167 33312312 4
3760156 5602764 2
3760156 5602879 4
3760156 9695892 1
3760156 10135814 4
3760156 11559990 4
3760156 11819364 1
3760156 12956634 4
3760156 14607174 4
3760156 15414101 4
3760156 15529541 5
3760156 15647711 5
3760156 23764621 1
3760156 30713252 4
3760156 32634442 1
3760156 33312312 3
5602764 5602879 4
5602764 9695892 1
5602764 10135814 2
5602764 11559990 5
5602764 11819364 1
5602764 12956634 3
5602764 14607174 2
5602764 15414101 4
5602764 15529541 5
5602764 15647711 5
5602764 23764621 1
5602764 30713252 5
5602764 32634442 1
5602764 33312312 3
5602879 9695892 1
5602879 10135814 5
5602879 11559990 7
5602879 11819364 1
5602879 12956634 3
5602879 14607174 4
5602879 15414101 6
5602879 15529541 7
5602879 15647711 7
5602879 23764621 1
5602879 30713252 6
5602879 32634442 1
5602879 33312312 4
9695892 10135814 1
9695892 11559990 1
9695892 11819364 1
9695892 12956634 1
9695892 14607174 1
9695892 15414101 1
9695892 15529541 1
9695892 15647711 1
9695892 23764621 1
9695892 30713252 1
9695892 32634442 1
9695892 33312312 1
10135814 11559990 5
10135814 11819364 1
10135814 12956634 3
10135814 14607174 4
10135814 15414101 4
10135814 15529541 5
10135814 15647711 5
10135814 23764621 1
10135814 30713252 4
10135814 32634442 1
10135814 33312312 3
11559990 11819364 1
11559990 12956634 4
11559990 14607174 4
11559990 15414101 6
11559990 15529541 8
11559990 15647711 8
11559990 23764621 1
11559990 30713252 7
11559990 32634442 1
11559990 33312312 4
11819364 12956634 1
11819364 14607174 1
11819364 15414101 1
11819364 15529541 1
11819364 15647711 1
11819364 23764621 1
11819364 30713252 1
11819364 32634442 1
11819364 33312312 1
12956634 14607174 3
12956634 15414101 3
12956634 15529541 5
12956634 15647711 5
12956634 23764621 1
12956634 30713252 4
12956634 32634442 1
12956634 33312312 2
14607174 15414101 5
14607174 15529541 5
14607174 15647711 5
14607174 23764621 1
14607174 30713252 4
14607174 32634442 1
14607174 33312312 3
15414101 15529541 7
15414101 15647711 7
15414101 23764621 1
15414101 30713252 6
15414101 32634442 1
15414101 33312312 4
15529541 15647711 10
15529541 23764621 1
15529541 30713252 7
15529541 32634442 1
15529541 33312312 4
15647711 23764621 1
15647711 30713252 7
15647711 32634442 1
15647711 33312312 4
23764621 30713252 1
23764621 32634442 1
23764621 33312312 1
30713252 32634442 1
30713252 33312312 4
32634442 33312312 1
1975726 3225961 1
1975726 3422167 5
1975726 4158762 1
1975726 4401975 1
1975726 5602764 3
1975726 5602879 5
1975726 6158489 2
1975726 6601791 4
1975726 7055903 2
1975726 8430719 1
1975726 8456938 1
1975726 8627867 5
1975726 10051754 5
1975726 10092042 1
1975726 10729826 1
1975726 10998576 1
1975726 11078453 1
1975726 11559990 5
1975726 13678805 4
1975726 13825656 1
1975726 14308522 4
1975726 14404454 2
1975726 14517292 5
1975726 15414101 5
1975726 15529541 5
1975726 15647711 5
1975726 20245921 1
1975726 21335111 5
1975726 21735141 1
1975726 24518892 2
1975726 30713252 5
3225961 3422167 1
3225961 4158762 1
3225961 4401975 1
3225961 5602764 1
3225961 5602879 1
3225961 6158489 1
3225961 6601791 1
3225961 7055903 1
3225961 8430719 1
3225961 8456938 1
3225961 8627867 1
3225961 10051754 1
3225961 10092042 1
3225961 10729826 1
3225961 10998576 1
3225961 11078453 1
3225961 11559990 1
3225961 13678805 1
3225961 13825656 1
3225961 14308522 1
3225961 14404454 1
3225961 14517292 1
3225961 15414101 1
3225961 15529541 1
3225961 15647711 1
3225961 20245921 1
3225961 21335111 1
3225961 21735141 1
3225961 24518892 1
3225961 30713252 1
3422167 4158762 1
3422167 4401975 1
3422167 6158489 3
3422167 6601791 4
3422167 7055903 2
3422167 8430719 1
3422167 8456938 1
3422167 8627867 6
3422167 10051754 5
3422167 10092042 1
3422167 10729826 1
3422167 10998576 1
3422167 11078453 1
3422167 13678805 4
3422167 13825656 1
3422167 14308522 4
3422167 14404454 2
3422167 14517292 5
3422167 20245921 1
3422167 21335111 5
3422167 21735141 1
3422167 24518892 2
4158762 4401975 1
4158762 5602764 1
4158762 5602879 1
4158762 6158489 1
4158762 6601791 1
4158762 7055903 1
4158762 8430719 1
4158762 8456938 1
4158762 8627867 1
4158762 10051754 1
4158762 10092042 1
4158762 10729826 1
4158762 10998576 1
4158762 11078453 1
4158762 11559990 1
4158762 13678805 1
4158762 13825656 1
4158762 14308522 1
4158762 14404454 1
4158762 14517292 1
4158762 15414101 1
4158762 15529541 1
4158762 15647711 1
4158762 20245921 1
4158762 21335111 1
4158762 21735141 1
4158762 24518892 1
4158762 30713252 1
4401975 5602764 1
4401975 5602879 1
4401975 6158489 1
4401975 6601791 1
4401975 7055903 1
4401975 8430719 1
4401975 8456938 1
4401975 8627867 1
4401975 10051754 1
4401975 10092042 1
4401975 10729826 1
4401975 10998576 1
4401975 11078453 1
4401975 11559990 1
4401975 13678805 1
4401975 13825656 1
4401975 14308522 1
4401975 14404454 1
4401975 14517292 1
4401975 15414101 1
4401975 15529541 1
4401975 15647711 1
4401975 20245921 1
4401975 21335111 1
4401975 21735141 1
4401975 24518892 1
4401975 30713252 1
5602764 6158489 2
5602764 6601791 3
5602764 7055903 1
5602764 8430719 2
5602764 8456938 1
5602764 8627867 3
5602764 10051754 3
5602764 10092042 1
5602764 10729826 1
5602764 10998576 2
5602764 11078453 2
5602764 13678805 3
5602764 13825656 1
5602764 14308522 3
5602764 14404454 2
5602764 14517292 3
5602764 20245921 1
5602764 21335111 4
5602764 21735141 1
5602764 24518892 2
5602879 6158489 2
5602879 6601791 4
5602879 7055903 2
5602879 8430719 1
5602879 8456938 1
5602879 8627867 5
5602879 10051754 5
5602879 10092042 1
5602879 10729826 1
5602879 10998576 1
5602879 11078453 1
5602879 13678805 4
5602879 13825656 1
5602879 14308522 4
5602879 14404454 2
5602879 14517292 5
5602879 20245921 1
5602879 21335111 5
5602879 21735141 1
5602879 24518892 3
6158489 6601791 2
6158489 7055903 1
6158489 8430719 1
6158489 8456938 1
6158489 8627867 3
6158489 10051754 2
6158489 10092042 1
6158489 10729826 1
6158489 10998576 1
6158489 11078453 1
6158489 11559990 2
6158489 13678805 2
6158489 13825656 1
6158489 14308522 1
6158489 14404454 2
6158489 14517292 2
6158489 15414101 3
6158489 15529541 3
6158489 15647711 3
6158489 20245921 1
6158489 21335111 2
6158489 21735141 1
6158489 24518892 2
6158489 30713252 2
6601791 7055903 2
6601791 8430719 1
6601791 8456938 1
6601791 8627867 4
6601791 10051754 4
6601791 10092042 1
6601791 10729826 1
6601791 10998576 1
6601791 11078453 1
6601791 11559990 4
6601791 13678805 3
6601791 13825656 1
6601791 14308522 3
6601791 14404454 2
6601791 14517292 4
6601791 15414101 4
6601791 15529541 4
6601791 15647711 4
6601791 20245921 1
6601791 21335111 4
6601791 21735141 1
6601791 24518892 2
6601791 30713252 4
7055903 8430719 1
7055903 8456938 1
7055903 8627867 2
7055903 10051754 2
7055903 10092042 1
7055903 10729826 1
7055903 10998576 1
7055903 11078453 1
7055903 11559990 2
7055903 13678805 1
7055903 13825656 1
7055903 14308522 2
7055903 14404454 1
7055903 14517292 2
7055903 15414101 2
7055903 15529541 2
7055903 15647711 2
7055903 20245921 1
7055903 21335111 2
7055903 21735141 1
7055903 24518892 1
7055903 30713252 2
8430719 8456938 1
8430719 8627867 1
8430719 10051754 1
8430719 10092042 1
8430719 10729826 1
8430719 10998576 2
8430719 11078453 2
8430719 11559990 2
8430719 13678805 1
8430719 13825656 1
8430719 14308522 2
8430719 14404454 1
8430719 14517292 1
8430719 15414101 1
8430719 15529541 2
8430719 15647711 2
8430719 20245921 1
8430719 21335111 2
8430719 21735141 1
8430719 24518892 1
8430719 30713252 2
8456938 8627867 1
8456938 10051754 1
8456938 10092042 1
8456938 10729826 1
8456938 10998576 1
8456938 11078453 1
8456938 11559990 1
8456938 13678805 1
8456938 13825656 1
8456938 14308522 1
8456938 14404454 1
8456938 14517292 1
8456938 15414101 1
8456938 15529541 1
8456938 15647711 1
8456938 20245921 1
8456938 21335111 1
8456938 21735141 1
8456938 24518892 1
8456938 30713252 1
8627867 10051754 5
8627867 10092042 1
8627867 10729826 1
8627867 10998576 1
8627867 11078453 1
8627867 11559990 5
8627867 13678805 4
8627867 13825656 1
8627867 14308522 4
8627867 14404454 2
8627867 14517292 5
8627867 15414101 6
8627867 15529541 7
8627867 15647711 7
8627867 20245921 1
8627867 21335111 5
8627867 21735141 1
8627867 24518892 2
8627867 30713252 5
10051754 10092042 1
10051754 10729826 1
10051754 10998576 1
10051754 11078453 1
10051754 11559990 5
10051754 13678805 4
10051754 13825656 1
10051754 14308522 4
10051754 14404454 2
10051754 14517292 5
10051754 15414101 5
10051754 15529541 5
10051754 15647711 5
10051754 20245921 1
10051754 21335111 5
10051754 21735141 1
10051754 24518892 2
10051754 30713252 5
10092042 10729826 1
10092042 10998576 1
10092042 11078453 1
10092042 11559990 1
10092042 13678805 1
10092042 13825656 1
10092042 14308522 1
10092042 14404454 1
10092042 14517292 1
10092042 15414101 1
10092042 15529541 1
10092042 15647711 1
10092042 20245921 1
10092042 21335111 1
10092042 21735141 1
10092042 24518892 1
10092042 30713252 1
10729826 10998576 1
10729826 11078453 1
10729826 11559990 1
10729826 13678805 1
10729826 13825656 1
10729826 14308522 1
10729826 14404454 1
10729826 14517292 1
10729826 15414101 1
10729826 15529541 1
10729826 15647711 1
10729826 20245921 1
10729826 21335111 1
10729826 21735141 1
10729826 24518892 1
10729826 30713252 1
10998576 11078453 2
10998576 11559990 2
10998576 13678805 1
10998576 13825656 1
10998576 14308522 2
10998576 14404454 1
10998576 14517292 1
10998576 15414101 1
10998576 15529541 2
10998576 15647711 2
10998576 20245921 1
10998576 21335111 2
10998576 21735141 1
10998576 24518892 1
10998576 30713252 2
11078453 11559990 2
11078453 13678805 1
11078453 13825656 1
11078453 14308522 2
11078453 14404454 1
11078453 14517292 1
11078453 15414101 1
11078453 15529541 2
11078453 15647711 2
11078453 20245921 1
11078453 21335111 2
11078453 21735141 1
11078453 24518892 1
11078453 30713252 2
11559990 13678805 4
11559990 13825656 1
11559990 14308522 5
11559990 14404454 2
11559990 14517292 5
11559990 20245921 1
11559990 21335111 6
11559990 21735141 1
11559990 24518892 3
13678805 13825656 1
13678805 14308522 3
13678805 14404454 2
13678805 14517292 4
13678805 15414101 4
13678805 15529541 4
13678805 15647711 4
13678805 20245921 1
13678805 21335111 4
13678805 21735141 1
13678805 24518892 2
13678805 30713252 4
13825656 14308522 1
13825656 14404454 1
13825656 14517292 1
13825656 15414101 1
13825656 15529541 1
13825656 15647711 1
13825656 20245921 1
13825656 21335111 1
13825656 21735141 1
13825656 24518892 1
13825656 30713252 1
14308522 14404454 1
14308522 14517292 4
14308522 15414101 4
14308522 15529541 5
14308522 15647711 5
14308522 20245921 1
14308522 21335111 5
14308522 21735141 1
14308522 24518892 1
14308522 30713252 5
14404454 14517292 2
14404454 15414101 2
14404454 15529541 2
14404454 15647711 2
14404454 20245921 1
14404454 21335111 2
14404454 21735141 1
14404454 24518892 2
14404454 30713252 2
14517292 15414101 5
14517292 15529541 5
14517292 15647711 5
14517292 20245921 1
14517292 21335111 5
14517292 21735141 1
14517292 24518892 2
14517292 30713252 5
15414101 20245921 1
15414101 21335111 5
15414101 21735141 1
15414101 24518892 2
15529541 20245921 1
15529541 21335111 6
15529541 21735141 1
15529541 24518892 3
15647711 20245921 1
15647711 21335111 6
15647711 21735141 1
15647711 24518892 3
20245921 21335111 1
20245921 21735141 1
20245921 24518892 1
20245921 30713252 1
21335111 21735141 1
21335111 24518892 2
21335111 30713252 6
21735141 24518892 1
21735141 30713252 1
24518892 30713252 2
2647730 2950754 2
2647730 5602764 1
2647730 6537374 1
2647730 8430719 1
2647730 10998576 1
2647730 11078453 1
2647730 11505369 2
2647730 11559990 2
2647730 12154011 1
2647730 12956634 1
2647730 14308522 1
2647730 15529541 3
2647730 15647711 3
2647730 17733861 1
2647730 18549761 1
2647730 19871021 1
2647730 21335111 1
2647730 22282281 2
2647730 22532241 1
2647730 30713252 1
2950754 5602764 2
2950754 6537374 1
2950754 8430719 1
2950754 10998576 1
2950754 11078453 1
2950754 11505369 1
2950754 11559990 4
2950754 12154011 1
2950754 12956634 2
2950754 14308522 2
2950754 15529541 4
2950754 15647711 4
2950754 17733861 1
2950754 18549761 1
2950754 19871021 1
2950754 21335111 3
2950754 22282281 2
2950754 22532241 1
2950754 30713252 3
5602764 6537374 1
5602764 11505369 1
5602764 12154011 1
5602764 17733861 1
5602764 18549761 1
5602764 19871021 2
5602764 22282281 2
5602764 22532241 1
6537374 8430719 1
6537374 10998576 1
6537374 11078453 1
6537374 11505369 1
6537374 11559990 1
6537374 12154011 1
6537374 12956634 1
6537374 14308522 1
6537374 15529541 1
6537374 15647711 1
6537374 17733861 1
6537374 18549761 1
6537374 19871021 1
6537374 21335111 1
6537374 22282281 1
6537374 22532241 1
6537374 30713252 1
8430719 11505369 1
8430719 12154011 1
8430719 12956634 1
8430719 17733861 1
8430719 18549761 1
8430719 19871021 1
8430719 22282281 1
8430719 22532241 1
10998576 11505369 1
10998576 12154011 1
10998576 12956634 1
10998576 17733861 1
10998576 18549761 1
10998576 19871021 1
10998576 22282281 1
10998576 22532241 1
11078453 11505369 1
11078453 12154011 1
11078453 12956634 1
11078453 17733861 1
11078453 18549761 1
11078453 19871021 1
11078453 22282281 1
11078453 22532241 1
11505369 11559990 1
11505369 12154011 1
11505369 12956634 1
11505369 14308522 1
11505369 15529541 2
11505369 15647711 2
11505369 17733861 1
11505369 18549761 1
11505369 19871021 1
11505369 21335111 1
11505369 22282281 2
11505369 22532241 1
11505369 30713252 1
11559990 12154011 1
11559990 17733861 1
11559990 18549761 1
11559990 19871021 2
11559990 22282281 4
11559990 22532241 1
12154011 12956634 1
12154011 14308522 1
12154011 15529541 1
12154011 15647711 1
12154011 17733861 1
12154011 18549761 1
12154011 19871021 1
12154011 21335111 1
12154011 22282281 1
12154011 22532241 1
12154011 30713252 1
12956634 14308522 3
12956634 17733861 1
12956634 18549761 1
12956634 19871021 2
12956634 21335111 3
12956634 22282281 3
12956634 22532241 1
14308522 17733861 1
14308522 18549761 1
14308522 19871021 2
14308522 22282281 4
14308522 22532241 1
15529541 17733861 1
15529541 18549761 1
15529541 19871021 2
15529541 22282281 5
15529541 22532241 1
15647711 17733861 1
15647711 18549761 1
15647711 19871021 2
15647711 22282281 5
15647711 22532241 1
17733861 18549761 1
17733861 19871021 1
17733861 21335111 1
17733861 22282281 1
17733861 22532241 1
17733861 30713252 1
18549761 19871021 1
18549761 21335111 1
18549761 22282281 1
18549761 22532241 1
18549761 30713252 1
19871021 21335111 2
19871021 22282281 2
19871021 22532241 1
19871021 30713252 2
21335111 22282281 4
21335111 22532241 1
22282281 22532241 1
22282281 30713252 4
22532241 30713252 1
2647730 3078743 2
2647730 3422167 1
2647730 3515557 1
2647730 6158489 1
2647730 6573451 1
2647730 8627867 1
2647730 9912360 1
2647730 12973970 1
2647730 14607174 1
2647730 15414101 1
2647730 33172542 1
2647730 33821532 1
2647730 36150742 1
3078743 3422167 3
3078743 3515557 1
3078743 6158489 1
3078743 6573451 1
3078743 8627867 3
3078743 9912360 1
3078743 11505369 1
3078743 12973970 1
3078743 14607174 3
3078743 15414101 3
3078743 15529541 4
3078743 15647711 4
3078743 22282281 3
3078743 33172542 2
3078743 33821532 1
3078743 36150742 1
3422167 3515557 1
3422167 6573451 1
3422167 9912360 1
3422167 11505369 1
3422167 12973970 1
3422167 22282281 4
3422167 33172542 2
3422167 33821532 1
3422167 36150742 1
3515557 6158489 1
3515557 6573451 1
3515557 8627867 1
3515557 9912360 1
3515557 11505369 1
3515557 12973970 1
3515557 14607174 1
3515557 15414101 1
3515557 15529541 1
3515557 15647711 1
3515557 22282281 1
3515557 33172542 1
3515557 33821532 1
3515557 36150742 1
6158489 6573451 1
6158489 9912360 1
6158489 11505369 1
6158489 12973970 1
6158489 14607174 1
6158489 22282281 1
6158489 33172542 1
6158489 33821532 1
6158489 36150742 1
6573451 8627867 1
6573451 9912360 1
6573451 11505369 1
6573451 12973970 1
6573451 14607174 1
6573451 15414101 1
6573451 15529541 1
6573451 15647711 1
6573451 22282281 1
6573451 33172542 1
6573451 33821532 1
6573451 36150742 1
8627867 9912360 1
8627867 11505369 1
8627867 12973970 1
8627867 14607174 4
8627867 22282281 4
8627867 33172542 2
8627867 33821532 1
8627867 36150742 1
9912360 11505369 1
9912360 12973970 1
9912360 14607174 1
9912360 15414101 1
9912360 15529541 1
9912360 15647711 1
9912360 22282281 1
9912360 33172542 1
9912360 33821532 1
9912360 36150742 1
11505369 12973970 1
11505369 14607174 1
11505369 15414101 1
11505369 33172542 1
11505369 33821532 1
11505369 36150742 1
12973970 14607174 1
12973970 15414101 1
12973970 15529541 1
12973970 15647711 1
12973970 22282281 1
12973970 33172542 1
12973970 33821532 1
12973970 36150742 1
14607174 22282281 4
14607174 33172542 2
14607174 33821532 1
14607174 36150742 1
15414101 22282281 4
15414101 33172542 2
15414101 33821532 1
15414101 36150742 1
15529541 33172542 2
15529541 33821532 1
15529541 36150742 1
15647711 33172542 2
15647711 33821532 1
15647711 36150742 1
22282281 33172542 2
22282281 33821532 1
22282281 36150742 1
33172542 33821532 1
33172542 36150742 1
33821532 36150742 1
1975726 3078743 2
1975726 3760156 3
1975726 4738411 3
1975726 5035791 1
1975726 7864173 2
1975726 8704178 3
1975726 8767537 2
1975726 9671539 2
1975726 9886945 3
1975726 9960066 1
1975726 10135814 3
1975726 10148139 3
1975726 12762423 1
1975726 14423161 1
1975726 14607174 3
1975726 22282281 3
1975726 33312312 3
3078743 3760156 2
3078743 4738411 2
3078743 5035791 1
3078743 5602879 3
3078743 7864173 2
3078743 8704178 2
3078743 8767537 3
3078743 9671539 2
3078743 9886945 2
3078743 9960066 1
3078743 10051754 2
3078743 10135814 3
3078743 10148139 2
3078743 11559990 3
3078743 12762423 1
3078743 13678805 2
3078743 14308522 2
3078743 14423161 1
3078743 14517292 2
3078743 21335111 2
3078743 30713252 2
3078743 33312312 2
3422167 4738411 3
3422167 5035791 1
3422167 7864173 2
3422167 8704178 3
3422167 8767537 2
3422167 9671539 2
3422167 9886945 3
3422167 9960066 1
3422167 10148139 3
3422167 12762423 1
3422167 14423161 1
3760156 4738411 3
3760156 5035791 1
3760156 7864173 2
3760156 8627867 4
3760156 8704178 3
3760156 8767537 2
3760156 9671539 2
3760156 9886945 3
3760156 9960066 1
3760156 10051754 3
3760156 10148139 3
3760156 12762423 2
3760156 13678805 2
3760156 14308522 3
3760156 14423161 1
3760156 14517292 3
3760156 21335111 3
3760156 22282281 3
4738411 5035791 1
4738411 5602879 3
4738411 7864173 2
4738411 8627867 3
4738411 8704178 3
4738411 8767537 2
4738411 9671539 2
4738411 9886945 3
4738411 9960066 1
4738411 10051754 3
4738411 10135814 3
4738411 10148139 3
4738411 11559990 3
4738411 12762423 1
4738411 13678805 2
4738411 14308522 3
4738411 14423161 1
4738411 14517292 3
4738411 14607174 3
4738411 15414101 3
4738411 15529541 3
4738411 15647711 3
4738411 21335111 3
4738411 22282281 3
4738411 30713252 3
4738411 33312312 2
5035791 5602879 1
5035791 7864173 1
5035791 8627867 1
5035791 8704178 1
5035791 8767537 1
5035791 9671539 1
5035791 9886945 1
5035791 9960066 1
5035791 10051754 1
5035791 10135814 1
5035791 10148139 1
5035791 11559990 1
5035791 12762423 1
5035791 13678805 1
5035791 14308522 1
5035791 14423161 1
5035791 14517292 1
5035791 14607174 1
5035791 15414101 1
5035791 15529541 1
5035791 15647711 1
5035791 21335111 1
5035791 22282281 1
5035791 30713252 1
5035791 33312312 1
5602879 7864173 2
5602879 8704178 3
5602879 8767537 3
5602879 9671539 2
5602879 9886945 3
5602879 9960066 1
5602879 10148139 3
5602879 12762423 1
5602879 14423161 1
5602879 22282281 3
7864173 8627867 2
7864173 8704178 2
7864173 8767537 2
7864173 9671539 2
7864173 9886945 2
7864173 9960066 1
7864173 10051754 2
7864173 10135814 2
7864173 10148139 2
7864173 11559990 2
7864173 12762423 1
7864173 13678805 2
7864173 14308522 2
7864173 14423161 1
7864173 14517292 2
7864173 14607174 2
7864173 15414101 2
7864173 15529541 2
7864173 15647711 2
7864173 21335111 2
7864173 22282281 2
7864173 30713252 2
7864173 33312312 2
8627867 8704178 3
8627867 8767537 2
8627867 9671539 2
8627867 9886945 3
8627867 9960066 1
8627867 10135814 3
8627867 10148139 3
8627867 12762423 2
8627867 14423161 1
8627867 33312312 3
8704178 8767537 2
8704178 9671539 2
8704178 9886945 3
8704178 9960066 1
8704178 10051754 3
8704178 10135814 3
8704178 10148139 3
8704178 11559990 3
8704178 12762423 1
8704178 13678805 2
8704178 14308522 3
8704178 14423161 1
8704178 14517292 3
8704178 14607174 3
8704178 15414101 3
8704178 15529541 3
8704178 15647711 3
8704178 21335111 3
8704178 22282281 3
8704178 30713252 3
8704178 33312312 2
8767537 9671539 2
8767537 9886945 2
8767537 9960066 1
8767537 10051754 2
8767537 10135814 3
8767537 10148139 2
8767537 11559990 3
8767537 12762423 1
8767537 13678805 2
8767537 14308522 2
8767537 14423161 1
8767537 14517292 2
8767537 14607174 2
8767537 15414101 2
8767537 15529541 3
8767537 15647711 3
8767537 21335111 2
8767537 22282281 2
8767537 30713252 2
8767537 33312312 2
9671539 9886945 2
9671539 9960066 1
9671539 10051754 2
9671539 10135814 2
9671539 10148139 2
9671539 11559990 2
9671539 12762423 1
9671539 13678805 2
9671539 14308522 2
9671539 14423161 1
9671539 14517292 2
9671539 14607174 2
9671539 15414101 2
9671539 15529541 2
9671539 15647711 2
9671539 21335111 2
9671539 22282281 2
9671539 30713252 2
9671539 33312312 2
9886945 9960066 1
9886945 10051754 3
9886945 10135814 3
9886945 10148139 3
9886945 11559990 3
9886945 12762423 1
9886945 13678805 2
9886945 14308522 3
9886945 14423161 1
9886945 14517292 3
9886945 14607174 3
9886945 15414101 3
9886945 15529541 3
9886945 15647711 3
9886945 21335111 3
9886945 22282281 3
9886945 30713252 3
9886945 33312312 2
9960066 10051754 1
9960066 10135814 1
9960066 10148139 1
9960066 11559990 1
9960066 12762423 1
9960066 13678805 1
9960066 14308522 1
9960066 14423161 1
9960066 14517292 1
9960066 14607174 1
9960066 15414101 1
9960066 15529541 1
9960066 15647711 1
9960066 21335111 1
9960066 22282281 1
9960066 30713252 1
9960066 33312312 1
10051754 10135814 3
10051754 10148139 3
10051754 12762423 1
10051754 14423161 1
10051754 14607174 3
10051754 22282281 3
10051754 33312312 3
10135814 10148139 3
10135814 12762423 1
10135814 13678805 2
10135814 14308522 3
10135814 14423161 1
10135814 14517292 3
10135814 21335111 3
10135814 22282281 3
10148139 11559990 3
10148139 12762423 1
10148139 13678805 2
10148139 14308522 3
10148139 14423161 1
10148139 14517292 3
10148139 14607174 3
10148139 15414101 3
10148139 15529541 3
10148139 15647711 3
10148139 21335111 3
10148139 22282281 3
10148139 30713252 3
10148139 33312312 2
11559990 12762423 1
11559990 14423161 1
12762423 13678805 1
12762423 14308522 1
12762423 14423161 1
12762423 14517292 1
12762423 14607174 1
12762423 15414101 1
12762423 15529541 2
12762423 15647711 2
12762423 21335111 1
12762423 22282281 1
12762423 30713252 1
12762423 33312312 1
13678805 14423161 1
13678805 14607174 2
13678805 22282281 2
13678805 33312312 3
14308522 14423161 1
14308522 14607174 3
14308522 33312312 2
14423161 14517292 1
14423161 14607174 1
14423161 15414101 1
14423161 15529541 1
14423161 15647711 1
14423161 21335111 1
14423161 22282281 1
14423161 30713252 1
14423161 33312312 1
14517292 14607174 3
14517292 22282281 3
14517292 33312312 3
14607174 21335111 3
21335111 33312312 3
22282281 33312312 2
1877242 1975726 1
1877242 3078743 1
1877242 3422167 1
1877242 3760156 1
1877242 4738411 1
1877242 5602764 1
1877242 5602879 1
1877242 6185862 1
1877242 6601791 1
1877242 7864173 1
1877242 8627867 1
1877242 8704178 1
1877242 8767537 1
1877242 9671539 1
1877242 9886945 1
1877242 10051754 1
1877242 10135814 1
1877242 10148139 1
1877242 11559990 1
1877242 11686457 1
1877242 12194698 1
1877242 12951554 1
1877242 12956634 1
1877242 13541048 1
1877242 13678805 1
1877242 14308522 1
1877242 14517292 1
1877242 14607174 1
1877242 15414101 1
1877242 15529541 1
1877242 15647711 1
1877242 19871021 1
1877242 21335111 1
1877242 22282281 1
1877242 22447911 1
1877242 23249151 1
1877242 30713252 1
1877242 33172542 1
1877242 33312312 1
1877242 33644242 1
1975726 6185862 1
1975726 11686457 2
1975726 12194698 1
1975726 12951554 1
1975726 12956634 2
1975726 13541048 2
1975726 19871021 1
1975726 22447911 2
1975726 23249151 1
1975726 33172542 1
1975726 33644242 1
3078743 5602764 1
3078743 6185862 1
3078743 6601791 1
3078743 11686457 1
3078743 12194698 1
3078743 12951554 1
3078743 12956634 1
3078743 13541048 1
3078743 19871021 1
3078743 22447911 1
3078743 23249151 1
3078743 33644242 1
3422167 6185862 1
3422167 11686457 2
3422167 12194698 1
3422167 12951554 1
3422167 13541048 2
3422167 19871021 1
3422167 22447911 2
3422167 23249151 1
3422167 33644242 1
3760156 6185862 1
3760156 6601791 2
3760156 11686457 1
3760156 12194698 1
3760156 12951554 1
3760156 13541048 2
3760156 19871021 1
3760156 22447911 1
3760156 23249151 1
3760156 33172542 1
3760156 33644242 1
4738411 5602764 1
4738411 6185862 1
4738411 6601791 2
4738411 11686457 1
4738411 12194698 1
4738411 12951554 1
4738411 12956634 2
4738411 13541048 2
4738411 19871021 1
4738411 22447911 1
4738411 23249151 1
4738411 33172542 1
4738411 33644242 1
5602764 6185862 1
5602764 7864173 1
5602764 8704178 1
5602764 8767537 1
5602764 9671539 1
5602764 9886945 1
5602764 10148139 1
5602764 11686457 2
5602764 12194698 1
5602764 12951554 1
5602764 13541048 1
5602764 22447911 2
5602764 23249151 1
5602764 33172542 1
5602764 33644242 1
5602879 6185862 1
5602879 11686457 2
5602879 12194698 1
5602879 12951554 1
5602879 13541048 2
5602879 19871021 1
5602879 22447911 2
5602879 23249151 1
5602879 33172542 1
5602879 33644242 1
6185862 6601791 1
6185862 7864173 1
6185862 8627867 1
6185862 8704178 1
6185862 8767537 1
6185862 9671539 1
6185862 9886945 1
6185862 10051754 1
6185862 10135814 1
6185862 10148139 1
6185862 11559990 1
6185862 11686457 1
6185862 12194698 1
6185862 12951554 1
6185862 12956634 1
6185862 13541048 1
6185862 13678805 1
6185862 14308522 1
6185862 14517292 1
6185862 14607174 1
6185862 15414101 1
6185862 15529541 1
6185862 15647711 1
6185862 19871021 1
6185862 21335111 1
6185862 22282281 1
6185862 22447911 1
6185862 23249151 1
6185862 30713252 1
6185862 33172542 1
6185862 33312312 1
6185862 33644242 1
6601791 7864173 1
6601791 8704178 2
6601791 8767537 1
6601791 9671539 1
6601791 9886945 2
6601791 10135814 2
6601791 10148139 2
6601791 11686457 2
6601791 12194698 1
6601791 12951554 1
6601791 12956634 2
6601791 13541048 2
6601791 14607174 2
6601791 19871021 1
6601791 22282281 2
6601791 22447911 2
6601791 23249151 1
6601791 33172542 1
6601791 33312312 2
6601791 33644242 1
7864173 11686457 1
7864173 12194698 1
7864173 12951554 1
7864173 12956634 1
7864173 13541048 1
7864173 19871021 1
7864173 22447911 1
7864173 23249151 1
7864173 33172542 1
7864173 33644242 1
8627867 11686457 2
8627867 12194698 1
8627867 12951554 1
8627867 12956634 3
8627867 13541048 2
8627867 19871021 1
8627867 22447911 2
8627867 23249151 1
8627867 33644242 1
8704178 11686457 1
8704178 12194698 1
8704178 12951554 1
8704178 12956634 2
8704178 13541048 2
8704178 19871021 1
8704178 22447911 1
8704178 23249151 1
8704178 33172542 1
8704178 33644242 1
8767537 11686457 1
8767537 12194698 1
8767537 12951554 1
8767537 12956634 1
8767537 13541048 1
8767537 19871021 1
8767537 22447911 1
8767537 23249151 1
8767537 33172542 1
8767537 33644242 1
9671539 11686457 1
9671539 12194698 1
9671539 12951554 1
9671539 12956634 1
9671539 13541048 1
9671539 19871021 1
9671539 22447911 1
9671539 23249151 1
9671539 33172542 1
9671539 33644242 1
9886945 11686457 1
9886945 12194698 1
9886945 12951554 1
9886945 12956634 2
9886945 13541048 2
9886945 19871021 1
9886945 22447911 1
9886945 23249151 1
9886945 33172542 1
9886945 33644242 1
10051754 11686457 2
10051754 12194698 1
10051754 12951554 1
10051754 12956634 2
10051754 13541048 2
10051754 19871021 1
10051754 22447911 2
10051754 23249151 1
10051754 33172542 1
10051754 33644242 1
10135814 11686457 1
10135814 12194698 1
10135814 12951554 1
10135814 13541048 2
10135814 19871021 1
10135814 22447911 1
10135814 23249151 1
10135814 33172542 1
10135814 33644242 1
10148139 11686457 1
10148139 12194698 1
10148139 12951554 1
10148139 12956634 2
10148139 13541048 2
10148139 19871021 1
10148139 22447911 1
10148139 23249151 1
10148139 33172542 1
10148139 33644242 1
11559990 11686457 2
11559990 12194698 1
11559990 12951554 1
11559990 13541048 2
11559990 22447911 2
11559990 23249151 1
11559990 33172542 1
11559990 33644242 1
11686457 12194698 1
11686457 12951554 1
11686457 12956634 1
11686457 13541048 1
11686457 13678805 2
11686457 14308522 1
11686457 14517292 2
11686457 14607174 1
11686457 15414101 2
11686457 15529541 2
11686457 15647711 2
11686457 19871021 1
11686457 21335111 2
11686457 22282281 1
11686457 22447911 2
11686457 23249151 1
11686457 30713252 2
11686457 33172542 1
11686457 33312312 2
11686457 33644242 1
12194698 12951554 1
12194698 12956634 1
12194698 13541048 1
12194698 13678805 1
12194698 14308522 1
12194698 14517292 1
12194698 14607174 1
12194698 15414101 1
12194698 15529541 1
12194698 15647711 1
12194698 19871021 1
12194698 21335111 1
12194698 22282281 1
12194698 22447911 1
12194698 23249151 1
12194698 30713252 1
12194698 33172542 1
12194698 33312312 1
12194698 33644242 1
12951554 12956634 1
12951554 13541048 1
12951554 13678805 1
12951554 14308522 1
12951554 14517292 1
12951554 14607174 1
12951554 15414101 1
12951554 15529541 1
12951554 15647711 1
12951554 19871021 1
12951554 21335111 1
12951554 22282281 1
12951554 22447911 1
12951554 23249151 1
12951554 30713252 1
12951554 33172542 1
12951554 33312312 1
12951554 33644242 1
12956634 13541048 2
12956634 13678805 1
12956634 14517292 2
12956634 22447911 1
12956634 23249151 1
12956634 33172542 1
12956634 33644242 1
13541048 13678805 1
13541048 14308522 2
13541048 14517292 2
13541048 14607174 2
13541048 15414101 2
13541048 15529541 2
13541048 15647711 2
13541048 19871021 1
13541048 21335111 2
13541048 22282281 2
13541048 22447911 1
13541048 23249151 1
13541048 30713252 2
13541048 33172542 1
13541048 33312312 1
13541048 33644242 1
13678805 19871021 1
13678805 22447911 2
13678805 23249151 1
13678805 33172542 1
13678805 33644242 1
14308522 22447911 1
14308522 23249151 1
14308522 33172542 1
14308522 33644242 1
14517292 19871021 1
14517292 22447911 2
14517292 23249151 1
14517292 33172542 1
14517292 33644242 1
14607174 19871021 1
14607174 22447911 1
14607174 23249151 1
14607174 33644242 1
15414101 19871021 1
15414101 22447911 2
15414101 23249151 1
15414101 33644242 1
15529541 22447911 2
15529541 23249151 1
15529541 33644242 1
15647711 22447911 2
15647711 23249151 1
15647711 33644242 1
19871021 22447911 1
19871021 23249151 1
19871021 33172542 1
19871021 33312312 1
19871021 33644242 1
21335111 22447911 2
21335111 23249151 1
21335111 33172542 1
21335111 33644242 1
22282281 22447911 1
22282281 23249151 1
22282281 33644242 1
22447911 23249151 1
22447911 30713252 2
22447911 33172542 1
22447911 33312312 2
22447911 33644242 1
23249151 30713252 1
23249151 33172542 1
23249151 33312312 1
23249151 33644242 1
30713252 33172542 1
30713252 33644242 1
33172542 33312312 1
33172542 33644242 1
33312312 33644242 1
1975726 2950754 2
1975726 4123911 1
2950754 3422167 2
2950754 3760156 1
2950754 4123911 1
2950754 4738411 1
2950754 5602879 3
2950754 6601791 2
2950754 7055903 1
2950754 8627867 2
2950754 8704178 1
2950754 9886945 1
2950754 10051754 2
2950754 10135814 2
2950754 10148139 1
2950754 13541048 1
2950754 14517292 2
2950754 14607174 1
2950754 15414101 2
3422167 4123911 1
3760156 4123911 1
3760156 7055903 1
4123911 4738411 1
4123911 5602879 1
4123911 6601791 1
4123911 7055903 1
4123911 8627867 1
4123911 8704178 1
4123911 9886945 1
4123911 10051754 1
4123911 10135814 1
4123911 10148139 1
4123911 11559990 1
4123911 12956634 1
4123911 13541048 1
4123911 14308522 1
4123911 14517292 1
4123911 14607174 1
4123911 15414101 1
4123911 15529541 1
4123911 15647711 1
4123911 21335111 1
4123911 22282281 1
4123911 30713252 1
4738411 7055903 1
7055903 8704178 1
7055903 9886945 1
7055903 10135814 1
7055903 10148139 1
7055903 12956634 1
7055903 13541048 1
7055903 14607174 1
7055903 22282281 1
1975726 2593600 1
1975726 12860514 1
1975726 14610577 1
1975726 20866021 1
1975726 22866431 1
1975726 25741972 1
2593600 2950754 1
2593600 3422167 1
2593600 5602764 1
2593600 5602879 1
2593600 6158489 1
2593600 6601791 1
2593600 8627867 1
2593600 10051754 1
2593600 11559990 1
2593600 11686457 1
2593600 12860514 1
2593600 13678805 1
2593600 14404454 1
2593600 14517292 1
2593600 14610577 1
2593600 15414101 1
2593600 15529541 1
2593600 15647711 1
2593600 20866021 1
2593600 21335111 1
2593600 22447911 1
2593600 22866431 1
2593600 24518892 1
2593600 25741972 1
2593600 30713252 1
2593600 33312312 1
2950754 6158489 1
2950754 11686457 1
2950754 12860514 1
2950754 13678805 1
2950754 14404454 1
2950754 14610577 1
2950754 20866021 1
2950754 22447911 1
2950754 22866431 1
2950754 24518892 2
2950754 25741972 1
2950754 33312312 1
3422167 12860514 1
3422167 14610577 1
3422167 20866021 1
3422167 22866431 1
3422167 25741972 1
5602764 12860514 1
5602764 14610577 1
5602764 20866021 1
5602764 22866431 1
5602764 25741972 1
5602879 12860514 1
5602879 14610577 1
5602879 20866021 1
5602879 22866431 1
5602879 25741972 1
6158489 11686457 1
6158489 12860514 1
6158489 14610577 1
6158489 20866021 1
6158489 22447911 1
6158489 22866431 1
6158489 25741972 1
6158489 33312312 1
6601791 12860514 1
6601791 14610577 1
6601791 20866021 1
6601791 22866431 1
6601791 25741972 1
8627867 12860514 2
8627867 14610577 1
8627867 20866021 1
8627867 22866431 1
8627867 25741972 1
10051754 12860514 1
10051754 14610577 1
10051754 20866021 1
10051754 22866431 1
10051754 25741972 1
11559990 12860514 1
11559990 14610577 1
11559990 20866021 1
11559990 22866431 1
11559990 25741972 1
11686457 12860514 1
11686457 14404454 1
11686457 14610577 1
11686457 20866021 1
11686457 22866431 1
11686457 24518892 1
11686457 25741972 1
12860514 13678805 1
12860514 14404454 1
12860514 14517292 1
12860514 14610577 1
12860514 15414101 1
12860514 15529541 2
12860514 15647711 2
12860514 20866021 1
12860514 21335111 1
12860514 22447911 1
12860514 22866431 1
12860514 24518892 1
12860514 25741972 1
12860514 30713252 1
12860514 33312312 1
13678805 14610577 1
13678805 20866021 1
13678805 22866431 1
13678805 25741972 1
14404454 14610577 1
14404454 20866021 1
14404454 22447911 1
14404454 22866431 1
14404454 25741972 1
14404454 33312312 1
14517292 14610577 1
14517292 20866021 1
14517292 22866431 1
14517292 25741972 1
14610577 15414101 1
14610577 15529541 1
14610577 15647711 1
14610577 20866021 1
14610577 21335111 1
14610577 22447911 1
14610577 22866431 1
14610577 24518892 1
14610577 25741972 1
14610577 30713252 1
14610577 33312312 1
15414101 20866021 1
15414101 22866431 1
15414101 25741972 1
15529541 20866021 1
15529541 22866431 1
15529541 25741972 1
15647711 20866021 1
15647711 22866431 1
15647711 25741972 1
20866021 21335111 1
20866021 22447911 1
20866021 22866431 1
20866021 24518892 1
20866021 25741972 1
20866021 30713252 1
20866021 33312312 1
21335111 22866431 1
21335111 25741972 1
22447911 22866431 1
22447911 24518892 1
22447911 25741972 1
22866431 24518892 1
22866431 25741972 1
22866431 30713252 1
22866431 33312312 1
24518892 25741972 1
24518892 33312312 1
25741972 30713252 1
25741972 33312312 1
3141037 3760156 1
3141037 4115984 1
3141037 8627867 1
3141037 12762423 1
3141037 12860514 1
3141037 12956634 1
3141037 15529541 1
3141037 15647711 1
3141037 29879512 1
3141037 38537102 1
3760156 4115984 1
3760156 12860514 1
3760156 29879512 1
3760156 38537102 1
4115984 8627867 1
4115984 12762423 1
4115984 12860514 1
4115984 12956634 1
4115984 15529541 1
4115984 15647711 1
4115984 29879512 1
4115984 38537102 1
8627867 29879512 1
8627867 38537102 1
12762423 12860514 1
12762423 12956634 1
12762423 29879512 1
12762423 38537102 1
12860514 12956634 1
12860514 29879512 1
12860514 38537102 1
12956634 29879512 1
12956634 38537102 1
15529541 29879512 1
15529541 38537102 1
15647711 29879512 1
15647711 38537102 1
29879512 38537102 1
2647730 5602879 1
2647730 8767537 1
2647730 10135814 1
2647730 17380481 1
2647730 24518892 1
2950754 3078743 1
2950754 8767537 1
2950754 17380481 1
3078743 17380481 1
3078743 24518892 1
5602879 17380481 1
8767537 17380481 1
8767537 24518892 1
10135814 17380481 1
10135814 24518892 1
11559990 17380481 1
15529541 17380481 1
15647711 17380481 1
17380481 24518892 1
