1722881 9709709 5752336 23195931 7540125 3178782 3408543 48958112 32071232 9473344 3110850 10472905 24454732 11154509 49074512 48567642 12968283 3505633 16222691 13255653 6110310 8083052 44989042 11171060
5752336 10472905 2
5752336 48958112 2
10472905 48958112 8
3110850 10472905 1
3110850 11154509 1
3110850 11171060 1
3110850 44989042 1
3110850 48958112 1
10472905 11154509 6
10472905 11171060 7
10472905 44989042 1
11154509 11171060 6
11154509 44989042 1
11154509 48958112 6
11171060 44989042 1
11171060 48958112 6
44989042 48958112 1
6110310 10472905 1
6110310 11154509 1
6110310 11171060 1
6110310 23195931 1
6110310 48567642 1
6110310 48958112 1
10472905 23195931 1
10472905 48567642 1
11154509 23195931 1
11154509 48567642 1
11171060 23195931 1
11171060 48567642 1
23195931 48567642 1
23195931 48958112 1
48567642 48958112 1
1722881 8083052 1
1722881 10472905 2
1722881 11154509 1
1722881 11171060 2
1722881 32071232 1
1722881 48958112 1
8083052 10472905 1
8083052 11154509 1
8083052 11171060 1
8083052 32071232 1
8083052 48958112 1
10472905 32071232 1
11154509 32071232 1
11171060 32071232 1
32071232 48958112 1
3408543 10472905 1
3408543 11154509 1
3408543 11171060 1
3408543 24454732 1
3408543 48958112 1
10472905 24454732 1
11154509 24454732 1
11171060 24454732 1
24454732 48958112 1
7540125 9473344 1
7540125 10472905 1
7540125 11154509 1
7540125 11171060 1
7540125 13255653 1
7540125 48958112 1
9473344 10472905 1
9473344 11154509 1
9473344 11171060 1
9473344 13255653 1
9473344 48958112 1
10472905 13255653 1
11154509 13255653 1
11171060 13255653 1
13255653 48958112 1
3178782 9709709 1
3178782 10472905 1
9709709 10472905 1
1722881 3505633 1
1722881 12968283 1
1722881 16222691 1
1722881 49074512 1
3505633 10472905 1
3505633 11171060 1
3505633 12968283 1
3505633 16222691 1
3505633 49074512 1
10472905 12968283 1
10472905 16222691 1
10472905 49074512 1
11171060 12968283 1
11171060 16222691 1
11171060 49074512 1
12968283 16222691 1
12968283 49074512 1
16222691 49074512 1
