1722881 12043906 36897292 66598542 55887642 48958112 11257252 24834862 31217712 13314868 7405240 72448442 68307772 32071232 56712512 40419012 29046852 39119612 49110982 58904262 10472905 61838662 6673230 33604052 67674202 6401371 14613596 9572964 11597797 6110310 13383397 8083052 29745392 44989042 71446642 11171060 12233212
6673230 10472905 4
6673230 40419012 1
6673230 44989042 2
6673230 72448442 5
10472905 40419012 1
10472905 44989042 4
10472905 72448442 6
40419012 44989042 1
40419012 72448442 1
44989042 72448442 3
6673230 29046852 1
29046852 72448442 2
6110310 6401371 1
6110310 8083052 1
6110310 9572964 1
6110310 10472905 1
6110310 11171060 1
6110310 11597797 1
6110310 12043906 1
6110310 12233212 1
6110310 14613596 1
6110310 24834862 1
6110310 32071232 1
6110310 33604052 1
6110310 36897292 1
6110310 39119612 1
6110310 44989042 1
6110310 49110982 1
6110310 55887642 1
6110310 56712512 1
6110310 72448442 1
6401371 8083052 1
6401371 9572964 1
6401371 10472905 1
6401371 11171060 1
6401371 11597797 1
6401371 12043906 1
6401371 12233212 1
6401371 14613596 1
6401371 24834862 1
6401371 32071232 1
6401371 33604052 1
6401371 36897292 1
6401371 39119612 1
6401371 44989042 1
6401371 49110982 1
6401371 55887642 1
6401371 56712512 1
6401371 72448442 1
8083052 9572964 2
8083052 10472905 2
8083052 11171060 2
8083052 11597797 1
8083052 12043906 2
8083052 12233212 1
8083052 14613596 1
8083052 24834862 1
8083052 32071232 1
8083052 33604052 2
8083052 36897292 1
8083052 39119612 2
8083052 44989042 2
8083052 49110982 2
8083052 55887642 1
8083052 56712512 1
8083052 72448442 1
9572964 10472905 5
9572964 11171060 5
9572964 11597797 2
9572964 12043906 3
9572964 12233212 2
9572964 14613596 1
9572964 24834862 3
9572964 32071232 1
9572964 33604052 3
9572964 36897292 1
9572964 39119612 3
9572964 44989042 3
9572964 49110982 3
9572964 55887642 2
9572964 56712512 1
9572964 72448442 3
10472905 11171060 6
10472905 11597797 2
10472905 12043906 5
10472905 12233212 2
10472905 14613596 1
10472905 24834862 3
10472905 32071232 1
10472905 33604052 3
10472905 36897292 1
10472905 39119612 3
10472905 49110982 3
10472905 55887642 2
10472905 56712512 1
11171060 11597797 2
11171060 12043906 4
11171060 12233212 2
11171060 14613596 1
11171060 24834862 3
11171060 32071232 1
11171060 33604052 3
11171060 36897292 1
11171060 39119612 3
11171060 44989042 3
11171060 49110982 3
11171060 55887642 2
11171060 56712512 1
11171060 72448442 5
11597797 12043906 2
11597797 12233212 1
11597797 14613596 1
11597797 24834862 2
11597797 32071232 1
11597797 33604052 2
11597797 36897292 1
11597797 39119612 2
11597797 44989042 2
11597797 49110982 2
11597797 55887642 2
11597797 56712512 1
11597797 72448442 2
12043906 12233212 1
12043906 14613596 1
12043906 24834862 2
12043906 32071232 1
12043906 33604052 3
12043906 36897292 1
12043906 39119612 3
12043906 44989042 3
12043906 49110982 3
12043906 55887642 2
12043906 56712512 1
12043906 72448442 4
12233212 14613596 1
12233212 24834862 2
12233212 32071232 1
12233212 33604052 1
12233212 36897292 1
12233212 39119612 1
12233212 44989042 1
12233212 49110982 1
12233212 55887642 1
12233212 56712512 1
12233212 72448442 2
14613596 24834862 1
14613596 32071232 1
14613596 33604052 1
14613596 36897292 1
14613596 39119612 1
14613596 44989042 1
14613596 49110982 1
14613596 55887642 1
14613596 56712512 1
14613596 72448442 1
24834862 32071232 1
24834862 33604052 2
24834862 36897292 1
24834862 39119612 2
24834862 44989042 2
24834862 49110982 2
24834862 55887642 2
24834862 56712512 1
24834862 72448442 3
32071232 33604052 1
32071232 36897292 1
32071232 39119612 1
32071232 44989042 1
32071232 49110982 1
32071232 55887642 1
32071232 56712512 1
32071232 72448442 1
33604052 36897292 1
33604052 39119612 3
33604052 44989042 3
33604052 49110982 3
33604052 55887642 2
33604052 56712512 1
33604052 72448442 2
36897292 39119612 1
36897292 44989042 1
36897292 49110982 1
36897292 55887642 1
36897292 56712512 1
36897292 72448442 1
39119612 44989042 3
39119612 49110982 3
39119612 55887642 2
39119612 56712512 1
39119612 72448442 2
44989042 49110982 3
44989042 55887642 2
44989042 56712512 1
49110982 55887642 2
49110982 56712512 1
49110982 72448442 2
55887642 56712512 1
55887642 72448442 2
56712512 72448442 1
1722881 6673230 1
1722881 7405240 1
1722881 11171060 1
1722881 11257252 1
1722881 31217712 1
1722881 72448442 1
6673230 7405240 2
6673230 11171060 3
6673230 11257252 1
6673230 31217712 1
7405240 11171060 2
7405240 11257252 1
7405240 31217712 1
7405240 72448442 1
11171060 11257252 1
11171060 31217712 1
11257252 31217712 1
11257252 72448442 1
31217712 72448442 1
6673230 9572964 2
6673230 48958112 1
6673230 66598542 1
7405240 9572964 1
7405240 10472905 1
7405240 48958112 1
7405240 66598542 1
9572964 48958112 2
9572964 66598542 2
10472905 48958112 2
10472905 66598542 2
11171060 48958112 2
11171060 66598542 2
48958112 66598542 2
10472905 29046852 1
10472905 71446642 1
11171060 29046852 1
11171060 71446642 1
12043906 29046852 1
12043906 71446642 1
29046852 71446642 1
71446642 72448442 1
8083052 13314868 1
8083052 13383397 1
8083052 58904262 1
9572964 13314868 3
9572964 13383397 1
9572964 58904262 1
10472905 13314868 3
10472905 13383397 1
10472905 58904262 1
11171060 13314868 3
11171060 13383397 1
11171060 58904262 1
12043906 13314868 2
12043906 13383397 1
12043906 58904262 1
13314868 13383397 1
13314868 33604052 2
13314868 39119612 2
13314868 44989042 2
13314868 49110982 2
13314868 58904262 1
13383397 33604052 1
13383397 39119612 1
13383397 44989042 1
13383397 49110982 1
13383397 58904262 1
33604052 58904262 1
39119612 58904262 1
44989042 58904262 1
49110982 58904262 1
6673230 12043906 2
6673230 29745392 1
6673230 61838662 1
10472905 29745392 2
10472905 61838662 1
12043906 29745392 1
12043906 61838662 1
29745392 61838662 1
29745392 72448442 2
61838662 72448442 1
6673230 11597797 1
6673230 13314868 1
6673230 24834862 1
6673230 33604052 1
6673230 39119612 1
6673230 49110982 1
6673230 55887642 1
6673230 67674202 1
9572964 67674202 1
10472905 67674202 1
11171060 67674202 1
11597797 13314868 1
11597797 67674202 1
12043906 67674202 1
13314868 24834862 2
13314868 55887642 1
13314868 67674202 1
13314868 72448442 2
24834862 67674202 1
33604052 67674202 1
39119612 67674202 1
44989042 67674202 1
49110982 67674202 1
55887642 67674202 1
67674202 72448442 1
9572964 29745392 1
9572964 68307772 1
10472905 68307772 1
11171060 29745392 1
11171060 68307772 1
12233212 13314868 1
12233212 29745392 1
12233212 48958112 1
12233212 66598542 1
12233212 68307772 1
13314868 29745392 1
13314868 48958112 1
13314868 66598542 1
13314868 68307772 1
24834862 29745392 1
24834862 48958112 1
24834862 66598542 1
24834862 68307772 1
29745392 48958112 1
29745392 66598542 1
29745392 68307772 1
48958112 68307772 1
48958112 72448442 1
66598542 68307772 1
66598542 72448442 1
68307772 72448442 1
