1722881 5265802 2511499 66598542 55887642 2797596 78601502 3408543 1304480 6903072 48958112 24834862 5604156 12233212 5979456 56712512 29046852 49110982 10472905 12929357 6673230 33604052 67674202 6401371 14613596 76974562 9572964 11597797 6110310 13383397 8083052 44989042 11171060 39119612
1304480 2797596 1
1304480 5265802 1
1304480 10472905 1
1304480 11171060 1
1304480 76974562 1
2797596 5265802 1
2797596 10472905 2
2797596 11171060 2
2797596 76974562 2
5265802 10472905 1
5265802 11171060 1
5265802 76974562 1
10472905 11171060 8
10472905 76974562 2
11171060 76974562 2
5979456 10472905 1
5979456 11171060 1
5979456 44989042 1
10472905 44989042 2
11171060 44989042 2
10472905 12929357 1
10472905 56712512 1
11171060 12929357 1
11171060 56712512 1
12929357 56712512 1
5604156 6903072 1
5604156 10472905 1
5604156 11171060 1
5604156 29046852 1
6903072 10472905 1
6903072 11171060 1
6903072 29046852 1
10472905 29046852 2
11171060 29046852 2
2797596 6673230 1
6673230 10472905 1
6673230 11171060 1
6673230 76974562 1
3408543 6110310 1
3408543 6401371 1
3408543 8083052 1
3408543 9572964 1
3408543 10472905 1
3408543 11171060 1
3408543 11597797 1
3408543 13383397 1
3408543 14613596 1
3408543 24834862 1
3408543 33604052 1
3408543 39119612 1
3408543 44989042 1
3408543 49110982 1
3408543 55887642 1
3408543 67674202 1
3408543 78601502 1
6110310 6401371 1
6110310 8083052 1
6110310 9572964 1
6110310 10472905 1
6110310 11171060 1
6110310 11597797 1
6110310 13383397 1
6110310 14613596 1
6110310 24834862 1
6110310 33604052 1
6110310 39119612 1
6110310 44989042 1
6110310 49110982 1
6110310 55887642 1
6110310 67674202 1
6110310 78601502 1
6401371 8083052 1
6401371 9572964 1
6401371 10472905 1
6401371 11171060 1
6401371 11597797 1
6401371 13383397 1
6401371 14613596 1
6401371 24834862 1
6401371 33604052 1
6401371 39119612 1
6401371 44989042 1
6401371 49110982 1
6401371 55887642 1
6401371 67674202 1
6401371 78601502 1
8083052 9572964 1
8083052 10472905 1
8083052 11171060 1
8083052 11597797 1
8083052 13383397 1
8083052 14613596 1
8083052 24834862 1
8083052 33604052 1
8083052 39119612 1
8083052 44989042 1
8083052 49110982 1
8083052 55887642 1
8083052 67674202 1
8083052 78601502 1
9572964 10472905 2
9572964 11171060 2
9572964 11597797 1
9572964 13383397 1
9572964 14613596 1
9572964 24834862 1
9572964 33604052 1
9572964 39119612 1
9572964 44989042 1
9572964 49110982 1
9572964 55887642 1
9572964 67674202 1
9572964 78601502 1
10472905 11597797 1
10472905 13383397 1
10472905 14613596 1
10472905 24834862 1
10472905 33604052 1
10472905 39119612 1
10472905 49110982 1
10472905 55887642 1
10472905 67674202 1
10472905 78601502 1
11171060 11597797 1
11171060 13383397 1
11171060 14613596 1
11171060 24834862 1
11171060 33604052 1
11171060 39119612 1
11171060 49110982 1
11171060 55887642 1
11171060 67674202 1
11171060 78601502 1
11597797 13383397 1
11597797 14613596 1
11597797 24834862 1
11597797 33604052 1
11597797 39119612 1
11597797 44989042 1
11597797 49110982 1
11597797 55887642 1
11597797 67674202 1
11597797 78601502 1
13383397 14613596 1
13383397 24834862 1
13383397 33604052 1
13383397 39119612 1
13383397 44989042 1
13383397 49110982 1
13383397 55887642 1
13383397 67674202 1
13383397 78601502 1
14613596 24834862 1
14613596 33604052 1
14613596 39119612 1
14613596 44989042 1
14613596 49110982 1
14613596 55887642 1
14613596 67674202 1
14613596 78601502 1
24834862 33604052 1
24834862 39119612 1
24834862 44989042 1
24834862 49110982 1
24834862 55887642 1
24834862 67674202 1
24834862 78601502 1
33604052 39119612 1
33604052 44989042 1
33604052 49110982 1
33604052 55887642 1
33604052 67674202 1
33604052 78601502 1
39119612 44989042 1
39119612 49110982 1
39119612 55887642 1
39119612 67674202 1
39119612 78601502 1
44989042 49110982 1
44989042 55887642 1
44989042 67674202 1
44989042 78601502 1
49110982 55887642 1
49110982 67674202 1
49110982 78601502 1
55887642 67674202 1
55887642 78601502 1
67674202 78601502 1
1722881 11171060 1
9572964 12233212 1
9572964 48958112 1
9572964 66598542 1
10472905 12233212 1
10472905 48958112 1
10472905 66598542 1
11171060 12233212 1
11171060 48958112 1
11171060 66598542 1
12233212 48958112 1
12233212 66598542 1
48958112 66598542 1
2511499 10472905 1
2511499 11171060 1
2511499 29046852 1
