45850882 36897292 12557719 78601502 48958112 93848742 24834862 55896882 39119612 49110982 52854982 10472905 6673230 33604052 67674202 6401371 14613596 6110310 9413866 8083052 11888497 44989042 11171060 12233212
6110310 6401371 1
6110310 6673230 1
6110310 8083052 1
6110310 10472905 1
6110310 14613596 1
6110310 44989042 1
6110310 49110982 1
6401371 6673230 1
6401371 8083052 1
6401371 10472905 1
6401371 14613596 1
6401371 44989042 1
6401371 49110982 1
6673230 8083052 2
6673230 10472905 2
6673230 14613596 1
6673230 44989042 1
6673230 49110982 2
8083052 10472905 4
8083052 14613596 2
8083052 44989042 2
8083052 49110982 2
10472905 14613596 2
10472905 44989042 2
10472905 49110982 2
14613596 44989042 2
14613596 49110982 1
44989042 49110982 1
6673230 11171060 1
6673230 33604052 1
6673230 48958112 1
6673230 52854982 1
8083052 11171060 1
8083052 33604052 1
8083052 48958112 1
8083052 52854982 1
10472905 11171060 1
10472905 33604052 1
10472905 48958112 1
10472905 52854982 1
11171060 33604052 1
11171060 48958112 1
11171060 49110982 1
11171060 52854982 1
33604052 48958112 1
33604052 49110982 1
33604052 52854982 1
48958112 49110982 1
48958112 52854982 1
49110982 52854982 1
6673230 45850882 1
6673230 78601502 1
45850882 78601502 1
11888497 55896882 1
8083052 12233212 1
8083052 12557719 1
8083052 36897292 1
8083052 39119612 1
8083052 67674202 1
10472905 12233212 1
10472905 12557719 1
10472905 36897292 1
10472905 39119612 1
10472905 67674202 1
12233212 12557719 1
12233212 14613596 1
12233212 36897292 1
12233212 39119612 1
12233212 44989042 1
12233212 67674202 1
12557719 14613596 1
12557719 36897292 1
12557719 39119612 1
12557719 44989042 1
12557719 67674202 1
14613596 36897292 1
14613596 39119612 1
14613596 67674202 1
36897292 39119612 1
36897292 44989042 1
36897292 67674202 1
39119612 44989042 1
39119612 67674202 1
44989042 67674202 1
8083052 9413866 1
8083052 24834862 1
8083052 93848742 1
9413866 10472905 1
9413866 24834862 1
9413866 93848742 1
10472905 24834862 1
10472905 93848742 1
24834862 93848742 1
