1063172 8509964 8299534 2526483 12010647 1668632 9927321 5547289 2358808 1919260 2714780 7365796 20232231 1437737 9836463 7044016 274877 4224318 7103043 9204557 1796687 3018451 8203475 11871190 12209880 3264990 9419359 12560995 1202787 18276201 9324651 3345133 4699630 8458871 9254651 3495807
274877 1796687 1
274877 1919260 1
274877 2714780 1
274877 3345133 1
274877 3495807 1
274877 4224318 1
274877 4699630 1
274877 5547289 1
274877 7044016 1
274877 7103043 1
274877 8458871 1
274877 8509964 1
274877 9204557 1
274877 9324651 1
274877 9836463 1
274877 9927321 1
274877 11871190 1
274877 12010647 1
274877 12209880 1
274877 12560995 1
1796687 1919260 1
1796687 2714780 2
1796687 3345133 2
1796687 3495807 1
1796687 4224318 1
1796687 4699630 1
1796687 5547289 1
1796687 7044016 2
1796687 7103043 1
1796687 8458871 1
1796687 8509964 1
1796687 9204557 1
1796687 9324651 1
1796687 9836463 2
1796687 9927321 1
1796687 11871190 1
1796687 12010647 2
1796687 12209880 1
1796687 12560995 1
1919260 2714780 1
1919260 3345133 1
1919260 3495807 1
1919260 4224318 1
1919260 4699630 1
1919260 5547289 1
1919260 7044016 1
1919260 7103043 1
1919260 8458871 1
1919260 8509964 1
1919260 9204557 1
1919260 9324651 1
1919260 9836463 1
1919260 9927321 1
1919260 11871190 1
1919260 12010647 1
1919260 12209880 1
1919260 12560995 1
2714780 3345133 2
2714780 3495807 1
2714780 4224318 1
2714780 4699630 1
2714780 5547289 1
2714780 7044016 2
2714780 7103043 1
2714780 8458871 1
2714780 8509964 1
2714780 9204557 1
2714780 9324651 1
2714780 9836463 2
2714780 9927321 1
2714780 11871190 1
2714780 12010647 2
2714780 12209880 1
2714780 12560995 1
3345133 3495807 1
3345133 4224318 1
3345133 4699630 1
3345133 5547289 1
3345133 7044016 2
3345133 7103043 1
3345133 8458871 1
3345133 8509964 1
3345133 9204557 1
3345133 9324651 1
3345133 9836463 2
3345133 9927321 1
3345133 11871190 1
3345133 12010647 2
3345133 12209880 1
3345133 12560995 1
3495807 4224318 1
3495807 4699630 1
3495807 5547289 1
3495807 7044016 1
3495807 7103043 1
3495807 8458871 1
3495807 8509964 1
3495807 9204557 1
3495807 9324651 1
3495807 9836463 1
3495807 9927321 1
3495807 11871190 1
3495807 12010647 1
3495807 12209880 1
3495807 12560995 1
4224318 4699630 1
4224318 5547289 1
4224318 7044016 1
4224318 7103043 1
4224318 8458871 1
4224318 8509964 1
4224318 9204557 1
4224318 9324651 1
4224318 9836463 1
4224318 9927321 1
4224318 11871190 1
4224318 12010647 1
4224318 12209880 1
4224318 12560995 1
4699630 5547289 1
4699630 7044016 1
4699630 7103043 1
4699630 8458871 1
4699630 8509964 1
4699630 9204557 1
4699630 9324651 1
4699630 9836463 1
4699630 9927321 1
4699630 11871190 1
4699630 12010647 1
4699630 12209880 1
4699630 12560995 1
5547289 7044016 1
5547289 7103043 1
5547289 8458871 1
5547289 8509964 1
5547289 9204557 1
5547289 9324651 1
5547289 9836463 1
5547289 9927321 1
5547289 11871190 1
5547289 12010647 1
5547289 12209880 1
5547289 12560995 1
7044016 7103043 1
7044016 8458871 1
7044016 8509964 1
7044016 9204557 1
7044016 9324651 1
7044016 9836463 2
7044016 9927321 2
7044016 11871190 1
7044016 12010647 2
7044016 12209880 1
7044016 12560995 1
7103043 8458871 1
7103043 8509964 1
7103043 9204557 1
7103043 9324651 1
7103043 9836463 1
7103043 9927321 1
7103043 11871190 1
7103043 12010647 1
7103043 12209880 1
7103043 12560995 1
8458871 8509964 1
8458871 9204557 1
8458871 9324651 1
8458871 9836463 1
8458871 9927321 1
8458871 11871190 1
8458871 12010647 1
8458871 12209880 1
8458871 12560995 1
8509964 9204557 1
8509964 9324651 1
8509964 9836463 1
8509964 9927321 1
8509964 11871190 1
8509964 12010647 1
8509964 12209880 1
8509964 12560995 1
9204557 9324651 1
9204557 9836463 1
9204557 9927321 1
9204557 11871190 1
9204557 12010647 1
9204557 12209880 1
9204557 12560995 1
9324651 9836463 1
9324651 9927321 1
9324651 11871190 1
9324651 12010647 1
9324651 12209880 1
9324651 12560995 1
9836463 9927321 1
9836463 11871190 1
9836463 12010647 2
9836463 12209880 1
9836463 12560995 1
9927321 11871190 1
9927321 12010647 1
9927321 12209880 1
9927321 12560995 1
11871190 12010647 1
11871190 12209880 1
11871190 12560995 1
12010647 12209880 1
12010647 12560995 1
12209880 12560995 1
7044016 8299534 1
7044016 9254651 1
3018451 7044016 3
2526483 3018451 1
2526483 7044016 1
2526483 9927321 1
3018451 9927321 1
1437737 7044016 1
3264990 7044016 1
7044016 7365796 1
7044016 9419359 1
7044016 18276201 1
7365796 9419359 1
7365796 18276201 1
9419359 18276201 1
1668632 7044016 1
1668632 8203475 1
7044016 8203475 1
1063172 1202787 1
1063172 1796687 1
1063172 2358808 1
1063172 2714780 1
1063172 3018451 1
1063172 3345133 1
1063172 7044016 1
1063172 9836463 1
1063172 12010647 1
1063172 20232231 1
1202787 1796687 1
1202787 2358808 1
1202787 2714780 1
1202787 3018451 1
1202787 3345133 1
1202787 7044016 1
1202787 9836463 1
1202787 12010647 1
1202787 20232231 1
1796687 2358808 1
1796687 3018451 1
1796687 20232231 1
2358808 2714780 1
2358808 3018451 1
2358808 3345133 1
2358808 7044016 1
2358808 9836463 1
2358808 12010647 1
2358808 20232231 1
2714780 3018451 1
2714780 20232231 1
3018451 3345133 1
3018451 9836463 1
3018451 12010647 1
3018451 20232231 1
3345133 20232231 1
7044016 20232231 1
9836463 20232231 1
12010647 20232231 1
