3156100 8061576 5874319 9233172 2358808 1668632 1752986 1919260 868896 3644707 3206823 1437737 4021161 1991724 10161708 7874734 7370927 9836463 2180405 274877 9389887 6706249 8074077 9724903 9116906 9324651 8488308 501364
1437737 4021161 1
1919260 2180405 1
1919260 4021161 1
1919260 7874734 1
2180405 4021161 1
2180405 7874734 1
4021161 7874734 1
274877 868896 1
274877 2180405 1
274877 3206823 1
274877 3644707 1
274877 7370927 1
274877 8074077 1
274877 9233172 1
868896 2180405 1
868896 3206823 1
868896 3644707 1
868896 7370927 1
868896 8074077 1
868896 9233172 1
2180405 3206823 1
2180405 3644707 1
2180405 7370927 1
2180405 8074077 1
2180405 9233172 1
3206823 3644707 1
3206823 7370927 1
3206823 8074077 1
3206823 9233172 1
3644707 7370927 1
3644707 8074077 1
3644707 9233172 1
7370927 8074077 1
7370927 9233172 1
8074077 9233172 1
1668632 4021161 1
1668632 5874319 1
1668632 9324651 1
1668632 9836463 1
4021161 5874319 1
4021161 9324651 5
4021161 9836463 1
5874319 9324651 1
5874319 9836463 1
9324651 9836463 1
1991724 2358808 1
1991724 3156100 1
1991724 4021161 1
1991724 8061576 1
1991724 8074077 1
1991724 8488308 1
1991724 9324651 1
1991724 10161708 1
2358808 3156100 1
2358808 4021161 1
2358808 8061576 1
2358808 8074077 1
2358808 8488308 1
2358808 9324651 1
2358808 10161708 1
3156100 4021161 2
3156100 8061576 1
3156100 8074077 1
3156100 8488308 1
3156100 9324651 2
3156100 10161708 1
4021161 8061576 1
4021161 8074077 2
4021161 8488308 1
4021161 10161708 2
8061576 8074077 1
8061576 8488308 1
8061576 9324651 1
8061576 10161708 1
8074077 8488308 1
8074077 9324651 2
8074077 10161708 1
8488308 9324651 1
8488308 10161708 1
9324651 10161708 2
3156100 6706249 1
3156100 9116906 1
4021161 6706249 1
4021161 9116906 1
6706249 9116906 1
6706249 9324651 1
9116906 9324651 1
501364 4021161 1
501364 8074077 1
501364 9324651 1
1752986 4021161 1
1752986 9324651 1
1752986 9389887 1
1752986 9724903 1
1752986 10161708 1
4021161 9389887 1
4021161 9724903 1
9324651 9389887 1
9324651 9724903 1
9389887 9724903 1
9389887 10161708 1
9724903 10161708 1
