183608065 16175491 4634889 60081932 135461522 2526483 145589142 149130902 132662552 59207832 151123352 183567254 48207912 5152681 8316073 184941747 160753462 1230265 61455942 127854412 8298447 8061265 3018451 44354392 183310937 17399131 67463772 184608737 5202786 8495843 154191332 1439722 12628330 100429292 136836342 9254651 183209086
9254651 17399131 1
9254651 61455942 1
9254651 132662552 1
9254651 135461522 1
9254651 145589142 1
9254651 183209086 1
9254651 183608065 1
17399131 61455942 1
17399131 132662552 1
17399131 135461522 1
17399131 145589142 1
17399131 183209086 1
17399131 183608065 1
61455942 132662552 1
61455942 135461522 1
61455942 145589142 1
61455942 183209086 1
61455942 183608065 1
132662552 135461522 1
132662552 145589142 1
132662552 183209086 1
132662552 183608065 1
135461522 145589142 1
135461522 183209086 1
135461522 183608065 1
145589142 183209086 1
145589142 183608065 1
183209086 183608065 1
5202786 44354392 1
2526483 3018451 1
2526483 8495843 1
2526483 149130902 1
3018451 8495843 1
3018451 149130902 1
8495843 149130902 1
59207832 100429292 1
59207832 136836342 1
59207832 184941747 1
100429292 136836342 1
100429292 184941747 1
136836342 184941747 1
1439722 4634889 1
1439722 12628330 1
1439722 67463772 1
1439722 127854412 1
1439722 183310937 1
1439722 184608737 1
4634889 12628330 1
4634889 67463772 1
4634889 127854412 1
4634889 183310937 1
4634889 184608737 1
12628330 67463772 1
12628330 127854412 1
12628330 183310937 1
12628330 184608737 1
67463772 127854412 1
67463772 183310937 1
67463772 184608737 1
127854412 183310937 1
127854412 184608737 1
183310937 184608737 1
9254651 183310937 1
9254651 151123352 1
1230265 5152681 1
1230265 8061265 1
1230265 8298447 1
1230265 8316073 1
1230265 16175491 1
1230265 48207912 1
1230265 60081932 1
1230265 154191332 1
1230265 160753462 1
1230265 183567254 1
5152681 8061265 1
5152681 8298447 1
5152681 8316073 1
5152681 16175491 1
5152681 48207912 1
5152681 60081932 1
5152681 154191332 1
5152681 160753462 1
5152681 183567254 1
8061265 8298447 1
8061265 8316073 1
8061265 16175491 1
8061265 48207912 1
8061265 60081932 1
8061265 154191332 1
8061265 160753462 1
8061265 183567254 1
8298447 8316073 1
8298447 16175491 1
8298447 48207912 1
8298447 60081932 1
8298447 154191332 1
8298447 160753462 1
8298447 183567254 1
8316073 16175491 1
8316073 48207912 1
8316073 60081932 1
8316073 154191332 1
8316073 160753462 1
8316073 183567254 1
16175491 48207912 1
16175491 60081932 1
16175491 154191332 1
16175491 160753462 1
16175491 183567254 1
48207912 60081932 1
48207912 154191332 1
48207912 160753462 1
48207912 183567254 1
60081932 154191332 1
60081932 160753462 1
60081932 183567254 1
154191332 160753462 1
154191332 183567254 1
160753462 183567254 1
