8504706 3156100 2896529 11927698 2526483 12010647 3256345 9927321 2714780 5533863 9836463 13772467 6506939 4224318 9389887 12448583 10225485 1796687 13839697 3018451 12209880 3994588 12027613 3264990 13787233 12560995 9324651 3345133 8156398 2405881 9254651 3495807
2896529 3156100 2
2896529 3264990 1
3156100 3264990 1
1796687 2714780 2
1796687 2896529 1
1796687 3156100 3
1796687 3345133 2
1796687 3994588 1
1796687 6506939 1
1796687 8156398 1
1796687 8504706 1
1796687 9324651 1
1796687 9836463 1
1796687 10225485 1
1796687 11927698 1
1796687 12010647 3
1796687 12027613 1
1796687 12209880 2
2714780 2896529 1
2714780 3156100 2
2714780 3345133 2
2714780 3994588 1
2714780 6506939 1
2714780 8156398 1
2714780 8504706 1
2714780 9324651 1
2714780 9836463 1
2714780 10225485 1
2714780 11927698 1
2714780 12010647 2
2714780 12027613 1
2714780 12209880 2
2896529 3345133 1
2896529 3994588 1
2896529 6506939 1
2896529 8156398 1
2896529 8504706 1
2896529 9324651 1
2896529 9836463 1
2896529 10225485 1
2896529 11927698 1
2896529 12010647 1
2896529 12027613 1
2896529 12209880 1
3156100 3345133 2
3156100 3994588 1
3156100 6506939 1
3156100 8156398 1
3156100 8504706 1
3156100 9324651 1
3156100 9836463 1
3156100 10225485 1
3156100 11927698 1
3156100 12010647 3
3156100 12027613 1
3156100 12209880 2
3345133 3994588 1
3345133 6506939 1
3345133 8156398 1
3345133 8504706 1
3345133 9324651 1
3345133 9836463 1
3345133 10225485 1
3345133 11927698 1
3345133 12010647 2
3345133 12027613 1
3345133 12209880 2
3994588 6506939 1
3994588 8156398 1
3994588 8504706 1
3994588 9324651 1
3994588 9836463 1
3994588 10225485 1
3994588 11927698 1
3994588 12010647 1
3994588 12027613 1
3994588 12209880 1
6506939 8156398 1
6506939 8504706 1
6506939 9324651 1
6506939 9836463 1
6506939 10225485 1
6506939 11927698 1
6506939 12010647 1
6506939 12027613 1
6506939 12209880 1
8156398 8504706 1
8156398 9324651 1
8156398 9836463 1
8156398 10225485 1
8156398 11927698 1
8156398 12010647 1
8156398 12027613 1
8156398 12209880 1
8504706 9324651 1
8504706 9836463 1
8504706 10225485 1
8504706 11927698 1
8504706 12010647 1
8504706 12027613 1
8504706 12209880 1
9324651 9836463 1
9324651 10225485 1
9324651 11927698 1
9324651 12010647 1
9324651 12027613 1
9324651 12209880 1
9836463 10225485 1
9836463 11927698 1
9836463 12010647 1
9836463 12027613 1
9836463 12209880 1
10225485 11927698 1
10225485 12010647 1
10225485 12027613 1
10225485 12209880 1
11927698 12010647 1
11927698 12027613 1
11927698 12209880 1
12010647 12027613 1
12010647 12209880 2
12027613 12209880 1
1796687 3256345 1
3156100 3256345 1
3256345 12010647 1
3156100 5533863 1
3156100 9389887 1
3156100 9927321 2
5533863 9389887 1
5533863 9927321 1
9389887 9927321 1
1796687 4224318 1
1796687 12448583 1
1796687 12560995 1
1796687 13772467 1
1796687 13839697 1
2714780 4224318 1
2714780 12448583 1
2714780 12560995 1
2714780 13772467 1
2714780 13839697 1
3156100 4224318 1
3156100 12448583 1
3156100 12560995 1
3156100 13772467 1
3156100 13839697 1
3345133 4224318 1
3345133 12448583 1
3345133 12560995 1
3345133 13772467 1
3345133 13839697 1
4224318 12010647 1
4224318 12209880 1
4224318 12448583 1
4224318 12560995 1
4224318 13772467 1
4224318 13839697 1
12010647 12448583 1
12010647 12560995 1
12010647 13772467 1
12010647 13839697 1
12209880 12448583 1
12209880 12560995 1
12209880 13772467 1
12209880 13839697 1
12448583 12560995 1
12448583 13772467 1
12448583 13839697 1
12560995 13772467 1
12560995 13839697 1
13772467 13839697 1
3156100 9254651 1
3018451 3156100 2
2526483 3018451 1
2526483 3156100 1
2526483 9927321 1
3018451 9927321 1
2405881 3495807 1
2405881 13787233 1
3495807 13787233 1
