4516610 1063172 27817352 2526483 12010647 9927321 5547289 1752986 2714780 1919260 13710490 3329319 5533863 1437737 20232231 9836463 10571440 10539439 4836786 27434172 274877 9389887 7103043 14493255 10121544 7698252 1796687 3018451 2509781 12209880 19768541 3264990 9419359 4439521 12560995 13410275 10784871 6749160 18276201 22028521 3345133 501364 8488308 9254651 13540479
274877 501364 1
274877 1796687 1
274877 1919260 1
274877 2509781 1
274877 2714780 1
274877 3329319 1
274877 3345133 1
274877 4439521 1
274877 5547289 1
274877 6749160 1
274877 7103043 1
274877 9836463 1
274877 9927321 1
274877 10571440 1
274877 12010647 1
274877 12209880 1
274877 12560995 1
274877 13410275 1
274877 13540479 1
274877 14493255 1
274877 19768541 1
274877 27434172 1
274877 27817352 1
501364 1796687 1
501364 1919260 1
501364 2509781 1
501364 2714780 1
501364 3329319 1
501364 3345133 1
501364 4439521 1
501364 5547289 1
501364 6749160 1
501364 7103043 1
501364 9836463 1
501364 9927321 1
501364 10571440 1
501364 12010647 1
501364 12209880 1
501364 12560995 1
501364 13410275 1
501364 13540479 1
501364 14493255 1
501364 19768541 1
501364 27434172 1
501364 27817352 1
1796687 1919260 1
1796687 2509781 1
1796687 2714780 1
1796687 3329319 2
1796687 3345133 2
1796687 4439521 1
1796687 5547289 1
1796687 6749160 1
1796687 7103043 1
1796687 9836463 2
1796687 9927321 1
1796687 10571440 1
1796687 12010647 2
1796687 12209880 1
1796687 12560995 1
1796687 13410275 1
1796687 13540479 1
1796687 14493255 1
1796687 19768541 2
1796687 27434172 2
1796687 27817352 1
1919260 2509781 1
1919260 2714780 1
1919260 3329319 1
1919260 3345133 1
1919260 4439521 1
1919260 5547289 1
1919260 6749160 1
1919260 7103043 1
1919260 9836463 1
1919260 9927321 1
1919260 10571440 1
1919260 12010647 1
1919260 12209880 1
1919260 12560995 1
1919260 13410275 1
1919260 13540479 1
1919260 14493255 1
1919260 19768541 1
1919260 27434172 1
1919260 27817352 1
2509781 2714780 1
2509781 3329319 1
2509781 3345133 1
2509781 4439521 1
2509781 5547289 1
2509781 6749160 1
2509781 7103043 1
2509781 9836463 1
2509781 9927321 1
2509781 10571440 1
2509781 12010647 1
2509781 12209880 1
2509781 12560995 1
2509781 13410275 1
2509781 13540479 1
2509781 14493255 1
2509781 19768541 1
2509781 27434172 1
2509781 27817352 1
2714780 3329319 1
2714780 3345133 1
2714780 4439521 1
2714780 5547289 1
2714780 6749160 1
2714780 7103043 1
2714780 9836463 1
2714780 9927321 1
2714780 10571440 1
2714780 12010647 1
2714780 12209880 1
2714780 12560995 1
2714780 13410275 1
2714780 13540479 1
2714780 14493255 1
2714780 19768541 1
2714780 27434172 1
2714780 27817352 1
3329319 3345133 2
3329319 4439521 1
3329319 5547289 1
3329319 6749160 1
3329319 7103043 1
3329319 9836463 2
3329319 9927321 1
3329319 10571440 1
3329319 12010647 2
3329319 12209880 1
3329319 12560995 1
3329319 13410275 1
3329319 13540479 1
3329319 14493255 1
3329319 19768541 2
3329319 27434172 2
3329319 27817352 1
3345133 4439521 1
3345133 5547289 1
3345133 6749160 1
3345133 7103043 1
3345133 9836463 2
3345133 9927321 1
3345133 10571440 1
3345133 12010647 2
3345133 12209880 1
3345133 12560995 1
3345133 13410275 1
3345133 13540479 1
3345133 14493255 1
3345133 19768541 2
3345133 27434172 2
3345133 27817352 1
4439521 5547289 1
4439521 6749160 1
4439521 7103043 1
4439521 9836463 1
4439521 9927321 1
4439521 10571440 1
4439521 12010647 1
4439521 12209880 1
4439521 12560995 1
4439521 13410275 1
4439521 13540479 1
4439521 14493255 1
4439521 19768541 1
4439521 27434172 1
4439521 27817352 1
5547289 6749160 1
5547289 7103043 1
5547289 9836463 1
5547289 9927321 1
5547289 10571440 1
5547289 12010647 1
5547289 12209880 1
5547289 12560995 1
5547289 13410275 1
5547289 13540479 1
5547289 14493255 1
5547289 19768541 1
5547289 27434172 1
5547289 27817352 1
6749160 7103043 1
6749160 9836463 1
6749160 9927321 1
6749160 10571440 1
6749160 12010647 1
6749160 12209880 1
6749160 12560995 1
6749160 13410275 1
6749160 13540479 1
6749160 14493255 1
6749160 19768541 1
6749160 27434172 1
6749160 27817352 1
7103043 9836463 1
7103043 9927321 1
7103043 10571440 1
7103043 12010647 1
7103043 12209880 1
7103043 12560995 1
7103043 13410275 1
7103043 13540479 1
7103043 14493255 1
7103043 19768541 1
7103043 27434172 1
7103043 27817352 1
9836463 9927321 1
9836463 10571440 1
9836463 12010647 2
9836463 12209880 1
9836463 12560995 1
9836463 13410275 1
9836463 13540479 1
9836463 14493255 1
9836463 19768541 2
9836463 27434172 2
9836463 27817352 1
9927321 10571440 1
9927321 12010647 1
9927321 12209880 1
9927321 12560995 1
9927321 13410275 1
9927321 13540479 1
9927321 14493255 1
9927321 19768541 2
9927321 27434172 2
9927321 27817352 1
10571440 12010647 1
10571440 12209880 1
10571440 12560995 1
10571440 13410275 1
10571440 13540479 1
10571440 14493255 1
10571440 19768541 1
10571440 27434172 1
10571440 27817352 1
12010647 12209880 1
12010647 12560995 1
12010647 13410275 1
12010647 13540479 1
12010647 14493255 1
12010647 19768541 2
12010647 27434172 2
12010647 27817352 1
12209880 12560995 1
12209880 13410275 1
12209880 13540479 1
12209880 14493255 1
12209880 19768541 1
12209880 27434172 1
12209880 27817352 1
12560995 13410275 1
12560995 13540479 1
12560995 14493255 1
12560995 19768541 1
12560995 27434172 1
12560995 27817352 1
13410275 13540479 1
13410275 14493255 1
13410275 19768541 1
13410275 27434172 1
13410275 27817352 1
13540479 14493255 1
13540479 19768541 1
13540479 27434172 1
13540479 27817352 1
14493255 19768541 1
14493255 27434172 1
14493255 27817352 1
19768541 27434172 9
19768541 27817352 1
27434172 27817352 1
3018451 8488308 1
3018451 19768541 4
3018451 27434172 4
8488308 19768541 1
8488308 27434172 1
9254651 19768541 1
1752986 5533863 1
1752986 9389887 1
1752986 10784871 1
1752986 13710490 1
1752986 19768541 1
1752986 27434172 1
5533863 9389887 1
5533863 10784871 1
5533863 13710490 1
5533863 19768541 1
5533863 27434172 1
9389887 10784871 1
9389887 13710490 1
9389887 19768541 1
9389887 27434172 1
10784871 13710490 1
10784871 19768541 1
10784871 27434172 1
13710490 19768541 1
13710490 27434172 1
2526483 3018451 1
2526483 9927321 1
2526483 19768541 1
2526483 27434172 1
3018451 9927321 1
3264990 19768541 1
3264990 27434172 1
1437737 19768541 1
1437737 27434172 1
9419359 18276201 1
9419359 19768541 1
9419359 22028521 1
9419359 27434172 1
18276201 19768541 1
18276201 22028521 1
18276201 27434172 1
19768541 22028521 1
22028521 27434172 1
1063172 1796687 1
1063172 3018451 1
1063172 3329319 1
1063172 3345133 1
1063172 4516610 1
1063172 4836786 1
1063172 7698252 1
1063172 9836463 1
1063172 10121544 1
1063172 10539439 1
1063172 12010647 1
1063172 19768541 1
1063172 20232231 1
1063172 27434172 1
1796687 3018451 1
1796687 4516610 1
1796687 4836786 1
1796687 7698252 1
1796687 10121544 1
1796687 10539439 1
1796687 20232231 1
3018451 3329319 1
3018451 3345133 1
3018451 4516610 1
3018451 4836786 1
3018451 7698252 1
3018451 9836463 1
3018451 10121544 1
3018451 10539439 1
3018451 12010647 1
3018451 20232231 1
3329319 4516610 1
3329319 4836786 1
3329319 7698252 1
3329319 10121544 1
3329319 10539439 1
3329319 20232231 1
3345133 4516610 1
3345133 4836786 1
3345133 7698252 1
3345133 10121544 1
3345133 10539439 1
3345133 20232231 1
4516610 4836786 1
4516610 7698252 1
4516610 9836463 1
4516610 10121544 1
4516610 10539439 1
4516610 12010647 1
4516610 19768541 1
4516610 20232231 1
4516610 27434172 1
4836786 7698252 1
4836786 9836463 1
4836786 10121544 1
4836786 10539439 1
4836786 12010647 1
4836786 19768541 1
4836786 20232231 1
4836786 27434172 1
7698252 9836463 1
7698252 10121544 1
7698252 10539439 1
7698252 12010647 1
7698252 19768541 1
7698252 20232231 1
7698252 27434172 1
9836463 10121544 1
9836463 10539439 1
9836463 20232231 1
10121544 10539439 1
10121544 12010647 1
10121544 19768541 1
10121544 20232231 1
10121544 27434172 1
10539439 12010647 1
10539439 19768541 1
10539439 20232231 1
10539439 27434172 1
12010647 20232231 1
19768541 20232231 1
20232231 27434172 1
