184165408 8495843 164652772 144527002 10807467 69372602 112761582 60529042 2526483 81675252 3018451 149130902 145589142 4559861 9927321 184869370 9254651
112761582 149130902 1
60529042 81675252 1
60529042 164652772 1
81675252 164652772 1
9254651 145589142 1
9254651 184869370 1
145589142 184869370 1
2526483 3018451 1
2526483 8495843 1
2526483 9927321 1
2526483 144527002 1
2526483 149130902 1
2526483 184165408 1
3018451 8495843 1
3018451 9927321 1
3018451 144527002 1
3018451 149130902 1
3018451 184165408 1
8495843 9927321 1
8495843 144527002 1
8495843 149130902 1
8495843 184165408 1
9927321 144527002 1
9927321 149130902 1
9927321 184165408 1
144527002 149130902 1
144527002 184165408 1
149130902 184165408 1
4559861 10807467 1
4559861 69372602 1
10807467 69372602 1
4559861 9254651 1
