12141058 12651913 2526483 12010647 9927321 5547289 13710490 5533863 32404392 3546025 1437737 3329319 9836463 274877 8397633 30700482 10121544 6706249 10064458 27916492 25650382 1796687 3018451 10788315 19768541 3264990 2055775 4439521 4317282 10784871 843624 3345133 9254651 3495807
8397633 9254651 1
8397633 19768541 1
9254651 19768541 1
5533863 10784871 1
5533863 10788315 1
5533863 13710490 1
5533863 19768541 1
10784871 10788315 1
10784871 13710490 1
10784871 19768541 1
10788315 13710490 1
10788315 19768541 1
13710490 19768541 1
3018451 3264990 1
3018451 3546025 1
3018451 4439521 1
3018451 19768541 2
3264990 3546025 1
3264990 4439521 1
3264990 19768541 2
3546025 4439521 1
3546025 19768541 2
4439521 19768541 1
274877 843624 1
274877 3495807 1
274877 3546025 1
274877 5547289 1
274877 12651913 1
274877 19768541 1
843624 3495807 1
843624 3546025 1
843624 5547289 1
843624 12651913 1
843624 19768541 1
3495807 3546025 1
3495807 5547289 1
3495807 12651913 1
3495807 19768541 1
3546025 5547289 1
3546025 12651913 1
5547289 12651913 1
5547289 19768541 1
12651913 19768541 1
2526483 3018451 1
2526483 9927321 1
2526483 19768541 1
2526483 32404392 1
3018451 9927321 1
3018451 32404392 1
9927321 19768541 1
9927321 32404392 1
19768541 32404392 1
1437737 19768541 1
1796687 2055775 1
1796687 3018451 1
1796687 3345133 1
1796687 9836463 1
1796687 10121544 1
1796687 12010647 1
1796687 30700482 1
2055775 3018451 1
2055775 3345133 1
2055775 9836463 1
2055775 10121544 1
2055775 12010647 1
2055775 30700482 1
3018451 3345133 1
3018451 9836463 1
3018451 10121544 1
3018451 12010647 1
3018451 30700482 1
3345133 9836463 1
3345133 10121544 1
3345133 12010647 1
3345133 30700482 1
9836463 10121544 1
9836463 12010647 1
9836463 30700482 1
10121544 12010647 1
10121544 30700482 1
12010647 30700482 1
3329319 4317282 1
3329319 6706249 1
3329319 9927321 1
3329319 10064458 1
4317282 6706249 1
4317282 9927321 1
4317282 10064458 1
6706249 9927321 1
6706249 10064458 1
9927321 10064458 1
4317282 12141058 1
4317282 13710490 1
4317282 25650382 1
4317282 27916492 1
4317282 32404392 1
12141058 13710490 1
12141058 25650382 1
12141058 27916492 1
12141058 32404392 1
13710490 25650382 1
13710490 27916492 1
13710490 32404392 1
25650382 27916492 1
25650382 32404392 1
27916492 32404392 1
