3608705 3156100 75970442 1076877 8299534 5507086 2896529 13787153 2526483 9470872 3256345 10549787 1437737 10433067 9836463 10571440 1999157 13426110 13258687 51614532 12915653 13709260 8298447 57361872 24859472 3018451 3618132 21478241 13787233 12560995 7884003 4439521 843624 71763432 11489901 31516782 8488308 8458871 9254651 3495807
2896529 8299534 1
2896529 3618132 1
2896529 8488308 1
3618132 8488308 1
1999157 2896529 1
1999157 3256345 1
1999157 9470872 1
1999157 9836463 1
1999157 12560995 1
1999157 13258687 1
1999157 21478241 1
1999157 51614532 1
2896529 3256345 1
2896529 9470872 1
2896529 9836463 1
2896529 12560995 1
2896529 13258687 1
2896529 21478241 1
2896529 51614532 1
3256345 9470872 1
3256345 9836463 1
3256345 12560995 1
3256345 13258687 1
3256345 21478241 1
3256345 51614532 1
9470872 9836463 1
9470872 12560995 1
9470872 13258687 1
9470872 21478241 1
9470872 51614532 1
9836463 12560995 1
9836463 13258687 1
9836463 21478241 1
9836463 51614532 1
12560995 13258687 1
12560995 21478241 1
12560995 51614532 1
13258687 21478241 1
13258687 51614532 1
21478241 51614532 1
2896529 9254651 1
2896529 57361872 1
9254651 57361872 1
843624 2896529 2
843624 3156100 1
843624 7884003 2
843624 8298447 2
843624 8458871 1
843624 10549787 1
843624 11489901 2
843624 12915653 1
843624 13426110 1
843624 13709260 1
843624 13787153 1
843624 13787233 2
843624 31516782 1
843624 71763432 1
843624 75970442 1
2896529 3156100 1
2896529 7884003 2
2896529 8298447 2
2896529 8458871 1
2896529 10549787 1
2896529 11489901 2
2896529 12915653 1
2896529 13426110 1
2896529 13709260 1
2896529 13787153 1
2896529 13787233 2
2896529 31516782 1
2896529 71763432 1
2896529 75970442 1
3156100 7884003 1
3156100 8298447 1
3156100 8458871 1
3156100 10549787 1
3156100 11489901 1
3156100 12915653 1
3156100 13426110 1
3156100 13709260 1
3156100 13787153 1
3156100 13787233 1
3156100 31516782 1
3156100 71763432 1
3156100 75970442 1
7884003 8298447 2
7884003 8458871 1
7884003 10549787 1
7884003 11489901 2
7884003 12915653 1
7884003 13426110 1
7884003 13709260 1
7884003 13787153 1
7884003 13787233 2
7884003 31516782 1
7884003 71763432 1
7884003 75970442 1
8298447 8458871 1
8298447 10549787 1
8298447 11489901 2
8298447 12915653 1
8298447 13426110 1
8298447 13709260 1
8298447 13787153 1
8298447 13787233 2
8298447 31516782 1
8298447 71763432 1
8298447 75970442 1
8458871 10549787 1
8458871 11489901 1
8458871 12915653 1
8458871 13426110 1
8458871 13709260 1
8458871 13787153 1
8458871 13787233 1
8458871 31516782 1
8458871 71763432 1
8458871 75970442 1
10549787 11489901 1
10549787 12915653 1
10549787 13426110 1
10549787 13709260 1
10549787 13787153 1
10549787 13787233 1
10549787 31516782 1
10549787 71763432 1
10549787 75970442 1
11489901 12915653 1
11489901 13426110 1
11489901 13709260 1
11489901 13787153 1
11489901 13787233 2
11489901 31516782 1
11489901 71763432 1
11489901 75970442 1
12915653 13426110 1
12915653 13709260 1
12915653 13787153 1
12915653 13787233 1
12915653 31516782 1
12915653 71763432 1
12915653 75970442 1
13426110 13709260 1
13426110 13787153 1
13426110 13787233 1
13426110 31516782 1
13426110 71763432 1
13426110 75970442 1
13709260 13787153 1
13709260 13787233 1
13709260 31516782 1
13709260 71763432 1
13709260 75970442 1
13787153 13787233 1
13787153 31516782 1
13787153 71763432 1
13787153 75970442 1
13787233 31516782 1
13787233 71763432 1
13787233 75970442 1
31516782 71763432 1
31516782 75970442 1
71763432 75970442 1
2896529 3018451 2
2896529 3608705 1
2896529 4439521 1
2896529 24859472 1
3018451 3608705 1
3018451 4439521 1
3018451 24859472 1
3608705 4439521 1
3608705 24859472 1
4439521 24859472 1
2896529 10571440 1
2526483 2896529 1
2526483 3018451 1
843624 1076877 1
843624 3495807 1
843624 5507086 1
843624 10433067 1
1076877 2896529 1
1076877 3495807 1
1076877 5507086 1
1076877 7884003 1
1076877 8298447 1
1076877 10433067 1
1076877 11489901 1
1076877 13787233 1
2896529 3495807 1
2896529 5507086 1
2896529 10433067 1
3495807 5507086 1
3495807 7884003 1
3495807 8298447 1
3495807 10433067 1
3495807 11489901 1
3495807 13787233 1
5507086 7884003 1
5507086 8298447 1
5507086 10433067 1
5507086 11489901 1
5507086 13787233 1
7884003 10433067 1
8298447 10433067 1
10433067 11489901 1
10433067 13787233 1
1437737 2896529 1
