180355 3156100 2526483 9927321 7884570 1752986 5533863 4021161 3546025 1437737 10571440 2180405 9389887 1796687 3018451 11655764 10788315 3994588 10784871 2405881 9254651 3495807
1796687 3018451 1
1796687 4021161 2
1796687 9927321 1
3018451 4021161 3
3018451 9927321 2
4021161 9927321 2
180355 2405881 1
180355 3495807 1
180355 3546025 1
2405881 3495807 1
2405881 3546025 1
3495807 3546025 1
4021161 9254651 1
3156100 4021161 3
1752986 3156100 1
1752986 4021161 1
1752986 5533863 1
1752986 7884570 1
1752986 9389887 1
1752986 10784871 1
1752986 10788315 1
3156100 5533863 1
3156100 7884570 1
3156100 9389887 1
3156100 10784871 1
3156100 10788315 1
4021161 5533863 1
4021161 7884570 1
4021161 9389887 1
4021161 10784871 1
4021161 10788315 1
5533863 7884570 1
5533863 9389887 1
5533863 10784871 1
5533863 10788315 1
7884570 9389887 1
7884570 10784871 1
7884570 10788315 1
9389887 10784871 1
9389887 10788315 1
10784871 10788315 1
3018451 3156100 1
2526483 3018451 1
2526483 4021161 2
2526483 9927321 1
1437737 4021161 1
1796687 2180405 1
1796687 2526483 1
1796687 3994588 1
1796687 10571440 1
1796687 11655764 1
2180405 2526483 1
2180405 3994588 1
2180405 4021161 1
2180405 10571440 1
2180405 11655764 1
2526483 3994588 1
2526483 10571440 1
2526483 11655764 1
3994588 4021161 1
3994588 10571440 1
3994588 11655764 1
4021161 10571440 1
4021161 11655764 1
10571440 11655764 1
