2666242 28850082 13798179 12863109 13809830 9730852 41661672 2675946 13786829 2767247 48449072 5079121 13765586 31950932 1996666 41585372 2676863
2666242 2675946 1
2666242 12863109 6
2675946 12863109 1
2666242 2676863 1
2666242 31950932 1
2676863 12863109 1
2676863 31950932 1
12863109 31950932 1
2666242 28850082 1
12863109 28850082 1
2666242 13798179 1
12863109 13798179 1
2666242 41585372 1
12863109 41585372 1
1996666 2666242 1
1996666 12863109 2
1996666 13809830 1
2666242 13809830 1
12863109 13809830 1
1996666 5079121 1
1996666 13765586 1
1996666 13786829 1
5079121 12863109 1
5079121 13765586 1
5079121 13786829 1
12863109 13765586 1
12863109 13786829 1
13765586 13786829 1
9730852 12863109 1
2767247 12863109 1
2767247 41661672 1
2767247 48449072 1
12863109 41661672 1
12863109 48449072 1
41661672 48449072 1
