2668929 2678274 2666242 2672900 2341379 2294660 2664202 1276303 2767247 2615446 2203930 2663963 2813851 2665374 2677408 2665504 2669090 2651172 2676349 2677668 3001388 3045165 801712 2663857 2828725 2642871 3036344 2455994 2856254 2763840 3449409 2676038 2663879 2839623 2212560 5079121 2677458 611542 2665177 2682332 2665726 2107231 2663904 2664286 2664933 2837739 2663915 2663917 2675950 2674158 3401837 4318321 2335339 1142131 884083 4618479 2504566 1996666 560253 2663934
611542 884083 2
611542 1142131 1
611542 1996666 3
611542 2455994 3
611542 2504566 1
611542 2615446 1
611542 2642871 1
611542 2663857 1
611542 2663879 3
611542 2663904 2
611542 2663963 1
611542 2664933 1
611542 2665177 2
611542 2665374 1
611542 2668929 1
611542 2669090 2
611542 2675950 1
611542 2676038 1
611542 2677408 1
611542 2677458 1
611542 2678274 1
611542 2682332 1
611542 2813851 1
611542 2828725 1
611542 2837739 1
884083 1142131 1
884083 1996666 2
884083 2455994 2
884083 2504566 1
884083 2615446 1
884083 2642871 1
884083 2663857 1
884083 2663879 2
884083 2663904 1
884083 2663963 1
884083 2664933 1
884083 2665177 2
884083 2665374 1
884083 2668929 1
884083 2669090 2
884083 2675950 1
884083 2676038 1
884083 2677408 1
884083 2677458 1
884083 2678274 1
884083 2682332 1
884083 2813851 1
884083 2828725 1
884083 2837739 1
1142131 1996666 1
1142131 2455994 1
1142131 2504566 1
1142131 2615446 1
1142131 2642871 1
1142131 2663857 1
1142131 2663879 1
1142131 2663904 1
1142131 2663963 1
1142131 2664933 1
1142131 2665177 1
1142131 2665374 1
1142131 2668929 1
1142131 2669090 1
1142131 2675950 1
1142131 2676038 1
1142131 2677408 1
1142131 2677458 1
1142131 2678274 1
1142131 2682332 1
1142131 2813851 1
1142131 2828725 1
1142131 2837739 1
1996666 2455994 5
1996666 2504566 1
1996666 2615446 3
1996666 2642871 2
1996666 2663857 1
1996666 2663879 3
1996666 2663904 2
1996666 2663963 1
1996666 2664933 1
1996666 2665177 3
1996666 2665374 2
1996666 2668929 1
1996666 2669090 2
1996666 2675950 2
1996666 2676038 1
1996666 2677408 1
1996666 2677458 1
1996666 2678274 1
1996666 2682332 1
1996666 2813851 1
1996666 2828725 2
1996666 2837739 1
2455994 2504566 1
2455994 2615446 4
2455994 2642871 3
2455994 2663857 1
2455994 2663879 3
2455994 2663904 2
2455994 2663963 1
2455994 2664933 1
2455994 2665177 3
2455994 2665374 2
2455994 2668929 1
2455994 2669090 3
2455994 2675950 3
2455994 2676038 1
2455994 2677408 1
2455994 2677458 1
2455994 2678274 1
2455994 2682332 1
2455994 2813851 1
2455994 2828725 2
2455994 2837739 1
2504566 2615446 1
2504566 2642871 1
2504566 2663857 1
2504566 2663879 1
2504566 2663904 1
2504566 2663963 1
2504566 2664933 1
2504566 2665177 1
2504566 2665374 1
2504566 2668929 1
2504566 2669090 1
2504566 2675950 1
2504566 2676038 1
2504566 2677408 1
2504566 2677458 1
2504566 2678274 1
2504566 2682332 1
2504566 2813851 1
2504566 2828725 1
2504566 2837739 1
2615446 2642871 2
2615446 2663857 1
2615446 2663879 1
2615446 2663904 1
2615446 2663963 1
2615446 2664933 1
2615446 2665177 2
2615446 2665374 2
2615446 2668929 1
2615446 2669090 1
2615446 2675950 2
2615446 2676038 1
2615446 2677408 1
2615446 2677458 1
2615446 2678274 1
2615446 2682332 1
2615446 2813851 1
2615446 2828725 2
2615446 2837739 1
2642871 2663857 1
2642871 2663879 1
2642871 2663904 1
2642871 2663963 1
2642871 2664933 1
2642871 2665177 1
2642871 2665374 2
2642871 2668929 1
2642871 2669090 2
2642871 2675950 2
2642871 2676038 1
2642871 2677408 1
2642871 2677458 1
2642871 2678274 1
2642871 2682332 1
2642871 2813851 1
2642871 2828725 2
2642871 2837739 1
2663857 2663879 1
2663857 2663904 1
2663857 2663963 1
2663857 2664933 1
2663857 2665177 1
2663857 2665374 1
2663857 2668929 1
2663857 2669090 1
2663857 2675950 1
2663857 2676038 1
2663857 2677408 1
2663857 2677458 1
2663857 2678274 1
2663857 2682332 1
2663857 2813851 1
2663857 2828725 1
2663857 2837739 1
2663879 2663904 2
2663879 2663963 1
2663879 2664933 1
2663879 2665177 2
2663879 2665374 1
2663879 2668929 1
2663879 2669090 2
2663879 2675950 1
2663879 2676038 1
2663879 2677408 1
2663879 2677458 1
2663879 2678274 1
2663879 2682332 1
2663879 2813851 1
2663879 2828725 1
2663879 2837739 1
2663904 2663963 1
2663904 2664933 1
2663904 2665177 1
2663904 2665374 1
2663904 2668929 1
2663904 2669090 1
2663904 2675950 1
2663904 2676038 1
2663904 2677408 1
2663904 2677458 1
2663904 2678274 1
2663904 2682332 1
2663904 2813851 1
2663904 2828725 1
2663904 2837739 1
2663963 2664933 1
2663963 2665177 1
2663963 2665374 1
2663963 2668929 1
2663963 2669090 1
2663963 2675950 1
2663963 2676038 1
2663963 2677408 1
2663963 2677458 1
2663963 2678274 1
2663963 2682332 1
2663963 2813851 1
2663963 2828725 1
2663963 2837739 1
2664933 2665177 1
2664933 2665374 1
2664933 2668929 1
2664933 2669090 1
2664933 2675950 1
2664933 2676038 1
2664933 2677408 1
2664933 2677458 1
2664933 2678274 1
2664933 2682332 1
2664933 2813851 1
2664933 2828725 1
2664933 2837739 1
2665177 2665374 1
2665177 2668929 1
2665177 2669090 2
2665177 2675950 2
2665177 2676038 1
2665177 2677408 1
2665177 2677458 1
2665177 2678274 1
2665177 2682332 1
2665177 2813851 1
2665177 2828725 1
2665177 2837739 1
2665374 2668929 1
2665374 2669090 1
2665374 2675950 1
2665374 2676038 1
2665374 2677408 1
2665374 2677458 1
2665374 2678274 1
2665374 2682332 1
2665374 2813851 1
2665374 2828725 2
2665374 2837739 1
2668929 2669090 1
2668929 2675950 1
2668929 2676038 1
2668929 2677408 1
2668929 2677458 1
2668929 2678274 1
2668929 2682332 1
2668929 2813851 1
2668929 2828725 1
2668929 2837739 1
2669090 2675950 2
2669090 2676038 1
2669090 2677408 1
2669090 2677458 1
2669090 2678274 1
2669090 2682332 1
2669090 2813851 1
2669090 2828725 1
2669090 2837739 1
2675950 2676038 1
2675950 2677408 1
2675950 2677458 1
2675950 2678274 1
2675950 2682332 1
2675950 2813851 1
2675950 2828725 1
2675950 2837739 1
2676038 2677408 1
2676038 2677458 1
2676038 2678274 1
2676038 2682332 1
2676038 2813851 1
2676038 2828725 1
2676038 2837739 1
2677408 2677458 1
2677408 2678274 1
2677408 2682332 1
2677408 2813851 1
2677408 2828725 1
2677408 2837739 1
2677458 2678274 1
2677458 2682332 1
2677458 2813851 1
2677458 2828725 1
2677458 2837739 1
2678274 2682332 1
2678274 2813851 1
2678274 2828725 1
2678274 2837739 1
2682332 2813851 1
2682332 2828725 1
2682332 2837739 1
2813851 2828725 1
2813851 2837739 1
2828725 2837739 1
2455994 2663917 4
2455994 2763840 1
2642871 2663917 1
2642871 2763840 1
2663917 2669090 2
2663917 2675950 1
2663917 2763840 1
2669090 2763840 1
2675950 2763840 1
560253 1996666 1
560253 2107231 1
560253 2203930 1
560253 2212560 1
560253 2455994 1
560253 2615446 1
560253 2663915 1
560253 2663934 1
560253 2665177 1
560253 2672900 1
560253 2675950 1
560253 2839623 1
560253 2856254 1
560253 3001388 1
560253 3036344 1
560253 3045165 1
1996666 2107231 1
1996666 2203930 1
1996666 2212560 1
1996666 2663915 1
1996666 2663934 1
1996666 2672900 1
1996666 2839623 1
1996666 2856254 2
1996666 3001388 1
1996666 3036344 1
1996666 3045165 3
2107231 2203930 1
2107231 2212560 1
2107231 2455994 1
2107231 2615446 1
2107231 2663915 1
2107231 2663934 1
2107231 2665177 1
2107231 2672900 1
2107231 2675950 1
2107231 2839623 1
2107231 2856254 1
2107231 3001388 1
2107231 3036344 1
2107231 3045165 1
2203930 2212560 1
2203930 2455994 1
2203930 2615446 1
2203930 2663915 1
2203930 2663934 1
2203930 2665177 1
2203930 2672900 1
2203930 2675950 1
2203930 2839623 1
2203930 2856254 1
2203930 3001388 1
2203930 3036344 1
2203930 3045165 1
2212560 2455994 2
2212560 2615446 2
2212560 2663915 1
2212560 2663934 1
2212560 2665177 1
2212560 2672900 1
2212560 2675950 1
2212560 2839623 1
2212560 2856254 1
2212560 3001388 1
2212560 3036344 1
2212560 3045165 1
2455994 2663915 1
2455994 2663934 1
2455994 2672900 1
2455994 2839623 1
2455994 2856254 2
2455994 3001388 1
2455994 3036344 1
2455994 3045165 3
2615446 2663915 1
2615446 2663934 1
2615446 2672900 1
2615446 2839623 1
2615446 2856254 1
2615446 3001388 1
2615446 3036344 1
2615446 3045165 1
2663915 2663934 1
2663915 2665177 1
2663915 2672900 1
2663915 2675950 1
2663915 2839623 1
2663915 2856254 1
2663915 3001388 1
2663915 3036344 1
2663915 3045165 1
2663934 2665177 1
2663934 2672900 1
2663934 2675950 1
2663934 2839623 1
2663934 2856254 1
2663934 3001388 1
2663934 3036344 1
2663934 3045165 1
2665177 2672900 1
2665177 2839623 1
2665177 2856254 1
2665177 3001388 1
2665177 3036344 1
2665177 3045165 2
2672900 2675950 1
2672900 2839623 1
2672900 2856254 1
2672900 3001388 1
2672900 3036344 1
2672900 3045165 1
2675950 2839623 1
2675950 2856254 1
2675950 3001388 1
2675950 3036344 1
2675950 3045165 1
2839623 2856254 1
2839623 3001388 1
2839623 3036344 1
2839623 3045165 1
2856254 3001388 1
2856254 3036344 1
2856254 3045165 2
3001388 3036344 1
3001388 3045165 1
3036344 3045165 1
1996666 2674158 2
2455994 2674158 2
2615446 2674158 1
2642871 2674158 1
2665374 2674158 1
2674158 2828725 1
801712 2455994 1
801712 2663917 1
611542 1276303 1
611542 2663917 1
611542 2664202 2
611542 2665504 1
611542 2665726 1
611542 2666242 2
611542 3045165 2
611542 3401837 2
611542 3449409 1
884083 1276303 1
884083 2663917 1
884083 2664202 1
884083 2665504 1
884083 2665726 1
884083 2666242 1
884083 3045165 1
884083 3401837 1
884083 3449409 1
1276303 1996666 1
1276303 2455994 1
1276303 2663879 1
1276303 2663917 1
1276303 2664202 1
1276303 2665177 1
1276303 2665504 1
1276303 2665726 1
1276303 2666242 1
1276303 2669090 1
1276303 3045165 1
1276303 3401837 1
1276303 3449409 1
1996666 2663917 1
1996666 2664202 2
1996666 2665504 1
1996666 2665726 1
1996666 2666242 2
1996666 3401837 2
1996666 3449409 1
2455994 2664202 2
2455994 2665504 1
2455994 2665726 1
2455994 2666242 2
2455994 3401837 2
2455994 3449409 1
2663879 2663917 1
2663879 2664202 2
2663879 2665504 1
2663879 2665726 1
2663879 2666242 2
2663879 3045165 2
2663879 3401837 2
2663879 3449409 1
2663917 2664202 1
2663917 2665177 1
2663917 2665504 1
2663917 2665726 1
2663917 2666242 1
2663917 3045165 1
2663917 3401837 1
2663917 3449409 1
2664202 2665177 1
2664202 2665504 1
2664202 2665726 1
2664202 2666242 2
2664202 2669090 1
2664202 3045165 2
2664202 3401837 2
2664202 3449409 1
2665177 2665504 1
2665177 2665726 1
2665177 2666242 1
2665177 3401837 1
2665177 3449409 1
2665504 2665726 1
2665504 2666242 1
2665504 2669090 1
2665504 3045165 1
2665504 3401837 1
2665504 3449409 1
2665726 2666242 1
2665726 2669090 1
2665726 3045165 1
2665726 3401837 1
2665726 3449409 1
2666242 2669090 1
2666242 3045165 2
2666242 3401837 2
2666242 3449409 1
2669090 3045165 1
2669090 3401837 1
2669090 3449409 1
3045165 3401837 2
3045165 3449409 1
3401837 3449409 1
2212560 2341379 1
2341379 2455994 2
2341379 2615446 1
611542 2341379 1
611542 2674158 1
611542 2767247 1
611542 2856254 1
611542 4318321 1
611542 5079121 1
1996666 2341379 1
1996666 2767247 1
1996666 4318321 1
1996666 5079121 1
2341379 2663879 1
2341379 2663904 1
2341379 2664202 1
2341379 2666242 1
2341379 2674158 1
2341379 2767247 1
2341379 2856254 1
2341379 3045165 1
2341379 3401837 1
2341379 4318321 1
2341379 5079121 1
2455994 2767247 1
2455994 4318321 1
2455994 5079121 1
2663879 2674158 1
2663879 2767247 1
2663879 2856254 1
2663879 4318321 1
2663879 5079121 1
2663904 2664202 1
2663904 2666242 1
2663904 2674158 1
2663904 2767247 1
2663904 2856254 1
2663904 3045165 1
2663904 3401837 1
2663904 4318321 1
2663904 5079121 1
2664202 2674158 1
2664202 2767247 1
2664202 2856254 1
2664202 4318321 1
2664202 5079121 1
2666242 2674158 1
2666242 2767247 1
2666242 2856254 1
2666242 4318321 1
2666242 5079121 1
2674158 2767247 1
2674158 2856254 1
2674158 3045165 1
2674158 3401837 1
2674158 4318321 1
2674158 5079121 1
2767247 2856254 1
2767247 3045165 1
2767247 3401837 1
2767247 4318321 1
2767247 5079121 1
2856254 3401837 1
2856254 4318321 1
2856254 5079121 1
3045165 4318321 1
3045165 5079121 1
3401837 4318321 1
3401837 5079121 1
4318321 5079121 1
2294660 2335339 1
2294660 2455994 1
2294660 2651172 1
2294660 2663917 1
2294660 2664286 1
2294660 2676349 1
2294660 2677668 1
2294660 4618479 1
2335339 2455994 1
2335339 2651172 1
2335339 2663917 1
2335339 2664286 1
2335339 2676349 1
2335339 2677668 1
2335339 4618479 1
2455994 2651172 1
2455994 2664286 1
2455994 2676349 1
2455994 2677668 1
2455994 4618479 1
2651172 2663917 1
2651172 2664286 1
2651172 2676349 1
2651172 2677668 1
2651172 4618479 1
2663917 2664286 1
2663917 2676349 1
2663917 2677668 1
2663917 4618479 1
2664286 2676349 1
2664286 2677668 1
2664286 4618479 1
2676349 2677668 1
2676349 4618479 1
2677668 4618479 1
