183856705 2678274 12863109 7349084 10076711 13470345 131413322 184111881 186075959 2665135 139719762 4818419 140884562 129462102 155059862 57611932
12863109 13470345 4
2678274 12863109 1
2678274 13470345 1
2678274 139719762 1
12863109 139719762 1
13470345 139719762 1
2665135 12863109 1
2665135 57611932 1
2665135 129462102 1
12863109 57611932 1
12863109 129462102 1
57611932 129462102 1
4818419 7349084 1
4818419 12863109 1
4818419 13470345 1
4818419 131413322 1
7349084 12863109 1
7349084 13470345 1
7349084 131413322 1
12863109 131413322 2
13470345 131413322 2
10076711 12863109 1
10076711 140884562 1
10076711 155059862 1
10076711 184111881 1
12863109 140884562 1
12863109 155059862 2
12863109 184111881 1
140884562 155059862 1
140884562 184111881 1
155059862 184111881 1
12863109 183856705 1
12863109 186075959 1
155059862 183856705 1
155059862 186075959 1
183856705 186075959 1
