180355 3750532 626312 3017992 2601616 2221713 2566417 2626712 3256345 2604064 2766752 2929826 2774948 3885861 1628199 3854377 3408943 3808568 3152334 1910230 3317974 3345516 3392495 3368564 3333759
180355 626312 2
180355 1628199 2
180355 1910230 2
180355 2221713 1
180355 2601616 1
180355 2626712 2
180355 2929826 2
180355 3017992 1
180355 3333759 1
180355 3368564 1
626312 1628199 7
626312 1910230 2
626312 2221713 1
626312 2601616 1
626312 2626712 2
626312 2929826 2
626312 3017992 2
626312 3333759 2
626312 3368564 1
1628199 1910230 2
1628199 2221713 1
1628199 2601616 1
1628199 2626712 2
1628199 2929826 2
1628199 3017992 1
1628199 3333759 1
1628199 3368564 1
1910230 2221713 1
1910230 2601616 1
1910230 2626712 2
1910230 2929826 2
1910230 3017992 1
1910230 3333759 1
1910230 3368564 1
2221713 2601616 1
2221713 2626712 1
2221713 2929826 1
2221713 3017992 1
2221713 3333759 1
2221713 3368564 1
2601616 2626712 1
2601616 2929826 1
2601616 3017992 1
2601616 3333759 1
2601616 3368564 1
2626712 2929826 2
2626712 3017992 1
2626712 3333759 1
2626712 3368564 1
2929826 3017992 1
2929826 3333759 1
2929826 3368564 1
3017992 3333759 1
3017992 3368564 1
3333759 3368564 1
180355 2566417 1
180355 2604064 1
180355 2774948 1
180355 3256345 1
180355 3392495 1
180355 3408943 1
626312 2566417 6
626312 2604064 7
626312 2774948 2
626312 3256345 2
626312 3392495 2
626312 3408943 2
1628199 2566417 4
1628199 2604064 5
1628199 2774948 2
1628199 3256345 1
1628199 3392495 1
1628199 3408943 1
1910230 2566417 1
1910230 2604064 1
1910230 2774948 1
1910230 3256345 1
1910230 3392495 1
1910230 3408943 1
2566417 2604064 6
2566417 2626712 1
2566417 2774948 1
2566417 2929826 1
2566417 3256345 2
2566417 3392495 2
2566417 3408943 2
2604064 2626712 1
2604064 2774948 2
2604064 2929826 1
2604064 3256345 2
2604064 3392495 2
2604064 3408943 2
2626712 2774948 1
2626712 3256345 1
2626712 3392495 1
2626712 3408943 1
2774948 2929826 1
2774948 3256345 1
2774948 3392495 1
2774948 3408943 1
2929826 3256345 1
2929826 3392495 1
2929826 3408943 1
3256345 3392495 2
3256345 3408943 1
3392495 3408943 1
626312 2766752 2
626312 3152334 1
2566417 2766752 2
2566417 3017992 1
2566417 3152334 1
2604064 2766752 2
2604064 3017992 1
2604064 3152334 1
2766752 3017992 1
2766752 3152334 1
2766752 3256345 1
2766752 3392495 1
3017992 3152334 1
3017992 3256345 1
3017992 3392495 1
3152334 3256345 1
3152334 3392495 1
2566417 3333759 1
2604064 3333759 1
2766752 3333759 1
2766752 3408943 1
3333759 3408943 1
626312 3317974 3
626312 3345516 1
1628199 3317974 3
1628199 3345516 1
2566417 3317974 2
2566417 3345516 1
2604064 3317974 3
2604064 3345516 1
3317974 3345516 1
626312 3750532 1
1628199 3750532 1
626312 3808568 2
1628199 3808568 1
2604064 3808568 1
2774948 3317974 1
2774948 3808568 1
3317974 3808568 1
626312 3854377 1
626312 3885861 1
3808568 3854377 1
3808568 3885861 1
3854377 3885861 1
