169250592 44877312 82377092 4851655 11271529 14489067 68865582 157800462 172385362 3347346 143131572 65156692 72745682 2608440 38357342
14489067 82377092 1
68865582 82377092 1
68865582 157800462 1
68865582 172385362 1
82377092 157800462 1
82377092 172385362 1
157800462 172385362 1
2608440 4851655 1
2608440 38357342 4
4851655 38357342 1
4851655 11271529 1
2608440 169250592 1
38357342 169250592 1
3347346 143131572 1
3347346 169250592 1
143131572 169250592 1
68865582 143131572 1
2608440 44877312 1
2608440 65156692 1
38357342 44877312 1
38357342 65156692 1
44877312 65156692 1
2608440 72745682 1
38357342 72745682 1
