6163465 8445454 2876431 523280 3384338 3423255 6735900 8772125 2358824 5345833 5277229 2920495 1602608 2923060 3161145 2763840 6961729 4665928 5851721 8054858 4379211 2978888 3897935 615008 8511589 7417959 2525803 6603374 5136505 5998716 7396477 4627588 898181 9115270 4231304 7191179 6899342 8203409 8559253 2026134 8090267 8918686 2868383 8812192 8195747 7742125 4975282 2837683 558260 8469172 4188340 670391 2597560 413876 8642746 5526203 7191746 7187654 8527046 8793288 1786571 3509452 7376077 2611923 2649303 8005851 8119516 3912926 1915618 8402660 8336106 5981932 8447728 1814771 3238646 8660216 4828920 8501501 3573502 6027007 4159233 2998021 6677256 3645711 8583444 9083159 5590296 3294490 2418971 7797021 3356962 3384106 2814764 5992237 6213936 6392626 9005562 8893239 5363512 8700216 4102973 5556030 3057983 7723329 8554309 2217798 4208965 4303181 4464470 7497560 776026 3632987 3616091 4002652 2925407 3842400 5267816 3225961 8149354 8589165 3813882 8531325 6256510 8735103 6402947 1502600 6146443 5975439 5980054 3389337 4584857 4498850 8364969 1975726 5092271 7799221 8572853 7729591 5729720 3667385 3325366 2361787 8479677 8821697 9042386 8941011 4084711 8894440 7359482
558260 670391 2
558260 1502600 1
558260 1814771 2
558260 2217798 2
558260 2418971 1
558260 2525803 2
558260 2611923 2
558260 2837683 2
558260 2868383 1
558260 2925407 1
558260 2998021 1
558260 3057983 2
558260 3294490 2
558260 3384338 1
558260 3509452 1
558260 3616091 2
558260 3632987 1
558260 3897935 1
558260 3912926 2
558260 4159233 1
558260 4231304 1
558260 4498850 1
558260 4665928 2
558260 5267816 1
558260 5345833 2
558260 5363512 2
558260 5556030 1
558260 5729720 1
558260 5980054 2
558260 6163465 1
558260 6256510 2
558260 6402947 2
558260 6677256 2
558260 7187654 1
558260 7191179 2
558260 7359482 2
558260 7497560 2
558260 7797021 2
558260 7799221 2
558260 8054858 1
558260 8090267 1
558260 8336106 1
558260 8445454 1
558260 8479677 2
558260 8501501 2
558260 8511589 1
558260 8527046 1
558260 8559253 1
558260 8583444 1
670391 1502600 2
670391 1814771 2
670391 2217798 2
670391 2418971 1
670391 2525803 2
670391 2611923 2
670391 2837683 2
670391 2868383 1
670391 2925407 1
670391 2998021 1
670391 3057983 3
670391 3294490 2
670391 3384338 1
670391 3509452 1
670391 3616091 2
670391 3632987 1
670391 3897935 2
670391 3912926 2
670391 4159233 2
670391 4231304 2
670391 4498850 1
670391 4665928 2
670391 5267816 1
670391 5345833 4
670391 5363512 2
670391 5556030 1
670391 5729720 1
670391 5980054 3
670391 6163465 1
670391 6256510 2
670391 6402947 4
670391 6677256 3
670391 7187654 1
670391 7191179 2
670391 7359482 2
670391 7497560 4
670391 7797021 3
670391 7799221 2
670391 8054858 1
670391 8090267 1
670391 8336106 1
670391 8445454 1
670391 8479677 3
670391 8501501 3
670391 8511589 1
670391 8527046 1
670391 8559253 2
670391 8583444 1
1502600 1814771 1
1502600 2217798 1
1502600 2418971 1
1502600 2525803 1
1502600 2611923 1
1502600 2837683 1
1502600 2868383 1
1502600 2925407 1
1502600 2998021 1
1502600 3057983 2
1502600 3294490 1
1502600 3384338 1
1502600 3509452 1
1502600 3616091 1
1502600 3632987 1
1502600 3897935 2
1502600 3912926 1
1502600 4159233 1
1502600 4231304 2
1502600 4498850 1
1502600 4665928 1
1502600 5267816 1
1502600 5345833 3
1502600 5363512 1
1502600 5556030 1
1502600 5729720 1
1502600 5980054 3
1502600 6163465 1
1502600 6256510 2
1502600 6402947 3
1502600 6677256 3
1502600 7187654 1
1502600 7191179 1
1502600 7359482 2
1502600 7497560 3
1502600 7797021 2
1502600 7799221 2
1502600 8054858 1
1502600 8090267 1
1502600 8336106 1
1502600 8445454 1
1502600 8479677 2
1502600 8501501 3
1502600 8511589 1
1502600 8527046 1
1502600 8559253 2
1502600 8583444 1
1814771 2217798 3
1814771 2418971 1
1814771 2525803 2
1814771 2611923 3
1814771 2837683 3
1814771 2868383 2
1814771 2925407 1
1814771 2998021 1
1814771 3057983 2
1814771 3294490 2
1814771 3384338 2
1814771 3509452 1
1814771 3616091 2
1814771 3632987 1
1814771 3897935 2
1814771 3912926 3
1814771 4159233 1
1814771 4231304 1
1814771 4498850 1
1814771 4665928 2
1814771 5267816 1
1814771 5345833 3
1814771 5363512 2
1814771 5556030 1
1814771 5729720 1
1814771 5980054 3
1814771 6163465 1
1814771 6256510 3
1814771 6402947 3
1814771 6677256 2
1814771 7187654 1
1814771 7191179 3
1814771 7359482 2
1814771 7497560 3
1814771 7797021 3
1814771 7799221 2
1814771 8054858 1
1814771 8090267 1
1814771 8336106 1
1814771 8445454 1
1814771 8479677 3
1814771 8501501 3
1814771 8511589 1
1814771 8527046 1
1814771 8559253 1
1814771 8583444 1
2217798 2418971 1
2217798 2525803 2
2217798 2611923 5
2217798 2837683 3
2217798 2868383 4
2217798 2925407 1
2217798 2998021 1
2217798 3057983 3
2217798 3294490 2
2217798 3384338 2
2217798 3509452 1
2217798 3616091 2
2217798 3632987 1
2217798 3897935 2
2217798 3912926 5
2217798 4159233 1
2217798 4231304 1
2217798 4498850 2
2217798 4665928 2
2217798 5267816 2
2217798 5345833 5
2217798 5363512 2
2217798 5556030 1
2217798 5729720 1
2217798 5980054 3
2217798 6163465 2
2217798 6256510 5
2217798 6402947 5
2217798 6677256 2
2217798 7187654 1
2217798 7191179 5
2217798 7359482 4
2217798 7497560 4
2217798 7797021 4
2217798 7799221 2
2217798 8054858 1
2217798 8090267 1
2217798 8336106 1
2217798 8445454 1
2217798 8479677 3
2217798 8501501 3
2217798 8511589 1
2217798 8527046 2
2217798 8559253 2
2217798 8583444 1
2418971 2525803 1
2418971 2611923 1
2418971 2837683 1
2418971 2868383 1
2418971 2925407 1
2418971 2998021 1
2418971 3057983 1
2418971 3294490 1
2418971 3384338 1
2418971 3509452 1
2418971 3616091 1
2418971 3632987 1
2418971 3897935 1
2418971 3912926 1
2418971 4159233 1
2418971 4231304 1
2418971 4498850 1
2418971 4665928 1
2418971 5267816 1
2418971 5345833 1
2418971 5363512 1
2418971 5556030 1
2418971 5729720 1
2418971 5980054 1
2418971 6163465 1
2418971 6256510 1
2418971 6402947 1
2418971 6677256 1
2418971 7187654 1
2418971 7191179 1
2418971 7359482 1
2418971 7497560 1
2418971 7797021 1
2418971 7799221 1
2418971 8054858 1
2418971 8090267 1
2418971 8336106 1
2418971 8445454 1
2418971 8479677 1
2418971 8501501 1
2418971 8511589 1
2418971 8527046 1
2418971 8559253 1
2418971 8583444 1
2525803 2611923 2
2525803 2837683 2
2525803 2868383 1
2525803 2925407 1
2525803 2998021 1
2525803 3057983 2
2525803 3294490 2
2525803 3384338 1
2525803 3509452 1
2525803 3616091 2
2525803 3632987 1
2525803 3897935 1
2525803 3912926 2
2525803 4159233 1
2525803 4231304 1
2525803 4498850 1
2525803 4665928 2
2525803 5267816 1
2525803 5345833 2
2525803 5363512 2
2525803 5556030 1
2525803 5729720 1
2525803 5980054 2
2525803 6163465 1
2525803 6256510 2
2525803 6402947 2
2525803 6677256 2
2525803 7187654 1
2525803 7191179 2
2525803 7359482 2
2525803 7497560 2
2525803 7797021 2
2525803 7799221 2
2525803 8054858 1
2525803 8090267 1
2525803 8336106 1
2525803 8445454 1
2525803 8479677 2
2525803 8501501 2
2525803 8511589 1
2525803 8527046 1
2525803 8559253 1
2525803 8583444 1
2611923 2837683 3
2611923 2868383 5
2611923 2925407 1
2611923 2998021 1
2611923 3057983 3
2611923 3294490 2
2611923 3384338 2
2611923 3509452 1
2611923 3616091 2
2611923 3632987 1
2611923 3897935 2
2611923 3912926 6
2611923 4159233 1
2611923 4231304 1
2611923 4498850 2
2611923 4665928 2
2611923 5267816 2
2611923 5345833 6
2611923 5363512 3
2611923 5556030 1
2611923 5729720 1
2611923 5980054 3
2611923 6163465 2
2611923 6256510 6
2611923 6402947 5
2611923 6677256 3
2611923 7187654 1
2611923 7191179 6
2611923 7359482 4
2611923 7497560 5
2611923 7797021 5
2611923 7799221 2
2611923 8054858 1
2611923 8090267 1
2611923 8336106 1
2611923 8445454 1
2611923 8479677 3
2611923 8501501 3
2611923 8511589 1
2611923 8527046 3
2611923 8559253 2
2611923 8583444 1
2837683 2868383 2
2837683 2925407 1
2837683 2998021 1
2837683 3057983 2
2837683 3294490 2
2837683 3384338 2
2837683 3509452 1
2837683 3616091 2
2837683 3632987 1
2837683 3897935 2
2837683 3912926 3
2837683 4159233 1
2837683 4231304 1
2837683 4498850 1
2837683 4665928 2
2837683 5267816 1
2837683 5345833 3
2837683 5363512 2
2837683 5556030 1
2837683 5729720 1
2837683 5980054 3
2837683 6163465 1
2837683 6256510 3
2837683 6402947 3
2837683 6677256 2
2837683 7187654 1
2837683 7191179 3
2837683 7359482 2
2837683 7497560 3
2837683 7797021 3
2837683 7799221 2
2837683 8054858 1
2837683 8090267 1
2837683 8336106 1
2837683 8445454 1
2837683 8479677 3
2837683 8501501 3
2837683 8511589 1
2837683 8527046 1
2837683 8559253 1
2837683 8583444 1
2868383 2925407 1
2868383 2998021 1
2868383 3057983 2
2868383 3294490 1
2868383 3384338 2
2868383 3509452 1
2868383 3616091 1
2868383 3632987 1
2868383 3897935 2
2868383 3912926 5
2868383 4159233 1
2868383 4231304 1
2868383 4498850 2
2868383 4665928 1
2868383 5267816 2
2868383 5345833 5
2868383 5363512 2
2868383 5556030 1
2868383 5729720 1
2868383 5980054 2
2868383 6163465 2
2868383 6256510 5
2868383 6402947 4
2868383 6677256 2
2868383 7187654 1
2868383 7191179 5
2868383 7359482 3
2868383 7497560 4
2868383 7797021 4
2868383 7799221 1
2868383 8054858 1
2868383 8090267 1
2868383 8336106 1
2868383 8445454 1
2868383 8479677 2
2868383 8501501 2
2868383 8511589 1
2868383 8527046 3
2868383 8559253 2
2868383 8583444 1
2925407 2998021 1
2925407 3057983 1
2925407 3294490 1
2925407 3384338 1
2925407 3509452 1
2925407 3616091 1
2925407 3632987 1
2925407 3897935 1
2925407 3912926 1
2925407 4159233 1
2925407 4231304 1
2925407 4498850 1
2925407 4665928 1
2925407 5267816 1
2925407 5345833 1
2925407 5363512 1
2925407 5556030 1
2925407 5729720 1
2925407 5980054 1
2925407 6163465 1
2925407 6256510 1
2925407 6402947 1
2925407 6677256 1
2925407 7187654 1
2925407 7191179 1
2925407 7359482 1
2925407 7497560 1
2925407 7797021 1
2925407 7799221 1
2925407 8054858 1
2925407 8090267 1
2925407 8336106 1
2925407 8445454 1
2925407 8479677 1
2925407 8501501 1
2925407 8511589 1
2925407 8527046 1
2925407 8559253 1
2925407 8583444 1
2998021 3057983 1
2998021 3294490 1
2998021 3384338 1
2998021 3509452 1
2998021 3616091 1
2998021 3632987 1
2998021 3897935 1
2998021 3912926 1
2998021 4159233 1
2998021 4231304 1
2998021 4498850 1
2998021 4665928 1
2998021 5267816 1
2998021 5345833 1
2998021 5363512 1
2998021 5556030 1
2998021 5729720 1
2998021 5980054 1
2998021 6163465 1
2998021 6256510 1
2998021 6402947 1
2998021 6677256 1
2998021 7187654 1
2998021 7191179 1
2998021 7359482 1
2998021 7497560 1
2998021 7797021 1
2998021 7799221 1
2998021 8054858 1
2998021 8090267 1
2998021 8336106 1
2998021 8445454 1
2998021 8479677 1
2998021 8501501 1
2998021 8511589 1
2998021 8527046 1
2998021 8559253 1
2998021 8583444 1
3057983 3294490 2
3057983 3384338 1
3057983 3509452 1
3057983 3616091 2
3057983 3632987 1
3057983 3897935 1
3057983 3912926 3
3057983 4159233 1
3057983 4231304 2
3057983 4498850 1
3057983 4665928 2
3057983 5267816 2
3057983 5345833 4
3057983 5363512 2
3057983 5556030 1
3057983 5729720 1
3057983 5980054 3
3057983 6163465 1
3057983 6256510 3
3057983 6402947 4
3057983 6677256 3
3057983 7187654 1
3057983 7191179 3
3057983 7359482 3
3057983 7497560 3
3057983 7797021 2
3057983 7799221 2
3057983 8054858 1
3057983 8090267 1
3057983 8336106 1
3057983 8445454 1
3057983 8479677 2
3057983 8501501 3
3057983 8511589 1
3057983 8527046 2
3057983 8559253 2
3057983 8583444 1
3294490 3384338 1
3294490 3509452 1
3294490 3616091 2
3294490 3632987 1
3294490 3897935 1
3294490 3912926 2
3294490 4159233 1
3294490 4231304 1
3294490 4498850 1
3294490 4665928 2
3294490 5267816 1
3294490 5345833 2
3294490 5363512 2
3294490 5556030 1
3294490 5729720 1
3294490 5980054 2
3294490 6163465 1
3294490 6256510 2
3294490 6402947 2
3294490 6677256 2
3294490 7187654 1
3294490 7191179 2
3294490 7359482 2
3294490 7497560 2
3294490 7797021 2
3294490 7799221 2
3294490 8054858 1
3294490 8090267 1
3294490 8336106 1
3294490 8445454 1
3294490 8479677 2
3294490 8501501 2
3294490 8511589 1
3294490 8527046 1
3294490 8559253 1
3294490 8583444 1
3384338 3509452 1
3384338 3616091 1
3384338 3632987 1
3384338 3897935 2
3384338 3912926 2
3384338 4159233 1
3384338 4231304 1
3384338 4498850 1
3384338 4665928 1
3384338 5267816 1
3384338 5345833 2
3384338 5363512 1
3384338 5556030 1
3384338 5729720 1
3384338 5980054 2
3384338 6163465 1
3384338 6256510 2
3384338 6402947 2
3384338 6677256 1
3384338 7187654 1
3384338 7191179 2
3384338 7359482 1
3384338 7497560 2
3384338 7797021 2
3384338 7799221 1
3384338 8054858 1
3384338 8090267 1
3384338 8336106 1
3384338 8445454 1
3384338 8479677 2
3384338 8501501 2
3384338 8511589 1
3384338 8527046 1
3384338 8559253 1
3384338 8583444 1
3509452 3616091 1
3509452 3632987 1
3509452 3897935 1
3509452 3912926 1
3509452 4159233 1
3509452 4231304 1
3509452 4498850 1
3509452 4665928 1
3509452 5267816 1
3509452 5345833 1
3509452 5363512 1
3509452 5556030 1
3509452 5729720 1
3509452 5980054 1
3509452 6163465 1
3509452 6256510 1
3509452 6402947 1
3509452 6677256 1
3509452 7187654 1
3509452 7191179 1
3509452 7359482 1
3509452 7497560 1
3509452 7797021 1
3509452 7799221 1
3509452 8054858 1
3509452 8090267 1
3509452 8336106 1
3509452 8445454 1
3509452 8479677 1
3509452 8501501 1
3509452 8511589 1
3509452 8527046 1
3509452 8559253 1
3509452 8583444 1
3616091 3632987 1
3616091 3897935 1
3616091 3912926 2
3616091 4159233 1
3616091 4231304 1
3616091 4498850 1
3616091 4665928 2
3616091 5267816 1
3616091 5345833 2
3616091 5363512 2
3616091 5556030 1
3616091 5729720 1
3616091 5980054 2
3616091 6163465 1
3616091 6256510 2
3616091 6402947 2
3616091 6677256 2
3616091 7187654 1
3616091 7191179 2
3616091 7359482 2
3616091 7497560 2
3616091 7797021 2
3616091 7799221 2
3616091 8054858 1
3616091 8090267 1
3616091 8336106 1
3616091 8445454 1
3616091 8479677 2
3616091 8501501 2
3616091 8511589 1
3616091 8527046 1
3616091 8559253 1
3616091 8583444 1
3632987 3897935 1
3632987 3912926 1
3632987 4159233 1
3632987 4231304 1
3632987 4498850 1
3632987 4665928 1
3632987 5267816 1
3632987 5345833 1
3632987 5363512 1
3632987 5556030 1
3632987 5729720 1
3632987 5980054 1
3632987 6163465 1
3632987 6256510 1
3632987 6402947 1
3632987 6677256 1
3632987 7187654 1
3632987 7191179 1
3632987 7359482 1
3632987 7497560 1
3632987 7797021 1
3632987 7799221 1
3632987 8054858 1
3632987 8090267 1
3632987 8336106 1
3632987 8445454 1
3632987 8479677 1
3632987 8501501 1
3632987 8511589 1
3632987 8527046 1
3632987 8559253 1
3632987 8583444 1
3897935 3912926 2
3897935 4159233 2
3897935 4231304 1
3897935 4498850 1
3897935 4665928 1
3897935 5267816 1
3897935 5345833 4
3897935 5363512 1
3897935 5556030 1
3897935 5729720 1
3897935 5980054 3
3897935 6163465 1
3897935 6256510 3
3897935 6402947 4
3897935 6677256 2
3897935 7187654 1
3897935 7191179 2
3897935 7359482 2
3897935 7497560 4
3897935 7797021 4
3897935 7799221 2
3897935 8054858 1
3897935 8090267 1
3897935 8336106 1
3897935 8445454 1
3897935 8479677 4
3897935 8501501 3
3897935 8511589 1
3897935 8527046 1
3897935 8559253 1
3897935 8583444 1
3912926 4159233 1
3912926 4231304 1
3912926 4498850 2
3912926 4665928 2
3912926 5267816 2
3912926 5345833 6
3912926 5363512 3
3912926 5556030 1
3912926 5729720 1
3912926 5980054 3
3912926 6163465 2
3912926 6256510 6
3912926 6402947 5
3912926 6677256 3
3912926 7187654 1
3912926 7191179 6
3912926 7359482 4
3912926 7497560 5
3912926 7797021 5
3912926 7799221 2
3912926 8054858 1
3912926 8090267 1
3912926 8336106 1
3912926 8445454 1
3912926 8479677 3
3912926 8501501 3
3912926 8511589 1
3912926 8527046 3
3912926 8559253 2
3912926 8583444 1
4159233 4231304 1
4159233 4498850 1
4159233 4665928 1
4159233 5267816 1
4159233 5345833 2
4159233 5363512 1
4159233 5556030 1
4159233 5729720 1
4159233 5980054 1
4159233 6163465 1
4159233 6256510 1
4159233 6402947 2
4159233 6677256 1
4159233 7187654 1
4159233 7191179 1
4159233 7359482 1
4159233 7497560 2
4159233 7797021 2
4159233 7799221 1
4159233 8054858 1
4159233 8090267 1
4159233 8336106 1
4159233 8445454 1
4159233 8479677 2
4159233 8501501 1
4159233 8511589 1
4159233 8527046 1
4159233 8559253 1
4159233 8583444 1
4231304 4498850 1
4231304 4665928 1
4231304 5267816 1
4231304 5345833 2
4231304 5363512 1
4231304 5556030 1
4231304 5729720 1
4231304 5980054 2
4231304 6163465 1
4231304 6256510 1
4231304 6402947 2
4231304 6677256 2
4231304 7187654 1
4231304 7191179 1
4231304 7359482 1
4231304 7497560 2
4231304 7797021 1
4231304 7799221 1
4231304 8054858 1
4231304 8090267 1
4231304 8336106 1
4231304 8445454 1
4231304 8479677 1
4231304 8501501 2
4231304 8511589 1
4231304 8527046 1
4231304 8559253 2
4231304 8583444 1
4498850 4665928 1
4498850 5267816 1
4498850 5345833 2
4498850 5363512 1
4498850 5556030 1
4498850 5729720 1
4498850 5980054 1
4498850 6163465 2
4498850 6256510 2
4498850 6402947 2
4498850 6677256 1
4498850 7187654 1
4498850 7191179 2
4498850 7359482 2
4498850 7497560 2
4498850 7797021 2
4498850 7799221 1
4498850 8054858 1
4498850 8090267 1
4498850 8336106 1
4498850 8445454 1
4498850 8479677 1
4498850 8501501 1
4498850 8511589 1
4498850 8527046 1
4498850 8559253 2
4498850 8583444 1
4665928 5267816 1
4665928 5345833 2
4665928 5363512 2
4665928 5556030 1
4665928 5729720 1
4665928 5980054 2
4665928 6163465 1
4665928 6256510 2
4665928 6402947 2
4665928 6677256 2
4665928 7187654 1
4665928 7191179 2
4665928 7359482 2
4665928 7497560 2
4665928 7797021 2
4665928 7799221 2
4665928 8054858 1
4665928 8090267 1
4665928 8336106 1
4665928 8445454 1
4665928 8479677 2
4665928 8501501 2
4665928 8511589 1
4665928 8527046 1
4665928 8559253 1
4665928 8583444 1
5267816 5345833 2
5267816 5363512 1
5267816 5556030 1
5267816 5729720 1
5267816 5980054 1
5267816 6163465 1
5267816 6256510 2
5267816 6402947 2
5267816 6677256 1
5267816 7187654 1
5267816 7191179 2
5267816 7359482 2
5267816 7497560 1
5267816 7797021 1
5267816 7799221 1
5267816 8054858 1
5267816 8090267 1
5267816 8336106 1
5267816 8445454 1
5267816 8479677 1
5267816 8501501 1
5267816 8511589 1
5267816 8527046 2
5267816 8559253 1
5267816 8583444 1
5345833 5363512 3
5345833 5556030 1
5345833 5729720 1
5345833 5980054 6
5345833 6163465 2
5345833 6256510 7
5345833 6402947 9
5345833 6677256 5
5345833 7187654 1
5345833 7191179 6
5345833 7359482 5
5345833 7497560 8
5345833 7797021 7
5345833 7799221 3
5345833 8054858 1
5345833 8090267 1
5345833 8336106 1
5345833 8445454 1
5345833 8479677 5
5345833 8501501 6
5345833 8511589 1
5345833 8527046 3
5345833 8559253 3
5345833 8583444 1
5363512 5556030 1
5363512 5729720 1
5363512 5980054 2
5363512 6163465 1
5363512 6256510 3
5363512 6402947 2
5363512 6677256 3
5363512 7187654 1
5363512 7191179 3
5363512 7359482 2
5363512 7497560 3
5363512 7797021 3
5363512 7799221 2
5363512 8054858 1
5363512 8090267 1
5363512 8336106 1
5363512 8445454 1
5363512 8479677 2
5363512 8501501 2
5363512 8511589 1
5363512 8527046 2
5363512 8559253 1
5363512 8583444 1
5556030 5729720 1
5556030 5980054 1
5556030 6163465 1
5556030 6256510 1
5556030 6402947 1
5556030 6677256 1
5556030 7187654 1
5556030 7191179 1
5556030 7359482 1
5556030 7497560 1
5556030 7797021 1
5556030 7799221 1
5556030 8054858 1
5556030 8090267 1
5556030 8336106 1
5556030 8445454 1
5556030 8479677 1
5556030 8501501 1
5556030 8511589 1
5556030 8527046 1
5556030 8559253 1
5556030 8583444 1
5729720 5980054 1
5729720 6163465 1
5729720 6256510 1
5729720 6402947 1
5729720 6677256 1
5729720 7187654 1
5729720 7191179 1
5729720 7359482 1
5729720 7497560 1
5729720 7797021 1
5729720 7799221 1
5729720 8054858 1
5729720 8090267 1
5729720 8336106 1
5729720 8445454 1
5729720 8479677 1
5729720 8501501 1
5729720 8511589 1
5729720 8527046 1
5729720 8559253 1
5729720 8583444 1
5980054 6163465 1
5980054 6256510 4
5980054 6402947 6
5980054 6677256 4
5980054 7187654 1
5980054 7191179 3
5980054 7359482 3
5980054 7497560 5
5980054 7797021 4
5980054 7799221 3
5980054 8054858 1
5980054 8090267 1
5980054 8336106 1
5980054 8445454 1
5980054 8479677 4
5980054 8501501 6
5980054 8511589 1
5980054 8527046 1
5980054 8559253 2
5980054 8583444 1
6163465 6256510 2
6163465 6402947 2
6163465 6677256 1
6163465 7187654 1
6163465 7191179 2
6163465 7359482 2
6163465 7497560 2
6163465 7797021 2
6163465 7799221 1
6163465 8054858 1
6163465 8090267 1
6163465 8336106 1
6163465 8445454 1
6163465 8479677 1
6163465 8501501 1
6163465 8511589 1
6163465 8527046 1
6163465 8559253 2
6163465 8583444 1
6256510 6402947 6
6256510 6677256 4
6256510 7187654 1
6256510 7191179 6
6256510 7359482 5
6256510 7497560 6
6256510 7797021 6
6256510 7799221 3
6256510 8054858 1
6256510 8090267 1
6256510 8336106 1
6256510 8445454 1
6256510 8479677 4
6256510 8501501 4
6256510 8511589 1
6256510 8527046 3
6256510 8559253 2
6256510 8583444 1
6402947 6677256 4
6402947 7187654 1
6402947 7191179 5
6402947 7359482 5
6402947 7497560 7
6402947 7797021 6
6402947 7799221 3
6402947 8054858 1
6402947 8090267 1
6402947 8336106 1
6402947 8445454 1
6402947 8479677 5
6402947 8501501 6
6402947 8511589 1
6402947 8527046 2
6402947 8559253 3
6402947 8583444 1
6677256 7187654 1
6677256 7191179 3
6677256 7359482 3
6677256 7497560 5
6677256 7797021 4
6677256 7799221 3
6677256 8054858 1
6677256 8090267 1
6677256 8336106 1
6677256 8445454 1
6677256 8479677 3
6677256 8501501 4
6677256 8511589 1
6677256 8527046 2
6677256 8559253 2
6677256 8583444 1
7187654 7191179 1
7187654 7359482 1
7187654 7497560 1
7187654 7797021 1
7187654 7799221 1
7187654 8054858 1
7187654 8090267 1
7187654 8336106 1
7187654 8445454 1
7187654 8479677 1
7187654 8501501 1
7187654 8511589 1
7187654 8527046 1
7187654 8559253 1
7187654 8583444 1
7191179 7359482 4
7191179 7497560 5
7191179 7797021 5
7191179 7799221 2
7191179 8054858 1
7191179 8090267 1
7191179 8336106 1
7191179 8445454 1
7191179 8479677 3
7191179 8501501 3
7191179 8511589 1
7191179 8527046 3
7191179 8559253 2
7191179 8583444 1
7359482 7497560 4
7359482 7797021 4
7359482 7799221 3
7359482 8054858 1
7359482 8090267 1
7359482 8336106 1
7359482 8445454 1
7359482 8479677 3
7359482 8501501 3
7359482 8511589 1
7359482 8527046 2
7359482 8559253 2
7359482 8583444 1
7497560 7797021 7
7497560 7799221 3
7497560 8054858 1
7497560 8090267 1
7497560 8336106 1
7497560 8445454 1
7497560 8479677 5
7497560 8501501 5
7497560 8511589 1
7497560 8527046 2
7497560 8559253 3
7497560 8583444 1
7797021 7799221 3
7797021 8054858 1
7797021 8090267 1
7797021 8336106 1
7797021 8445454 1
7797021 8479677 5
7797021 8501501 4
7797021 8511589 1
7797021 8527046 2
7797021 8559253 2
7797021 8583444 1
7799221 8054858 1
7799221 8090267 1
7799221 8336106 1
7799221 8445454 1
7799221 8479677 3
7799221 8501501 3
7799221 8511589 1
7799221 8527046 1
7799221 8559253 1
7799221 8583444 1
8054858 8090267 1
8054858 8336106 1
8054858 8445454 1
8054858 8479677 1
8054858 8501501 1
8054858 8511589 1
8054858 8527046 1
8054858 8559253 1
8054858 8583444 1
8090267 8336106 1
8090267 8445454 1
8090267 8479677 1
8090267 8501501 1
8090267 8511589 1
8090267 8527046 1
8090267 8559253 1
8090267 8583444 1
8336106 8445454 1
8336106 8479677 1
8336106 8501501 1
8336106 8511589 1
8336106 8527046 1
8336106 8559253 1
8336106 8583444 1
8445454 8479677 1
8445454 8501501 1
8445454 8511589 1
8445454 8527046 1
8445454 8559253 1
8445454 8583444 1
8479677 8501501 4
8479677 8511589 1
8479677 8527046 1
8479677 8559253 1
8479677 8583444 1
8501501 8511589 1
8501501 8527046 1
8501501 8559253 2
8501501 8583444 1
8511589 8527046 1
8511589 8559253 1
8511589 8583444 1
8527046 8559253 1
8527046 8583444 1
8559253 8583444 1
615008 1975726 4
615008 2217798 3
615008 2361787 1
615008 2611923 3
615008 2814764 4
615008 2868383 3
615008 2876431 1
615008 3057983 2
615008 3161145 1
615008 3356962 2
615008 3389337 2
615008 3573502 1
615008 3912926 3
615008 4102973 1
615008 4584857 1
615008 4627588 1
615008 5136505 1
615008 5267816 1
615008 5345833 5
615008 5526203 1
615008 5998716 1
615008 6027007 2
615008 6256510 3
615008 6392626 2
615008 6402947 5
615008 7191179 3
615008 7359482 2
615008 7742125 2
615008 8527046 1
1975726 2217798 4
1975726 2361787 1
1975726 2611923 4
1975726 2814764 4
1975726 2868383 3
1975726 2876431 1
1975726 3057983 3
1975726 3161145 1
1975726 3356962 2
1975726 3389337 2
1975726 3573502 1
1975726 3912926 4
1975726 4102973 1
1975726 4584857 1
1975726 4627588 1
1975726 5136505 1
1975726 5267816 1
1975726 5345833 5
1975726 5526203 1
1975726 5998716 1
1975726 6027007 2
1975726 6256510 4
1975726 6392626 2
1975726 6402947 5
1975726 7191179 4
1975726 7359482 3
1975726 7742125 3
1975726 8527046 1
2217798 2361787 1
2217798 2814764 3
2217798 2876431 1
2217798 3161145 1
2217798 3356962 2
2217798 3389337 1
2217798 3573502 1
2217798 4102973 1
2217798 4584857 1
2217798 4627588 1
2217798 5136505 1
2217798 5526203 1
2217798 5998716 1
2217798 6027007 1
2217798 6392626 1
2217798 7742125 3
2361787 2611923 1
2361787 2814764 1
2361787 2868383 1
2361787 2876431 1
2361787 3057983 1
2361787 3161145 1
2361787 3356962 1
2361787 3389337 1
2361787 3573502 1
2361787 3912926 1
2361787 4102973 1
2361787 4584857 1
2361787 4627588 1
2361787 5136505 1
2361787 5267816 1
2361787 5345833 1
2361787 5526203 1
2361787 5998716 1
2361787 6027007 1
2361787 6256510 1
2361787 6392626 1
2361787 6402947 1
2361787 7191179 1
2361787 7359482 1
2361787 7742125 1
2361787 8527046 1
2611923 2814764 3
2611923 2876431 1
2611923 3161145 1
2611923 3356962 2
2611923 3389337 1
2611923 3573502 1
2611923 4102973 1
2611923 4584857 1
2611923 4627588 1
2611923 5136505 1
2611923 5526203 1
2611923 5998716 1
2611923 6027007 2
2611923 6392626 1
2611923 7742125 3
2814764 2868383 2
2814764 2876431 2
2814764 3057983 3
2814764 3161145 1
2814764 3356962 2
2814764 3389337 2
2814764 3573502 1
2814764 3912926 3
2814764 4102973 2
2814764 4584857 1
2814764 4627588 1
2814764 5136505 1
2814764 5267816 1
2814764 5345833 6
2814764 5526203 1
2814764 5998716 1
2814764 6027007 2
2814764 6256510 4
2814764 6392626 2
2814764 6402947 6
2814764 7191179 3
2814764 7359482 3
2814764 7742125 3
2814764 8527046 1
2868383 2876431 1
2868383 3161145 1
2868383 3356962 2
2868383 3389337 1
2868383 3573502 1
2868383 4102973 1
2868383 4584857 1
2868383 4627588 1
2868383 5136505 1
2868383 5526203 1
2868383 5998716 1
2868383 6027007 2
2868383 6392626 1
2868383 7742125 2
2876431 3057983 1
2876431 3161145 1
2876431 3356962 1
2876431 3389337 1
2876431 3573502 1
2876431 3912926 1
2876431 4102973 2
2876431 4584857 1
2876431 4627588 1
2876431 5136505 1
2876431 5267816 1
2876431 5345833 2
2876431 5526203 1
2876431 5998716 1
2876431 6027007 1
2876431 6256510 2
2876431 6392626 1
2876431 6402947 2
2876431 7191179 1
2876431 7359482 2
2876431 7742125 1
2876431 8527046 1
3057983 3161145 1
3057983 3356962 1
3057983 3389337 2
3057983 3573502 1
3057983 4102973 1
3057983 4584857 1
3057983 4627588 1
3057983 5136505 1
3057983 5526203 1
3057983 5998716 1
3057983 6027007 2
3057983 6392626 2
3057983 7742125 2
3161145 3356962 1
3161145 3389337 1
3161145 3573502 1
3161145 3912926 1
3161145 4102973 1
3161145 4584857 1
3161145 4627588 1
3161145 5136505 1
3161145 5267816 1
3161145 5345833 1
3161145 5526203 1
3161145 5998716 1
3161145 6027007 1
3161145 6256510 1
3161145 6392626 1
3161145 6402947 1
3161145 7191179 1
3161145 7359482 1
3161145 7742125 1
3161145 8527046 1
3356962 3389337 1
3356962 3573502 1
3356962 3912926 2
3356962 4102973 1
3356962 4584857 1
3356962 4627588 1
3356962 5136505 1
3356962 5267816 1
3356962 5345833 2
3356962 5526203 1
3356962 5998716 1
3356962 6027007 1
3356962 6256510 2
3356962 6392626 1
3356962 6402947 2
3356962 7191179 2
3356962 7359482 1
3356962 7742125 2
3356962 8527046 1
3389337 3573502 1
3389337 3912926 1
3389337 4102973 1
3389337 4584857 1
3389337 4627588 1
3389337 5136505 1
3389337 5267816 1
3389337 5345833 2
3389337 5526203 1
3389337 5998716 1
3389337 6027007 2
3389337 6256510 1
3389337 6392626 2
3389337 6402947 2
3389337 7191179 1
3389337 7359482 1
3389337 7742125 1
3389337 8527046 1
3573502 3912926 1
3573502 4102973 1
3573502 4584857 1
3573502 4627588 1
3573502 5136505 1
3573502 5267816 1
3573502 5345833 1
3573502 5526203 1
3573502 5998716 1
3573502 6027007 1
3573502 6256510 1
3573502 6392626 1
3573502 6402947 1
3573502 7191179 1
3573502 7359482 1
3573502 7742125 1
3573502 8527046 1
3912926 4102973 1
3912926 4584857 1
3912926 4627588 1
3912926 5136505 1
3912926 5526203 1
3912926 5998716 1
3912926 6027007 2
3912926 6392626 1
3912926 7742125 3
4102973 4584857 1
4102973 4627588 1
4102973 5136505 1
4102973 5267816 1
4102973 5345833 2
4102973 5526203 1
4102973 5998716 1
4102973 6027007 1
4102973 6256510 2
4102973 6392626 1
4102973 6402947 2
4102973 7191179 1
4102973 7359482 2
4102973 7742125 1
4102973 8527046 1
4584857 4627588 1
4584857 5136505 1
4584857 5267816 1
4584857 5345833 1
4584857 5526203 1
4584857 5998716 1
4584857 6027007 1
4584857 6256510 1
4584857 6392626 1
4584857 6402947 1
4584857 7191179 1
4584857 7359482 1
4584857 7742125 1
4584857 8527046 1
4627588 5136505 1
4627588 5267816 1
4627588 5345833 1
4627588 5526203 1
4627588 5998716 1
4627588 6027007 1
4627588 6256510 1
4627588 6392626 1
4627588 6402947 1
4627588 7191179 1
4627588 7359482 1
4627588 7742125 1
4627588 8527046 1
5136505 5267816 1
5136505 5345833 1
5136505 5526203 1
5136505 5998716 1
5136505 6027007 1
5136505 6256510 1
5136505 6392626 1
5136505 6402947 1
5136505 7191179 1
5136505 7359482 1
5136505 7742125 1
5136505 8527046 1
5267816 5526203 1
5267816 5998716 1
5267816 6027007 1
5267816 6392626 1
5267816 7742125 1
5345833 5526203 1
5345833 5998716 1
5345833 6027007 3
5345833 6392626 2
5345833 7742125 3
5526203 5998716 1
5526203 6027007 1
5526203 6256510 1
5526203 6392626 1
5526203 6402947 1
5526203 7191179 1
5526203 7359482 1
5526203 7742125 1
5526203 8527046 1
5998716 6027007 1
5998716 6256510 1
5998716 6392626 1
5998716 6402947 1
5998716 7191179 1
5998716 7359482 1
5998716 7742125 1
5998716 8527046 1
6027007 6256510 2
6027007 6392626 2
6027007 6402947 2
6027007 7191179 2
6027007 7359482 1
6027007 7742125 1
6027007 8527046 2
6256510 6392626 1
6256510 7742125 3
6392626 6402947 2
6392626 7191179 1
6392626 7359482 1
6392626 7742125 1
6392626 8527046 1
6402947 7742125 3
7191179 7742125 3
7359482 7742125 2
7742125 8527046 1
523280 2611923 1
523280 2868383 1
523280 3667385 1
523280 3912926 1
523280 5345833 1
523280 5363512 1
523280 5590296 1
523280 6027007 1
523280 6256510 1
523280 6677256 1
523280 6735900 1
523280 7191179 1
523280 7497560 1
523280 7797021 1
523280 8005851 1
523280 8469172 1
523280 8527046 1
2611923 3667385 1
2611923 5590296 2
2611923 6735900 3
2611923 8005851 3
2611923 8469172 2
2868383 3667385 1
2868383 5590296 1
2868383 6735900 2
2868383 8005851 2
2868383 8469172 1
3667385 3912926 1
3667385 5345833 1
3667385 5363512 1
3667385 5590296 1
3667385 6027007 1
3667385 6256510 1
3667385 6677256 1
3667385 6735900 1
3667385 7191179 1
3667385 7497560 1
3667385 7797021 1
3667385 8005851 1
3667385 8469172 1
3667385 8527046 1
3912926 5590296 2
3912926 6735900 3
3912926 8005851 3
3912926 8469172 2
5345833 5590296 2
5345833 6735900 4
5345833 8005851 3
5345833 8469172 2
5363512 5590296 2
5363512 6027007 1
5363512 6735900 2
5363512 8005851 2
5363512 8469172 2
5590296 6027007 1
5590296 6256510 2
5590296 6677256 2
5590296 6735900 2
5590296 7191179 2
5590296 7497560 2
5590296 7797021 2
5590296 8005851 2
5590296 8469172 2
5590296 8527046 1
6027007 6677256 2
6027007 6735900 1
6027007 7497560 2
6027007 7797021 1
6027007 8005851 1
6027007 8469172 1
6256510 6735900 4
6256510 8005851 3
6256510 8469172 2
6677256 6735900 3
6677256 8005851 2
6677256 8469172 2
6735900 7191179 3
6735900 7497560 4
6735900 7797021 4
6735900 8005851 2
6735900 8469172 2
6735900 8527046 1
7191179 8005851 3
7191179 8469172 2
7497560 8005851 3
7497560 8469172 2
7797021 8005851 3
7797021 8469172 2
8005851 8469172 2
8005851 8527046 1
8469172 8527046 1
615008 3384106 1
615008 3423255 1
615008 4002652 1
615008 4188340 1
615008 4498850 1
615008 6163465 1
615008 6735900 1
615008 7497560 4
615008 7729591 1
615008 7797021 3
615008 8119516 1
615008 8203409 2
615008 8554309 3
615008 8559253 2
615008 8572853 1
615008 8589165 1
615008 8793288 1
1975726 3384106 2
1975726 3423255 1
1975726 4002652 1
1975726 4188340 1
1975726 4498850 1
1975726 6163465 1
1975726 6735900 2
1975726 7497560 4
1975726 7729591 1
1975726 7797021 3
1975726 8119516 1
1975726 8203409 3
1975726 8554309 3
1975726 8559253 2
1975726 8572853 1
1975726 8589165 1
1975726 8793288 2
2217798 3384106 2
2217798 3423255 1
2217798 4002652 1
2217798 4188340 1
2217798 6735900 2
2217798 7729591 1
2217798 8119516 1
2217798 8203409 3
2217798 8554309 3
2217798 8572853 1
2217798 8589165 1
2217798 8793288 2
2611923 3384106 2
2611923 3423255 1
2611923 4002652 1
2611923 4188340 1
2611923 7729591 1
2611923 8119516 1
2611923 8203409 3
2611923 8554309 3
2611923 8572853 1
2611923 8589165 1
2611923 8793288 2
2868383 3384106 1
2868383 3423255 1
2868383 4002652 1
2868383 4188340 1
2868383 7729591 1
2868383 8119516 1
2868383 8203409 2
2868383 8554309 2
2868383 8572853 1
2868383 8589165 1
2868383 8793288 1
3384106 3423255 1
3384106 3912926 2
3384106 4002652 1
3384106 4188340 1
3384106 4498850 1
3384106 5345833 2
3384106 6163465 1
3384106 6256510 2
3384106 6402947 2
3384106 6735900 2
3384106 7191179 2
3384106 7359482 2
3384106 7497560 2
3384106 7729591 1
3384106 7797021 2
3384106 8119516 1
3384106 8203409 2
3384106 8554309 2
3384106 8559253 1
3384106 8572853 1
3384106 8589165 1
3384106 8793288 2
3423255 3912926 1
3423255 4002652 1
3423255 4188340 1
3423255 4498850 1
3423255 5345833 1
3423255 6163465 1
3423255 6256510 1
3423255 6402947 1
3423255 6735900 1
3423255 7191179 1
3423255 7359482 1
3423255 7497560 1
3423255 7729591 1
3423255 7797021 1
3423255 8119516 1
3423255 8203409 1
3423255 8554309 1
3423255 8559253 1
3423255 8572853 1
3423255 8589165 1
3423255 8793288 1
3912926 4002652 1
3912926 4188340 1
3912926 7729591 1
3912926 8119516 1
3912926 8203409 3
3912926 8554309 3
3912926 8572853 1
3912926 8589165 1
3912926 8793288 2
4002652 4188340 1
4002652 4498850 1
4002652 5345833 1
4002652 6163465 1
4002652 6256510 1
4002652 6402947 1
4002652 6735900 1
4002652 7191179 1
4002652 7359482 1
4002652 7497560 1
4002652 7729591 1
4002652 7797021 1
4002652 8119516 1
4002652 8203409 1
4002652 8554309 1
4002652 8559253 1
4002652 8572853 1
4002652 8589165 1
4002652 8793288 1
4188340 4498850 1
4188340 5345833 1
4188340 6163465 1
4188340 6256510 1
4188340 6402947 1
4188340 6735900 1
4188340 7191179 1
4188340 7359482 1
4188340 7497560 1
4188340 7729591 1
4188340 7797021 1
4188340 8119516 1
4188340 8203409 1
4188340 8554309 1
4188340 8559253 1
4188340 8572853 1
4188340 8589165 1
4188340 8793288 1
4498850 6735900 1
4498850 7729591 1
4498850 8119516 1
4498850 8203409 1
4498850 8554309 1
4498850 8572853 1
4498850 8589165 1
4498850 8793288 1
5345833 7729591 1
5345833 8119516 1
5345833 8203409 3
5345833 8554309 5
5345833 8572853 2
5345833 8589165 1
5345833 8793288 3
6163465 6735900 1
6163465 7729591 1
6163465 8119516 1
6163465 8203409 1
6163465 8554309 1
6163465 8572853 1
6163465 8589165 1
6163465 8793288 1
6256510 7729591 1
6256510 8119516 1
6256510 8203409 3
6256510 8554309 4
6256510 8572853 2
6256510 8589165 1
6256510 8793288 3
6402947 6735900 3
6402947 7729591 1
6402947 8119516 1
6402947 8203409 3
6402947 8554309 5
6402947 8572853 2
6402947 8589165 1
6402947 8793288 3
6735900 7359482 3
6735900 7729591 1
6735900 8119516 1
6735900 8203409 2
6735900 8554309 3
6735900 8559253 1
6735900 8572853 2
6735900 8589165 1
6735900 8793288 3
7191179 7729591 1
7191179 8119516 1
7191179 8203409 3
7191179 8554309 3
7191179 8572853 1
7191179 8589165 1
7191179 8793288 2
7359482 7729591 1
7359482 8119516 1
7359482 8203409 2
7359482 8554309 3
7359482 8572853 2
7359482 8589165 1
7359482 8793288 3
7497560 7729591 1
7497560 8119516 1
7497560 8203409 3
7497560 8554309 5
7497560 8572853 2
7497560 8589165 1
7497560 8793288 3
7729591 7797021 1
7729591 8119516 1
7729591 8203409 1
7729591 8554309 1
7729591 8559253 1
7729591 8572853 1
7729591 8589165 1
7729591 8793288 1
7797021 8119516 1
7797021 8203409 3
7797021 8554309 5
7797021 8572853 2
7797021 8589165 1
7797021 8793288 3
8119516 8203409 1
8119516 8554309 1
8119516 8559253 1
8119516 8572853 1
8119516 8589165 1
8119516 8793288 1
8203409 8554309 3
8203409 8559253 1
8203409 8572853 1
8203409 8589165 1
8203409 8793288 2
8554309 8559253 1
8554309 8572853 2
8554309 8589165 1
8554309 8793288 3
8559253 8572853 1
8559253 8589165 1
8559253 8793288 1
8572853 8589165 1
8572853 8793288 2
8589165 8793288 1
558260 898181 1
558260 1786571 1
558260 1915618 1
558260 1975726 1
558260 2026134 1
558260 2597560 1
558260 2763840 1
558260 2814764 1
558260 2923060 1
558260 3238646 1
558260 3325366 1
558260 3384106 1
558260 3645711 1
558260 4084711 1
558260 4303181 1
558260 4379211 1
558260 4975282 1
558260 5590296 1
558260 6603374 1
558260 6735900 1
558260 6961729 1
558260 7191746 1
558260 7376077 1
558260 7742125 1
558260 8005851 1
558260 8203409 1
558260 8364969 1
558260 8447728 1
558260 8469172 1
558260 8554309 1
558260 8660216 1
558260 8700216 1
558260 8793288 1
558260 8812192 1
558260 8821697 1
558260 8893239 1
558260 8918686 1
558260 8941011 1
670391 898181 1
670391 1786571 1
670391 1915618 1
670391 1975726 2
670391 2026134 1
670391 2597560 1
670391 2763840 1
670391 2814764 3
670391 2923060 1
670391 3238646 2
670391 3325366 2
670391 3384106 1
670391 3645711 1
670391 4084711 1
670391 4303181 3
670391 4379211 1
670391 4975282 1
670391 5590296 1
670391 6603374 1
670391 6735900 1
670391 6961729 2
670391 7191746 3
670391 7376077 1
670391 7742125 1
670391 8005851 1
670391 8203409 1
670391 8364969 3
670391 8447728 3
670391 8469172 1
670391 8554309 2
670391 8660216 3
670391 8700216 1
670391 8793288 1
670391 8812192 1
670391 8821697 1
670391 8893239 1
670391 8918686 1
670391 8941011 1
898181 1786571 1
898181 1814771 1
898181 1915618 1
898181 1975726 1
898181 2026134 1
898181 2217798 1
898181 2525803 1
898181 2597560 1
898181 2611923 1
898181 2763840 1
898181 2814764 1
898181 2837683 1
898181 2923060 1
898181 3057983 1
898181 3238646 1
898181 3294490 1
898181 3325366 1
898181 3384106 1
898181 3616091 1
898181 3645711 1
898181 3912926 1
898181 4084711 1
898181 4303181 1
898181 4379211 1
898181 4665928 1
898181 4975282 1
898181 5345833 1
898181 5363512 1
898181 5590296 1
898181 5980054 1
898181 6256510 1
898181 6402947 1
898181 6603374 1
898181 6677256 1
898181 6735900 1
898181 6961729 1
898181 7191179 1
898181 7191746 1
898181 7359482 1
898181 7376077 1
898181 7497560 1
898181 7742125 1
898181 7797021 1
898181 7799221 1
898181 8005851 1
898181 8203409 1
898181 8364969 1
898181 8447728 1
898181 8469172 1
898181 8479677 1
898181 8501501 1
898181 8554309 1
898181 8660216 1
898181 8700216 1
898181 8793288 1
898181 8812192 1
898181 8821697 1
898181 8893239 1
898181 8918686 1
898181 8941011 1
1786571 1814771 1
1786571 1915618 1
1786571 1975726 1
1786571 2026134 1
1786571 2217798 1
1786571 2525803 1
1786571 2597560 1
1786571 2611923 1
1786571 2763840 1
1786571 2814764 1
1786571 2837683 1
1786571 2923060 1
1786571 3057983 1
1786571 3238646 1
1786571 3294490 1
1786571 3325366 1
1786571 3384106 1
1786571 3616091 1
1786571 3645711 1
1786571 3912926 1
1786571 4084711 1
1786571 4303181 1
1786571 4379211 1
1786571 4665928 1
1786571 4975282 1
1786571 5345833 1
1786571 5363512 1
1786571 5590296 1
1786571 5980054 1
1786571 6256510 1
1786571 6402947 1
1786571 6603374 1
1786571 6677256 1
1786571 6735900 1
1786571 6961729 1
1786571 7191179 1
1786571 7191746 1
1786571 7359482 1
1786571 7376077 1
1786571 7497560 1
1786571 7742125 1
1786571 7797021 1
1786571 7799221 1
1786571 8005851 1
1786571 8203409 1
1786571 8364969 1
1786571 8447728 1
1786571 8469172 1
1786571 8479677 1
1786571 8501501 1
1786571 8554309 1
1786571 8660216 1
1786571 8700216 1
1786571 8793288 1
1786571 8812192 1
1786571 8821697 1
1786571 8893239 1
1786571 8918686 1
1786571 8941011 1
1814771 1915618 2
1814771 1975726 2
1814771 2026134 1
1814771 2597560 1
1814771 2763840 1
1814771 2814764 2
1814771 2923060 1
1814771 3238646 1
1814771 3325366 1
1814771 3384106 1
1814771 3645711 1
1814771 4084711 1
1814771 4303181 2
1814771 4379211 1
1814771 4975282 2
1814771 5590296 1
1814771 6603374 1
1814771 6735900 1
1814771 6961729 1
1814771 7191746 1
1814771 7376077 1
1814771 7742125 2
1814771 8005851 2
1814771 8203409 2
1814771 8364969 2
1814771 8447728 2
1814771 8469172 1
1814771 8554309 2
1814771 8660216 1
1814771 8700216 1
1814771 8793288 1
1814771 8812192 1
1814771 8821697 2
1814771 8893239 1
1814771 8918686 1
1814771 8941011 1
1915618 1975726 2
1915618 2026134 1
1915618 2217798 2
1915618 2525803 1
1915618 2597560 1
1915618 2611923 2
1915618 2763840 1
1915618 2814764 2
1915618 2837683 2
1915618 2923060 1
1915618 3057983 1
1915618 3238646 1
1915618 3294490 1
1915618 3325366 1
1915618 3384106 1
1915618 3616091 1
1915618 3645711 1
1915618 3912926 2
1915618 4084711 1
1915618 4303181 2
1915618 4379211 1
1915618 4665928 1
1915618 4975282 2
1915618 5345833 2
1915618 5363512 1
1915618 5590296 1
1915618 5980054 2
1915618 6256510 2
1915618 6402947 2
1915618 6603374 1
1915618 6677256 1
1915618 6735900 1
1915618 6961729 1
1915618 7191179 2
1915618 7191746 1
1915618 7359482 1
1915618 7376077 1
1915618 7497560 2
1915618 7742125 2
1915618 7797021 2
1915618 7799221 1
1915618 8005851 2
1915618 8203409 2
1915618 8364969 2
1915618 8447728 2
1915618 8469172 1
1915618 8479677 2
1915618 8501501 2
1915618 8554309 2
1915618 8660216 1
1915618 8700216 1
1915618 8793288 1
1915618 8812192 1
1915618 8821697 2
1915618 8893239 1
1915618 8918686 1
1915618 8941011 1
1975726 2026134 1
1975726 2525803 1
1975726 2597560 1
1975726 2763840 1
1975726 2837683 2
1975726 2923060 1
1975726 3238646 2
1975726 3294490 1
1975726 3325366 2
1975726 3616091 1
1975726 3645711 1
1975726 4084711 1
1975726 4303181 3
1975726 4379211 1
1975726 4665928 1
1975726 4975282 2
1975726 5363512 1
1975726 5590296 1
1975726 5980054 3
1975726 6603374 1
1975726 6677256 2
1975726 6961729 2
1975726 7191746 2
1975726 7376077 1
1975726 7799221 1
1975726 8005851 2
1975726 8364969 3
1975726 8447728 3
1975726 8469172 1
1975726 8479677 2
1975726 8501501 3
1975726 8660216 2
1975726 8700216 1
1975726 8812192 1
1975726 8821697 2
1975726 8893239 1
1975726 8918686 1
1975726 8941011 1
2026134 2217798 1
2026134 2525803 1
2026134 2597560 1
2026134 2611923 1
2026134 2763840 1
2026134 2814764 1
2026134 2837683 1
2026134 2923060 1
2026134 3057983 1
2026134 3238646 1
2026134 3294490 1
2026134 3325366 1
2026134 3384106 1
2026134 3616091 1
2026134 3645711 1
2026134 3912926 1
2026134 4084711 1
2026134 4303181 1
2026134 4379211 1
2026134 4665928 1
2026134 4975282 1
2026134 5345833 1
2026134 5363512 1
2026134 5590296 1
2026134 5980054 1
2026134 6256510 1
2026134 6402947 1
2026134 6603374 1
2026134 6677256 1
2026134 6735900 1
2026134 6961729 1
2026134 7191179 1
2026134 7191746 1
2026134 7359482 1
2026134 7376077 1
2026134 7497560 1
2026134 7742125 1
2026134 7797021 1
2026134 7799221 1
2026134 8005851 1
2026134 8203409 1
2026134 8364969 1
2026134 8447728 1
2026134 8469172 1
2026134 8479677 1
2026134 8501501 1
2026134 8554309 1
2026134 8660216 1
2026134 8700216 1
2026134 8793288 1
2026134 8812192 1
2026134 8821697 1
2026134 8893239 1
2026134 8918686 1
2026134 8941011 1
2217798 2597560 1
2217798 2763840 1
2217798 2923060 1
2217798 3238646 1
2217798 3325366 1
2217798 3645711 1
2217798 4084711 1
2217798 4303181 2
2217798 4379211 1
2217798 4975282 2
2217798 5590296 1
2217798 6603374 1
2217798 6961729 1
2217798 7191746 1
2217798 7376077 1
2217798 8005851 2
2217798 8364969 2
2217798 8447728 2
2217798 8469172 1
2217798 8660216 1
2217798 8700216 1
2217798 8812192 1
2217798 8821697 2
2217798 8893239 1
2217798 8918686 1
2217798 8941011 1
2525803 2597560 1
2525803 2763840 1
2525803 2814764 1
2525803 2923060 1
2525803 3238646 1
2525803 3325366 1
2525803 3384106 1
2525803 3645711 1
2525803 4084711 1
2525803 4303181 1
2525803 4379211 1
2525803 4975282 1
2525803 5590296 1
2525803 6603374 1
2525803 6735900 1
2525803 6961729 1
2525803 7191746 1
2525803 7376077 1
2525803 7742125 1
2525803 8005851 1
2525803 8203409 1
2525803 8364969 1
2525803 8447728 1
2525803 8469172 1
2525803 8554309 1
2525803 8660216 1
2525803 8700216 1
2525803 8793288 1
2525803 8812192 1
2525803 8821697 1
2525803 8893239 1
2525803 8918686 1
2525803 8941011 1
2597560 2611923 1
2597560 2763840 1
2597560 2814764 1
2597560 2837683 1
2597560 2923060 1
2597560 3057983 1
2597560 3238646 1
2597560 3294490 1
2597560 3325366 1
2597560 3384106 1
2597560 3616091 1
2597560 3645711 1
2597560 3912926 1
2597560 4084711 1
2597560 4303181 1
2597560 4379211 1
2597560 4665928 1
2597560 4975282 1
2597560 5345833 1
2597560 5363512 1
2597560 5590296 1
2597560 5980054 1
2597560 6256510 1
2597560 6402947 1
2597560 6603374 1
2597560 6677256 1
2597560 6735900 1
2597560 6961729 1
2597560 7191179 1
2597560 7191746 1
2597560 7359482 1
2597560 7376077 1
2597560 7497560 1
2597560 7742125 1
2597560 7797021 1
2597560 7799221 1
2597560 8005851 1
2597560 8203409 1
2597560 8364969 1
2597560 8447728 1
2597560 8469172 1
2597560 8479677 1
2597560 8501501 1
2597560 8554309 1
2597560 8660216 1
2597560 8700216 1
2597560 8793288 1
2597560 8812192 1
2597560 8821697 1
2597560 8893239 1
2597560 8918686 1
2597560 8941011 1
2611923 2763840 1
2611923 2923060 1
2611923 3238646 1
2611923 3325366 1
2611923 3645711 1
2611923 4084711 1
2611923 4303181 2
2611923 4379211 1
2611923 4975282 2
2611923 6603374 1
2611923 6961729 1
2611923 7191746 1
2611923 7376077 1
2611923 8364969 2
2611923 8447728 2
2611923 8660216 1
2611923 8700216 1
2611923 8812192 1
2611923 8821697 2
2611923 8893239 1
2611923 8918686 1
2611923 8941011 1
2763840 2814764 1
2763840 2837683 1
2763840 2923060 1
2763840 3057983 1
2763840 3238646 1
2763840 3294490 1
2763840 3325366 1
2763840 3384106 1
2763840 3616091 1
2763840 3645711 1
2763840 3912926 1
2763840 4084711 1
2763840 4303181 1
2763840 4379211 1
2763840 4665928 1
2763840 4975282 1
2763840 5345833 1
2763840 5363512 1
2763840 5590296 1
2763840 5980054 1
2763840 6256510 1
2763840 6402947 1
2763840 6603374 1
2763840 6677256 1
2763840 6735900 1
2763840 6961729 1
2763840 7191179 1
2763840 7191746 1
2763840 7359482 1
2763840 7376077 1
2763840 7497560 1
2763840 7742125 1
2763840 7797021 1
2763840 7799221 1
2763840 8005851 1
2763840 8203409 1
2763840 8364969 1
2763840 8447728 1
2763840 8469172 1
2763840 8479677 1
2763840 8501501 1
2763840 8554309 1
2763840 8660216 1
2763840 8700216 1
2763840 8793288 1
2763840 8812192 1
2763840 8821697 1
2763840 8893239 1
2763840 8918686 1
2763840 8941011 1
2814764 2837683 2
2814764 2923060 1
2814764 3238646 2
2814764 3294490 1
2814764 3325366 2
2814764 3384106 1
2814764 3616091 1
2814764 3645711 1
2814764 4084711 1
2814764 4303181 5
2814764 4379211 1
2814764 4665928 1
2814764 4975282 2
2814764 5363512 1
2814764 5590296 1
2814764 5980054 4
2814764 6603374 2
2814764 6677256 3
2814764 6735900 2
2814764 6961729 2
2814764 7191746 3
2814764 7376077 1
2814764 7497560 5
2814764 7797021 4
2814764 7799221 2
2814764 8005851 2
2814764 8203409 2
2814764 8364969 5
2814764 8447728 5
2814764 8469172 1
2814764 8479677 4
2814764 8501501 4
2814764 8554309 4
2814764 8660216 3
2814764 8700216 2
2814764 8793288 2
2814764 8812192 1
2814764 8821697 3
2814764 8893239 1
2814764 8918686 1
2814764 8941011 1
2837683 2923060 1
2837683 3238646 1
2837683 3325366 1
2837683 3384106 1
2837683 3645711 1
2837683 4084711 1
2837683 4303181 2
2837683 4379211 1
2837683 4975282 2
2837683 5590296 1
2837683 6603374 1
2837683 6735900 1
2837683 6961729 1
2837683 7191746 1
2837683 7376077 1
2837683 7742125 2
2837683 8005851 2
2837683 8203409 2
2837683 8364969 2
2837683 8447728 2
2837683 8469172 1
2837683 8554309 2
2837683 8660216 1
2837683 8700216 1
2837683 8793288 1
2837683 8812192 1
2837683 8821697 2
2837683 8893239 1
2837683 8918686 1
2837683 8941011 1
2923060 3057983 1
2923060 3238646 1
2923060 3294490 1
2923060 3325366 1
2923060 3384106 1
2923060 3616091 1
2923060 3645711 1
2923060 3912926 1
2923060 4084711 1
2923060 4303181 1
2923060 4379211 1
2923060 4665928 1
2923060 4975282 1
2923060 5345833 1
2923060 5363512 1
2923060 5590296 1
2923060 5980054 1
2923060 6256510 1
2923060 6402947 1
2923060 6603374 1
2923060 6677256 1
2923060 6735900 1
2923060 6961729 1
2923060 7191179 1
2923060 7191746 1
2923060 7359482 1
2923060 7376077 1
2923060 7497560 1
2923060 7742125 1
2923060 7797021 1
2923060 7799221 1
2923060 8005851 1
2923060 8203409 1
2923060 8364969 1
2923060 8447728 1
2923060 8469172 1
2923060 8479677 1
2923060 8501501 1
2923060 8554309 1
2923060 8660216 1
2923060 8700216 1
2923060 8793288 1
2923060 8812192 1
2923060 8821697 1
2923060 8893239 1
2923060 8918686 1
2923060 8941011 1
3057983 3238646 2
3057983 3325366 2
3057983 3384106 1
3057983 3645711 1
3057983 4084711 1
3057983 4303181 2
3057983 4379211 1
3057983 4975282 1
3057983 5590296 1
3057983 6603374 1
3057983 6735900 1
3057983 6961729 2
3057983 7191746 2
3057983 7376077 1
3057983 8005851 1
3057983 8203409 1
3057983 8364969 2
3057983 8447728 2
3057983 8469172 1
3057983 8554309 1
3057983 8660216 2
3057983 8700216 1
3057983 8793288 1
3057983 8812192 1
3057983 8821697 1
3057983 8893239 1
3057983 8918686 1
3057983 8941011 1
3238646 3294490 1
3238646 3325366 2
3238646 3384106 1
3238646 3616091 1
3238646 3645711 1
3238646 3912926 1
3238646 4084711 1
3238646 4303181 2
3238646 4379211 1
3238646 4665928 1
3238646 4975282 1
3238646 5345833 2
3238646 5363512 1
3238646 5590296 1
3238646 5980054 2
3238646 6256510 1
3238646 6402947 2
3238646 6603374 1
3238646 6677256 2
3238646 6735900 1
3238646 6961729 2
3238646 7191179 1
3238646 7191746 2
3238646 7359482 1
3238646 7376077 1
3238646 7497560 2
3238646 7742125 1
3238646 7797021 1
3238646 7799221 1
3238646 8005851 1
3238646 8203409 1
3238646 8364969 2
3238646 8447728 2
3238646 8469172 1
3238646 8479677 1
3238646 8501501 2
3238646 8554309 1
3238646 8660216 2
3238646 8700216 1
3238646 8793288 1
3238646 8812192 1
3238646 8821697 1
3238646 8893239 1
3238646 8918686 1
3238646 8941011 1
3294490 3325366 1
3294490 3384106 1
3294490 3645711 1
3294490 4084711 1
3294490 4303181 1
3294490 4379211 1
3294490 4975282 1
3294490 5590296 1
3294490 6603374 1
3294490 6735900 1
3294490 6961729 1
3294490 7191746 1
3294490 7376077 1
3294490 7742125 1
3294490 8005851 1
3294490 8203409 1
3294490 8364969 1
3294490 8447728 1
3294490 8469172 1
3294490 8554309 1
3294490 8660216 1
3294490 8700216 1
3294490 8793288 1
3294490 8812192 1
3294490 8821697 1
3294490 8893239 1
3294490 8918686 1
3294490 8941011 1
3325366 3384106 1
3325366 3616091 1
3325366 3645711 1
3325366 3912926 1
3325366 4084711 1
3325366 4303181 2
3325366 4379211 1
3325366 4665928 1
3325366 4975282 1
3325366 5345833 2
3325366 5363512 1
3325366 5590296 1
3325366 5980054 2
3325366 6256510 1
3325366 6402947 2
3325366 6603374 1
3325366 6677256 2
3325366 6735900 1
3325366 6961729 2
3325366 7191179 1
3325366 7191746 2
3325366 7359482 1
3325366 7376077 1
3325366 7497560 2
3325366 7742125 1
3325366 7797021 1
3325366 7799221 1
3325366 8005851 1
3325366 8203409 1
3325366 8364969 2
3325366 8447728 2
3325366 8469172 1
3325366 8479677 1
3325366 8501501 2
3325366 8554309 1
3325366 8660216 2
3325366 8700216 1
3325366 8793288 1
3325366 8812192 1
3325366 8821697 1
3325366 8893239 1
3325366 8918686 1
3325366 8941011 1
3384106 3616091 1
3384106 3645711 1
3384106 4084711 1
3384106 4303181 1
3384106 4379211 1
3384106 4665928 1
3384106 4975282 1
3384106 5363512 1
3384106 5590296 1
3384106 5980054 1
3384106 6603374 1
3384106 6677256 1
3384106 6961729 1
3384106 7191746 1
3384106 7376077 1
3384106 7742125 1
3384106 7799221 1
3384106 8005851 1
3384106 8364969 1
3384106 8447728 1
3384106 8469172 1
3384106 8479677 1
3384106 8501501 1
3384106 8660216 1
3384106 8700216 1
3384106 8812192 1
3384106 8821697 1
3384106 8893239 1
3384106 8918686 1
3384106 8941011 1
3616091 3645711 1
3616091 4084711 1
3616091 4303181 1
3616091 4379211 1
3616091 4975282 1
3616091 5590296 1
3616091 6603374 1
3616091 6735900 1
3616091 6961729 1
3616091 7191746 1
3616091 7376077 1
3616091 7742125 1
3616091 8005851 1
3616091 8203409 1
3616091 8364969 1
3616091 8447728 1
3616091 8469172 1
3616091 8554309 1
3616091 8660216 1
3616091 8700216 1
3616091 8793288 1
3616091 8812192 1
3616091 8821697 1
3616091 8893239 1
3616091 8918686 1
3616091 8941011 1
3645711 3912926 1
3645711 4084711 1
3645711 4303181 1
3645711 4379211 1
3645711 4665928 1
3645711 4975282 1
3645711 5345833 1
3645711 5363512 1
3645711 5590296 1
3645711 5980054 1
3645711 6256510 1
3645711 6402947 1
3645711 6603374 1
3645711 6677256 1
3645711 6735900 1
3645711 6961729 1
3645711 7191179 1
3645711 7191746 1
3645711 7359482 1
3645711 7376077 1
3645711 7497560 1
3645711 7742125 1
3645711 7797021 1
3645711 7799221 1
3645711 8005851 1
3645711 8203409 1
3645711 8364969 1
3645711 8447728 1
3645711 8469172 1
3645711 8479677 1
3645711 8501501 1
3645711 8554309 1
3645711 8660216 1
3645711 8700216 1
3645711 8793288 1
3645711 8812192 1
3645711 8821697 1
3645711 8893239 1
3645711 8918686 1
3645711 8941011 1
3912926 4084711 1
3912926 4303181 2
3912926 4379211 1
3912926 4975282 2
3912926 6603374 1
3912926 6961729 1
3912926 7191746 1
3912926 7376077 1
3912926 8364969 2
3912926 8447728 2
3912926 8660216 1
3912926 8700216 1
3912926 8812192 1
3912926 8821697 2
3912926 8893239 1
3912926 8918686 1
3912926 8941011 1
4084711 4303181 1
4084711 4379211 1
4084711 4665928 1
4084711 4975282 1
4084711 5345833 1
4084711 5363512 1
4084711 5590296 1
4084711 5980054 1
4084711 6256510 1
4084711 6402947 1
4084711 6603374 1
4084711 6677256 1
4084711 6735900 1
4084711 6961729 1
4084711 7191179 1
4084711 7191746 1
4084711 7359482 1
4084711 7376077 1
4084711 7497560 1
4084711 7742125 1
4084711 7797021 1
4084711 7799221 1
4084711 8005851 1
4084711 8203409 1
4084711 8364969 1
4084711 8447728 1
4084711 8469172 1
4084711 8479677 1
4084711 8501501 1
4084711 8554309 1
4084711 8660216 1
4084711 8700216 1
4084711 8793288 1
4084711 8812192 1
4084711 8821697 1
4084711 8893239 1
4084711 8918686 1
4084711 8941011 1
4303181 4379211 1
4303181 4665928 1
4303181 4975282 2
4303181 5345833 5
4303181 5363512 1
4303181 5590296 1
4303181 5980054 4
4303181 6256510 3
4303181 6402947 5
4303181 6603374 2
4303181 6677256 3
4303181 6735900 2
4303181 6961729 2
4303181 7191179 2
4303181 7191746 3
4303181 7359482 2
4303181 7376077 1
4303181 7497560 5
4303181 7742125 2
4303181 7797021 4
4303181 7799221 2
4303181 8005851 2
4303181 8203409 2
4303181 8364969 5
4303181 8447728 5
4303181 8469172 1
4303181 8479677 4
4303181 8501501 4
4303181 8554309 4
4303181 8660216 3
4303181 8700216 2
4303181 8793288 2
4303181 8812192 1
4303181 8821697 3
4303181 8893239 1
4303181 8918686 1
4303181 8941011 1
4379211 4665928 1
4379211 4975282 1
4379211 5345833 1
4379211 5363512 1
4379211 5590296 1
4379211 5980054 1
4379211 6256510 1
4379211 6402947 1
4379211 6603374 1
4379211 6677256 1
4379211 6735900 1
4379211 6961729 1
4379211 7191179 1
4379211 7191746 1
4379211 7359482 1
4379211 7376077 1
4379211 7497560 1
4379211 7742125 1
4379211 7797021 1
4379211 7799221 1
4379211 8005851 1
4379211 8203409 1
4379211 8364969 1
4379211 8447728 1
4379211 8469172 1
4379211 8479677 1
4379211 8501501 1
4379211 8554309 1
4379211 8660216 1
4379211 8700216 1
4379211 8793288 1
4379211 8812192 1
4379211 8821697 1
4379211 8893239 1
4379211 8918686 1
4379211 8941011 1
4665928 4975282 1
4665928 5590296 1
4665928 6603374 1
4665928 6735900 1
4665928 6961729 1
4665928 7191746 1
4665928 7376077 1
4665928 7742125 1
4665928 8005851 1
4665928 8203409 1
4665928 8364969 1
4665928 8447728 1
4665928 8469172 1
4665928 8554309 1
4665928 8660216 1
4665928 8700216 1
4665928 8793288 1
4665928 8812192 1
4665928 8821697 1
4665928 8893239 1
4665928 8918686 1
4665928 8941011 1
4975282 5345833 2
4975282 5363512 1
4975282 5590296 1
4975282 5980054 2
4975282 6256510 2
4975282 6402947 2
4975282 6603374 1
4975282 6677256 1
4975282 6735900 1
4975282 6961729 1
4975282 7191179 2
4975282 7191746 1
4975282 7359482 1
4975282 7376077 1
4975282 7497560 2
4975282 7742125 2
4975282 7797021 2
4975282 7799221 1
4975282 8005851 2
4975282 8203409 2
4975282 8364969 2
4975282 8447728 2
4975282 8469172 1
4975282 8479677 2
4975282 8501501 2
4975282 8554309 2
4975282 8660216 1
4975282 8700216 1
4975282 8793288 1
4975282 8812192 1
4975282 8821697 2
4975282 8893239 1
4975282 8918686 1
4975282 8941011 1
5345833 6603374 2
5345833 6961729 2
5345833 7191746 3
5345833 7376077 1
5345833 8364969 5
5345833 8447728 5
5345833 8660216 4
5345833 8700216 3
5345833 8812192 1
5345833 8821697 3
5345833 8893239 1
5345833 8918686 1
5345833 8941011 1
5363512 6603374 1
5363512 6961729 1
5363512 7191746 1
5363512 7376077 1
5363512 7742125 1
5363512 8203409 1
5363512 8364969 1
5363512 8447728 1
5363512 8554309 1
5363512 8660216 1
5363512 8700216 1
5363512 8793288 1
5363512 8812192 1
5363512 8821697 1
5363512 8893239 1
5363512 8918686 1
5363512 8941011 1
5590296 5980054 1
5590296 6402947 1
5590296 6603374 1
5590296 6961729 1
5590296 7191746 1
5590296 7359482 1
5590296 7376077 1
5590296 7742125 1
5590296 7799221 1
5590296 8203409 1
5590296 8364969 1
5590296 8447728 1
5590296 8479677 1
5590296 8501501 1
5590296 8554309 1
5590296 8660216 1
5590296 8700216 1
5590296 8793288 1
5590296 8812192 1
5590296 8821697 1
5590296 8893239 1
5590296 8918686 1
5590296 8941011 1
5980054 6603374 2
5980054 6735900 2
5980054 6961729 2
5980054 7191746 2
5980054 7376077 1
5980054 7742125 2
5980054 8005851 2
5980054 8203409 2
5980054 8364969 4
5980054 8447728 4
5980054 8469172 1
5980054 8554309 3
5980054 8660216 3
5980054 8700216 3
5980054 8793288 2
5980054 8812192 1
5980054 8821697 3
5980054 8893239 1
5980054 8918686 1
5980054 8941011 1
6256510 6603374 2
6256510 6961729 1
6256510 7191746 1
6256510 7376077 1
6256510 8364969 3
6256510 8447728 3
6256510 8660216 1
6256510 8700216 2
6256510 8812192 1
6256510 8821697 3
6256510 8893239 1
6256510 8918686 1
6256510 8941011 1
6402947 6603374 2
6402947 6961729 2
6402947 7191746 3
6402947 7376077 1
6402947 8005851 2
6402947 8364969 5
6402947 8447728 5
6402947 8469172 1
6402947 8660216 4
6402947 8700216 3
6402947 8812192 1
6402947 8821697 3
6402947 8893239 1
6402947 8918686 1
6402947 8941011 1
6603374 6677256 2
6603374 6735900 2
6603374 6961729 1
6603374 7191179 1
6603374 7191746 1
6603374 7359482 2
6603374 7376077 1
6603374 7497560 2
6603374 7742125 1
6603374 7797021 2
6603374 7799221 2
6603374 8005851 1
6603374 8203409 1
6603374 8364969 2
6603374 8447728 2
6603374 8469172 1
6603374 8479677 2
6603374 8501501 2
6603374 8554309 2
6603374 8660216 1
6603374 8700216 2
6603374 8793288 2
6603374 8812192 1
6603374 8821697 2
6603374 8893239 1
6603374 8918686 1
6603374 8941011 1
6677256 6961729 2
6677256 7191746 2
6677256 7376077 1
6677256 7742125 1
6677256 8203409 1
6677256 8364969 3
6677256 8447728 3
6677256 8554309 2
6677256 8660216 2
6677256 8700216 2
6677256 8793288 2
6677256 8812192 1
6677256 8821697 2
6677256 8893239 1
6677256 8918686 1
6677256 8941011 1
6735900 6961729 1
6735900 7191746 1
6735900 7376077 1
6735900 7742125 1
6735900 7799221 2
6735900 8364969 2
6735900 8447728 2
6735900 8479677 2
6735900 8501501 2
6735900 8660216 1
6735900 8700216 2
6735900 8812192 1
6735900 8821697 2
6735900 8893239 1
6735900 8918686 1
6735900 8941011 1
6961729 7191179 1
6961729 7191746 2
6961729 7359482 1
6961729 7376077 1
6961729 7497560 2
6961729 7742125 1
6961729 7797021 1
6961729 7799221 1
6961729 8005851 1
6961729 8203409 1
6961729 8364969 2
6961729 8447728 2
6961729 8469172 1
6961729 8479677 1
6961729 8501501 2
6961729 8554309 1
6961729 8660216 2
6961729 8700216 1
6961729 8793288 1
6961729 8812192 1
6961729 8821697 1
6961729 8893239 1
6961729 8918686 1
6961729 8941011 1
7191179 7191746 1
7191179 7376077 1
7191179 8364969 2
7191179 8447728 2
7191179 8660216 1
7191179 8700216 1
7191179 8812192 1
7191179 8821697 2
7191179 8893239 1
7191179 8918686 1
7191179 8941011 1
7191746 7359482 1
7191746 7376077 1
7191746 7497560 3
7191746 7742125 1
7191746 7797021 2
7191746 7799221 1
7191746 8005851 1
7191746 8203409 1
7191746 8364969 3
7191746 8447728 3
7191746 8469172 1
7191746 8479677 2
7191746 8501501 2
7191746 8554309 2
7191746 8660216 3
7191746 8700216 1
7191746 8793288 1
7191746 8812192 1
7191746 8821697 1
7191746 8893239 1
7191746 8918686 1
7191746 8941011 1
7359482 7376077 1
7359482 8005851 1
7359482 8364969 2
7359482 8447728 2
7359482 8469172 1
7359482 8660216 1
7359482 8700216 2
7359482 8812192 1
7359482 8821697 2
7359482 8893239 1
7359482 8918686 1
7359482 8941011 1
7376077 7497560 1
7376077 7742125 1
7376077 7797021 1
7376077 7799221 1
7376077 8005851 1
7376077 8203409 1
7376077 8364969 1
7376077 8447728 1
7376077 8469172 1
7376077 8479677 1
7376077 8501501 1
7376077 8554309 1
7376077 8660216 1
7376077 8700216 1
7376077 8793288 1
7376077 8812192 1
7376077 8821697 1
7376077 8893239 1
7376077 8918686 1
7376077 8941011 1
7497560 7742125 2
7497560 8364969 5
7497560 8447728 5
7497560 8660216 3
7497560 8700216 2
7497560 8812192 1
7497560 8821697 3
7497560 8893239 1
7497560 8918686 1
7497560 8941011 1
7742125 7797021 2
7742125 7799221 1
7742125 8005851 2
7742125 8203409 2
7742125 8364969 2
7742125 8447728 2
7742125 8469172 1
7742125 8479677 2
7742125 8501501 2
7742125 8554309 2
7742125 8660216 1
7742125 8700216 1
7742125 8793288 1
7742125 8812192 1
7742125 8821697 2
7742125 8893239 1
7742125 8918686 1
7742125 8941011 1
7797021 8364969 4
7797021 8447728 4
7797021 8660216 2
7797021 8700216 2
7797021 8812192 1
7797021 8821697 3
7797021 8893239 1
7797021 8918686 1
7797021 8941011 1
7799221 8005851 1
7799221 8203409 1
7799221 8364969 2
7799221 8447728 2
7799221 8469172 1
7799221 8554309 2
7799221 8660216 1
7799221 8700216 2
7799221 8793288 2
7799221 8812192 1
7799221 8821697 2
7799221 8893239 1
7799221 8918686 1
7799221 8941011 1
8005851 8203409 2
8005851 8364969 2
8005851 8447728 2
8005851 8479677 2
8005851 8501501 2
8005851 8554309 2
8005851 8660216 1
8005851 8700216 1
8005851 8793288 1
8005851 8812192 1
8005851 8821697 2
8005851 8893239 1
8005851 8918686 1
8005851 8941011 1
8203409 8364969 2
8203409 8447728 2
8203409 8469172 1
8203409 8479677 2
8203409 8501501 2
8203409 8660216 1
8203409 8700216 1
8203409 8812192 1
8203409 8821697 2
8203409 8893239 1
8203409 8918686 1
8203409 8941011 1
8364969 8447728 5
8364969 8469172 1
8364969 8479677 4
8364969 8501501 4
8364969 8554309 4
8364969 8660216 3
8364969 8700216 2
8364969 8793288 2
8364969 8812192 1
8364969 8821697 3
8364969 8893239 1
8364969 8918686 1
8364969 8941011 1
8447728 8469172 1
8447728 8479677 4
8447728 8501501 4
8447728 8554309 4
8447728 8660216 3
8447728 8700216 2
8447728 8793288 2
8447728 8812192 1
8447728 8821697 3
8447728 8893239 1
8447728 8918686 1
8447728 8941011 1
8469172 8479677 1
8469172 8501501 1
8469172 8554309 1
8469172 8660216 1
8469172 8700216 1
8469172 8793288 1
8469172 8812192 1
8469172 8821697 1
8469172 8893239 1
8469172 8918686 1
8469172 8941011 1
8479677 8554309 4
8479677 8660216 2
8479677 8700216 2
8479677 8793288 2
8479677 8812192 1
8479677 8821697 3
8479677 8893239 1
8479677 8918686 1
8479677 8941011 1
8501501 8554309 3
8501501 8660216 3
8501501 8700216 3
8501501 8793288 2
8501501 8812192 1
8501501 8821697 3
8501501 8893239 1
8501501 8918686 1
8501501 8941011 1
8554309 8660216 2
8554309 8700216 2
8554309 8812192 1
8554309 8821697 3
8554309 8893239 1
8554309 8918686 1
8554309 8941011 1
8660216 8700216 2
8660216 8793288 1
8660216 8812192 1
8660216 8821697 1
8660216 8893239 1
8660216 8918686 1
8660216 8941011 1
8700216 8793288 2
8700216 8812192 1
8700216 8821697 2
8700216 8893239 1
8700216 8918686 1
8700216 8941011 1
8793288 8812192 1
8793288 8821697 2
8793288 8893239 1
8793288 8918686 1
8793288 8941011 1
8812192 8821697 1
8812192 8893239 1
8812192 8918686 1
8812192 8941011 1
8821697 8893239 1
8821697 8918686 1
8821697 8941011 1
8893239 8918686 1
8893239 8941011 1
8918686 8941011 1
776026 1502600 1
776026 1602608 1
776026 2358824 1
776026 2814764 1
776026 2876431 1
776026 3842400 1
776026 3897935 1
776026 4102973 1
776026 4303181 1
776026 4828920 1
776026 5277229 1
776026 5345833 1
776026 5851721 1
776026 5975439 1
776026 5980054 1
776026 6146443 1
776026 6256510 1
776026 6402947 1
776026 6603374 1
776026 6677256 1
776026 6735900 1
776026 6899342 1
776026 7359482 1
776026 7396477 1
776026 7417959 1
776026 7497560 1
776026 7797021 1
776026 7799221 1
776026 8364969 1
776026 8402660 1
776026 8447728 1
776026 8479677 1
776026 8501501 1
776026 8554309 1
776026 8572853 1
776026 8700216 1
776026 8793288 1
776026 8821697 1
776026 9042386 1
1502600 1602608 1
1502600 2358824 1
1502600 2814764 2
1502600 2876431 1
1502600 3842400 1
1502600 4102973 1
1502600 4303181 2
1502600 4828920 1
1502600 5277229 1
1502600 5851721 1
1502600 5975439 1
1502600 6146443 1
1502600 6603374 1
1502600 6735900 1
1502600 6899342 1
1502600 7396477 1
1502600 7417959 1
1502600 8364969 2
1502600 8402660 1
1502600 8447728 2
1502600 8554309 1
1502600 8572853 1
1502600 8700216 1
1502600 8793288 1
1502600 8821697 1
1502600 9042386 1
1602608 2358824 1
1602608 2814764 1
1602608 2876431 1
1602608 3842400 1
1602608 3897935 1
1602608 4102973 1
1602608 4303181 1
1602608 4828920 1
1602608 5277229 1
1602608 5345833 1
1602608 5851721 1
1602608 5975439 1
1602608 5980054 1
1602608 6146443 1
1602608 6256510 1
1602608 6402947 1
1602608 6603374 1
1602608 6677256 1
1602608 6735900 1
1602608 6899342 1
1602608 7359482 1
1602608 7396477 1
1602608 7417959 1
1602608 7497560 1
1602608 7797021 1
1602608 7799221 1
1602608 8364969 1
1602608 8402660 1
1602608 8447728 1
1602608 8479677 1
1602608 8501501 1
1602608 8554309 1
1602608 8572853 1
1602608 8700216 1
1602608 8793288 1
1602608 8821697 1
1602608 9042386 1
2358824 2814764 2
2358824 2876431 1
2358824 3842400 1
2358824 3897935 2
2358824 4102973 1
2358824 4303181 2
2358824 4828920 1
2358824 5277229 1
2358824 5345833 2
2358824 5851721 1
2358824 5975439 1
2358824 5980054 1
2358824 6146443 1
2358824 6256510 1
2358824 6402947 2
2358824 6603374 1
2358824 6677256 1
2358824 6735900 1
2358824 6899342 2
2358824 7359482 1
2358824 7396477 1
2358824 7417959 1
2358824 7497560 2
2358824 7797021 2
2358824 7799221 1
2358824 8364969 2
2358824 8402660 1
2358824 8447728 2
2358824 8479677 2
2358824 8501501 1
2358824 8554309 2
2358824 8572853 1
2358824 8700216 1
2358824 8793288 1
2358824 8821697 1
2358824 9042386 2
2814764 3842400 1
2814764 3897935 3
2814764 4828920 1
2814764 5277229 1
2814764 5851721 1
2814764 5975439 1
2814764 6146443 1
2814764 6899342 2
2814764 7396477 1
2814764 7417959 1
2814764 8402660 1
2814764 8572853 1
2814764 9042386 2
2876431 3842400 1
2876431 3897935 1
2876431 4303181 1
2876431 4828920 1
2876431 5277229 1
2876431 5851721 1
2876431 5975439 1
2876431 5980054 1
2876431 6146443 1
2876431 6603374 1
2876431 6677256 1
2876431 6735900 1
2876431 6899342 1
2876431 7396477 1
2876431 7417959 1
2876431 7497560 1
2876431 7797021 1
2876431 7799221 1
2876431 8364969 1
2876431 8402660 1
2876431 8447728 1
2876431 8479677 1
2876431 8501501 1
2876431 8554309 1
2876431 8572853 1
2876431 8700216 1
2876431 8793288 1
2876431 8821697 1
2876431 9042386 1
3842400 3897935 1
3842400 4102973 1
3842400 4303181 1
3842400 4828920 1
3842400 5277229 1
3842400 5345833 2
3842400 5851721 1
3842400 5975439 1
3842400 5980054 2
3842400 6146443 1
3842400 6256510 1
3842400 6402947 2
3842400 6603374 1
3842400 6677256 1
3842400 6735900 1
3842400 6899342 1
3842400 7359482 1
3842400 7396477 1
3842400 7417959 1
3842400 7497560 1
3842400 7797021 1
3842400 7799221 1
3842400 8364969 1
3842400 8402660 1
3842400 8447728 1
3842400 8479677 1
3842400 8501501 2
3842400 8554309 1
3842400 8572853 1
3842400 8700216 2
3842400 8793288 1
3842400 8821697 1
3842400 9042386 1
3897935 4102973 1
3897935 4303181 3
3897935 4828920 1
3897935 5277229 1
3897935 5851721 1
3897935 5975439 1
3897935 6146443 1
3897935 6603374 1
3897935 6735900 1
3897935 6899342 2
3897935 7396477 1
3897935 7417959 1
3897935 8364969 3
3897935 8402660 1
3897935 8447728 3
3897935 8554309 3
3897935 8572853 1
3897935 8700216 1
3897935 8793288 1
3897935 8821697 2
3897935 9042386 2
4102973 4303181 1
4102973 4828920 1
4102973 5277229 1
4102973 5851721 1
4102973 5975439 1
4102973 5980054 1
4102973 6146443 1
4102973 6603374 1
4102973 6677256 1
4102973 6735900 1
4102973 6899342 1
4102973 7396477 1
4102973 7417959 1
4102973 7497560 1
4102973 7797021 1
4102973 7799221 1
4102973 8364969 1
4102973 8402660 1
4102973 8447728 1
4102973 8479677 1
4102973 8501501 1
4102973 8554309 1
4102973 8572853 1
4102973 8700216 1
4102973 8793288 1
4102973 8821697 1
4102973 9042386 1
4303181 4828920 1
4303181 5277229 1
4303181 5851721 1
4303181 5975439 1
4303181 6146443 1
4303181 6899342 2
4303181 7396477 1
4303181 7417959 1
4303181 8402660 1
4303181 8572853 1
4303181 9042386 2
4828920 5277229 1
4828920 5345833 1
4828920 5851721 1
4828920 5975439 1
4828920 5980054 1
4828920 6146443 1
4828920 6256510 1
4828920 6402947 1
4828920 6603374 1
4828920 6677256 1
4828920 6735900 1
4828920 6899342 1
4828920 7359482 1
4828920 7396477 1
4828920 7417959 1
4828920 7497560 1
4828920 7797021 1
4828920 7799221 1
4828920 8364969 1
4828920 8402660 1
4828920 8447728 1
4828920 8479677 1
4828920 8501501 1
4828920 8554309 1
4828920 8572853 1
4828920 8700216 1
4828920 8793288 1
4828920 8821697 1
4828920 9042386 1
5277229 5345833 1
5277229 5851721 1
5277229 5975439 1
5277229 5980054 1
5277229 6146443 1
5277229 6256510 1
5277229 6402947 1
5277229 6603374 1
5277229 6677256 1
5277229 6735900 1
5277229 6899342 1
5277229 7359482 1
5277229 7396477 1
5277229 7417959 1
5277229 7497560 1
5277229 7797021 1
5277229 7799221 1
5277229 8364969 1
5277229 8402660 1
5277229 8447728 1
5277229 8479677 1
5277229 8501501 1
5277229 8554309 1
5277229 8572853 1
5277229 8700216 1
5277229 8793288 1
5277229 8821697 1
5277229 9042386 1
5345833 5851721 1
5345833 5975439 1
5345833 6146443 1
5345833 6899342 2
5345833 7396477 1
5345833 7417959 1
5345833 8402660 1
5345833 9042386 2
5851721 5975439 1
5851721 5980054 1
5851721 6146443 1
5851721 6256510 1
5851721 6402947 1
5851721 6603374 1
5851721 6677256 1
5851721 6735900 1
5851721 6899342 1
5851721 7359482 1
5851721 7396477 1
5851721 7417959 1
5851721 7497560 1
5851721 7797021 1
5851721 7799221 1
5851721 8364969 1
5851721 8402660 1
5851721 8447728 1
5851721 8479677 1
5851721 8501501 1
5851721 8554309 1
5851721 8572853 1
5851721 8700216 1
5851721 8793288 1
5851721 8821697 1
5851721 9042386 1
5975439 5980054 1
5975439 6146443 1
5975439 6256510 1
5975439 6402947 1
5975439 6603374 1
5975439 6677256 1
5975439 6735900 1
5975439 6899342 1
5975439 7359482 1
5975439 7396477 1
5975439 7417959 1
5975439 7497560 1
5975439 7797021 1
5975439 7799221 1
5975439 8364969 1
5975439 8402660 1
5975439 8447728 1
5975439 8479677 1
5975439 8501501 1
5975439 8554309 1
5975439 8572853 1
5975439 8700216 1
5975439 8793288 1
5975439 8821697 1
5975439 9042386 1
5980054 6146443 1
5980054 6899342 1
5980054 7396477 1
5980054 7417959 1
5980054 8402660 1
5980054 8572853 1
5980054 9042386 1
6146443 6256510 1
6146443 6402947 1
6146443 6603374 1
6146443 6677256 1
6146443 6735900 1
6146443 6899342 1
6146443 7359482 1
6146443 7396477 1
6146443 7417959 1
6146443 7497560 1
6146443 7797021 1
6146443 7799221 1
6146443 8364969 1
6146443 8402660 1
6146443 8447728 1
6146443 8479677 1
6146443 8501501 1
6146443 8554309 1
6146443 8572853 1
6146443 8700216 1
6146443 8793288 1
6146443 8821697 1
6146443 9042386 1
6256510 6899342 1
6256510 7396477 1
6256510 7417959 1
6256510 8402660 1
6256510 9042386 1
6402947 6899342 2
6402947 7396477 1
6402947 7417959 1
6402947 8402660 1
6402947 9042386 2
6603374 6899342 1
6603374 7396477 1
6603374 7417959 1
6603374 8402660 1
6603374 8572853 1
6603374 9042386 1
6677256 6899342 1
6677256 7396477 1
6677256 7417959 1
6677256 8402660 1
6677256 8572853 1
6677256 9042386 1
6735900 6899342 1
6735900 7396477 1
6735900 7417959 1
6735900 8402660 1
6735900 9042386 1
6899342 7359482 1
6899342 7396477 1
6899342 7417959 1
6899342 7497560 2
6899342 7797021 2
6899342 7799221 1
6899342 8364969 2
6899342 8402660 1
6899342 8447728 2
6899342 8479677 2
6899342 8501501 1
6899342 8554309 2
6899342 8572853 1
6899342 8700216 1
6899342 8793288 1
6899342 8821697 1
6899342 9042386 2
7359482 7396477 1
7359482 7417959 1
7359482 8402660 1
7359482 9042386 1
7396477 7417959 1
7396477 7497560 1
7396477 7797021 1
7396477 7799221 1
7396477 8364969 1
7396477 8402660 1
7396477 8447728 1
7396477 8479677 1
7396477 8501501 1
7396477 8554309 1
7396477 8572853 1
7396477 8700216 1
7396477 8793288 1
7396477 8821697 1
7396477 9042386 1
7417959 7497560 1
7417959 7797021 1
7417959 7799221 1
7417959 8364969 1
7417959 8402660 1
7417959 8447728 1
7417959 8479677 1
7417959 8501501 1
7417959 8554309 1
7417959 8572853 1
7417959 8700216 1
7417959 8793288 1
7417959 8821697 1
7417959 9042386 1
7497560 8402660 1
7497560 9042386 2
7797021 8402660 1
7797021 9042386 2
7799221 8402660 1
7799221 8572853 1
7799221 9042386 1
8364969 8402660 1
8364969 8572853 1
8364969 9042386 2
8402660 8447728 1
8402660 8479677 1
8402660 8501501 1
8402660 8554309 1
8402660 8572853 1
8402660 8700216 1
8402660 8793288 1
8402660 8821697 1
8402660 9042386 1
8447728 8572853 1
8447728 9042386 2
8479677 8572853 1
8479677 9042386 2
8501501 8572853 1
8501501 9042386 1
8554309 9042386 2
8572853 8700216 1
8572853 8821697 1
8572853 9042386 1
8700216 9042386 1
8793288 9042386 1
8821697 9042386 1
615008 1814771 1
615008 1915618 1
615008 2649303 3
615008 2837683 1
615008 3384338 1
615008 3897935 2
615008 4303181 3
615008 4975282 1
615008 5980054 2
615008 8005851 1
615008 8364969 3
615008 8447728 3
615008 8479677 2
615008 8501501 2
615008 8642746 1
615008 8735103 1
615008 8821697 1
615008 8894440 2
615008 9083159 1
1814771 2649303 1
1814771 3356962 1
1814771 8642746 1
1814771 8735103 1
1814771 8894440 1
1814771 9083159 1
1915618 2649303 1
1915618 2868383 1
1915618 3356962 1
1915618 3384338 1
1915618 3897935 1
1915618 8642746 1
1915618 8735103 1
1915618 8894440 1
1915618 9083159 1
1975726 2649303 2
1975726 3384338 1
1975726 3897935 1
1975726 8642746 1
1975726 8735103 1
1975726 8894440 2
1975726 9083159 1
2217798 2649303 1
2217798 8642746 1
2217798 8735103 1
2217798 8894440 1
2217798 9083159 1
2611923 2649303 1
2611923 8642746 1
2611923 8735103 1
2611923 8894440 1
2611923 9083159 1
2649303 2814764 3
2649303 2837683 1
2649303 2868383 1
2649303 3356962 1
2649303 3384338 1
2649303 3897935 2
2649303 3912926 1
2649303 4303181 3
2649303 4975282 1
2649303 5345833 3
2649303 5980054 2
2649303 6256510 1
2649303 6402947 3
2649303 7191179 1
2649303 7497560 3
2649303 7742125 1
2649303 7797021 2
2649303 8005851 1
2649303 8203409 1
2649303 8364969 3
2649303 8447728 3
2649303 8479677 2
2649303 8501501 2
2649303 8554309 2
2649303 8642746 1
2649303 8735103 1
2649303 8821697 1
2649303 8894440 2
2649303 9083159 1
2814764 3384338 1
2814764 8642746 1
2814764 8735103 1
2814764 8894440 2
2814764 9083159 1
2837683 3356962 1
2837683 8642746 1
2837683 8735103 1
2837683 8894440 1
2837683 9083159 1
2868383 4303181 1
2868383 4975282 1
2868383 8364969 1
2868383 8447728 1
2868383 8642746 1
2868383 8735103 1
2868383 8821697 1
2868383 8894440 1
2868383 9083159 1
3356962 3384338 1
3356962 3897935 1
3356962 4303181 1
3356962 4975282 1
3356962 5980054 1
3356962 7497560 1
3356962 7797021 1
3356962 8005851 1
3356962 8203409 1
3356962 8364969 1
3356962 8447728 1
3356962 8479677 1
3356962 8501501 1
3356962 8554309 1
3356962 8642746 1
3356962 8735103 1
3356962 8821697 1
3356962 8894440 1
3356962 9083159 1
3384338 4303181 1
3384338 4975282 1
3384338 7742125 1
3384338 8005851 1
3384338 8203409 1
3384338 8364969 1
3384338 8447728 1
3384338 8554309 1
3384338 8642746 1
3384338 8735103 1
3384338 8821697 1
3384338 8894440 1
3384338 9083159 1
3897935 4975282 1
3897935 7742125 1
3897935 8005851 1
3897935 8203409 1
3897935 8642746 1
3897935 8735103 1
3897935 8894440 1
3897935 9083159 1
3912926 8642746 1
3912926 8735103 1
3912926 8894440 1
3912926 9083159 1
4303181 8642746 1
4303181 8735103 1
4303181 8894440 2
4303181 9083159 1
4975282 8642746 1
4975282 8735103 1
4975282 8894440 1
4975282 9083159 1
5345833 8642746 1
5345833 8735103 1
5345833 8894440 2
5345833 9083159 1
5980054 8642746 1
5980054 8735103 1
5980054 8894440 2
5980054 9083159 1
6256510 8642746 1
6256510 8735103 1
6256510 8894440 1
6256510 9083159 1
6402947 8642746 1
6402947 8735103 1
6402947 8894440 2
6402947 9083159 1
7191179 8642746 1
7191179 8735103 1
7191179 8894440 1
7191179 9083159 1
7497560 8642746 1
7497560 8735103 1
7497560 8894440 2
7497560 9083159 1
7742125 8642746 1
7742125 8735103 1
7742125 8894440 1
7742125 9083159 1
7797021 8642746 1
7797021 8735103 1
7797021 8894440 1
7797021 9083159 1
8005851 8642746 1
8005851 8735103 1
8005851 8894440 1
8005851 9083159 1
8203409 8642746 1
8203409 8735103 1
8203409 8894440 1
8203409 9083159 1
8364969 8642746 1
8364969 8735103 1
8364969 8894440 2
8364969 9083159 1
8447728 8642746 1
8447728 8735103 1
8447728 8894440 2
8447728 9083159 1
8479677 8642746 1
8479677 8735103 1
8479677 8894440 1
8479677 9083159 1
8501501 8642746 1
8501501 8735103 1
8501501 8894440 2
8501501 9083159 1
8554309 8642746 1
8554309 8735103 1
8554309 8894440 1
8554309 9083159 1
8642746 8735103 1
8642746 8821697 1
8642746 8894440 1
8642746 9083159 1
8735103 8821697 1
8735103 8894440 1
8735103 9083159 1
8821697 8894440 1
8821697 9083159 1
8894440 9083159 1
615008 670391 2
615008 2358824 1
615008 4159233 1
615008 5992237 2
615008 6899342 1
615008 7191746 2
615008 7723329 1
615008 8195747 1
615008 8531325 1
615008 8660216 2
615008 8772125 1
615008 9005562 1
615008 9042386 1
615008 9115270 1
670391 2358824 1
670391 2649303 2
670391 5992237 2
670391 6899342 1
670391 7723329 1
670391 8195747 1
670391 8531325 1
670391 8772125 1
670391 9005562 1
670391 9042386 1
670391 9115270 1
2358824 2649303 1
2358824 4159233 1
2358824 5992237 1
2358824 7191746 1
2358824 7723329 1
2358824 8195747 1
2358824 8531325 1
2358824 8660216 1
2358824 8772125 1
2358824 9005562 1
2358824 9115270 1
2649303 4159233 1
2649303 5992237 2
2649303 6899342 1
2649303 7191746 2
2649303 7723329 1
2649303 8195747 1
2649303 8531325 1
2649303 8660216 2
2649303 8772125 1
2649303 9005562 1
2649303 9042386 1
2649303 9115270 1
2814764 4159233 1
2814764 5992237 2
2814764 7723329 1
2814764 8195747 1
2814764 8531325 1
2814764 8772125 1
2814764 9005562 1
2814764 9115270 1
3897935 5992237 1
3897935 7191746 1
3897935 7723329 1
3897935 8195747 1
3897935 8531325 1
3897935 8660216 1
3897935 8772125 1
3897935 9005562 1
3897935 9115270 1
4159233 4303181 1
4159233 5992237 1
4159233 6899342 1
4159233 7191746 1
4159233 7723329 1
4159233 8195747 1
4159233 8364969 1
4159233 8447728 1
4159233 8531325 1
4159233 8554309 1
4159233 8660216 1
4159233 8772125 1
4159233 9005562 1
4159233 9042386 1
4159233 9115270 1
4303181 5992237 2
4303181 7723329 1
4303181 8195747 1
4303181 8531325 1
4303181 8772125 1
4303181 9005562 1
4303181 9115270 1
5345833 5992237 2
5345833 7723329 1
5345833 8195747 1
5345833 8531325 1
5345833 8772125 1
5345833 9005562 1
5345833 9115270 1
5992237 6402947 2
5992237 6899342 1
5992237 7191746 2
5992237 7497560 2
5992237 7723329 1
5992237 7797021 1
5992237 8195747 1
5992237 8364969 2
5992237 8447728 2
5992237 8479677 1
5992237 8531325 1
5992237 8554309 1
5992237 8660216 2
5992237 8772125 1
5992237 9005562 1
5992237 9042386 1
5992237 9115270 1
6402947 7723329 1
6402947 8195747 1
6402947 8531325 1
6402947 8772125 1
6402947 9005562 1
6402947 9115270 1
6899342 7191746 1
6899342 7723329 1
6899342 8195747 1
6899342 8531325 1
6899342 8660216 1
6899342 8772125 1
6899342 9005562 1
6899342 9115270 1
7191746 7723329 1
7191746 8195747 1
7191746 8531325 1
7191746 8772125 1
7191746 9005562 1
7191746 9042386 1
7191746 9115270 1
7497560 7723329 1
7497560 8195747 1
7497560 8531325 1
7497560 8772125 1
7497560 9005562 1
7497560 9115270 1
7723329 7797021 1
7723329 8195747 1
7723329 8364969 1
7723329 8447728 1
7723329 8479677 1
7723329 8531325 1
7723329 8554309 1
7723329 8660216 1
7723329 8772125 1
7723329 9005562 1
7723329 9042386 1
7723329 9115270 1
7797021 8195747 1
7797021 8531325 1
7797021 8772125 1
7797021 9005562 1
7797021 9115270 1
8195747 8364969 1
8195747 8447728 1
8195747 8479677 1
8195747 8531325 1
8195747 8554309 1
8195747 8660216 1
8195747 8772125 1
8195747 9005562 1
8195747 9042386 1
8195747 9115270 1
8364969 8531325 1
8364969 8772125 1
8364969 9005562 1
8364969 9115270 1
8447728 8531325 1
8447728 8772125 1
8447728 9005562 1
8447728 9115270 1
8479677 8531325 1
8479677 8772125 1
8479677 9005562 1
8479677 9115270 1
8531325 8554309 1
8531325 8660216 1
8531325 8772125 1
8531325 9005562 1
8531325 9042386 1
8531325 9115270 1
8554309 8772125 1
8554309 9005562 1
8554309 9115270 1
8660216 8772125 1
8660216 9005562 1
8660216 9042386 1
8660216 9115270 1
8772125 9005562 1
8772125 9042386 1
8772125 9115270 1
9005562 9042386 1
9005562 9115270 1
9042386 9115270 1
413876 615008 1
413876 670391 1
413876 1502600 1
413876 1975726 1
413876 2649303 1
413876 2814764 1
413876 2920495 1
413876 2978888 1
413876 3057983 1
413876 3238646 1
413876 3325366 1
413876 3389337 1
413876 4231304 1
413876 4303181 1
413876 4464470 1
413876 5092271 1
413876 5345833 1
413876 5980054 1
413876 5981932 1
413876 5992237 1
413876 6027007 1
413876 6213936 1
413876 6392626 1
413876 6402947 1
413876 6677256 1
413876 6961729 1
413876 7191746 1
413876 7497560 1
413876 8149354 1
413876 8364969 1
413876 8447728 1
413876 8501501 1
413876 8559253 1
413876 8660216 1
413876 8894440 1
615008 1502600 1
615008 2920495 1
615008 2978888 1
615008 3238646 1
615008 3325366 1
615008 4231304 1
615008 4464470 1
615008 5092271 1
615008 5981932 1
615008 6213936 1
615008 6677256 1
615008 6961729 1
615008 8149354 1
670391 2920495 1
670391 2978888 1
670391 3389337 1
670391 4464470 1
670391 5092271 1
670391 5981932 1
670391 6027007 1
670391 6213936 1
670391 6392626 1
670391 8149354 1
670391 8894440 1
1502600 1975726 1
1502600 2649303 1
1502600 2920495 1
1502600 2978888 1
1502600 3238646 1
1502600 3325366 1
1502600 3389337 1
1502600 4464470 1
1502600 5092271 1
1502600 5981932 1
1502600 5992237 1
1502600 6027007 1
1502600 6213936 1
1502600 6392626 1
1502600 6961729 1
1502600 7191746 1
1502600 8149354 1
1502600 8660216 1
1502600 8894440 1
1975726 2920495 1
1975726 2978888 1
1975726 4231304 1
1975726 4464470 1
1975726 5092271 1
1975726 5981932 1
1975726 5992237 1
1975726 6213936 1
1975726 8149354 1
2649303 2920495 1
2649303 2978888 1
2649303 3057983 1
2649303 3238646 1
2649303 3325366 1
2649303 3389337 1
2649303 4231304 1
2649303 4464470 1
2649303 5092271 1
2649303 5981932 1
2649303 6027007 1
2649303 6213936 1
2649303 6392626 1
2649303 6677256 1
2649303 6961729 1
2649303 8149354 1
2649303 8559253 1
2814764 2920495 1
2814764 2978888 1
2814764 4231304 1
2814764 4464470 1
2814764 5092271 1
2814764 5981932 1
2814764 6213936 1
2814764 8149354 1
2814764 8559253 1
2920495 2978888 1
2920495 3057983 1
2920495 3238646 1
2920495 3325366 1
2920495 3389337 1
2920495 4231304 1
2920495 4303181 1
2920495 4464470 1
2920495 5092271 1
2920495 5345833 2
2920495 5980054 2
2920495 5981932 1
2920495 5992237 1
2920495 6027007 1
2920495 6213936 1
2920495 6392626 1
2920495 6402947 2
2920495 6677256 1
2920495 6961729 1
2920495 7191746 1
2920495 7497560 1
2920495 8149354 1
2920495 8364969 1
2920495 8447728 1
2920495 8501501 2
2920495 8559253 1
2920495 8660216 2
2920495 8894440 1
2978888 3057983 1
2978888 3238646 1
2978888 3325366 1
2978888 3389337 1
2978888 4231304 1
2978888 4303181 1
2978888 4464470 1
2978888 5092271 1
2978888 5345833 1
2978888 5980054 1
2978888 5981932 1
2978888 5992237 1
2978888 6027007 1
2978888 6213936 1
2978888 6392626 1
2978888 6402947 1
2978888 6677256 1
2978888 6961729 1
2978888 7191746 1
2978888 7497560 1
2978888 8149354 1
2978888 8364969 1
2978888 8447728 1
2978888 8501501 1
2978888 8559253 1
2978888 8660216 1
2978888 8894440 1
3057983 4464470 1
3057983 5092271 1
3057983 5981932 1
3057983 5992237 1
3057983 6213936 1
3057983 8149354 1
3057983 8894440 1
3238646 3389337 1
3238646 4231304 1
3238646 4464470 1
3238646 5092271 1
3238646 5981932 1
3238646 5992237 1
3238646 6027007 1
3238646 6213936 1
3238646 6392626 1
3238646 8149354 1
3238646 8559253 1
3238646 8894440 1
3325366 3389337 1
3325366 4231304 1
3325366 4464470 1
3325366 5092271 1
3325366 5981932 1
3325366 5992237 1
3325366 6027007 1
3325366 6213936 1
3325366 6392626 1
3325366 8149354 1
3325366 8559253 1
3325366 8894440 1
3389337 4231304 1
3389337 4303181 1
3389337 4464470 1
3389337 5092271 1
3389337 5980054 1
3389337 5981932 1
3389337 5992237 1
3389337 6213936 1
3389337 6677256 1
3389337 6961729 1
3389337 7191746 1
3389337 7497560 1
3389337 8149354 1
3389337 8364969 1
3389337 8447728 1
3389337 8501501 1
3389337 8559253 1
3389337 8660216 1
3389337 8894440 1
4231304 4303181 1
4231304 4464470 1
4231304 5092271 1
4231304 5981932 1
4231304 5992237 1
4231304 6027007 1
4231304 6213936 1
4231304 6392626 1
4231304 6961729 1
4231304 7191746 1
4231304 8149354 1
4231304 8364969 1
4231304 8447728 1
4231304 8660216 1
4231304 8894440 1
4303181 4464470 1
4303181 5092271 1
4303181 5981932 1
4303181 6027007 1
4303181 6213936 1
4303181 6392626 1
4303181 8149354 1
4303181 8559253 1
4464470 5092271 1
4464470 5345833 1
4464470 5980054 1
4464470 5981932 1
4464470 5992237 1
4464470 6027007 1
4464470 6213936 1
4464470 6392626 1
4464470 6402947 1
4464470 6677256 1
4464470 6961729 1
4464470 7191746 1
4464470 7497560 1
4464470 8149354 1
4464470 8364969 1
4464470 8447728 1
4464470 8501501 1
4464470 8559253 1
4464470 8660216 1
4464470 8894440 1
5092271 5345833 1
5092271 5980054 1
5092271 5981932 1
5092271 5992237 1
5092271 6027007 1
5092271 6213936 1
5092271 6392626 1
5092271 6402947 1
5092271 6677256 1
5092271 6961729 1
5092271 7191746 1
5092271 7497560 1
5092271 8149354 1
5092271 8364969 1
5092271 8447728 1
5092271 8501501 1
5092271 8559253 1
5092271 8660216 1
5092271 8894440 1
5345833 5981932 1
5345833 6213936 1
5345833 8149354 1
5980054 5981932 1
5980054 5992237 1
5980054 6027007 1
5980054 6213936 1
5980054 6392626 1
5980054 8149354 1
5981932 5992237 1
5981932 6027007 1
5981932 6213936 1
5981932 6392626 1
5981932 6402947 1
5981932 6677256 1
5981932 6961729 1
5981932 7191746 1
5981932 7497560 1
5981932 8149354 1
5981932 8364969 1
5981932 8447728 1
5981932 8501501 1
5981932 8559253 1
5981932 8660216 1
5981932 8894440 1
5992237 6027007 1
5992237 6213936 1
5992237 6392626 1
5992237 6677256 1
5992237 6961729 1
5992237 8149354 1
5992237 8501501 1
5992237 8559253 1
5992237 8894440 1
6027007 6213936 1
6027007 6961729 1
6027007 7191746 1
6027007 8149354 1
6027007 8364969 1
6027007 8447728 1
6027007 8501501 1
6027007 8559253 1
6027007 8660216 1
6027007 8894440 1
6213936 6392626 1
6213936 6402947 1
6213936 6677256 1
6213936 6961729 1
6213936 7191746 1
6213936 7497560 1
6213936 8149354 1
6213936 8364969 1
6213936 8447728 1
6213936 8501501 1
6213936 8559253 1
6213936 8660216 1
6213936 8894440 1
6392626 6677256 1
6392626 6961729 1
6392626 7191746 1
6392626 7497560 1
6392626 8149354 1
6392626 8364969 1
6392626 8447728 1
6392626 8501501 1
6392626 8559253 1
6392626 8660216 1
6392626 8894440 1
6402947 8149354 1
6677256 8149354 1
6677256 8894440 1
6961729 8149354 1
6961729 8559253 1
6961729 8894440 1
7191746 8149354 1
7191746 8559253 1
7191746 8894440 1
7497560 8149354 1
8149354 8364969 1
8149354 8447728 1
8149354 8501501 1
8149354 8559253 1
8149354 8660216 1
8149354 8894440 1
8364969 8559253 1
8447728 8559253 1
8559253 8660216 1
8559253 8894440 1
8660216 8894440 1
2920495 3225961 1
2920495 3813882 1
2920495 3842400 1
2920495 4208965 1
2920495 8700216 1
3225961 3813882 1
3225961 3842400 1
3225961 4208965 1
3225961 5345833 1
3225961 5980054 1
3225961 6402947 1
3225961 8501501 1
3225961 8660216 1
3225961 8700216 1
3813882 3842400 1
3813882 4208965 1
3813882 5345833 1
3813882 5980054 1
3813882 6402947 1
3813882 8501501 1
3813882 8660216 1
3813882 8700216 1
3842400 4208965 1
3842400 8660216 1
4208965 5345833 1
4208965 5980054 1
4208965 6402947 1
4208965 8501501 1
4208965 8660216 1
4208965 8700216 1
