98133512 81709322 32399372 81694352 82603922 81692092 41248702 81684672 122826052 109872452 123661512 81692752 13632087 9553241 81682522 125308892 81682272 8055655 81693802 21852021 16975861 2649465
8055655 21852021 10
8055655 81682272 10
8055655 81682522 10
8055655 81684672 10
8055655 81692092 10
8055655 81692752 10
8055655 81693802 10
8055655 81694352 10
8055655 81709322 10
8055655 82603922 5
8055655 98133512 1
21852021 81682272 10
21852021 81682522 10
21852021 81684672 10
21852021 81692092 10
21852021 81692752 10
21852021 81693802 10
21852021 81694352 10
21852021 81709322 10
21852021 82603922 5
21852021 98133512 1
81682272 81682522 10
81682272 81684672 10
81682272 81692092 10
81682272 81692752 10
81682272 81693802 10
81682272 81694352 10
81682272 81709322 10
81682272 82603922 5
81682272 98133512 1
81682522 81684672 10
81682522 81692092 10
81682522 81692752 10
81682522 81693802 10
81682522 81694352 10
81682522 81709322 10
81682522 82603922 5
81682522 98133512 1
81684672 81692092 10
81684672 81692752 10
81684672 81693802 10
81684672 81694352 10
81684672 81709322 10
81684672 82603922 5
81684672 98133512 1
81692092 81692752 10
81692092 81693802 10
81692092 81694352 10
81692092 81709322 10
81692092 82603922 5
81692092 98133512 1
81692752 81693802 10
81692752 81694352 10
81692752 81709322 10
81692752 82603922 5
81692752 98133512 1
81693802 81694352 10
81693802 81709322 10
81693802 82603922 5
81693802 98133512 1
81694352 81709322 10
81694352 82603922 5
81694352 98133512 1
81709322 82603922 5
81709322 98133512 1
82603922 98133512 1
8055655 32399372 1
8055655 122826052 1
21852021 32399372 1
21852021 122826052 1
32399372 81682272 1
32399372 81682522 1
32399372 81684672 1
32399372 81692092 1
32399372 81692752 1
32399372 81693802 1
32399372 81694352 1
32399372 81709322 1
32399372 122826052 1
81682272 122826052 1
81682522 122826052 1
81684672 122826052 1
81692092 122826052 1
81692752 122826052 1
81693802 122826052 1
81694352 122826052 1
81709322 122826052 1
8055655 13632087 1
8055655 41248702 1
13632087 21852021 1
13632087 41248702 1
13632087 81682272 1
13632087 81682522 1
13632087 81684672 1
13632087 81692092 1
13632087 81692752 1
13632087 81693802 1
13632087 81694352 1
13632087 81709322 1
21852021 41248702 1
41248702 81682272 1
41248702 81682522 1
41248702 81684672 1
41248702 81692092 1
41248702 81692752 1
41248702 81693802 1
41248702 81694352 1
41248702 81709322 1
8055655 9553241 1
9553241 21852021 1
9553241 81682272 1
9553241 81682522 1
9553241 81684672 1
9553241 81692092 1
9553241 81692752 1
9553241 81693802 1
9553241 81694352 1
9553241 81709322 1
2649465 8055655 1
2649465 21852021 1
2649465 81682272 1
2649465 81682522 1
2649465 81684672 1
2649465 81692092 1
2649465 81692752 1
2649465 81693802 1
2649465 81694352 1
2649465 81709322 1
2649465 82603922 1
2649465 123661512 1
8055655 123661512 1
21852021 123661512 1
81682272 123661512 1
81682522 123661512 1
81684672 123661512 1
81692092 123661512 1
81692752 123661512 1
81693802 123661512 1
81694352 123661512 1
81709322 123661512 1
82603922 123661512 1
8055655 16975861 1
8055655 109872452 1
8055655 125308892 1
16975861 21852021 1
16975861 81682272 1
16975861 81682522 1
16975861 81684672 1
16975861 81692092 1
16975861 81692752 1
16975861 81693802 1
16975861 81694352 1
16975861 81709322 1
16975861 109872452 1
16975861 125308892 1
21852021 109872452 1
21852021 125308892 1
81682272 109872452 1
81682272 125308892 1
81682522 109872452 1
81682522 125308892 1
81684672 109872452 1
81684672 125308892 1
81692092 109872452 1
81692092 125308892 1
81692752 109872452 1
81692752 125308892 1
81693802 109872452 1
81693802 125308892 1
81694352 109872452 1
81694352 125308892 1
81709322 109872452 1
81709322 125308892 1
109872452 125308892 1
