5464832 3156100 4562953 5483664 4350625 4146853 4371750 2784938 2189110 190391 96836 5636558 2551633 2374354 3179737 1202787 3105251 4324199 3488362 4903027 3193077 2393597
1202787 3156100 7
1202787 4146853 5
1202787 4350625 5
1202787 4903027 8
3156100 4146853 6
3156100 4350625 6
3156100 4903027 9
4146853 4350625 4
4146853 4903027 6
4350625 4903027 6
96836 190391 2
96836 1202787 4
96836 2189110 5
96836 2393597 5
96836 2551633 2
96836 3156100 5
96836 3179737 2
96836 3193077 5
96836 4146853 2
96836 4324199 3
96836 4350625 4
96836 4371750 3
96836 4562953 3
96836 4903027 5
96836 5483664 2
96836 5636558 2
190391 1202787 2
190391 2189110 2
190391 2393597 2
190391 2551633 2
190391 3156100 2
190391 3179737 2
190391 3193077 2
190391 4146853 1
190391 4324199 2
190391 4350625 2
190391 4371750 2
190391 4562953 2
190391 4903027 2
190391 5483664 1
190391 5636558 2
1202787 2189110 4
1202787 2393597 4
1202787 2551633 2
1202787 3179737 2
1202787 3193077 5
1202787 4324199 3
1202787 4371750 3
1202787 4562953 3
1202787 5483664 2
1202787 5636558 2
2189110 2393597 5
2189110 2551633 2
2189110 3156100 5
2189110 3179737 2
2189110 3193077 5
2189110 4146853 2
2189110 4324199 3
2189110 4350625 4
2189110 4371750 3
2189110 4562953 3
2189110 4903027 5
2189110 5483664 2
2189110 5636558 2
2393597 2551633 2
2393597 3156100 5
2393597 3179737 2
2393597 3193077 5
2393597 4146853 2
2393597 4324199 3
2393597 4350625 4
2393597 4371750 3
2393597 4562953 3
2393597 4903027 5
2393597 5483664 2
2393597 5636558 2
2551633 3156100 2
2551633 3179737 2
2551633 3193077 2
2551633 4146853 1
2551633 4324199 2
2551633 4350625 2
2551633 4371750 2
2551633 4562953 2
2551633 4903027 2
2551633 5483664 1
2551633 5636558 2
3156100 3179737 2
3156100 3193077 6
3156100 4324199 3
3156100 4371750 4
3156100 4562953 3
3156100 5483664 2
3156100 5636558 2
3179737 3193077 2
3179737 4146853 1
3179737 4324199 2
3179737 4350625 2
3179737 4371750 2
3179737 4562953 2
3179737 4903027 2
3179737 5483664 1
3179737 5636558 2
3193077 4146853 3
3193077 4324199 3
3193077 4350625 5
3193077 4371750 4
3193077 4562953 3
3193077 4903027 6
3193077 5483664 2
3193077 5636558 2
4146853 4324199 1
4146853 4371750 2
4146853 4562953 1
4146853 5483664 2
4146853 5636558 1
4324199 4350625 2
4324199 4371750 2
4324199 4562953 3
4324199 4903027 3
4324199 5483664 1
4324199 5636558 2
4350625 4371750 4
4350625 4562953 2
4350625 5483664 2
4350625 5636558 2
4371750 4562953 2
4371750 4903027 4
4371750 5483664 1
4371750 5636558 2
4562953 4903027 3
4562953 5483664 1
4562953 5636558 2
4903027 5483664 2
4903027 5636558 2
5483664 5636558 1
3156100 3488362 2
3488362 4146853 1
3488362 4903027 3
96836 2374354 1
1202787 2374354 1
2189110 2374354 1
2374354 2393597 1
2374354 3156100 1
2374354 3193077 1
2374354 4146853 1
2374354 4350625 1
2374354 4903027 1
2374354 5483664 1
1202787 2784938 1
2784938 3156100 1
2784938 3193077 1
2784938 4146853 1
2784938 4350625 1
2784938 4371750 1
2784938 4903027 1
96836 3105251 1
96836 5464832 1
190391 3105251 1
190391 5464832 1
1202787 3105251 1
1202787 5464832 1
2189110 3105251 1
2189110 5464832 1
2393597 3105251 1
2393597 5464832 1
2551633 3105251 1
2551633 5464832 1
3105251 3156100 1
3105251 3179737 1
3105251 3193077 1
3105251 4324199 1
3105251 4350625 1
3105251 4371750 1
3105251 4562953 1
3105251 4903027 1
3105251 5464832 1
3105251 5636558 1
3156100 5464832 1
3179737 5464832 1
3193077 5464832 1
4324199 5464832 1
4350625 5464832 1
4371750 5464832 1
4562953 5464832 1
4903027 5464832 1
5464832 5636558 1
1202787 3488362 2
96836 3488362 1
2189110 3488362 1
2393597 3488362 1
3193077 3488362 1
3488362 4324199 1
3488362 4562953 1
