3156100 7717386 4350625 4146853 4371750 8149160 7111082 7448234 2189110 7851192 9056824 9032892 96836 2440402 7607379 3179737 1202787 3105251 8773096 8027753 3488362 4903027 9022200 2393597
1202787 3156100 1
1202787 4350625 1
1202787 4903027 1
1202787 8149160 1
3156100 4350625 3
3156100 4903027 8
3156100 8149160 9
4350625 4903027 3
4350625 8149160 3
4903027 8149160 8
3156100 3488362 3
3488362 4903027 2
3488362 8149160 3
2440402 3156100 1
2440402 4146853 1
2440402 4903027 1
2440402 8149160 1
3156100 4146853 6
4146853 4903027 5
4146853 8149160 6
2189110 3156100 2
2189110 4146853 1
2189110 4903027 2
2189110 8149160 2
3488362 4146853 2
3156100 8027753 1
3156100 8773096 3
4146853 4350625 1
4146853 8027753 1
4146853 8773096 2
4350625 8027753 1
4350625 8773096 2
4903027 8027753 1
4903027 8773096 2
8027753 8149160 1
8027753 8773096 1
8149160 8773096 3
3488362 4371750 1
3488362 8773096 1
96836 2189110 1
96836 2393597 1
96836 3105251 1
96836 3156100 1
96836 3179737 1
96836 4350625 1
96836 4371750 1
96836 4903027 1
96836 7111082 1
96836 7448234 1
96836 7607379 1
96836 7717386 1
96836 7851192 1
96836 8149160 1
96836 8773096 1
2189110 2393597 1
2189110 3105251 1
2189110 3179737 1
2189110 4350625 1
2189110 4371750 1
2189110 7111082 1
2189110 7448234 1
2189110 7607379 1
2189110 7717386 1
2189110 7851192 1
2189110 8773096 1
2393597 3105251 1
2393597 3156100 1
2393597 3179737 1
2393597 4350625 1
2393597 4371750 1
2393597 4903027 1
2393597 7111082 1
2393597 7448234 1
2393597 7607379 1
2393597 7717386 1
2393597 7851192 1
2393597 8149160 1
2393597 8773096 1
3105251 3156100 1
3105251 3179737 1
3105251 4350625 1
3105251 4371750 1
3105251 4903027 1
3105251 7111082 1
3105251 7448234 1
3105251 7607379 1
3105251 7717386 1
3105251 7851192 1
3105251 8149160 1
3105251 8773096 1
3156100 3179737 1
3156100 4371750 1
3156100 7111082 1
3156100 7448234 1
3156100 7607379 1
3156100 7717386 1
3156100 7851192 1
3179737 4350625 1
3179737 4371750 1
3179737 4903027 1
3179737 7111082 1
3179737 7448234 1
3179737 7607379 1
3179737 7717386 1
3179737 7851192 1
3179737 8149160 1
3179737 8773096 1
4350625 4371750 1
4350625 7111082 1
4350625 7448234 1
4350625 7607379 1
4350625 7717386 1
4350625 7851192 1
4371750 4903027 1
4371750 7111082 1
4371750 7448234 1
4371750 7607379 1
4371750 7717386 1
4371750 7851192 1
4371750 8149160 1
4371750 8773096 1
4903027 7111082 1
4903027 7448234 1
4903027 7607379 1
4903027 7717386 1
4903027 7851192 1
7111082 7448234 1
7111082 7607379 1
7111082 7717386 1
7111082 7851192 1
7111082 8149160 1
7111082 8773096 1
7448234 7607379 1
7448234 7717386 1
7448234 7851192 1
7448234 8149160 1
7448234 8773096 1
7607379 7717386 1
7607379 7851192 1
7607379 8149160 1
7607379 8773096 1
7717386 7851192 1
7717386 8149160 1
7717386 8773096 1
7851192 8149160 1
7851192 8773096 1
3156100 9022200 1
3156100 9032892 1
3156100 9056824 1
4146853 9022200 1
4146853 9032892 1
4146853 9056824 1
4903027 9022200 1
4903027 9032892 1
4903027 9056824 1
8149160 9022200 1
8149160 9032892 1
8149160 9056824 1
9022200 9032892 1
9022200 9056824 1
9032892 9056824 1
