55694592 193120259 173419782 185837970 117607572 1986197 191759510 92458912 142779562 192433584 192209588 192886455 3289015 60200762 189588543 166165312 193777089 38994242 192560835 4311884 89076432 184758736 183853523 188337241 188865503 76234592 192250598 190242030 13396214
1986197 60200762 1
1986197 190242030 1
1986197 192209588 1
60200762 190242030 1
60200762 192209588 1
190242030 192209588 1
1986197 3289015 1
1986197 55694592 3
1986197 191759510 1
3289015 55694592 1
3289015 191759510 1
55694592 191759510 1
1986197 89076432 1
1986197 192250598 1
89076432 192250598 1
1986197 117607572 2
1986197 166165312 1
1986197 188337241 2
1986197 189588543 1
117607572 166165312 1
117607572 188337241 1
117607572 189588543 1
166165312 188337241 1
166165312 189588543 1
188337241 189588543 1
1986197 76234592 1
1986197 184758736 1
76234592 184758736 1
76234592 188337241 1
184758736 188337241 1
1986197 142779562 1
1986197 183853523 1
1986197 188865503 1
1986197 192886455 1
117607572 142779562 1
117607572 183853523 1
117607572 188865503 1
117607572 192886455 1
142779562 183853523 1
142779562 188865503 1
142779562 192886455 1
183853523 188865503 1
183853523 192886455 1
188865503 192886455 1
1986197 173419782 2
1986197 185837970 2
1986197 192560835 1
55694592 173419782 2
55694592 185837970 2
55694592 192560835 1
173419782 185837970 2
173419782 192560835 1
185837970 192560835 1
1986197 4311884 2
1986197 13396214 1
1986197 38994242 1
1986197 193120259 2
4311884 13396214 1
4311884 38994242 1
4311884 193120259 2
13396214 38994242 1
13396214 193120259 1
38994242 193120259 1
1986197 92458912 1
1986197 192433584 1
1986197 193777089 1
4311884 55694592 1
4311884 92458912 1
4311884 173419782 1
4311884 185837970 1
4311884 192433584 1
4311884 193777089 1
55694592 92458912 1
55694592 192433584 1
55694592 193120259 1
55694592 193777089 1
92458912 173419782 1
92458912 185837970 1
92458912 192433584 1
92458912 193120259 1
92458912 193777089 1
173419782 192433584 1
173419782 193120259 1
173419782 193777089 1
185837970 192433584 1
185837970 193120259 1
185837970 193777089 1
192433584 193120259 1
192433584 193777089 1
193120259 193777089 1
