2663552 1322536 2753193 2689832 2107371 2965544 2619056 2655033 2642715 2268668 2920158 2574335
1322536 2268668 6
1322536 2574335 5
1322536 2619056 3
2268668 2574335 5
2268668 2619056 3
2574335 2619056 3
1322536 2642715 1
1322536 2655033 1
2268668 2642715 1
2268668 2655033 1
2574335 2642715 1
2574335 2655033 1
2619056 2642715 1
2619056 2655033 1
2642715 2655033 1
1322536 2107371 1
1322536 2663552 3
2107371 2268668 2
2107371 2574335 2
2107371 2619056 1
2107371 2663552 1
2268668 2663552 3
2574335 2663552 3
2619056 2663552 1
2268668 2753193 2
2663552 2753193 2
1322536 2689832 1
1322536 2753193 1
1322536 2920158 1
1322536 2965544 1
2268668 2689832 1
2268668 2920158 1
2268668 2965544 1
2574335 2689832 1
2574335 2753193 1
2574335 2920158 1
2574335 2965544 1
2663552 2689832 1
2663552 2920158 1
2663552 2965544 1
2689832 2753193 1
2689832 2920158 1
2689832 2965544 1
2753193 2920158 1
2753193 2965544 1
2920158 2965544 1
