106192512 8343049 68353292 173256472 5995427 177817892 9931437 133351342 138265392 52122162 132258622 175566792 182881485 34408152 97950562 128767592 183901931 125471222 182960119 182463608 12859643 183406716
9931437 52122162 1
9931437 34408152 2
9931437 125471222 1
9931437 177817892 1
9931437 182463608 1
9931437 183901931 3
34408152 125471222 1
34408152 177817892 1
34408152 182463608 1
34408152 183901931 2
125471222 177817892 1
125471222 182463608 1
125471222 183901931 1
177817892 182463608 1
177817892 183901931 1
182463608 183901931 1
5995427 9931437 2
5995427 34408152 1
5995427 106192512 1
5995427 173256472 1
5995427 183901931 1
9931437 106192512 1
9931437 173256472 1
34408152 106192512 1
34408152 173256472 1
106192512 173256472 1
106192512 183901931 1
173256472 183901931 1
5995427 8343049 1
5995427 12859643 1
5995427 68353292 1
5995427 132258622 1
5995427 182881485 1
5995427 182960119 1
5995427 183406716 1
8343049 9931437 2
8343049 12859643 1
8343049 68353292 1
8343049 132258622 1
8343049 182881485 1
8343049 182960119 1
8343049 183406716 1
9931437 12859643 1
9931437 68353292 1
9931437 132258622 1
9931437 182881485 1
9931437 182960119 1
9931437 183406716 1
12859643 68353292 1
12859643 132258622 1
12859643 182881485 1
12859643 182960119 1
12859643 183406716 1
68353292 132258622 1
68353292 182881485 1
68353292 182960119 1
68353292 183406716 1
132258622 182881485 1
132258622 182960119 1
132258622 183406716 1
182881485 182960119 1
182881485 183406716 1
182960119 183406716 1
9931437 138265392 1
9931437 175566792 1
138265392 175566792 1
9931437 133351342 1
9931437 128767592 1
128767592 183901931 1
9931437 97950562 1
