10371465 10896017 11396754 4295059 11406999 30316312 3108249 3632540 8780702 86609182 4522656 5513121 2814764 4243249 3055415 8896311 13062205 92909772 13110228 2103128 5147611 504027 19768541 8210654 14285666 4307691 31540462 8416629 10099830 471546 326011
2103128 4295059 1
2103128 11406999 1
4295059 11406999 1
2103128 30316312 1
2103128 31540462 1
30316312 31540462 1
2103128 19768541 2
504027 3632540 1
504027 4295059 3
504027 4307691 2
504027 10896017 1
504027 11396754 2
504027 14285666 4
504027 19768541 5
3632540 4295059 1
3632540 4307691 1
3632540 10896017 1
3632540 11396754 1
3632540 14285666 1
3632540 19768541 1
4295059 4307691 2
4295059 10896017 1
4295059 11396754 2
4295059 14285666 2
4295059 19768541 3
4307691 10896017 1
4307691 11396754 1
4307691 14285666 2
4307691 19768541 2
10896017 11396754 1
10896017 14285666 1
10896017 19768541 1
11396754 14285666 1
11396754 19768541 2
14285666 19768541 4
326011 504027 1
326011 2814764 1
326011 3055415 1
326011 4243249 1
326011 4295059 1
326011 4307691 1
326011 4522656 1
326011 5147611 1
326011 8210654 1
326011 10099830 1
326011 13062205 1
326011 13110228 1
326011 14285666 1
326011 19768541 1
504027 2814764 2
504027 3055415 1
504027 4243249 1
504027 4522656 1
504027 5147611 1
504027 8210654 1
504027 10099830 1
504027 13062205 2
504027 13110228 2
2814764 3055415 1
2814764 4243249 1
2814764 4295059 2
2814764 4307691 1
2814764 4522656 1
2814764 5147611 1
2814764 8210654 1
2814764 10099830 1
2814764 13062205 2
2814764 13110228 1
2814764 14285666 1
2814764 19768541 2
3055415 4243249 1
3055415 4295059 1
3055415 4307691 1
3055415 4522656 1
3055415 5147611 1
3055415 8210654 1
3055415 10099830 1
3055415 13062205 1
3055415 13110228 1
3055415 14285666 1
3055415 19768541 1
4243249 4295059 1
4243249 4307691 1
4243249 4522656 1
4243249 5147611 1
4243249 8210654 1
4243249 10099830 1
4243249 13062205 1
4243249 13110228 1
4243249 14285666 1
4243249 19768541 1
4295059 4522656 1
4295059 5147611 1
4295059 8210654 1
4295059 10099830 1
4295059 13062205 2
4295059 13110228 1
4307691 4522656 1
4307691 5147611 1
4307691 8210654 1
4307691 10099830 1
4307691 13062205 1
4307691 13110228 1
4522656 5147611 1
4522656 8210654 1
4522656 10099830 1
4522656 13062205 1
4522656 13110228 1
4522656 14285666 1
4522656 19768541 1
5147611 8210654 1
5147611 10099830 1
5147611 13062205 1
5147611 13110228 1
5147611 14285666 1
5147611 19768541 1
8210654 10099830 1
8210654 13062205 1
8210654 13110228 1
8210654 14285666 1
8210654 19768541 1
10099830 13062205 1
10099830 13110228 1
10099830 14285666 1
10099830 19768541 1
13062205 13110228 1
13062205 14285666 1
13062205 19768541 2
13110228 14285666 2
13110228 19768541 3
504027 5513121 1
504027 8780702 1
504027 8896311 1
5513121 8780702 1
5513121 8896311 1
5513121 13110228 1
5513121 14285666 1
5513121 19768541 1
8780702 8896311 1
8780702 13110228 1
8780702 14285666 1
8780702 19768541 1
8896311 13110228 1
8896311 14285666 1
8896311 19768541 1
471546 2103128 2
471546 8416629 1
471546 13110228 1
471546 19768541 1
2103128 8416629 1
2103128 13110228 1
8416629 13110228 1
8416629 19768541 1
504027 92909772 1
2814764 11396754 1
2814764 92909772 1
4295059 92909772 1
11396754 13062205 1
11396754 92909772 1
13062205 92909772 1
19768541 92909772 1
504027 10371465 1
10371465 14285666 1
10371465 19768541 1
471546 3108249 1
471546 86609182 1
2103128 3108249 1
2103128 86609182 1
3108249 86609182 1
