10896900 103222792 88451082 106445322 94471692 107507212 14586382 104969752 96602142 64663582 104020522 7168556 85982252 26221112 106468922 105679932 99760192 100748362 10464337 104732242 11082325 100013662 27906142 100932702 103691362 12084847 36472442 89236102 59184262 32322182 51893902 103270552 98928282 13879459 48063142 106195112 398505 9376936 9593006 34478772 9618621 10059972 60955852 5791439 1679568 19538131 95158492 90091752 14524141 28419312 3653896 107152652 108427532 75185942 13967643 106031392 93000482 103221542 106168622 14219567 84374832 86072632 53967682 36383052 90563412 99971412 37373782 42721112 105908572 5787504 105124722 106778482 13658484 61591952 106261392 8417170 102217112 94915992 11551654 13951416 98352072 49367502 9986512 96637402
27906142 61591952 3
27906142 100748362 1
27906142 103270552 8
27906142 104020522 1
61591952 100748362 1
61591952 103270552 3
61591952 104020522 1
100748362 103270552 1
100748362 104020522 1
103270552 104020522 1
1679568 5787504 1
1679568 5791439 1
1679568 7168556 3
1679568 8417170 3
1679568 12084847 2
1679568 27906142 7
1679568 61591952 1
1679568 75185942 1
1679568 84374832 1
1679568 85982252 1
1679568 88451082 2
1679568 89236102 1
1679568 94471692 3
1679568 98928282 3
1679568 100013662 1
1679568 103270552 5
1679568 105124722 2
1679568 105679932 1
1679568 106031392 1
5787504 5791439 1
5787504 7168556 1
5787504 8417170 1
5787504 12084847 1
5787504 27906142 1
5787504 61591952 1
5787504 75185942 1
5787504 84374832 1
5787504 85982252 1
5787504 88451082 1
5787504 89236102 1
5787504 94471692 1
5787504 98928282 1
5787504 100013662 1
5787504 103270552 1
5787504 105124722 1
5787504 105679932 1
5787504 106031392 1
5791439 7168556 1
5791439 8417170 1
5791439 12084847 1
5791439 27906142 1
5791439 61591952 1
5791439 75185942 1
5791439 84374832 1
5791439 85982252 1
5791439 88451082 1
5791439 89236102 1
5791439 94471692 1
5791439 98928282 1
5791439 100013662 1
5791439 103270552 1
5791439 105124722 1
5791439 105679932 1
5791439 106031392 1
7168556 8417170 1
7168556 12084847 2
7168556 27906142 3
7168556 61591952 1
7168556 75185942 1
7168556 84374832 1
7168556 85982252 1
7168556 88451082 2
7168556 89236102 1
7168556 94471692 1
7168556 98928282 3
7168556 100013662 1
7168556 103270552 1
7168556 105124722 2
7168556 105679932 1
7168556 106031392 1
8417170 12084847 1
8417170 27906142 4
8417170 61591952 2
8417170 75185942 1
8417170 84374832 1
8417170 85982252 2
8417170 88451082 1
8417170 89236102 1
8417170 94471692 2
8417170 98928282 1
8417170 100013662 1
8417170 103270552 4
8417170 105124722 1
8417170 105679932 1
8417170 106031392 1
12084847 27906142 2
12084847 61591952 1
12084847 75185942 1
12084847 84374832 1
12084847 85982252 1
12084847 88451082 1
12084847 89236102 1
12084847 94471692 1
12084847 98928282 2
12084847 100013662 1
12084847 103270552 1
12084847 105124722 2
12084847 105679932 1
12084847 106031392 1
27906142 75185942 1
27906142 84374832 2
27906142 85982252 2
27906142 88451082 2
27906142 89236102 1
27906142 94471692 4
27906142 98928282 3
27906142 100013662 2
27906142 105124722 2
27906142 105679932 1
27906142 106031392 1
61591952 75185942 1
61591952 84374832 1
61591952 85982252 2
61591952 88451082 1
61591952 89236102 1
61591952 94471692 1
61591952 98928282 1
61591952 100013662 1
61591952 105124722 1
61591952 105679932 1
61591952 106031392 1
75185942 84374832 1
75185942 85982252 1
75185942 88451082 1
75185942 89236102 1
75185942 94471692 1
75185942 98928282 1
75185942 100013662 1
75185942 103270552 1
75185942 105124722 1
75185942 105679932 1
75185942 106031392 1
84374832 85982252 1
84374832 88451082 1
84374832 89236102 1
84374832 94471692 2
84374832 98928282 1
84374832 100013662 2
84374832 103270552 2
84374832 105124722 1
84374832 105679932 1
84374832 106031392 1
85982252 88451082 1
85982252 89236102 1
85982252 94471692 1
85982252 98928282 1
85982252 100013662 1
85982252 103270552 2
85982252 105124722 1
85982252 105679932 1
85982252 106031392 1
88451082 89236102 1
88451082 94471692 1
88451082 98928282 2
88451082 100013662 1
88451082 103270552 1
88451082 105124722 1
88451082 105679932 1
88451082 106031392 1
89236102 94471692 1
89236102 98928282 1
89236102 100013662 1
89236102 103270552 1
89236102 105124722 1
89236102 105679932 1
89236102 106031392 1
94471692 98928282 1
94471692 100013662 2
94471692 103270552 4
94471692 105124722 1
94471692 105679932 1
94471692 106031392 1
98928282 100013662 1
98928282 103270552 1
98928282 105124722 2
98928282 105679932 1
98928282 106031392 1
100013662 103270552 2
100013662 105124722 1
100013662 105679932 1
100013662 106031392 1
103270552 105124722 1
103270552 105679932 1
103270552 106031392 1
105124722 105679932 1
105124722 106031392 1
105679932 106031392 1
1679568 34478772 5
1679568 37373782 3
1679568 48063142 3
1679568 98352072 1
1679568 103222792 4
1679568 104969752 1
1679568 106168622 1
27906142 34478772 6
27906142 37373782 4
27906142 48063142 3
27906142 98352072 1
27906142 103222792 5
27906142 104969752 1
27906142 106168622 1
34478772 37373782 3
34478772 48063142 3
34478772 94471692 3
34478772 98352072 1
34478772 103222792 5
34478772 103270552 5
34478772 104969752 1
34478772 106168622 1
37373782 48063142 2
37373782 94471692 2
37373782 98352072 1
37373782 103222792 3
37373782 103270552 3
37373782 104969752 1
37373782 106168622 1
48063142 94471692 2
48063142 98352072 1
48063142 103222792 3
48063142 103270552 3
48063142 104969752 1
48063142 106168622 1
94471692 98352072 1
94471692 103222792 3
94471692 104969752 1
94471692 106168622 1
98352072 103222792 1
98352072 103270552 1
98352072 104969752 1
98352072 106168622 1
103222792 103270552 5
103222792 104969752 1
103222792 106168622 1
103270552 104969752 1
103270552 106168622 1
104969752 106168622 1
1679568 3653896 2
1679568 10464337 1
1679568 11551654 1
1679568 49367502 1
1679568 86072632 3
1679568 96602142 1
1679568 96637402 3
1679568 99760192 3
1679568 100932702 2
1679568 102217112 2
1679568 103691362 2
1679568 106195112 1
1679568 106261392 1
1679568 106445322 1
1679568 106778482 1
3653896 8417170 2
3653896 10464337 1
3653896 11551654 1
3653896 27906142 2
3653896 34478772 2
3653896 48063142 1
3653896 49367502 1
3653896 86072632 2
3653896 94471692 1
3653896 96602142 1
3653896 96637402 2
3653896 99760192 2
3653896 100932702 1
3653896 102217112 1
3653896 103222792 2
3653896 103270552 2
3653896 103691362 1
3653896 106195112 1
3653896 106261392 1
3653896 106445322 1
3653896 106778482 1
8417170 10464337 1
8417170 11551654 1
8417170 34478772 2
8417170 48063142 1
8417170 49367502 1
8417170 86072632 2
8417170 96602142 1
8417170 96637402 2
8417170 99760192 2
8417170 100932702 1
8417170 102217112 1
8417170 103222792 2
8417170 103691362 1
8417170 106195112 1
8417170 106261392 1
8417170 106445322 1
8417170 106778482 1
10464337 11551654 1
10464337 27906142 1
10464337 34478772 1
10464337 48063142 1
10464337 49367502 1
10464337 86072632 1
10464337 94471692 1
10464337 96602142 1
10464337 96637402 1
10464337 99760192 1
10464337 100932702 1
10464337 102217112 1
10464337 103222792 1
10464337 103270552 1
10464337 103691362 1
10464337 106195112 1
10464337 106261392 1
10464337 106445322 1
10464337 106778482 1
11551654 27906142 1
11551654 34478772 1
11551654 48063142 1
11551654 49367502 1
11551654 86072632 1
11551654 94471692 1
11551654 96602142 1
11551654 96637402 1
11551654 99760192 1
11551654 100932702 1
11551654 102217112 1
11551654 103222792 1
11551654 103270552 1
11551654 103691362 1
11551654 106195112 1
11551654 106261392 1
11551654 106445322 1
11551654 106778482 1
27906142 49367502 1
27906142 86072632 3
27906142 96602142 1
27906142 96637402 3
27906142 99760192 3
27906142 100932702 2
27906142 102217112 2
27906142 103691362 2
27906142 106195112 1
27906142 106261392 1
27906142 106445322 1
27906142 106778482 1
34478772 49367502 1
34478772 86072632 2
34478772 96602142 1
34478772 96637402 3
34478772 99760192 3
34478772 100932702 2
34478772 102217112 2
34478772 103691362 2
34478772 106195112 1
34478772 106261392 1
34478772 106445322 1
34478772 106778482 1
48063142 49367502 1
48063142 86072632 1
48063142 96602142 1
48063142 96637402 2
48063142 99760192 2
48063142 100932702 2
48063142 102217112 2
48063142 103691362 2
48063142 106195112 1
48063142 106261392 1
48063142 106445322 1
48063142 106778482 1
49367502 86072632 1
49367502 94471692 1
49367502 96602142 1
49367502 96637402 1
49367502 99760192 1
49367502 100932702 1
49367502 102217112 1
49367502 103222792 1
49367502 103270552 1
49367502 103691362 1
49367502 106195112 1
49367502 106261392 1
49367502 106445322 1
49367502 106778482 1
86072632 94471692 1
86072632 96602142 1
86072632 96637402 2
86072632 99760192 2
86072632 100932702 1
86072632 102217112 1
86072632 103222792 2
86072632 103270552 2
86072632 103691362 1
86072632 106195112 1
86072632 106261392 1
86072632 106445322 1
86072632 106778482 1
94471692 96602142 1
94471692 96637402 1
94471692 99760192 1
94471692 100932702 1
94471692 102217112 1
94471692 103691362 1
94471692 106195112 1
94471692 106261392 1
94471692 106445322 1
94471692 106778482 1
96602142 96637402 1
96602142 99760192 1
96602142 100932702 1
96602142 102217112 1
96602142 103222792 1
96602142 103270552 1
96602142 103691362 1
96602142 106195112 1
96602142 106261392 1
96602142 106445322 1
96602142 106778482 1
96637402 99760192 3
96637402 100932702 2
96637402 102217112 2
96637402 103222792 3
96637402 103270552 3
96637402 103691362 2
96637402 106195112 1
96637402 106261392 1
96637402 106445322 1
96637402 106778482 1
99760192 100932702 2
99760192 102217112 2
99760192 103222792 3
99760192 103270552 3
99760192 103691362 2
99760192 106195112 1
99760192 106261392 1
99760192 106445322 1
99760192 106778482 1
100932702 102217112 2
100932702 103222792 2
100932702 103270552 2
100932702 103691362 2
100932702 106195112 1
100932702 106261392 1
100932702 106445322 1
100932702 106778482 1
102217112 103222792 2
102217112 103270552 2
102217112 103691362 2
102217112 106195112 1
102217112 106261392 1
102217112 106445322 1
102217112 106778482 1
103222792 103691362 2
103222792 106195112 1
103222792 106261392 1
103222792 106445322 1
103222792 106778482 1
103270552 103691362 2
103270552 106195112 1
103270552 106261392 1
103270552 106445322 1
103270552 106778482 1
103691362 106195112 1
103691362 106261392 1
103691362 106445322 1
103691362 106778482 1
106195112 106261392 1
106195112 106445322 1
106195112 106778482 1
106261392 106445322 1
106261392 106778482 1
106445322 106778482 1
398505 1679568 1
398505 7168556 1
398505 9593006 1
398505 12084847 1
398505 13951416 1
398505 27906142 2
398505 36383052 1
398505 36472442 1
398505 37373782 1
398505 59184262 1
398505 86072632 1
398505 90563412 1
398505 98928282 1
398505 99971412 2
398505 105124722 1
398505 106468922 1
398505 107152652 1
1679568 9593006 1
1679568 13951416 2
1679568 36383052 1
1679568 36472442 1
1679568 59184262 1
1679568 90563412 1
1679568 99971412 1
1679568 106468922 2
1679568 107152652 1
7168556 9593006 1
7168556 13951416 1
7168556 36383052 1
7168556 36472442 1
7168556 37373782 1
7168556 59184262 1
7168556 86072632 1
7168556 90563412 1
7168556 99971412 1
7168556 106468922 2
7168556 107152652 1
9593006 12084847 1
9593006 13951416 1
9593006 27906142 1
9593006 36383052 1
9593006 36472442 1
9593006 37373782 1
9593006 59184262 1
9593006 86072632 1
9593006 90563412 1
9593006 98928282 1
9593006 99971412 1
9593006 105124722 1
9593006 106468922 1
9593006 107152652 1
12084847 13951416 1
12084847 36383052 1
12084847 36472442 1
12084847 37373782 1
12084847 59184262 1
12084847 86072632 1
12084847 90563412 1
12084847 99971412 1
12084847 106468922 1
12084847 107152652 1
13951416 27906142 2
13951416 36383052 1
13951416 36472442 1
13951416 37373782 1
13951416 59184262 1
13951416 86072632 2
13951416 90563412 1
13951416 98928282 1
13951416 99971412 1
13951416 105124722 1
13951416 106468922 1
13951416 107152652 1
27906142 36383052 1
27906142 36472442 1
27906142 59184262 1
27906142 90563412 1
27906142 99971412 2
27906142 106468922 2
27906142 107152652 1
36383052 36472442 1
36383052 37373782 1
36383052 59184262 1
36383052 86072632 1
36383052 90563412 1
36383052 98928282 1
36383052 99971412 1
36383052 105124722 1
36383052 106468922 1
36383052 107152652 1
36472442 37373782 1
36472442 59184262 1
36472442 86072632 1
36472442 90563412 1
36472442 98928282 1
36472442 99971412 1
36472442 105124722 1
36472442 106468922 1
36472442 107152652 1
37373782 59184262 1
37373782 86072632 1
37373782 90563412 1
37373782 98928282 1
37373782 99971412 1
37373782 105124722 1
37373782 106468922 1
37373782 107152652 1
59184262 86072632 1
59184262 90563412 1
59184262 98928282 1
59184262 99971412 1
59184262 105124722 1
59184262 106468922 1
59184262 107152652 1
86072632 90563412 1
86072632 98928282 1
86072632 99971412 1
86072632 105124722 1
86072632 106468922 1
86072632 107152652 1
90563412 98928282 1
90563412 99971412 1
90563412 105124722 1
90563412 106468922 1
90563412 107152652 1
98928282 99971412 1
98928282 106468922 2
98928282 107152652 1
99971412 105124722 1
99971412 106468922 1
99971412 107152652 1
105124722 106468922 1
105124722 107152652 1
106468922 107152652 1
398505 8417170 1
398505 13967643 1
398505 61591952 1
398505 64663582 1
398505 85982252 1
398505 103270552 1
8417170 13967643 1
8417170 64663582 1
8417170 99971412 1
13967643 27906142 1
13967643 61591952 1
13967643 64663582 1
13967643 85982252 1
13967643 99971412 1
13967643 103270552 1
27906142 64663582 1
61591952 64663582 1
61591952 99971412 1
64663582 85982252 1
64663582 99971412 1
64663582 103270552 1
85982252 99971412 1
99971412 103270552 1
1679568 10896900 1
1679568 13879459 1
1679568 14524141 2
1679568 42721112 1
1679568 51893902 1
1679568 60955852 1
1679568 104732242 1
1679568 107507212 2
10896900 13879459 1
10896900 14524141 1
10896900 27906142 1
10896900 34478772 1
10896900 37373782 1
10896900 42721112 1
10896900 48063142 1
10896900 51893902 1
10896900 60955852 1
10896900 96637402 1
10896900 99760192 1
10896900 100932702 1
10896900 102217112 1
10896900 103222792 1
10896900 103270552 1
10896900 103691362 1
10896900 104732242 1
10896900 107507212 1
13879459 14524141 1
13879459 27906142 1
13879459 34478772 1
13879459 37373782 1
13879459 42721112 1
13879459 48063142 1
13879459 51893902 1
13879459 60955852 1
13879459 96637402 1
13879459 99760192 1
13879459 100932702 1
13879459 102217112 1
13879459 103222792 1
13879459 103270552 1
13879459 103691362 1
13879459 104732242 1
13879459 107507212 1
14524141 27906142 2
14524141 34478772 2
14524141 37373782 1
14524141 42721112 1
14524141 48063142 1
14524141 51893902 1
14524141 60955852 1
14524141 96637402 2
14524141 99760192 2
14524141 100932702 1
14524141 102217112 1
14524141 103222792 2
14524141 103270552 2
14524141 103691362 1
14524141 104732242 1
14524141 107507212 2
27906142 42721112 1
27906142 51893902 1
27906142 60955852 1
27906142 104732242 2
27906142 107507212 2
34478772 42721112 1
34478772 51893902 1
34478772 60955852 1
34478772 104732242 2
34478772 107507212 2
37373782 42721112 1
37373782 51893902 1
37373782 60955852 1
37373782 96637402 1
37373782 99760192 1
37373782 100932702 1
37373782 102217112 1
37373782 103691362 1
37373782 104732242 2
37373782 107507212 1
42721112 48063142 1
42721112 51893902 1
42721112 60955852 1
42721112 96637402 1
42721112 99760192 1
42721112 100932702 1
42721112 102217112 1
42721112 103222792 1
42721112 103270552 1
42721112 103691362 1
42721112 104732242 1
42721112 107507212 1
48063142 51893902 1
48063142 60955852 1
48063142 104732242 1
48063142 107507212 1
51893902 60955852 1
51893902 96637402 1
51893902 99760192 1
51893902 100932702 1
51893902 102217112 1
51893902 103222792 1
51893902 103270552 1
51893902 103691362 1
51893902 104732242 1
51893902 107507212 1
60955852 96637402 1
60955852 99760192 1
60955852 100932702 1
60955852 102217112 1
60955852 103222792 1
60955852 103270552 1
60955852 103691362 1
60955852 104732242 1
60955852 107507212 1
96637402 104732242 1
96637402 107507212 2
99760192 104732242 1
99760192 107507212 2
100932702 104732242 1
100932702 107507212 1
102217112 104732242 1
102217112 107507212 1
103222792 104732242 2
103222792 107507212 2
103270552 104732242 2
103270552 107507212 2
103691362 104732242 1
103691362 107507212 1
104732242 107507212 1
14586382 26221112 1
14586382 27906142 1
14586382 34478772 1
14586382 37373782 1
14586382 84374832 1
14586382 94471692 1
14586382 100013662 1
14586382 103221542 1
14586382 103222792 1
14586382 103270552 1
14586382 104732242 1
26221112 27906142 1
26221112 34478772 1
26221112 37373782 1
26221112 84374832 1
26221112 94471692 1
26221112 100013662 1
26221112 103221542 1
26221112 103222792 1
26221112 103270552 1
26221112 104732242 1
27906142 103221542 2
34478772 84374832 1
34478772 100013662 1
34478772 103221542 2
37373782 84374832 1
37373782 100013662 1
37373782 103221542 1
84374832 103221542 1
84374832 103222792 1
84374832 104732242 1
94471692 103221542 1
94471692 104732242 1
100013662 103221542 1
100013662 103222792 1
100013662 104732242 1
103221542 103222792 2
103221542 103270552 2
103221542 104732242 1
1679568 9986512 1
1679568 10059972 1
1679568 11082325 1
1679568 13658484 1
1679568 53967682 1
1679568 93000482 1
1679568 95158492 1
1679568 103221542 1
1679568 105908572 1
1679568 108427532 1
3653896 9986512 1
3653896 10059972 1
3653896 11082325 1
3653896 13658484 1
3653896 13951416 1
3653896 14524141 1
3653896 53967682 1
3653896 93000482 1
3653896 95158492 1
3653896 103221542 1
3653896 105908572 1
3653896 107507212 1
3653896 108427532 1
8417170 9986512 1
8417170 10059972 1
8417170 11082325 1
8417170 13658484 1
8417170 13951416 1
8417170 14524141 1
8417170 53967682 1
8417170 93000482 1
8417170 95158492 1
8417170 103221542 1
8417170 105908572 1
8417170 107507212 1
8417170 108427532 1
9986512 10059972 1
9986512 11082325 1
9986512 13658484 1
9986512 13951416 1
9986512 14524141 1
9986512 27906142 1
9986512 34478772 1
9986512 53967682 1
9986512 86072632 1
9986512 93000482 1
9986512 95158492 1
9986512 96637402 1
9986512 99760192 1
9986512 103221542 1
9986512 103222792 1
9986512 103270552 1
9986512 105908572 1
9986512 107507212 1
9986512 108427532 1
10059972 11082325 1
10059972 13658484 1
10059972 13951416 1
10059972 14524141 1
10059972 27906142 1
10059972 34478772 1
10059972 53967682 1
10059972 86072632 1
10059972 93000482 1
10059972 95158492 1
10059972 96637402 1
10059972 99760192 1
10059972 103221542 1
10059972 103222792 1
10059972 103270552 1
10059972 105908572 1
10059972 107507212 1
10059972 108427532 1
11082325 13658484 1
11082325 13951416 1
11082325 14524141 1
11082325 27906142 1
11082325 34478772 1
11082325 53967682 1
11082325 86072632 1
11082325 93000482 1
11082325 95158492 1
11082325 96637402 1
11082325 99760192 1
11082325 103221542 1
11082325 103222792 1
11082325 103270552 1
11082325 105908572 1
11082325 107507212 1
11082325 108427532 1
13658484 13951416 1
13658484 14524141 1
13658484 27906142 1
13658484 34478772 1
13658484 53967682 1
13658484 86072632 1
13658484 93000482 1
13658484 95158492 1
13658484 96637402 1
13658484 99760192 1
13658484 103221542 1
13658484 103222792 1
13658484 103270552 1
13658484 105908572 1
13658484 107507212 1
13658484 108427532 1
13951416 14524141 1
13951416 34478772 1
13951416 53967682 1
13951416 93000482 1
13951416 95158492 1
13951416 96637402 1
13951416 99760192 1
13951416 103221542 1
13951416 103222792 1
13951416 103270552 1
13951416 105908572 1
13951416 107507212 1
13951416 108427532 1
14524141 53967682 1
14524141 86072632 1
14524141 93000482 1
14524141 95158492 1
14524141 103221542 1
14524141 105908572 1
14524141 108427532 1
27906142 53967682 1
27906142 93000482 1
27906142 95158492 1
27906142 105908572 1
27906142 108427532 1
34478772 53967682 1
34478772 93000482 1
34478772 95158492 1
34478772 105908572 1
34478772 108427532 1
53967682 86072632 1
53967682 93000482 1
53967682 95158492 1
53967682 96637402 1
53967682 99760192 1
53967682 103221542 1
53967682 103222792 1
53967682 103270552 1
53967682 105908572 1
53967682 107507212 1
53967682 108427532 1
86072632 93000482 1
86072632 95158492 1
86072632 103221542 1
86072632 105908572 1
86072632 107507212 1
86072632 108427532 1
93000482 95158492 1
93000482 96637402 1
93000482 99760192 1
93000482 103221542 1
93000482 103222792 1
93000482 103270552 1
93000482 105908572 1
93000482 107507212 1
93000482 108427532 1
95158492 96637402 1
95158492 99760192 1
95158492 103221542 1
95158492 103222792 1
95158492 103270552 1
95158492 105908572 1
95158492 107507212 1
95158492 108427532 1
96637402 103221542 1
96637402 105908572 1
96637402 108427532 1
99760192 103221542 1
99760192 105908572 1
99760192 108427532 1
103221542 105908572 1
103221542 107507212 1
103221542 108427532 1
103222792 105908572 1
103222792 108427532 1
103270552 105908572 1
103270552 108427532 1
105908572 107507212 1
105908572 108427532 1
107507212 108427532 1
1679568 9376936 1
1679568 9618621 1
1679568 14219567 1
1679568 19538131 1
1679568 28419312 1
1679568 32322182 1
1679568 90091752 1
1679568 94915992 1
7168556 9376936 1
7168556 9618621 1
7168556 14219567 1
7168556 19538131 1
7168556 28419312 1
7168556 32322182 1
7168556 34478772 1
7168556 90091752 1
7168556 94915992 1
9376936 9618621 1
9376936 14219567 1
9376936 19538131 1
9376936 27906142 1
9376936 28419312 1
9376936 32322182 1
9376936 34478772 1
9376936 88451082 1
9376936 90091752 1
9376936 94915992 1
9376936 98928282 1
9376936 106468922 1
9618621 14219567 1
9618621 19538131 1
9618621 27906142 1
9618621 28419312 1
9618621 32322182 1
9618621 34478772 1
9618621 88451082 1
9618621 90091752 1
9618621 94915992 1
9618621 98928282 1
9618621 106468922 1
14219567 19538131 1
14219567 27906142 1
14219567 28419312 1
14219567 32322182 1
14219567 34478772 1
14219567 88451082 1
14219567 90091752 1
14219567 94915992 1
14219567 98928282 1
14219567 106468922 1
19538131 27906142 1
19538131 28419312 1
19538131 32322182 1
19538131 34478772 1
19538131 88451082 1
19538131 90091752 1
19538131 94915992 1
19538131 98928282 1
19538131 106468922 1
27906142 28419312 1
27906142 32322182 1
27906142 90091752 1
27906142 94915992 1
28419312 32322182 1
28419312 34478772 1
28419312 88451082 1
28419312 90091752 1
28419312 94915992 1
28419312 98928282 1
28419312 106468922 1
32322182 34478772 1
32322182 88451082 1
32322182 90091752 1
32322182 94915992 1
32322182 98928282 1
32322182 106468922 1
34478772 88451082 1
34478772 90091752 1
34478772 94915992 1
34478772 98928282 1
34478772 106468922 1
88451082 90091752 1
88451082 94915992 1
88451082 106468922 1
90091752 94915992 1
90091752 98928282 1
90091752 106468922 1
94915992 98928282 1
94915992 106468922 1
