88263102 93502942 7758375 57811752 75256792 92680172 9931437 38782382 170802032 143041552 6394578 71631102 31540472 2965662 3966526
71631102 92680172 2
6394578 71631102 1
3966526 9931437 1
3966526 88263102 1
3966526 170802032 1
9931437 88263102 1
9931437 170802032 1
88263102 170802032 1
31540472 38782382 1
31540472 57811752 1
31540472 71631102 1
31540472 93502942 1
38782382 57811752 1
38782382 71631102 1
38782382 93502942 1
57811752 71631102 1
57811752 93502942 1
71631102 93502942 1
7758375 71631102 1
2965662 71631102 1
71631102 75256792 1
71631102 88263102 1
71631102 143041552 1
75256792 88263102 1
75256792 92680172 1
75256792 143041552 1
88263102 92680172 1
88263102 143041552 1
92680172 143041552 1
