2485635 3725571 3546509 263438 3305613 3794576 3493266 2650644 3014038 3817239 2358808 3728544 3354785 2639523 3573924 3675300 3187497 2670767 2444467 3091509 3392313 2554553 3461184 3261121 3130183 3735111 2539977 969543 3482573 3808721 2820308 3417557 1637212 3584860 1445725 2575965 1922019 3345653 3042809 719099 2131582
263438 2131582 6
263438 2444467 1
263438 3014038 2
263438 3042809 1
263438 3261121 2
263438 3345653 2
263438 3354785 2
2131582 2444467 1
2131582 3014038 3
2131582 3042809 1
2131582 3261121 2
2131582 3345653 3
2131582 3354785 3
2444467 3014038 1
2444467 3042809 1
2444467 3261121 1
2444467 3345653 1
2444467 3354785 1
3014038 3042809 1
3014038 3261121 2
3014038 3345653 2
3014038 3354785 3
3042809 3261121 1
3042809 3345653 1
3042809 3354785 1
3261121 3345653 1
3261121 3354785 2
3345653 3354785 2
263438 1922019 1
263438 2554553 1
263438 3187497 4
1922019 2131582 1
1922019 2554553 1
1922019 3014038 1
1922019 3187497 1
1922019 3261121 1
1922019 3354785 1
2131582 2554553 1
2131582 3187497 8
2554553 3014038 1
2554553 3187497 1
2554553 3261121 1
2554553 3354785 1
3014038 3187497 2
3187497 3261121 1
3187497 3354785 2
263438 1637212 2
263438 2358808 1
263438 2650644 4
263438 2820308 1
263438 3546509 1
263438 3573924 3
1637212 2131582 3
1637212 2358808 2
1637212 2650644 3
1637212 2820308 2
1637212 3187497 2
1637212 3546509 1
1637212 3573924 2
2131582 2358808 4
2131582 2650644 8
2131582 2820308 3
2131582 3546509 2
2131582 3573924 6
2358808 2650644 4
2358808 2820308 3
2358808 3187497 4
2358808 3546509 2
2358808 3573924 3
2650644 2820308 3
2650644 3187497 7
2650644 3546509 2
2650644 3573924 6
2820308 3187497 3
2820308 3546509 2
2820308 3573924 3
3187497 3546509 2
3187497 3573924 6
3546509 3573924 2
2131582 2670767 1
2131582 3392313 2
2131582 3461184 2
2131582 3493266 1
2131582 3584860 1
2358808 2670767 1
2358808 3014038 1
2358808 3345653 1
2358808 3354785 1
2358808 3392313 2
2358808 3461184 2
2358808 3493266 1
2358808 3584860 1
2650644 2670767 1
2650644 3014038 1
2650644 3345653 2
2650644 3354785 1
2650644 3392313 2
2650644 3461184 2
2650644 3493266 1
2650644 3584860 1
2670767 2820308 1
2670767 3014038 1
2670767 3187497 1
2670767 3345653 1
2670767 3354785 1
2670767 3392313 1
2670767 3461184 1
2670767 3493266 1
2670767 3546509 1
2670767 3573924 1
2670767 3584860 1
2820308 3014038 1
2820308 3345653 1
2820308 3354785 1
2820308 3392313 2
2820308 3461184 2
2820308 3493266 1
2820308 3584860 1
3014038 3392313 1
3014038 3461184 1
3014038 3493266 1
3014038 3546509 1
3014038 3573924 1
3014038 3584860 1
3187497 3345653 2
3187497 3392313 2
3187497 3461184 2
3187497 3493266 1
3187497 3584860 1
3345653 3392313 1
3345653 3461184 1
3345653 3493266 1
3345653 3546509 1
3345653 3573924 2
3345653 3584860 1
3354785 3392313 1
3354785 3461184 1
3354785 3493266 1
3354785 3546509 1
3354785 3573924 1
3354785 3584860 1
3392313 3461184 2
3392313 3493266 1
3392313 3546509 1
3392313 3573924 2
3392313 3584860 1
3461184 3493266 1
3461184 3546509 1
3461184 3573924 2
3461184 3584860 1
3493266 3546509 1
3493266 3573924 1
3493266 3584860 1
3546509 3584860 1
3573924 3584860 1
263438 3130183 1
263438 3728544 3
263438 3735111 1
2131582 3130183 2
2131582 3728544 6
2131582 3735111 2
2650644 3130183 2
2650644 3728544 6
2650644 3735111 2
3130183 3187497 2
3130183 3573924 2
3130183 3728544 2
3130183 3735111 2
3187497 3728544 5
3187497 3735111 2
3573924 3728544 4
3573924 3735111 2
3728544 3735111 2
1445725 1637212 1
1445725 2131582 1
1445725 2358808 1
1445725 2539977 1
1445725 2575965 1
1445725 2650644 1
1445725 2820308 1
1445725 3091509 1
1445725 3130183 1
1445725 3187497 1
1445725 3392313 1
1445725 3417557 1
1445725 3461184 1
1445725 3573924 1
1445725 3675300 1
1445725 3728544 1
1445725 3735111 1
1637212 2539977 1
1637212 2575965 2
1637212 3091509 2
1637212 3130183 1
1637212 3392313 1
1637212 3417557 1
1637212 3461184 1
1637212 3675300 1
1637212 3728544 2
1637212 3735111 1
2131582 2539977 1
2131582 2575965 2
2131582 3091509 5
2131582 3417557 2
2131582 3675300 1
2358808 2539977 1
2358808 2575965 1
2358808 3091509 2
2358808 3130183 1
2358808 3417557 1
2358808 3675300 1
2358808 3728544 2
2358808 3735111 1
2539977 2575965 1
2539977 2650644 1
2539977 2820308 1
2539977 3091509 1
2539977 3130183 1
2539977 3187497 1
2539977 3392313 1
2539977 3417557 1
2539977 3461184 1
2539977 3573924 1
2539977 3675300 1
2539977 3728544 1
2539977 3735111 1
2575965 2650644 2
2575965 2820308 1
2575965 3091509 2
2575965 3130183 1
2575965 3187497 1
2575965 3392313 1
2575965 3417557 1
2575965 3461184 1
2575965 3573924 1
2575965 3675300 1
2575965 3728544 2
2575965 3735111 1
2650644 3091509 5
2650644 3417557 2
2650644 3675300 1
2820308 3091509 1
2820308 3130183 1
2820308 3417557 1
2820308 3675300 1
2820308 3728544 1
2820308 3735111 1
3091509 3130183 1
3091509 3187497 4
3091509 3392313 1
3091509 3417557 2
3091509 3461184 1
3091509 3573924 3
3091509 3675300 1
3091509 3728544 5
3091509 3735111 1
3130183 3392313 1
3130183 3417557 1
3130183 3461184 1
3130183 3675300 1
3187497 3417557 2
3187497 3675300 1
3392313 3417557 1
3392313 3675300 1
3392313 3728544 1
3392313 3735111 1
3417557 3461184 1
3417557 3573924 2
3417557 3675300 1
3417557 3728544 2
3417557 3735111 1
3461184 3675300 1
3461184 3728544 1
3461184 3735111 1
3573924 3675300 1
3675300 3728544 1
3675300 3735111 1
2131582 2485635 3
2485635 2650644 3
2485635 3091509 3
2485635 3187497 2
2485635 3573924 2
2485635 3728544 3
263438 719099 1
263438 969543 2
263438 2485635 2
263438 2575965 1
263438 2639523 1
263438 3091509 2
263438 3482573 1
263438 3725571 1
263438 3808721 2
263438 3817239 1
719099 969543 1
719099 1637212 1
719099 2131582 1
719099 2485635 1
719099 2575965 1
719099 2639523 1
719099 2650644 1
719099 3091509 1
719099 3482573 1
719099 3725571 1
719099 3728544 1
719099 3808721 1
719099 3817239 1
969543 1637212 1
969543 2131582 2
969543 2485635 2
969543 2575965 1
969543 2639523 1
969543 2650644 2
969543 3091509 2
969543 3482573 1
969543 3725571 1
969543 3728544 2
969543 3808721 2
969543 3817239 1
1637212 2485635 1
1637212 2639523 1
1637212 3482573 1
1637212 3725571 1
1637212 3808721 1
1637212 3817239 1
2131582 2639523 1
2131582 3482573 1
2131582 3725571 1
2131582 3808721 3
2131582 3817239 1
2485635 2575965 1
2485635 2639523 1
2485635 3482573 1
2485635 3725571 1
2485635 3808721 2
2485635 3817239 1
2575965 2639523 1
2575965 3482573 1
2575965 3725571 1
2575965 3808721 1
2575965 3817239 1
2639523 2650644 1
2639523 3091509 1
2639523 3482573 1
2639523 3725571 1
2639523 3728544 1
2639523 3808721 1
2639523 3817239 1
2650644 3482573 1
2650644 3725571 1
2650644 3808721 3
2650644 3817239 1
3091509 3482573 1
3091509 3725571 1
3091509 3808721 3
3091509 3817239 1
3482573 3725571 1
3482573 3728544 1
3482573 3808721 1
3482573 3817239 1
3725571 3728544 1
3725571 3808721 1
3725571 3817239 1
3728544 3808721 3
3728544 3817239 1
3808721 3817239 1
2358808 3808721 1
3187497 3808721 2
263438 3305613 1
263438 3417557 1
263438 3794576 1
969543 3187497 1
969543 3305613 1
969543 3345653 1
969543 3417557 1
969543 3573924 1
969543 3794576 1
2131582 3305613 1
2131582 3794576 1
2485635 3305613 1
2485635 3345653 1
2485635 3417557 1
2485635 3794576 1
2650644 3305613 1
2650644 3794576 1
3091509 3305613 1
3091509 3345653 1
3091509 3794576 1
3187497 3305613 1
3187497 3794576 1
3305613 3345653 1
3305613 3417557 1
3305613 3573924 1
3305613 3728544 1
3305613 3794576 1
3305613 3808721 1
3345653 3417557 1
3345653 3728544 1
3345653 3794576 1
3345653 3808721 1
3417557 3794576 1
3417557 3808721 1
3573924 3794576 1
3573924 3808721 1
3728544 3794576 1
3794576 3808721 1
