10830721 7716109 3546509 10008976 2650644 3749404 9747998 6453023 3576739 11440169 7329578 13031730 13047613 5475776 6028743 4388424 7926224 12526675 9521239 7204824 5147611 9382370 6315876 7127524 1941355 13429356 7953389 7484661 5511418 719099
719099 6315876 1
6028743 7926224 1
6028743 9382370 1
7926224 9382370 1
1941355 3576739 1
1941355 9382370 1
1941355 9521239 1
1941355 10830721 1
1941355 13031730 1
1941355 13429356 1
3576739 9382370 1
3576739 9521239 1
3576739 10830721 1
3576739 13031730 1
3576739 13429356 1
9382370 9521239 1
9382370 10830721 1
9382370 13031730 1
9382370 13429356 1
9521239 10830721 1
9521239 13031730 1
9521239 13429356 1
10830721 13031730 2
10830721 13429356 1
13031730 13429356 1
6453023 13031730 1
5147611 7484661 1
5147611 7953389 1
5147611 10008976 1
5147611 10830721 1
5147611 13031730 1
7484661 7953389 1
7484661 10008976 2
7484661 10830721 1
7484661 13031730 2
7953389 10008976 1
7953389 10830721 1
7953389 13031730 1
10008976 10830721 1
10008976 13031730 2
5511418 7127524 1
5511418 7204824 1
5511418 9747998 1
5511418 10008976 1
5511418 11440169 1
5511418 12526675 1
5511418 13047613 1
7127524 7204824 1
7127524 9747998 1
7127524 10008976 1
7127524 11440169 1
7127524 12526675 1
7127524 13047613 1
7204824 9747998 1
7204824 10008976 1
7204824 11440169 1
7204824 12526675 1
7204824 13047613 1
9747998 10008976 1
9747998 11440169 1
9747998 12526675 1
9747998 13047613 1
10008976 11440169 1
10008976 12526675 1
10008976 13047613 1
11440169 12526675 1
11440169 13047613 1
12526675 13047613 1
5475776 7329578 1
5475776 7716109 1
5475776 10008976 1
7329578 7716109 1
7329578 10008976 1
7716109 10008976 1
2650644 4388424 1
3546509 3749404 1
