183172385 44019992 57811752 161887432 2260072 92680172 9931437 160834302 107490252 172537552 4243249 6394578 49943422 128833502 4511416 114430812 71631102
4243249 9931437 1
4243249 57811752 1
9931437 57811752 1
4511416 71631102 1
71631102 183172385 2
6394578 9931437 1
6394578 44019992 1
6394578 160834302 1
9931437 44019992 1
9931437 160834302 1
44019992 160834302 1
6394578 71631102 1
6394578 161887432 1
71631102 161887432 1
71631102 128833502 2
128833502 183172385 1
2260072 49943422 1
2260072 71631102 1
2260072 92680172 1
2260072 107490252 1
2260072 128833502 1
49943422 71631102 1
49943422 92680172 1
49943422 107490252 1
49943422 128833502 1
71631102 92680172 1
71631102 107490252 1
92680172 107490252 1
92680172 128833502 1
107490252 128833502 1
71631102 172537552 1
9931437 114430812 1
