36691842 3565443 174412422 320646 6261382 7994889 10153994 187927046 149343372 89070222 27054862 38896912 188195854 10018197 44235292 118838172 3915043 3824164 3742892 11600301 145097392 163759282 8431160 380219 188127037 3414979 75439432 1799500 38170852 187842923 7632883 73572212 187911413 5556222 10807039
7994889 36691842 8
7994889 44235292 2
7994889 89070222 3
36691842 44235292 2
36691842 89070222 3
44235292 89070222 2
5556222 7994889 2
5556222 36691842 2
5556222 44235292 1
5556222 89070222 1
5556222 145097392 1
5556222 149343372 1
7994889 145097392 1
7994889 149343372 2
36691842 145097392 1
36691842 149343372 2
44235292 145097392 1
44235292 149343372 1
89070222 145097392 1
89070222 149343372 1
145097392 149343372 1
3414979 3742892 1
3414979 3824164 1
3414979 7632883 1
3414979 7994889 1
3414979 10018197 1
3414979 38170852 1
3414979 73572212 1
3414979 75439432 1
3414979 187911413 1
3742892 3824164 2
3742892 7632883 1
3742892 7994889 2
3742892 10018197 1
3742892 38170852 1
3742892 73572212 1
3742892 75439432 1
3742892 187911413 1
3824164 7632883 1
3824164 7994889 6
3824164 10018197 1
3824164 38170852 1
3824164 73572212 1
3824164 75439432 1
3824164 187911413 1
7632883 7994889 1
7632883 10018197 1
7632883 38170852 1
7632883 73572212 1
7632883 75439432 1
7632883 187911413 1
7994889 10018197 1
7994889 38170852 1
7994889 73572212 1
7994889 75439432 1
7994889 187911413 1
10018197 38170852 1
10018197 73572212 1
10018197 75439432 1
10018197 187911413 1
38170852 73572212 1
38170852 75439432 1
38170852 187911413 1
73572212 75439432 1
73572212 187911413 1
75439432 187911413 1
380219 3824164 4
380219 7994889 4
380219 11600301 4
380219 27054862 1
380219 36691842 4
380219 89070222 1
380219 163759282 2
380219 187842923 1
3824164 11600301 4
3824164 27054862 1
3824164 36691842 4
3824164 89070222 1
3824164 163759282 2
3824164 187842923 1
7994889 11600301 4
7994889 27054862 1
7994889 163759282 2
7994889 187842923 1
11600301 27054862 1
11600301 36691842 4
11600301 89070222 1
11600301 163759282 2
11600301 187842923 1
27054862 36691842 1
27054862 89070222 1
27054862 163759282 1
27054862 187842923 1
36691842 163759282 2
36691842 187842923 1
89070222 163759282 1
89070222 187842923 1
163759282 187842923 1
380219 149343372 1
3824164 149343372 1
11600301 149343372 1
7994889 174412422 1
36691842 174412422 1
320646 1799500 1
320646 3565443 1
320646 3742892 1
320646 3824164 1
320646 3915043 1
320646 6261382 1
320646 7994889 1
320646 8431160 1
320646 10153994 1
320646 118838172 1
320646 187927046 1
1799500 3565443 1
1799500 3742892 1
1799500 3824164 1
1799500 3915043 1
1799500 6261382 1
1799500 7994889 1
1799500 8431160 1
1799500 10153994 1
1799500 118838172 1
1799500 187927046 1
3565443 3742892 1
3565443 3824164 1
3565443 3915043 1
3565443 6261382 1
3565443 7994889 1
3565443 8431160 1
3565443 10153994 1
3565443 118838172 1
3565443 187927046 1
3742892 3915043 1
3742892 6261382 1
3742892 8431160 1
3742892 10153994 1
3742892 118838172 1
3742892 187927046 1
3824164 3915043 1
3824164 6261382 1
3824164 8431160 1
3824164 10153994 1
3824164 118838172 1
3824164 187927046 1
3915043 6261382 1
3915043 7994889 1
3915043 8431160 1
3915043 10153994 1
3915043 118838172 1
3915043 187927046 1
6261382 7994889 1
6261382 8431160 1
6261382 10153994 1
6261382 118838172 1
6261382 187927046 1
7994889 8431160 1
7994889 10153994 1
7994889 118838172 1
7994889 187927046 1
8431160 10153994 1
8431160 118838172 1
8431160 187927046 1
10153994 118838172 1
10153994 187927046 1
118838172 187927046 1
380219 5556222 1
3824164 5556222 1
5556222 11600301 1
380219 10807039 1
380219 38896912 1
380219 188127037 1
380219 188195854 1
3824164 10807039 1
3824164 38896912 1
3824164 188127037 1
3824164 188195854 1
7994889 10807039 1
7994889 38896912 1
7994889 188127037 1
7994889 188195854 1
10807039 11600301 1
10807039 36691842 1
10807039 38896912 1
10807039 163759282 1
10807039 188127037 1
10807039 188195854 1
11600301 38896912 1
11600301 188127037 1
11600301 188195854 1
36691842 38896912 1
36691842 188127037 1
36691842 188195854 1
38896912 163759282 1
38896912 188127037 1
38896912 188195854 1
163759282 188127037 1
163759282 188195854 1
188127037 188195854 1
