9007874 3565443 4094724 6402947 6261382 2946825 4257817 9260709 5345833 3742892 8332856 7589181 7234110 3616091 4080477 6738028 8208626 6910322 4434043
3565443 3616091 1
3565443 3742892 1
3565443 4094724 1
3565443 5345833 1
3565443 6402947 8
3565443 8332856 1
3565443 9007874 4
3616091 3742892 1
3616091 4094724 1
3616091 5345833 1
3616091 6402947 1
3616091 8332856 1
3616091 9007874 1
3742892 4094724 1
3742892 5345833 1
3742892 6402947 1
3742892 8332856 1
3742892 9007874 1
4094724 5345833 1
4094724 6402947 1
4094724 8332856 1
4094724 9007874 1
5345833 6402947 1
5345833 8332856 1
5345833 9007874 1
6402947 8332856 1
6402947 9007874 4
8332856 9007874 1
2946825 3565443 6
2946825 6261382 4
2946825 6402947 6
2946825 6738028 4
2946825 7234110 5
3565443 6261382 5
3565443 6738028 4
3565443 7234110 6
6261382 6402947 4
6261382 6738028 2
6261382 7234110 5
6402947 6738028 4
6402947 7234110 5
6738028 7234110 3
3565443 4080477 1
3565443 7589181 1
3565443 8208626 1
4080477 6261382 1
4080477 7234110 1
4080477 7589181 1
4080477 8208626 1
6261382 7589181 1
6261382 8208626 1
7234110 7589181 1
7234110 8208626 1
7589181 8208626 1
2946825 9260709 3
3565443 9260709 4
6402947 9260709 4
6738028 9260709 2
7234110 9260709 3
2946825 9007874 2
6261382 9007874 2
6261382 9260709 2
7234110 9007874 2
9007874 9260709 3
2946825 4434043 1
3565443 4434043 1
4434043 6261382 1
4434043 6402947 1
4434043 6738028 1
4434043 7234110 1
4434043 9007874 1
4434043 9260709 1
6738028 9007874 1
3565443 4257817 1
3565443 6910322 1
4257817 6402947 1
4257817 6910322 1
4257817 9007874 1
4257817 9260709 1
6402947 6910322 1
6910322 9007874 1
6910322 9260709 1
