35334152 14242314 1771533 115727 174836752 112115732 2650644 4708376 13730847 185192486 655407 5010994 14340658 7862329 10372680 13262934 11158622 1345633 183169131 124324972 122215532 5929592 10171513 13350013 186080390 185370248 81388692 14276756 155059862 61498022 5459112 6348970 52528302 109635762 47559862 43210422 185864376 89795772 186855614 84439232 185389250 14575301 19768541 10659573 157254902 13323008 142032642 153362182 7032583 36357902 14247188 171905302 14586138 6051106 3915043 12527915 51892012 51255092 14342458 101407042 1791300 6485829 3163465 183185740 185272143 98385232 7592276 183946072 11235674 182882148 152095082 1299307 12480882 13153650 13720435 115359602 4694903 14084988 186197890 4842371 37047172 10510735 54260632 4563874 7178660 185470377 134386602 13423028 9379258 186437051 148977612 13616077 178638312 155930602 145783282 60223482
5010994 6051106 1
5010994 13350013 2
5010994 13616077 2
5010994 35334152 3
5010994 47559862 2
5010994 81388692 1
5010994 84439232 3
5010994 124324972 1
5010994 155059862 3
5010994 155930602 1
5010994 185272143 1
5010994 185370248 3
5010994 185389250 1
5010994 185470377 1
6051106 13350013 1
6051106 13616077 1
6051106 35334152 1
6051106 47559862 1
6051106 81388692 1
6051106 84439232 1
6051106 124324972 1
6051106 155059862 1
6051106 155930602 1
6051106 185272143 1
6051106 185370248 1
6051106 185389250 1
6051106 185470377 1
13350013 13616077 2
13350013 35334152 5
13350013 47559862 2
13350013 81388692 1
13350013 84439232 2
13350013 124324972 2
13350013 155059862 2
13350013 155930602 1
13350013 185272143 2
13350013 185370248 5
13350013 185389250 3
13350013 185470377 2
13616077 35334152 2
13616077 47559862 2
13616077 81388692 1
13616077 84439232 2
13616077 124324972 1
13616077 155059862 2
13616077 155930602 1
13616077 185272143 1
13616077 185370248 2
13616077 185389250 1
13616077 185470377 1
35334152 47559862 4
35334152 81388692 1
35334152 84439232 4
35334152 124324972 2
35334152 155059862 4
35334152 155930602 1
35334152 185272143 4
35334152 185370248 9
35334152 185389250 4
35334152 185470377 2
47559862 81388692 1
47559862 84439232 3
47559862 124324972 1
47559862 155059862 3
47559862 155930602 1
47559862 185272143 2
47559862 185370248 4
47559862 185389250 2
47559862 185470377 1
81388692 84439232 1
81388692 124324972 1
81388692 155059862 1
81388692 155930602 1
81388692 185272143 1
81388692 185370248 1
81388692 185389250 1
81388692 185470377 1
84439232 124324972 1
84439232 155059862 4
84439232 155930602 1
84439232 185272143 1
84439232 185370248 4
84439232 185389250 2
84439232 185470377 1
124324972 155059862 1
124324972 155930602 1
124324972 185272143 2
124324972 185370248 2
124324972 185389250 2
124324972 185470377 1
155059862 155930602 1
155059862 185272143 1
155059862 185370248 4
155059862 185389250 2
155059862 185470377 1
155930602 185272143 1
155930602 185370248 1
155930602 185389250 1
155930602 185470377 1
185272143 185370248 4
185272143 185389250 2
185272143 185470377 1
185370248 185389250 4
185370248 185470377 2
185389250 185470377 2
3163465 4694903 1
3163465 6348970 1
3163465 13323008 1
3163465 14247188 1
3163465 14575301 1
3163465 35334152 1
3163465 52528302 1
3163465 54260632 1
3163465 112115732 1
3163465 183185740 1
3163465 185272143 1
3163465 185370248 1
4694903 6348970 1
4694903 13323008 1
4694903 14247188 1
4694903 14575301 1
4694903 35334152 1
4694903 52528302 1
4694903 54260632 1
4694903 112115732 1
4694903 183185740 1
4694903 185272143 1
4694903 185370248 1
6348970 13323008 1
6348970 14247188 1
6348970 14575301 1
6348970 35334152 1
6348970 52528302 1
6348970 54260632 1
6348970 112115732 1
6348970 183185740 1
6348970 185272143 1
6348970 185370248 1
13323008 14247188 1
13323008 14575301 1
13323008 35334152 1
13323008 52528302 1
13323008 54260632 1
13323008 112115732 1
13323008 183185740 1
13323008 185272143 1
13323008 185370248 1
14247188 14575301 4
14247188 35334152 6
14247188 52528302 1
14247188 54260632 2
14247188 112115732 1
14247188 183185740 1
14247188 185272143 3
14247188 185370248 6
14575301 35334152 4
14575301 52528302 1
14575301 54260632 2
14575301 112115732 1
14575301 183185740 1
14575301 185272143 2
14575301 185370248 4
35334152 52528302 1
35334152 54260632 2
35334152 112115732 1
35334152 183185740 1
52528302 54260632 1
52528302 112115732 1
52528302 183185740 1
52528302 185272143 1
52528302 185370248 1
54260632 112115732 1
54260632 183185740 1
54260632 185272143 1
54260632 185370248 2
112115732 183185740 1
112115732 185272143 1
112115732 185370248 1
183185740 185272143 1
183185740 185370248 1
115727 655407 1
115727 10372680 1
115727 10510735 1
115727 11235674 2
115727 13262934 2
115727 13350013 2
115727 14247188 2
115727 35334152 2
115727 51255092 1
115727 89795772 1
115727 124324972 1
115727 185272143 1
115727 185370248 2
115727 185389250 2
655407 10372680 1
655407 10510735 1
655407 11235674 1
655407 13262934 1
655407 13350013 1
655407 14247188 1
655407 35334152 1
655407 51255092 1
655407 89795772 1
655407 124324972 1
655407 185272143 1
655407 185370248 1
655407 185389250 1
10372680 10510735 1
10372680 11235674 1
10372680 13262934 1
10372680 13350013 1
10372680 14247188 1
10372680 35334152 1
10372680 51255092 1
10372680 89795772 1
10372680 124324972 1
10372680 185272143 1
10372680 185370248 1
10372680 185389250 1
10510735 11235674 1
10510735 13262934 1
10510735 13350013 1
10510735 14247188 1
10510735 35334152 1
10510735 51255092 1
10510735 89795772 1
10510735 124324972 1
10510735 185272143 1
10510735 185370248 1
10510735 185389250 1
11235674 13262934 2
11235674 13350013 2
11235674 14247188 2
11235674 35334152 2
11235674 51255092 1
11235674 89795772 1
11235674 124324972 1
11235674 185272143 1
11235674 185370248 2
11235674 185389250 2
13262934 13350013 3
13262934 14247188 5
13262934 35334152 6
13262934 51255092 1
13262934 89795772 1
13262934 124324972 1
13262934 185272143 2
13262934 185370248 6
13262934 185389250 3
13350013 14247188 3
13350013 51255092 1
13350013 89795772 1
14247188 51255092 1
14247188 89795772 1
14247188 124324972 1
14247188 185389250 3
35334152 51255092 1
35334152 89795772 1
51255092 89795772 1
51255092 124324972 1
51255092 185272143 1
51255092 185370248 1
51255092 185389250 1
89795772 124324972 1
89795772 185272143 1
89795772 185370248 1
89795772 185389250 1
5010994 7178660 1
5010994 12527915 2
5010994 13262934 2
5010994 14242314 1
5010994 14247188 1
5010994 14276756 2
5010994 142032642 1
5010994 183169131 1
5010994 186080390 1
5010994 186197890 2
7178660 12527915 1
7178660 13262934 1
7178660 13350013 1
7178660 13616077 1
7178660 14242314 1
7178660 14247188 1
7178660 14276756 1
7178660 35334152 1
7178660 47559862 1
7178660 84439232 1
7178660 142032642 1
7178660 155059862 1
7178660 183169131 1
7178660 185370248 1
7178660 186080390 1
7178660 186197890 1
12527915 13262934 4
12527915 13350013 1
12527915 13616077 1
12527915 14242314 1
12527915 14247188 3
12527915 14276756 3
12527915 35334152 4
12527915 47559862 3
12527915 84439232 3
12527915 142032642 1
12527915 155059862 3
12527915 183169131 1
12527915 185370248 4
12527915 186080390 1
12527915 186197890 2
13262934 13616077 1
13262934 14242314 1
13262934 14276756 3
13262934 47559862 3
13262934 84439232 3
13262934 142032642 1
13262934 155059862 3
13262934 183169131 2
13262934 186080390 2
13262934 186197890 2
13350013 14242314 1
13350013 14276756 1
13350013 142032642 1
13350013 183169131 2
13350013 186080390 2
13350013 186197890 1
13616077 14242314 1
13616077 14247188 1
13616077 14276756 1
13616077 142032642 1
13616077 183169131 1
13616077 186080390 1
13616077 186197890 1
14242314 14247188 1
14242314 14276756 1
14242314 35334152 1
14242314 47559862 1
14242314 84439232 1
14242314 142032642 1
14242314 155059862 1
14242314 183169131 1
14242314 185370248 1
14242314 186080390 1
14242314 186197890 1
14247188 14276756 2
14247188 47559862 3
14247188 84439232 2
14247188 142032642 1
14247188 155059862 2
14247188 183169131 2
14247188 186080390 2
14247188 186197890 1
14276756 35334152 3
14276756 47559862 2
14276756 84439232 3
14276756 142032642 1
14276756 155059862 3
14276756 183169131 1
14276756 185370248 3
14276756 186080390 1
14276756 186197890 2
35334152 142032642 1
35334152 183169131 2
35334152 186080390 2
35334152 186197890 2
47559862 142032642 1
47559862 183169131 1
47559862 186080390 1
47559862 186197890 1
84439232 142032642 1
84439232 183169131 1
84439232 186080390 1
84439232 186197890 2
142032642 155059862 1
142032642 183169131 1
142032642 185370248 1
142032642 186080390 1
142032642 186197890 1
155059862 183169131 1
155059862 186080390 1
155059862 186197890 2
183169131 185370248 2
183169131 186080390 2
183169131 186197890 1
185370248 186080390 2
185370248 186197890 2
186080390 186197890 1
2650644 12527915 1
2650644 13262934 1
2650644 14247188 1
2650644 14575301 1
2650644 35334152 1
2650644 43210422 1
2650644 47559862 1
2650644 51892012 1
2650644 174836752 1
2650644 182882148 1
2650644 185272143 1
2650644 185370248 1
2650644 186437051 1
12527915 14575301 2
12527915 43210422 2
12527915 51892012 1
12527915 174836752 1
12527915 182882148 1
12527915 185272143 1
12527915 186437051 1
13262934 14575301 3
13262934 43210422 2
13262934 51892012 1
13262934 174836752 1
13262934 182882148 1
13262934 186437051 1
14247188 43210422 2
14247188 51892012 1
14247188 174836752 1
14247188 182882148 1
14247188 186437051 1
14575301 43210422 2
14575301 47559862 2
14575301 51892012 1
14575301 174836752 1
14575301 182882148 1
14575301 186437051 1
35334152 43210422 2
35334152 51892012 1
35334152 174836752 1
35334152 182882148 1
35334152 186437051 1
43210422 47559862 2
43210422 51892012 1
43210422 174836752 1
43210422 182882148 1
43210422 185272143 1
43210422 185370248 2
43210422 186437051 1
47559862 51892012 1
47559862 174836752 1
47559862 182882148 1
47559862 186437051 1
51892012 174836752 1
51892012 182882148 1
51892012 185272143 1
51892012 185370248 1
51892012 186437051 1
174836752 182882148 1
174836752 185272143 1
174836752 185370248 1
174836752 186437051 1
182882148 185272143 1
182882148 185370248 1
182882148 186437051 1
185272143 186437051 1
185370248 186437051 1
1299307 1791300 1
1299307 3915043 1
1299307 4563874 1
1299307 4708376 1
1299307 7032583 1
1299307 7592276 1
1299307 7862329 1
1299307 10659573 1
1299307 12480882 1
1299307 12527915 1
1299307 13262934 1
1299307 13730847 1
1299307 14247188 1
1299307 14276756 1
1299307 14342458 1
1299307 14575301 1
1299307 14586138 1
1299307 35334152 1
1299307 36357902 1
1299307 43210422 1
1299307 47559862 1
1299307 60223482 1
1299307 61498022 1
1299307 84439232 1
1299307 98385232 1
1299307 109635762 1
1299307 122215532 1
1299307 134386602 1
1299307 145783282 1
1299307 148977612 1
1299307 155059862 1
1299307 171905302 1
1299307 183946072 1
1299307 185192486 1
1299307 185370248 1
1299307 185389250 1
1791300 3915043 1
1791300 4563874 1
1791300 4708376 1
1791300 7032583 1
1791300 7592276 1
1791300 7862329 1
1791300 10659573 1
1791300 12480882 2
1791300 12527915 1
1791300 13262934 2
1791300 13730847 1
1791300 14247188 2
1791300 14276756 1
1791300 14342458 1
1791300 14575301 2
1791300 14586138 2
1791300 35334152 2
1791300 36357902 1
1791300 43210422 1
1791300 47559862 1
1791300 60223482 1
1791300 61498022 2
1791300 84439232 1
1791300 98385232 1
1791300 109635762 1
1791300 122215532 1
1791300 134386602 1
1791300 145783282 1
1791300 148977612 1
1791300 155059862 1
1791300 171905302 1
1791300 183946072 1
1791300 185192486 1
1791300 185370248 2
1791300 185389250 2
3915043 4563874 1
3915043 4708376 1
3915043 7032583 1
3915043 7592276 1
3915043 7862329 1
3915043 10659573 1
3915043 12480882 1
3915043 12527915 1
3915043 13262934 1
3915043 13730847 1
3915043 14247188 1
3915043 14276756 1
3915043 14342458 1
3915043 14575301 1
3915043 14586138 1
3915043 35334152 1
3915043 36357902 1
3915043 43210422 1
3915043 47559862 1
3915043 60223482 1
3915043 61498022 1
3915043 84439232 1
3915043 98385232 1
3915043 109635762 1
3915043 122215532 1
3915043 134386602 1
3915043 145783282 1
3915043 148977612 1
3915043 155059862 1
3915043 171905302 1
3915043 183946072 1
3915043 185192486 1
3915043 185370248 1
3915043 185389250 1
4563874 4708376 1
4563874 7032583 1
4563874 7592276 1
4563874 7862329 1
4563874 10659573 1
4563874 12480882 1
4563874 12527915 1
4563874 13262934 1
4563874 13730847 1
4563874 14247188 1
4563874 14276756 1
4563874 14342458 1
4563874 14575301 1
4563874 14586138 1
4563874 35334152 1
4563874 36357902 1
4563874 43210422 1
4563874 47559862 1
4563874 60223482 1
4563874 61498022 1
4563874 84439232 1
4563874 98385232 1
4563874 109635762 1
4563874 122215532 1
4563874 134386602 1
4563874 145783282 1
4563874 148977612 1
4563874 155059862 1
4563874 171905302 1
4563874 183946072 1
4563874 185192486 1
4563874 185370248 1
4563874 185389250 1
4708376 7032583 1
4708376 7592276 1
4708376 7862329 1
4708376 10659573 1
4708376 12480882 1
4708376 12527915 1
4708376 13262934 1
4708376 13730847 1
4708376 14247188 1
4708376 14276756 1
4708376 14342458 1
4708376 14575301 1
4708376 14586138 1
4708376 35334152 1
4708376 36357902 1
4708376 43210422 1
4708376 47559862 1
4708376 60223482 1
4708376 61498022 1
4708376 84439232 1
4708376 98385232 1
4708376 109635762 1
4708376 122215532 1
4708376 134386602 1
4708376 145783282 1
4708376 148977612 1
4708376 155059862 1
4708376 171905302 1
4708376 183946072 1
4708376 185192486 1
4708376 185370248 1
4708376 185389250 1
7032583 7592276 1
7032583 7862329 1
7032583 10659573 1
7032583 12480882 1
7032583 12527915 1
7032583 13262934 1
7032583 13730847 1
7032583 14247188 1
7032583 14276756 1
7032583 14342458 1
7032583 14575301 1
7032583 14586138 1
7032583 35334152 1
7032583 36357902 1
7032583 43210422 1
7032583 47559862 1
7032583 60223482 1
7032583 61498022 1
7032583 84439232 1
7032583 98385232 1
7032583 109635762 1
7032583 122215532 1
7032583 134386602 1
7032583 145783282 1
7032583 148977612 1
7032583 155059862 1
7032583 171905302 1
7032583 183946072 1
7032583 185192486 1
7032583 185370248 1
7032583 185389250 1
7592276 7862329 1
7592276 10659573 1
7592276 12480882 1
7592276 12527915 1
7592276 13262934 1
7592276 13730847 1
7592276 14247188 1
7592276 14276756 1
7592276 14342458 1
7592276 14575301 1
7592276 14586138 1
7592276 35334152 1
7592276 36357902 1
7592276 43210422 1
7592276 47559862 1
7592276 60223482 1
7592276 61498022 1
7592276 84439232 1
7592276 98385232 1
7592276 109635762 1
7592276 122215532 1
7592276 134386602 1
7592276 145783282 1
7592276 148977612 1
7592276 155059862 1
7592276 171905302 1
7592276 183946072 1
7592276 185192486 1
7592276 185370248 1
7592276 185389250 1
7862329 10659573 1
7862329 12480882 1
7862329 12527915 1
7862329 13262934 1
7862329 13730847 1
7862329 14247188 1
7862329 14276756 1
7862329 14342458 1
7862329 14575301 1
7862329 14586138 1
7862329 35334152 1
7862329 36357902 1
7862329 43210422 1
7862329 47559862 1
7862329 60223482 1
7862329 61498022 1
7862329 84439232 1
7862329 98385232 1
7862329 109635762 1
7862329 122215532 1
7862329 134386602 1
7862329 145783282 1
7862329 148977612 1
7862329 155059862 1
7862329 171905302 1
7862329 183946072 1
7862329 185192486 1
7862329 185370248 1
7862329 185389250 1
10659573 12480882 1
10659573 12527915 1
10659573 13262934 1
10659573 13730847 1
10659573 14247188 1
10659573 14276756 1
10659573 14342458 1
10659573 14575301 1
10659573 14586138 1
10659573 35334152 1
10659573 36357902 1
10659573 43210422 1
10659573 47559862 1
10659573 60223482 1
10659573 61498022 1
10659573 84439232 1
10659573 98385232 1
10659573 109635762 1
10659573 122215532 1
10659573 134386602 1
10659573 145783282 1
10659573 148977612 1
10659573 155059862 1
10659573 171905302 1
10659573 183946072 1
10659573 185192486 1
10659573 185370248 1
10659573 185389250 1
12480882 12527915 1
12480882 13262934 2
12480882 13730847 1
12480882 14247188 2
12480882 14276756 1
12480882 14342458 1
12480882 14575301 2
12480882 14586138 2
12480882 35334152 2
12480882 36357902 1
12480882 43210422 1
12480882 47559862 1
12480882 60223482 1
12480882 61498022 2
12480882 84439232 1
12480882 98385232 1
12480882 109635762 1
12480882 122215532 1
12480882 134386602 1
12480882 145783282 1
12480882 148977612 1
12480882 155059862 1
12480882 171905302 1
12480882 183946072 1
12480882 185192486 1
12480882 185370248 2
12480882 185389250 2
12527915 13730847 1
12527915 14342458 1
12527915 14586138 1
12527915 36357902 1
12527915 60223482 1
12527915 61498022 1
12527915 98385232 1
12527915 109635762 1
12527915 122215532 1
12527915 134386602 1
12527915 145783282 1
12527915 148977612 1
12527915 171905302 1
12527915 183946072 1
12527915 185192486 1
12527915 185389250 1
13262934 13730847 1
13262934 14342458 1
13262934 14586138 2
13262934 36357902 1
13262934 60223482 1
13262934 61498022 2
13262934 98385232 1
13262934 109635762 1
13262934 122215532 1
13262934 134386602 1
13262934 145783282 1
13262934 148977612 1
13262934 171905302 1
13262934 183946072 1
13262934 185192486 1
13730847 14247188 1
13730847 14276756 1
13730847 14342458 1
13730847 14575301 1
13730847 14586138 1
13730847 35334152 1
13730847 36357902 1
13730847 43210422 1
13730847 47559862 1
13730847 60223482 1
13730847 61498022 1
13730847 84439232 1
13730847 98385232 1
13730847 109635762 1
13730847 122215532 1
13730847 134386602 1
13730847 145783282 1
13730847 148977612 1
13730847 155059862 1
13730847 171905302 1
13730847 183946072 1
13730847 185192486 1
13730847 185370248 1
13730847 185389250 1
14247188 14342458 1
14247188 14586138 2
14247188 36357902 1
14247188 60223482 1
14247188 61498022 2
14247188 98385232 1
14247188 109635762 1
14247188 122215532 1
14247188 134386602 1
14247188 145783282 1
14247188 148977612 1
14247188 171905302 1
14247188 183946072 1
14247188 185192486 1
14276756 14342458 1
14276756 14575301 1
14276756 14586138 1
14276756 36357902 1
14276756 43210422 1
14276756 60223482 1
14276756 61498022 1
14276756 98385232 1
14276756 109635762 1
14276756 122215532 1
14276756 134386602 1
14276756 145783282 1
14276756 148977612 1
14276756 171905302 1
14276756 183946072 1
14276756 185192486 1
14276756 185389250 1
14342458 14575301 1
14342458 14586138 1
14342458 35334152 1
14342458 36357902 1
14342458 43210422 1
14342458 47559862 1
14342458 60223482 1
14342458 61498022 1
14342458 84439232 1
14342458 98385232 1
14342458 109635762 1
14342458 122215532 1
14342458 134386602 1
14342458 145783282 1
14342458 148977612 1
14342458 155059862 1
14342458 171905302 1
14342458 183946072 1
14342458 185192486 1
14342458 185370248 1
14342458 185389250 1
14575301 14586138 2
14575301 36357902 1
14575301 60223482 1
14575301 61498022 2
14575301 84439232 1
14575301 98385232 1
14575301 109635762 1
14575301 122215532 1
14575301 134386602 1
14575301 145783282 1
14575301 148977612 1
14575301 155059862 1
14575301 171905302 1
14575301 183946072 1
14575301 185192486 1
14575301 185389250 2
14586138 35334152 2
14586138 36357902 1
14586138 43210422 1
14586138 47559862 1
14586138 60223482 1
14586138 61498022 2
14586138 84439232 1
14586138 98385232 1
14586138 109635762 1
14586138 122215532 1
14586138 134386602 1
14586138 145783282 1
14586138 148977612 1
14586138 155059862 1
14586138 171905302 1
14586138 183946072 1
14586138 185192486 1
14586138 185370248 2
14586138 185389250 2
35334152 36357902 1
35334152 60223482 1
35334152 61498022 3
35334152 98385232 1
35334152 109635762 1
35334152 122215532 1
35334152 134386602 1
35334152 145783282 1
35334152 148977612 1
35334152 171905302 1
35334152 183946072 1
35334152 185192486 1
36357902 43210422 1
36357902 47559862 1
36357902 60223482 1
36357902 61498022 1
36357902 84439232 1
36357902 98385232 1
36357902 109635762 1
36357902 122215532 1
36357902 134386602 1
36357902 145783282 1
36357902 148977612 1
36357902 155059862 1
36357902 171905302 1
36357902 183946072 1
36357902 185192486 1
36357902 185370248 1
36357902 185389250 1
43210422 60223482 1
43210422 61498022 1
43210422 84439232 1
43210422 98385232 1
43210422 109635762 1
43210422 122215532 1
43210422 134386602 1
43210422 145783282 1
43210422 148977612 1
43210422 155059862 1
43210422 171905302 1
43210422 183946072 1
43210422 185192486 1
43210422 185389250 1
47559862 60223482 1
47559862 61498022 1
47559862 98385232 1
47559862 109635762 1
47559862 122215532 1
47559862 134386602 1
47559862 145783282 1
47559862 148977612 1
47559862 171905302 1
47559862 183946072 1
47559862 185192486 1
60223482 61498022 1
60223482 84439232 1
60223482 98385232 1
60223482 109635762 1
60223482 122215532 1
60223482 134386602 1
60223482 145783282 1
60223482 148977612 1
60223482 155059862 1
60223482 171905302 1
60223482 183946072 1
60223482 185192486 1
60223482 185370248 1
60223482 185389250 1
61498022 84439232 1
61498022 98385232 1
61498022 109635762 1
61498022 122215532 1
61498022 134386602 1
61498022 145783282 1
61498022 148977612 1
61498022 155059862 1
61498022 171905302 1
61498022 183946072 1
61498022 185192486 1
61498022 185370248 3
61498022 185389250 2
84439232 98385232 1
84439232 109635762 1
84439232 122215532 1
84439232 134386602 1
84439232 145783282 1
84439232 148977612 1
84439232 171905302 1
84439232 183946072 1
84439232 185192486 1
98385232 109635762 1
98385232 122215532 1
98385232 134386602 1
98385232 145783282 1
98385232 148977612 1
98385232 155059862 1
98385232 171905302 1
98385232 183946072 1
98385232 185192486 1
98385232 185370248 1
98385232 185389250 1
109635762 122215532 1
109635762 134386602 1
109635762 145783282 1
109635762 148977612 1
109635762 155059862 1
109635762 171905302 1
109635762 183946072 1
109635762 185192486 1
109635762 185370248 1
109635762 185389250 1
122215532 134386602 1
122215532 145783282 1
122215532 148977612 1
122215532 155059862 1
122215532 171905302 1
122215532 183946072 1
122215532 185192486 1
122215532 185370248 1
122215532 185389250 1
134386602 145783282 1
134386602 148977612 1
134386602 155059862 1
134386602 171905302 1
134386602 183946072 1
134386602 185192486 1
134386602 185370248 1
134386602 185389250 1
145783282 148977612 1
145783282 155059862 1
145783282 171905302 1
145783282 183946072 1
145783282 185192486 1
145783282 185370248 1
145783282 185389250 1
148977612 155059862 1
148977612 171905302 1
148977612 183946072 1
148977612 185192486 1
148977612 185370248 1
148977612 185389250 1
155059862 171905302 1
155059862 183946072 1
155059862 185192486 1
171905302 183946072 1
171905302 185192486 1
171905302 185370248 1
171905302 185389250 1
183946072 185192486 1
183946072 185370248 1
183946072 185389250 1
185192486 185370248 1
185192486 185389250 1
9379258 13350013 1
9379258 35334152 2
9379258 61498022 1
9379258 185370248 2
13350013 61498022 2
5010994 5929592 1
5010994 9379258 1
5010994 178638312 1
5010994 185864376 1
5929592 9379258 1
5929592 12527915 1
5929592 13262934 1
5929592 14276756 1
5929592 35334152 1
5929592 84439232 1
5929592 155059862 1
5929592 178638312 1
5929592 185370248 1
5929592 185864376 1
5929592 186197890 1
9379258 12527915 1
9379258 13262934 1
9379258 14276756 1
9379258 84439232 1
9379258 155059862 1
9379258 178638312 1
9379258 185864376 1
9379258 186197890 1
12527915 178638312 1
12527915 185864376 1
13262934 178638312 1
13262934 185864376 1
14276756 178638312 1
14276756 185864376 1
35334152 178638312 1
35334152 185864376 1
84439232 178638312 1
84439232 185864376 1
155059862 178638312 1
155059862 185864376 1
178638312 185370248 1
178638312 185864376 1
178638312 186197890 1
185370248 185864376 1
185864376 186197890 1
14340658 37047172 1
14340658 101407042 1
14340658 153362182 1
37047172 101407042 1
37047172 153362182 1
101407042 153362182 1
115727 1345633 1
115727 1771533 1
115727 1791300 1
115727 4842371 1
115727 5459112 1
115727 6485829 1
115727 10171513 1
115727 11158622 1
115727 12480882 1
115727 13153650 1
115727 13423028 1
115727 13720435 1
115727 14084988 1
115727 14575301 1
115727 14586138 1
115727 19768541 1
115727 54260632 1
115727 61498022 1
115727 115359602 1
115727 152095082 1
115727 157254902 1
115727 183169131 1
115727 185470377 1
115727 186080390 1
115727 186855614 1
1345633 1771533 1
1345633 1791300 1
1345633 4842371 1
1345633 5459112 1
1345633 6485829 1
1345633 10171513 1
1345633 11158622 1
1345633 11235674 1
1345633 12480882 1
1345633 13153650 1
1345633 13262934 1
1345633 13350013 1
1345633 13423028 1
1345633 13720435 1
1345633 14084988 1
1345633 14247188 1
1345633 14575301 1
1345633 14586138 1
1345633 19768541 1
1345633 35334152 1
1345633 54260632 1
1345633 61498022 1
1345633 115359602 1
1345633 152095082 1
1345633 157254902 1
1345633 183169131 1
1345633 185370248 1
1345633 185389250 1
1345633 185470377 1
1345633 186080390 1
1345633 186855614 1
1771533 1791300 1
1771533 4842371 1
1771533 5459112 1
1771533 6485829 1
1771533 10171513 1
1771533 11158622 1
1771533 11235674 1
1771533 12480882 1
1771533 13153650 1
1771533 13262934 1
1771533 13350013 1
1771533 13423028 1
1771533 13720435 1
1771533 14084988 1
1771533 14247188 1
1771533 14575301 1
1771533 14586138 1
1771533 19768541 1
1771533 35334152 1
1771533 54260632 1
1771533 61498022 1
1771533 115359602 1
1771533 152095082 1
1771533 157254902 1
1771533 183169131 1
1771533 185370248 1
1771533 185389250 1
1771533 185470377 1
1771533 186080390 1
1771533 186855614 1
1791300 4842371 1
1791300 5459112 1
1791300 6485829 1
1791300 10171513 1
1791300 11158622 1
1791300 11235674 1
1791300 13153650 1
1791300 13350013 1
1791300 13423028 1
1791300 13720435 1
1791300 14084988 1
1791300 19768541 1
1791300 54260632 1
1791300 115359602 1
1791300 152095082 1
1791300 157254902 1
1791300 183169131 1
1791300 185470377 1
1791300 186080390 1
1791300 186855614 1
4842371 5459112 1
4842371 6485829 1
4842371 10171513 1
4842371 11158622 1
4842371 11235674 1
4842371 12480882 1
4842371 13153650 1
4842371 13262934 1
4842371 13350013 1
4842371 13423028 1
4842371 13720435 1
4842371 14084988 1
4842371 14247188 1
4842371 14575301 1
4842371 14586138 1
4842371 19768541 1
4842371 35334152 1
4842371 54260632 1
4842371 61498022 1
4842371 115359602 1
4842371 152095082 1
4842371 157254902 1
4842371 183169131 1
4842371 185370248 1
4842371 185389250 1
4842371 185470377 1
4842371 186080390 1
4842371 186855614 1
5459112 6485829 1
5459112 10171513 1
5459112 11158622 1
5459112 11235674 1
5459112 12480882 1
5459112 13153650 1
5459112 13262934 1
5459112 13350013 1
5459112 13423028 1
5459112 13720435 1
5459112 14084988 1
5459112 14247188 1
5459112 14575301 1
5459112 14586138 1
5459112 19768541 1
5459112 35334152 1
5459112 54260632 1
5459112 61498022 1
5459112 115359602 1
5459112 152095082 1
5459112 157254902 1
5459112 183169131 1
5459112 185370248 1
5459112 185389250 1
5459112 185470377 1
5459112 186080390 1
5459112 186855614 1
6485829 10171513 1
6485829 11158622 1
6485829 11235674 1
6485829 12480882 1
6485829 13153650 1
6485829 13262934 1
6485829 13350013 1
6485829 13423028 1
6485829 13720435 1
6485829 14084988 1
6485829 14247188 1
6485829 14575301 1
6485829 14586138 1
6485829 19768541 1
6485829 35334152 1
6485829 54260632 1
6485829 61498022 1
6485829 115359602 1
6485829 152095082 1
6485829 157254902 1
6485829 183169131 1
6485829 185370248 1
6485829 185389250 1
6485829 185470377 1
6485829 186080390 1
6485829 186855614 1
10171513 11158622 1
10171513 11235674 1
10171513 12480882 1
10171513 13153650 1
10171513 13262934 1
10171513 13350013 1
10171513 13423028 1
10171513 13720435 1
10171513 14084988 1
10171513 14247188 1
10171513 14575301 1
10171513 14586138 1
10171513 19768541 1
10171513 35334152 1
10171513 54260632 1
10171513 61498022 1
10171513 115359602 1
10171513 152095082 1
10171513 157254902 1
10171513 183169131 1
10171513 185370248 1
10171513 185389250 1
10171513 185470377 1
10171513 186080390 1
10171513 186855614 1
11158622 11235674 1
11158622 12480882 1
11158622 13153650 1
11158622 13262934 1
11158622 13350013 1
11158622 13423028 1
11158622 13720435 1
11158622 14084988 1
11158622 14247188 1
11158622 14575301 1
11158622 14586138 1
11158622 19768541 1
11158622 35334152 1
11158622 54260632 1
11158622 61498022 1
11158622 115359602 1
11158622 152095082 1
11158622 157254902 1
11158622 183169131 1
11158622 185370248 1
11158622 185389250 1
11158622 185470377 1
11158622 186080390 1
11158622 186855614 1
11235674 12480882 1
11235674 13153650 1
11235674 13423028 1
11235674 13720435 1
11235674 14084988 1
11235674 14575301 1
11235674 14586138 1
11235674 19768541 1
11235674 54260632 1
11235674 61498022 1
11235674 115359602 1
11235674 152095082 1
11235674 157254902 1
11235674 183169131 1
11235674 185470377 1
11235674 186080390 1
11235674 186855614 1
12480882 13153650 1
12480882 13350013 1
12480882 13423028 1
12480882 13720435 1
12480882 14084988 1
12480882 19768541 1
12480882 54260632 1
12480882 115359602 1
12480882 152095082 1
12480882 157254902 1
12480882 183169131 1
12480882 185470377 1
12480882 186080390 1
12480882 186855614 1
13153650 13262934 1
13153650 13350013 1
13153650 13423028 1
13153650 13720435 1
13153650 14084988 1
13153650 14247188 1
13153650 14575301 1
13153650 14586138 1
13153650 19768541 1
13153650 35334152 1
13153650 54260632 1
13153650 61498022 1
13153650 115359602 1
13153650 152095082 1
13153650 157254902 1
13153650 183169131 1
13153650 185370248 1
13153650 185389250 1
13153650 185470377 1
13153650 186080390 1
13153650 186855614 1
13262934 13423028 1
13262934 13720435 1
13262934 14084988 1
13262934 19768541 1
13262934 54260632 1
13262934 115359602 1
13262934 152095082 1
13262934 157254902 1
13262934 185470377 1
13262934 186855614 1
13350013 13423028 1
13350013 13720435 1
13350013 14084988 1
13350013 14575301 1
13350013 14586138 1
13350013 19768541 1
13350013 54260632 1
13350013 115359602 1
13350013 152095082 1
13350013 157254902 1
13350013 186855614 1
13423028 13720435 1
13423028 14084988 1
13423028 14247188 1
13423028 14575301 1
13423028 14586138 1
13423028 19768541 1
13423028 35334152 1
13423028 54260632 1
13423028 61498022 1
13423028 115359602 1
13423028 152095082 1
13423028 157254902 1
13423028 183169131 1
13423028 185370248 1
13423028 185389250 1
13423028 185470377 1
13423028 186080390 1
13423028 186855614 1
13720435 14084988 1
13720435 14247188 1
13720435 14575301 1
13720435 14586138 1
13720435 19768541 1
13720435 35334152 1
13720435 54260632 1
13720435 61498022 1
13720435 115359602 1
13720435 152095082 1
13720435 157254902 1
13720435 183169131 1
13720435 185370248 1
13720435 185389250 1
13720435 185470377 1
13720435 186080390 1
13720435 186855614 1
14084988 14247188 1
14084988 14575301 1
14084988 14586138 1
14084988 19768541 1
14084988 35334152 1
14084988 54260632 1
14084988 61498022 1
14084988 115359602 1
14084988 152095082 1
14084988 157254902 1
14084988 183169131 1
14084988 185370248 1
14084988 185389250 1
14084988 185470377 1
14084988 186080390 1
14084988 186855614 1
14247188 19768541 1
14247188 115359602 1
14247188 152095082 1
14247188 157254902 1
14247188 185470377 1
14247188 186855614 1
14575301 19768541 1
14575301 115359602 1
14575301 152095082 1
14575301 157254902 1
14575301 183169131 1
14575301 185470377 1
14575301 186080390 1
14575301 186855614 1
14586138 19768541 1
14586138 54260632 1
14586138 115359602 1
14586138 152095082 1
14586138 157254902 1
14586138 183169131 1
14586138 185470377 1
14586138 186080390 1
14586138 186855614 1
19768541 35334152 1
19768541 54260632 1
19768541 61498022 1
19768541 115359602 1
19768541 152095082 1
19768541 157254902 1
19768541 183169131 1
19768541 185370248 1
19768541 185389250 1
19768541 185470377 1
19768541 186080390 1
19768541 186855614 1
35334152 115359602 1
35334152 152095082 1
35334152 157254902 1
35334152 186855614 1
54260632 61498022 1
54260632 115359602 1
54260632 152095082 1
54260632 157254902 1
54260632 183169131 1
54260632 185389250 1
54260632 185470377 1
54260632 186080390 1
54260632 186855614 1
61498022 115359602 1
61498022 152095082 1
61498022 157254902 1
61498022 183169131 1
61498022 185470377 1
61498022 186080390 1
61498022 186855614 1
115359602 152095082 1
115359602 157254902 1
115359602 183169131 1
115359602 185370248 1
115359602 185389250 1
115359602 185470377 1
115359602 186080390 1
115359602 186855614 1
152095082 157254902 1
152095082 183169131 1
152095082 185370248 1
152095082 185389250 1
152095082 185470377 1
152095082 186080390 1
152095082 186855614 1
157254902 183169131 1
157254902 185370248 1
157254902 185389250 1
157254902 185470377 1
157254902 186080390 1
157254902 186855614 1
183169131 185389250 1
183169131 185470377 1
183169131 186855614 1
185370248 186855614 1
185389250 186080390 1
185389250 186855614 1
185470377 186080390 1
185470377 186855614 1
186080390 186855614 1
