8507360 10749216 50244482 50939202 61273282 3255878 1962248 11070344 13976938 12510027 59054712 49587342 14609774 9675952 58498032 13020762 55817432 57291322
3255878 8507360 10
3255878 12510027 10
3255878 57291322 3
8507360 12510027 10
8507360 57291322 3
12510027 57291322 3
3255878 10749216 3
8507360 10749216 3
10749216 12510027 3
3255878 9675952 3
3255878 13020762 3
3255878 49587342 3
8507360 9675952 3
8507360 13020762 3
8507360 49587342 3
9675952 12510027 3
9675952 13020762 1
9675952 49587342 1
9675952 57291322 2
12510027 13020762 3
12510027 49587342 3
13020762 49587342 3
13020762 57291322 1
49587342 57291322 1
3255878 55817432 1
3255878 59054712 1
8507360 55817432 1
8507360 59054712 1
9675952 55817432 1
9675952 59054712 1
12510027 55817432 1
12510027 59054712 1
55817432 57291322 1
55817432 59054712 1
57291322 59054712 1
3255878 50244482 2
8507360 50244482 2
12510027 50244482 2
10749216 13020762 2
10749216 49587342 2
1962248 3255878 1
1962248 8507360 1
1962248 11070344 1
1962248 12510027 1
1962248 13976938 1
1962248 50939202 1
3255878 11070344 1
3255878 13976938 1
3255878 50939202 1
8507360 11070344 1
8507360 13976938 1
8507360 50939202 1
11070344 12510027 1
11070344 13976938 1
11070344 50939202 1
12510027 13976938 1
12510027 50939202 1
13976938 50939202 1
9675952 50244482 1
3255878 58498032 1
8507360 58498032 1
10749216 58498032 1
12510027 58498032 1
13020762 58498032 1
49587342 58498032 1
3255878 14609774 1
3255878 61273282 1
8507360 14609774 1
8507360 61273282 1
12510027 14609774 1
12510027 61273282 1
14609774 61273282 1
