78894982 11157515 31258892 3265932 21723021 70436242 24413592 11258908 6606622 26301602 7251746 53860902 3585455 42120372 60953782 71036982 73521852 13487171 58904262 6925387 66637132 18055261 19768541 58201572 13167461 71381222 8296940 6676205 9696237 11769199 71851512 63021692
19768541 31258892 1
19768541 58201572 1
19768541 71381222 2
31258892 58201572 1
31258892 71381222 1
58201572 71381222 1
6676205 18055261 1
6676205 19768541 1
6676205 24413592 1
6676205 26301602 1
6676205 42120372 1
6676205 53860902 1
6676205 63021692 1
6676205 66637132 1
18055261 19768541 1
18055261 24413592 1
18055261 26301602 1
18055261 42120372 1
18055261 53860902 1
18055261 63021692 1
18055261 66637132 1
19768541 24413592 1
19768541 26301602 2
19768541 42120372 2
19768541 53860902 2
19768541 63021692 1
19768541 66637132 1
24413592 26301602 1
24413592 42120372 1
24413592 53860902 1
24413592 63021692 1
24413592 66637132 1
26301602 42120372 1
26301602 53860902 1
26301602 63021692 1
26301602 66637132 1
42120372 53860902 1
42120372 63021692 1
42120372 66637132 1
53860902 63021692 1
53860902 66637132 1
63021692 66637132 1
7251746 11157515 1
7251746 13487171 1
7251746 19768541 1
7251746 53860902 1
7251746 60953782 1
7251746 70436242 1
7251746 71036982 1
7251746 73521852 1
11157515 13487171 1
11157515 19768541 1
11157515 53860902 1
11157515 60953782 1
11157515 70436242 1
11157515 71036982 1
11157515 73521852 1
13487171 19768541 4
13487171 53860902 1
13487171 60953782 1
13487171 70436242 4
13487171 71036982 3
13487171 73521852 4
19768541 60953782 1
19768541 70436242 4
19768541 71036982 3
19768541 73521852 4
53860902 60953782 1
53860902 70436242 1
53860902 71036982 1
53860902 73521852 1
60953782 70436242 1
60953782 71036982 1
60953782 73521852 1
70436242 71036982 3
70436242 73521852 4
71036982 73521852 3
3585455 8296940 1
3585455 9696237 1
3585455 11258908 1
3585455 19768541 1
3585455 42120372 1
3585455 71851512 1
8296940 9696237 1
8296940 11258908 1
8296940 19768541 1
8296940 42120372 1
8296940 71851512 1
9696237 11258908 1
9696237 19768541 1
9696237 42120372 1
9696237 71851512 1
11258908 19768541 1
11258908 42120372 1
11258908 71851512 1
19768541 71851512 1
42120372 71851512 1
6925387 13487171 2
6925387 19768541 2
6925387 70436242 2
6925387 71036982 2
6925387 73521852 2
3265932 19768541 1
3265932 21723021 1
3265932 26301602 1
3265932 58904262 1
19768541 21723021 1
19768541 58904262 1
21723021 26301602 1
21723021 58904262 1
26301602 58904262 1
6606622 11769199 1
6606622 13167461 1
6606622 19768541 1
6606622 71381222 1
11769199 13167461 1
11769199 19768541 1
11769199 71381222 1
13167461 19768541 1
13167461 71381222 1
6925387 78894982 1
13487171 78894982 1
19768541 78894982 1
70436242 78894982 1
71036982 78894982 1
73521852 78894982 1
