6693635 2332552 7191179 551695 3350928 5995537 1734674 2894483 3443472 7330196 3198870 7706771 8247186 7247516 7717538 8106786 7520293 2921855 5881131 5753005 4574130 7720884 3529013 1808948 2421813 2684474 6213178 3523003 5449147 4933690 3943738 7196225 6132803 4511171 2279935 3585869 6724173 1417679 3344209 4044114 5500756 1996117 8295764 3025885 7802596 7637992 4127853 8290289 989941 2521462 5136505 3482617 4483711
551695 3198870 5
551695 7802596 1
3198870 7802596 1
551695 1417679 6
551695 1734674 1
551695 1996117 4
551695 2279935 2
551695 2684474 1
551695 2894483 6
551695 3025885 2
551695 3529013 4
551695 3585869 1
551695 4127853 6
551695 4483711 1
551695 4574130 1
551695 5881131 2
551695 5995537 2
551695 6132803 7
551695 7637992 1
1417679 1734674 1
1417679 1996117 4
1417679 2279935 2
1417679 2684474 1
1417679 2894483 4
1417679 3025885 1
1417679 3198870 4
1417679 3529013 3
1417679 3585869 1
1417679 4127853 4
1417679 4483711 1
1417679 4574130 1
1417679 5881131 1
1417679 5995537 2
1417679 6132803 6
1417679 7637992 1
1734674 1996117 1
1734674 2279935 1
1734674 2684474 1
1734674 2894483 1
1734674 3025885 1
1734674 3198870 1
1734674 3529013 1
1734674 3585869 1
1734674 4127853 1
1734674 4483711 1
1734674 4574130 1
1734674 5881131 1
1734674 5995537 1
1734674 6132803 1
1734674 7637992 1
1996117 2279935 2
1996117 2684474 1
1996117 2894483 3
1996117 3025885 1
1996117 3198870 4
1996117 3529013 2
1996117 3585869 1
1996117 4127853 3
1996117 4483711 1
1996117 4574130 1
1996117 5881131 1
1996117 5995537 1
1996117 6132803 4
1996117 7637992 1
2279935 2684474 1
2279935 2894483 2
2279935 3025885 1
2279935 3198870 2
2279935 3529013 2
2279935 3585869 1
2279935 4127853 2
2279935 4483711 1
2279935 4574130 1
2279935 5881131 1
2279935 5995537 1
2279935 6132803 2
2279935 7637992 1
2684474 2894483 1
2684474 3025885 1
2684474 3198870 1
2684474 3529013 1
2684474 3585869 1
2684474 4127853 1
2684474 4483711 1
2684474 4574130 1
2684474 5881131 1
2684474 5995537 1
2684474 6132803 1
2684474 7637992 1
2894483 3025885 1
2894483 3198870 3
2894483 3529013 4
2894483 3585869 1
2894483 4127853 5
2894483 4483711 1
2894483 4574130 1
2894483 5881131 2
2894483 5995537 2
2894483 6132803 4
2894483 7637992 1
3025885 3198870 1
3025885 3529013 1
3025885 3585869 1
3025885 4127853 2
3025885 4483711 1
3025885 4574130 1
3025885 5881131 1
3025885 5995537 1
3025885 6132803 2
3025885 7637992 1
3198870 3529013 2
3198870 3585869 1
3198870 4127853 3
3198870 4483711 1
3198870 4574130 1
3198870 5881131 1
3198870 5995537 1
3198870 6132803 4
3198870 7637992 1
3529013 3585869 1
3529013 4127853 4
3529013 4483711 1
3529013 4574130 1
3529013 5881131 2
3529013 5995537 2
3529013 6132803 3
3529013 7637992 1
3585869 4127853 1
3585869 4483711 1
3585869 4574130 1
3585869 5881131 1
3585869 5995537 1
3585869 6132803 1
3585869 7637992 1
4127853 4483711 1
4127853 4574130 1
4127853 5881131 2
4127853 5995537 2
4127853 6132803 5
4127853 7637992 1
4483711 4574130 1
4483711 5881131 1
4483711 5995537 1
4483711 6132803 1
4483711 7637992 1
4574130 5881131 1
4574130 5995537 1
4574130 6132803 1
4574130 7637992 1
5881131 5995537 1
5881131 6132803 1
5881131 7637992 1
5995537 6132803 2
5995537 7637992 1
6132803 7637992 1
551695 3350928 3
551695 5136505 2
551695 5500756 2
551695 6213178 2
1417679 3350928 3
1417679 5136505 2
1417679 5500756 1
1417679 6213178 2
1996117 3350928 2
1996117 5136505 2
1996117 5500756 1
1996117 6213178 1
3198870 3350928 2
3198870 5136505 2
3198870 5500756 1
3198870 6213178 1
3350928 5136505 2
3350928 5500756 1
3350928 6132803 3
3350928 6213178 1
5136505 5500756 1
5136505 6132803 2
5136505 6213178 1
5500756 6132803 2
5500756 6213178 1
6132803 6213178 2
551695 2332552 1
551695 3443472 1
551695 3523003 2
551695 4511171 1
551695 5449147 1
551695 5753005 2
551695 6693635 1
551695 7717538 1
551695 7720884 1
2332552 3025885 1
2332552 3443472 1
2332552 3523003 1
2332552 4127853 1
2332552 4511171 1
2332552 5449147 1
2332552 5500756 1
2332552 5753005 1
2332552 6132803 1
2332552 6693635 1
2332552 7717538 1
2332552 7720884 1
3025885 3443472 1
3025885 3523003 1
3025885 4511171 1
3025885 5449147 1
3025885 5500756 1
3025885 5753005 1
3025885 6693635 1
3025885 7717538 1
3025885 7720884 1
3443472 3523003 1
3443472 4127853 1
3443472 4511171 1
3443472 5449147 1
3443472 5500756 1
3443472 5753005 1
3443472 6132803 1
3443472 6693635 1
3443472 7717538 1
3443472 7720884 1
3523003 4127853 2
3523003 4511171 1
3523003 5449147 1
3523003 5500756 1
3523003 5753005 1
3523003 6132803 2
3523003 6693635 1
3523003 7717538 1
3523003 7720884 1
4127853 4511171 1
4127853 5449147 1
4127853 5500756 1
4127853 5753005 2
4127853 6693635 1
4127853 7717538 1
4127853 7720884 1
4511171 5449147 1
4511171 5500756 1
4511171 5753005 1
4511171 6132803 1
4511171 6693635 1
4511171 7717538 1
4511171 7720884 1
5449147 5500756 1
5449147 5753005 1
5449147 6132803 1
5449147 6693635 1
5449147 7717538 1
5449147 7720884 1
5500756 5753005 1
5500756 6693635 1
5500756 7717538 1
5500756 7720884 1
5753005 6132803 1
5753005 6693635 1
5753005 7717538 1
5753005 7720884 1
6132803 6693635 1
6132803 7717538 1
6132803 7720884 1
6693635 7717538 1
6693635 7720884 1
7717538 7720884 1
551695 7196225 1
551695 7247516 2
551695 7330196 2
551695 7520293 4
551695 7706771 2
551695 8106786 1
2894483 5753005 1
2894483 7196225 1
2894483 7247516 2
2894483 7330196 2
2894483 7520293 4
2894483 7706771 2
2894483 8106786 1
3529013 5753005 1
3529013 7196225 1
3529013 7247516 1
3529013 7330196 2
3529013 7520293 3
3529013 7706771 2
3529013 8106786 1
4127853 7196225 1
4127853 7247516 2
4127853 7330196 2
4127853 7520293 4
4127853 7706771 2
4127853 8106786 1
5753005 5881131 1
5753005 7196225 1
5753005 7247516 1
5753005 7330196 1
5753005 7520293 1
5753005 7706771 1
5753005 8106786 1
5881131 7196225 1
5881131 7247516 1
5881131 7330196 1
5881131 7520293 1
5881131 7706771 1
5881131 8106786 1
7196225 7247516 1
7196225 7330196 1
7196225 7520293 1
7196225 7706771 1
7196225 8106786 1
7247516 7330196 1
7247516 7520293 2
7247516 7706771 1
7247516 8106786 1
7330196 7520293 2
7330196 7706771 2
7330196 8106786 1
7520293 7706771 2
7520293 8106786 1
7706771 8106786 1
551695 989941 2
551695 2921855 2
551695 7191179 2
551695 8247186 1
989941 1417679 2
989941 1996117 2
989941 2894483 2
989941 2921855 2
989941 3198870 2
989941 3523003 1
989941 4127853 2
989941 6132803 2
989941 7191179 2
989941 7247516 1
989941 7520293 2
989941 8247186 1
1417679 2921855 2
1417679 3523003 1
1417679 7191179 2
1417679 7247516 1
1417679 7520293 3
1417679 8247186 1
1996117 2921855 2
1996117 3523003 1
1996117 7191179 2
1996117 7247516 1
1996117 7520293 2
1996117 8247186 1
2894483 2921855 2
2894483 3523003 1
2894483 7191179 2
2894483 8247186 1
2921855 3198870 2
2921855 3523003 1
2921855 4127853 2
2921855 6132803 2
2921855 7191179 2
2921855 7247516 1
2921855 7520293 2
2921855 8247186 1
3198870 3523003 1
3198870 7191179 2
3198870 7247516 1
3198870 7520293 2
3198870 8247186 1
3523003 7191179 1
3523003 7247516 1
3523003 7520293 1
3523003 8247186 1
4127853 7191179 2
4127853 8247186 1
6132803 7191179 2
6132803 7247516 1
6132803 7520293 3
6132803 8247186 1
7191179 7247516 1
7191179 7520293 2
7191179 8247186 1
7247516 8247186 1
7520293 8247186 1
551695 1808948 3
551695 6724173 1
1808948 2894483 3
1808948 6724173 1
2894483 6724173 1
551695 2421813 1
551695 2521462 1
551695 3482617 1
551695 4933690 1
551695 8295764 2
1417679 1808948 2
1417679 2421813 1
1417679 2521462 1
1417679 3482617 1
1417679 4933690 1
1417679 7330196 1
1417679 7706771 1
1417679 8295764 2
1808948 2421813 1
1808948 2521462 1
1808948 3482617 1
1808948 3529013 2
1808948 4127853 2
1808948 4933690 1
1808948 5995537 1
1808948 6132803 2
1808948 6213178 1
1808948 7330196 1
1808948 7520293 2
1808948 7706771 1
1808948 8295764 2
2421813 2521462 1
2421813 2894483 1
2421813 3482617 1
2421813 3529013 1
2421813 4127853 1
2421813 4933690 1
2421813 5995537 1
2421813 6132803 1
2421813 6213178 1
2421813 7330196 1
2421813 7520293 1
2421813 7706771 1
2421813 8295764 1
2521462 2894483 1
2521462 3482617 1
2521462 3529013 1
2521462 4127853 1
2521462 4933690 1
2521462 5995537 1
2521462 6132803 1
2521462 6213178 1
2521462 7330196 1
2521462 7520293 1
2521462 7706771 1
2521462 8295764 1
2894483 3482617 1
2894483 4933690 1
2894483 6213178 1
2894483 8295764 2
3482617 3529013 1
3482617 4127853 1
3482617 4933690 1
3482617 5995537 1
3482617 6132803 1
3482617 6213178 1
3482617 7330196 1
3482617 7520293 1
3482617 7706771 1
3482617 8295764 1
3529013 4933690 1
3529013 6213178 1
3529013 8295764 2
4127853 4933690 1
4127853 6213178 1
4127853 8295764 2
4933690 5995537 1
4933690 6132803 1
4933690 6213178 1
4933690 7330196 1
4933690 7520293 1
4933690 7706771 1
4933690 8295764 1
5995537 6213178 1
5995537 7330196 1
5995537 7520293 1
5995537 7706771 1
5995537 8295764 1
6132803 7330196 1
6132803 7706771 1
6132803 8295764 2
6213178 7330196 1
6213178 7520293 1
6213178 7706771 1
6213178 8295764 1
7330196 8295764 1
7520293 8295764 2
7706771 8295764 1
551695 3344209 1
551695 3943738 1
551695 4044114 1
551695 8290289 1
989941 1808948 1
989941 2279935 1
989941 3344209 1
989941 3350928 1
989941 3529013 1
989941 3943738 1
989941 4044114 1
989941 5136505 1
989941 8290289 1
989941 8295764 1
1417679 3344209 1
1417679 3943738 1
1417679 4044114 1
1417679 8290289 1
1808948 1996117 1
1808948 2279935 1
1808948 2921855 1
1808948 3198870 1
1808948 3344209 1
1808948 3350928 1
1808948 3943738 1
1808948 4044114 1
1808948 5136505 1
1808948 7191179 1
1808948 8290289 1
1996117 3344209 1
1996117 3943738 1
1996117 4044114 1
1996117 8290289 1
1996117 8295764 1
2279935 2921855 1
2279935 3344209 1
2279935 3350928 1
2279935 3943738 1
2279935 4044114 1
2279935 5136505 1
2279935 7191179 1
2279935 7520293 1
2279935 8290289 1
2279935 8295764 1
2894483 3344209 1
2894483 3350928 1
2894483 3943738 1
2894483 4044114 1
2894483 5136505 1
2894483 8290289 1
2921855 3344209 1
2921855 3350928 1
2921855 3529013 1
2921855 3943738 1
2921855 4044114 1
2921855 5136505 1
2921855 8290289 1
2921855 8295764 1
3198870 3344209 1
3198870 3943738 1
3198870 4044114 1
3198870 8290289 1
3198870 8295764 1
3344209 3350928 1
3344209 3529013 1
3344209 3943738 1
3344209 4044114 1
3344209 4127853 1
3344209 5136505 1
3344209 6132803 1
3344209 7191179 1
3344209 7520293 1
3344209 8290289 1
3344209 8295764 1
3350928 3529013 1
3350928 3943738 1
3350928 4044114 1
3350928 4127853 1
3350928 7191179 1
3350928 7520293 1
3350928 8290289 1
3350928 8295764 1
3529013 3943738 1
3529013 4044114 1
3529013 5136505 1
3529013 7191179 1
3529013 8290289 1
3943738 4044114 1
3943738 4127853 1
3943738 5136505 1
3943738 6132803 1
3943738 7191179 1
3943738 7520293 1
3943738 8290289 1
3943738 8295764 1
4044114 4127853 1
4044114 5136505 1
4044114 6132803 1
4044114 7191179 1
4044114 7520293 1
4044114 8290289 1
4044114 8295764 1
4127853 5136505 1
4127853 8290289 1
5136505 7191179 1
5136505 7520293 1
5136505 8290289 1
5136505 8295764 1
6132803 8290289 1
7191179 8290289 1
7191179 8295764 1
7520293 8290289 1
8290289 8295764 1
