9891098 9554483 9733556 13216692 9309235 2668852 13571895 45238342 12867787 18406091 42811852 4273741 12324303 5694808 10267481 11995992 12817371 54654432 10388200 11481322 53442932 28576762 8223611
9554483 9733556 1
9554483 9891098 5
9554483 10267481 2
9554483 10388200 2
9554483 12867787 3
9554483 13216692 5
9554483 18406091 5
9554483 42811852 5
9733556 9891098 1
9733556 10267481 1
9733556 10388200 1
9733556 12867787 1
9733556 13216692 1
9733556 18406091 1
9733556 42811852 1
9891098 10267481 3
9891098 10388200 5
9891098 12867787 3
9891098 13216692 9
9891098 18406091 8
9891098 42811852 8
10267481 10388200 2
10267481 12867787 2
10267481 13216692 3
10267481 18406091 3
10267481 42811852 3
10388200 12867787 2
10388200 13216692 5
10388200 18406091 5
10388200 42811852 3
12867787 13216692 3
12867787 18406091 3
12867787 42811852 3
13216692 18406091 8
13216692 42811852 7
18406091 42811852 6
8223611 9309235 3
8223611 9554483 4
8223611 9891098 7
8223611 10267481 2
8223611 12324303 4
8223611 12867787 2
8223611 13216692 7
8223611 18406091 6
8223611 42811852 6
8223611 53442932 3
8223611 54654432 3
9309235 9554483 3
9309235 9891098 3
9309235 10267481 1
9309235 12324303 1
9309235 12867787 2
9309235 13216692 3
9309235 18406091 3
9309235 42811852 3
9309235 53442932 2
9309235 54654432 2
9554483 12324303 2
9554483 53442932 2
9554483 54654432 2
9891098 12324303 4
9891098 53442932 4
9891098 54654432 3
10267481 12324303 2
10267481 53442932 2
10267481 54654432 2
12324303 12867787 1
12324303 13216692 4
12324303 18406091 4
12324303 42811852 3
12324303 53442932 2
12324303 54654432 2
12867787 53442932 1
12867787 54654432 1
13216692 53442932 3
13216692 54654432 3
18406091 53442932 3
18406091 54654432 3
42811852 53442932 4
42811852 54654432 3
53442932 54654432 3
8223611 10388200 3
8223611 28576762 4
9891098 28576762 4
10267481 28576762 1
10388200 12324303 2
10388200 28576762 2
10388200 53442932 1
10388200 54654432 1
12324303 28576762 2
13216692 28576762 4
18406091 28576762 3
28576762 42811852 4
28576762 53442932 1
28576762 54654432 1
2668852 4273741 1
2668852 9891098 1
2668852 10388200 1
2668852 13216692 1
2668852 18406091 1
2668852 45238342 1
4273741 9891098 1
4273741 10388200 1
4273741 13216692 1
4273741 18406091 1
4273741 45238342 1
9891098 45238342 2
10388200 45238342 1
13216692 45238342 2
18406091 45238342 2
5694808 8223611 2
5694808 9309235 1
5694808 9554483 1
5694808 9891098 2
5694808 13216692 2
5694808 18406091 2
5694808 42811852 1
5694808 53442932 1
5694808 54654432 1
8223611 45238342 1
9554483 28576762 2
9554483 45238342 1
12324303 45238342 1
28576762 45238342 1
42811852 45238342 1
8223611 11995992 1
8223611 12817371 1
9891098 11995992 1
9891098 12817371 1
11995992 12817371 1
11995992 13216692 1
11995992 28576762 1
11995992 42811852 1
12817371 13216692 1
12817371 28576762 1
12817371 42811852 1
9309235 10388200 1
9309235 28576762 1
12867787 28576762 1
5694808 10388200 1
5694808 12324303 1
9891098 11481322 1
9891098 13571895 1
11481322 13571895 1
11481322 42811852 1
11481322 53442932 1
13571895 42811852 1
13571895 53442932 1
