93335492 108231432 129556392 192859818 7698252 155540622 11865276 111691892 114637462 191445751 10224826 185601820 189885373 174935262 190616383
108231432 129556392 1
7698252 111691892 2
7698252 114637462 3
7698252 129556392 4
7698252 174935262 1
7698252 185601820 1
7698252 189885373 1
111691892 114637462 3
111691892 129556392 3
111691892 174935262 1
111691892 185601820 1
111691892 189885373 1
114637462 129556392 4
114637462 174935262 1
114637462 185601820 1
114637462 189885373 1
129556392 174935262 1
129556392 185601820 1
129556392 189885373 1
174935262 185601820 1
174935262 189885373 1
185601820 189885373 1
7698252 93335492 1
7698252 155540622 2
7698252 191445751 2
7698252 192859818 2
93335492 111691892 2
93335492 114637462 2
93335492 129556392 2
93335492 155540622 1
93335492 191445751 1
93335492 192859818 2
111691892 155540622 1
111691892 191445751 1
111691892 192859818 2
114637462 155540622 2
114637462 191445751 2
114637462 192859818 3
129556392 155540622 2
129556392 191445751 2
129556392 192859818 3
155540622 191445751 2
155540622 192859818 2
191445751 192859818 2
93335492 190616383 1
111691892 190616383 1
114637462 190616383 1
129556392 190616383 1
190616383 192859818 1
7698252 10224826 1
7698252 11865276 2
10224826 11865276 1
10224826 114637462 1
10224826 129556392 1
10224826 155540622 1
10224826 191445751 1
10224826 192859818 1
11865276 114637462 1
11865276 129556392 2
11865276 155540622 1
11865276 191445751 1
11865276 192859818 1
