8365834 43316492 8065806 8782356 45229972 16543001 43530912 12822825 398505 11981866 6424366 14351153 14064695 13951416 46598972 45769152 8855234 46509252 46271432 12913483 46588492 41349582 5184853 2339416 42721112 12660961 877417 8174954 9146346 9806700 14524141 10887406 13976938 10090611 9658614 46392182 4327545 10205051
2339416 8782356 1
2339416 10205051 2
2339416 12822825 3
2339416 13951416 1
2339416 14351153 1
8782356 10205051 1
8782356 12822825 1
8782356 13951416 1
8782356 14351153 1
10205051 12822825 2
10205051 13951416 1
10205051 14351153 1
12822825 13951416 1
12822825 14351153 1
13951416 14351153 1
398505 877417 1
398505 4327545 1
398505 5184853 1
398505 8065806 1
398505 8174954 1
398505 8365834 1
398505 8855234 1
398505 9146346 1
398505 9658614 1
398505 9806700 1
398505 10090611 1
398505 10887406 1
398505 12913483 1
398505 14064695 1
398505 14524141 1
398505 16543001 1
398505 41349582 1
398505 42721112 1
398505 43530912 1
398505 45229972 1
398505 45769152 1
877417 4327545 1
877417 5184853 1
877417 8065806 1
877417 8174954 1
877417 8365834 1
877417 8855234 2
877417 9146346 1
877417 9658614 1
877417 9806700 2
877417 10090611 1
877417 10887406 1
877417 12913483 1
877417 14064695 1
877417 14524141 1
877417 16543001 1
877417 41349582 2
877417 42721112 1
877417 43530912 1
877417 45229972 1
877417 45769152 1
4327545 5184853 1
4327545 8065806 1
4327545 8174954 1
4327545 8365834 1
4327545 8855234 1
4327545 9146346 1
4327545 9658614 1
4327545 9806700 1
4327545 10090611 1
4327545 10887406 1
4327545 12913483 1
4327545 14064695 1
4327545 14524141 1
4327545 16543001 1
4327545 41349582 1
4327545 42721112 1
4327545 43530912 1
4327545 45229972 1
4327545 45769152 1
5184853 8065806 1
5184853 8174954 1
5184853 8365834 1
5184853 8855234 1
5184853 9146346 1
5184853 9658614 1
5184853 9806700 1
5184853 10090611 1
5184853 10887406 1
5184853 12913483 1
5184853 14064695 1
5184853 14524141 1
5184853 16543001 1
5184853 41349582 1
5184853 42721112 1
5184853 43530912 1
5184853 45229972 1
5184853 45769152 1
8065806 8174954 1
8065806 8365834 1
8065806 8855234 1
8065806 9146346 1
8065806 9658614 1
8065806 9806700 1
8065806 10090611 1
8065806 10887406 1
8065806 12913483 1
8065806 14064695 1
8065806 14524141 1
8065806 16543001 1
8065806 41349582 1
8065806 42721112 1
8065806 43530912 1
8065806 45229972 1
8065806 45769152 1
8174954 8365834 1
8174954 8855234 1
8174954 9146346 1
8174954 9658614 1
8174954 9806700 1
8174954 10090611 1
8174954 10887406 1
8174954 12913483 1
8174954 14064695 1
8174954 14524141 1
8174954 16543001 1
8174954 41349582 1
8174954 42721112 1
8174954 43530912 1
8174954 45229972 1
8174954 45769152 1
8365834 8855234 1
8365834 9146346 1
8365834 9658614 1
8365834 9806700 1
8365834 10090611 1
8365834 10887406 1
8365834 12913483 1
8365834 14064695 1
8365834 14524141 1
8365834 16543001 1
8365834 41349582 1
8365834 42721112 1
8365834 43530912 1
8365834 45229972 1
8365834 45769152 1
8855234 9146346 1
8855234 9658614 1
8855234 9806700 2
8855234 10090611 1
8855234 10887406 1
8855234 12913483 1
8855234 14064695 1
8855234 14524141 1
8855234 16543001 1
8855234 41349582 2
8855234 42721112 1
8855234 43530912 1
8855234 45229972 1
8855234 45769152 1
9146346 9658614 1
9146346 9806700 1
9146346 10090611 1
9146346 10887406 1
9146346 12913483 1
9146346 14064695 1
9146346 14524141 1
9146346 16543001 1
9146346 41349582 1
9146346 42721112 1
9146346 43530912 1
9146346 45229972 1
9146346 45769152 1
9658614 9806700 1
9658614 10090611 1
9658614 10887406 1
9658614 12913483 1
9658614 14064695 1
9658614 14524141 1
9658614 16543001 1
9658614 41349582 1
9658614 42721112 1
9658614 43530912 1
9658614 45229972 1
9658614 45769152 1
9806700 10090611 1
9806700 10887406 1
9806700 12913483 1
9806700 14064695 1
9806700 14524141 1
9806700 16543001 1
9806700 41349582 2
9806700 42721112 1
9806700 43530912 1
9806700 45229972 1
9806700 45769152 1
10090611 10887406 1
10090611 12913483 1
10090611 14064695 1
10090611 14524141 1
10090611 16543001 1
10090611 41349582 1
10090611 42721112 1
10090611 43530912 1
10090611 45229972 1
10090611 45769152 1
10887406 12913483 1
10887406 14064695 1
10887406 14524141 1
10887406 16543001 1
10887406 41349582 1
10887406 42721112 1
10887406 43530912 1
10887406 45229972 1
10887406 45769152 1
12913483 14064695 1
12913483 14524141 1
12913483 16543001 1
12913483 41349582 1
12913483 42721112 1
12913483 43530912 1
12913483 45229972 1
12913483 45769152 1
14064695 14524141 1
14064695 16543001 1
14064695 41349582 1
14064695 42721112 1
14064695 43530912 1
14064695 45229972 1
14064695 45769152 1
14524141 16543001 1
14524141 41349582 1
14524141 42721112 1
14524141 43530912 1
14524141 45229972 1
14524141 45769152 1
16543001 41349582 1
16543001 42721112 1
16543001 43530912 1
16543001 45229972 1
16543001 45769152 1
41349582 42721112 1
41349582 43530912 1
41349582 45229972 1
41349582 45769152 1
42721112 43530912 1
42721112 45229972 1
42721112 45769152 1
43530912 45229972 1
43530912 45769152 1
45229972 45769152 1
2339416 46271432 2
2339416 13976938 1
2339416 46392182 1
2339416 46509252 1
2339416 46588492 1
2339416 46598972 2
10205051 13976938 1
10205051 46271432 1
10205051 46392182 1
10205051 46509252 1
10205051 46588492 1
10205051 46598972 1
12822825 13976938 1
12822825 46271432 1
12822825 46392182 1
12822825 46509252 1
12822825 46588492 1
12822825 46598972 1
13976938 46271432 1
13976938 46392182 1
13976938 46509252 1
13976938 46588492 1
13976938 46598972 1
46271432 46392182 1
46271432 46509252 1
46271432 46588492 1
46271432 46598972 1
46392182 46509252 1
46392182 46588492 1
46392182 46598972 1
46509252 46588492 1
46509252 46598972 1
46588492 46598972 1
877417 6424366 1
877417 11981866 1
877417 12660961 1
877417 43316492 1
6424366 8855234 1
6424366 9806700 1
6424366 11981866 1
6424366 12660961 1
6424366 41349582 1
6424366 43316492 1
8855234 11981866 1
8855234 12660961 1
8855234 43316492 1
9806700 11981866 1
9806700 12660961 1
9806700 43316492 1
11981866 12660961 1
11981866 41349582 1
11981866 43316492 1
12660961 41349582 1
12660961 43316492 1
41349582 43316492 1
