9186432 115109252 8365834 69130252 55298572 8065806 9460492 10232080 66456592 12323085 8782356 12672280 12303257 3318552 130112922 12987932 8352539 120554022 3333543 10480426 10137260 84374832 12171189 116069942 12762935 108986552 106139832 54437562 13547583 8855234 26188742 3157320 8346314 97870412 8552013 11011791 9133010 42041682 106160852 1449301 87138812 10751319 2339416 11157335 6899421 7050976 60479072 67476842 120583402 9806700 55409772 117051502 53434352 125517552 13932531 4327545 10205051 12520188 14585470
1449301 6899421 1
1449301 8782356 1
1449301 8855234 1
1449301 9133010 1
1449301 10232080 1
1449301 10751319 1
1449301 11011791 1
1449301 12171189 1
1449301 12520188 1
1449301 12672280 1
1449301 13547583 1
1449301 97870412 1
1449301 106160852 1
1449301 108986552 1
1449301 115109252 1
1449301 120554022 1
6899421 8782356 1
6899421 8855234 5
6899421 9133010 5
6899421 10232080 2
6899421 10751319 2
6899421 11011791 1
6899421 12171189 4
6899421 12520188 1
6899421 12672280 1
6899421 13547583 4
6899421 97870412 6
6899421 106160852 4
6899421 108986552 6
6899421 115109252 1
6899421 120554022 1
8782356 8855234 2
8782356 9133010 2
8782356 10232080 3
8782356 10751319 1
8782356 11011791 1
8782356 12171189 1
8782356 12520188 1
8782356 12672280 1
8782356 13547583 1
8782356 97870412 3
8782356 106160852 1
8782356 108986552 1
8782356 115109252 1
8782356 120554022 1
8855234 9133010 6
8855234 10232080 3
8855234 10751319 2
8855234 11011791 1
8855234 12171189 4
8855234 12520188 1
8855234 12672280 1
8855234 13547583 3
8855234 97870412 7
8855234 106160852 4
8855234 108986552 6
8855234 115109252 1
8855234 120554022 1
9133010 10232080 3
9133010 10751319 2
9133010 11011791 1
9133010 12171189 5
9133010 12520188 1
9133010 12672280 1
9133010 13547583 3
9133010 97870412 7
9133010 106160852 4
9133010 108986552 6
9133010 115109252 1
9133010 120554022 1
10232080 10751319 1
10232080 11011791 1
10232080 12171189 2
10232080 12520188 1
10232080 12672280 1
10232080 13547583 1
10232080 97870412 4
10232080 106160852 1
10232080 108986552 2
10232080 115109252 1
10232080 120554022 1
10751319 11011791 1
10751319 12171189 1
10751319 12520188 1
10751319 12672280 1
10751319 13547583 1
10751319 97870412 2
10751319 106160852 2
10751319 108986552 2
10751319 115109252 1
10751319 120554022 1
11011791 12171189 1
11011791 12520188 1
11011791 12672280 1
11011791 13547583 1
11011791 97870412 1
11011791 106160852 1
11011791 108986552 1
11011791 115109252 1
11011791 120554022 1
12171189 12520188 1
12171189 12672280 1
12171189 13547583 3
12171189 97870412 5
12171189 106160852 3
12171189 108986552 5
12171189 115109252 1
12171189 120554022 1
12520188 12672280 1
12520188 13547583 1
12520188 97870412 1
12520188 106160852 1
12520188 108986552 1
12520188 115109252 1
12520188 120554022 1
12672280 13547583 1
12672280 97870412 1
12672280 106160852 1
12672280 108986552 1
12672280 115109252 1
12672280 120554022 1
13547583 97870412 4
13547583 106160852 3
13547583 108986552 4
13547583 115109252 1
13547583 120554022 1
97870412 106160852 5
97870412 108986552 7
97870412 115109252 1
97870412 120554022 1
106160852 108986552 5
106160852 115109252 1
106160852 120554022 1
108986552 115109252 1
108986552 120554022 1
115109252 120554022 1
3157320 3333543 1
3157320 8346314 1
3157320 8552013 1
3157320 8782356 1
3157320 8855234 1
3157320 9133010 1
3157320 9806700 1
3157320 10232080 1
3157320 10480426 1
3157320 26188742 1
3157320 53434352 1
3157320 67476842 1
3157320 97870412 1
3333543 8346314 1
3333543 8552013 1
3333543 8782356 1
3333543 8855234 1
3333543 9133010 1
3333543 9806700 1
3333543 10232080 1
3333543 10480426 1
3333543 26188742 1
3333543 53434352 1
3333543 67476842 1
3333543 97870412 1
8346314 8552013 1
8346314 8782356 1
8346314 8855234 5
8346314 9133010 4
8346314 9806700 4
8346314 10232080 2
8346314 10480426 1
8346314 26188742 1
8346314 53434352 3
8346314 67476842 2
8346314 97870412 5
8552013 8782356 1
8552013 8855234 1
8552013 9133010 1
8552013 9806700 1
8552013 10232080 1
8552013 10480426 1
8552013 26188742 1
8552013 53434352 1
8552013 67476842 1
8552013 97870412 1
8782356 9806700 1
8782356 10480426 1
8782356 26188742 1
8782356 53434352 1
8782356 67476842 1
8855234 9806700 5
8855234 10480426 1
8855234 26188742 1
8855234 53434352 3
8855234 67476842 2
9133010 9806700 6
9133010 10480426 1
9133010 26188742 1
9133010 53434352 2
9133010 67476842 2
9806700 10232080 2
9806700 10480426 1
9806700 26188742 1
9806700 53434352 2
9806700 67476842 2
9806700 97870412 6
10232080 10480426 1
10232080 26188742 1
10232080 53434352 2
10232080 67476842 1
10480426 26188742 1
10480426 53434352 1
10480426 67476842 1
10480426 97870412 1
26188742 53434352 1
26188742 67476842 1
26188742 97870412 1
53434352 67476842 1
53434352 97870412 3
67476842 97870412 2
2339416 6899421 1
2339416 8346314 1
2339416 8855234 1
2339416 13547583 1
2339416 53434352 1
2339416 69130252 1
2339416 97870412 1
2339416 106160852 1
2339416 108986552 1
2339416 125517552 1
6899421 8346314 4
6899421 53434352 2
6899421 69130252 1
6899421 125517552 4
8346314 13547583 2
8346314 69130252 1
8346314 106160852 2
8346314 108986552 4
8346314 125517552 3
8855234 69130252 1
8855234 125517552 4
13547583 53434352 1
13547583 69130252 1
13547583 125517552 2
53434352 69130252 1
53434352 106160852 1
53434352 108986552 2
53434352 125517552 2
69130252 97870412 1
69130252 106160852 1
69130252 108986552 1
69130252 125517552 1
97870412 125517552 5
106160852 125517552 4
108986552 125517552 5
6899421 7050976 2
6899421 9806700 4
6899421 12303257 1
6899421 13932531 4
6899421 116069942 3
7050976 8346314 1
7050976 8855234 1
7050976 9133010 2
7050976 9806700 2
7050976 10232080 1
7050976 12171189 2
7050976 12303257 1
7050976 13932531 2
7050976 53434352 1
7050976 97870412 2
7050976 108986552 2
7050976 116069942 2
7050976 125517552 2
8346314 12171189 2
8346314 12303257 1
8346314 13932531 3
8346314 116069942 2
8855234 12303257 1
8855234 13932531 4
8855234 116069942 3
9133010 12303257 1
9133010 13932531 5
9133010 116069942 4
9133010 125517552 4
9806700 12171189 4
9806700 12303257 1
9806700 13932531 5
9806700 108986552 5
9806700 116069942 4
9806700 125517552 4
10232080 12303257 1
10232080 13932531 2
10232080 116069942 1
10232080 125517552 1
12171189 12303257 1
12171189 13932531 4
12171189 53434352 1
12171189 116069942 3
12171189 125517552 3
12303257 13932531 1
12303257 53434352 1
12303257 97870412 1
12303257 108986552 1
12303257 116069942 1
12303257 125517552 1
13932531 53434352 1
13932531 97870412 6
13932531 108986552 5
13932531 116069942 4
13932531 125517552 4
53434352 116069942 1
97870412 116069942 5
108986552 116069942 4
116069942 125517552 4
6899421 10137260 1
6899421 12762935 1
6899421 66456592 2
6899421 67476842 1
6899421 84374832 1
8346314 10137260 1
8346314 12762935 1
8346314 66456592 2
8346314 84374832 1
8855234 10137260 1
8855234 12762935 1
8855234 66456592 2
8855234 84374832 1
9133010 10137260 1
9133010 12762935 1
9133010 66456592 2
9133010 84374832 1
9806700 10137260 1
9806700 12762935 1
9806700 13547583 2
9806700 66456592 2
9806700 84374832 1
10137260 12171189 1
10137260 12762935 1
10137260 13547583 1
10137260 13932531 1
10137260 66456592 1
10137260 67476842 1
10137260 84374832 1
10137260 97870412 1
10137260 108986552 1
12171189 12762935 1
12171189 66456592 1
12171189 67476842 1
12171189 84374832 1
12762935 13547583 1
12762935 13932531 1
12762935 66456592 1
12762935 67476842 1
12762935 84374832 1
12762935 97870412 1
12762935 108986552 1
13547583 13932531 2
13547583 66456592 1
13547583 67476842 1
13547583 84374832 1
13932531 66456592 2
13932531 67476842 1
13932531 84374832 1
66456592 67476842 1
66456592 84374832 1
66456592 97870412 2
66456592 108986552 2
67476842 84374832 1
67476842 108986552 1
84374832 97870412 1
84374832 108986552 1
3318552 6899421 1
3318552 8065806 1
3318552 8346314 1
3318552 8855234 1
3318552 9133010 1
3318552 9806700 1
3318552 10751319 1
3318552 13932531 1
3318552 66456592 1
3318552 97870412 1
3318552 106160852 1
3318552 108986552 1
3318552 116069942 1
3318552 117051502 1
3318552 125517552 1
6899421 8065806 1
6899421 117051502 1
8065806 8346314 1
8065806 8855234 2
8065806 9133010 2
8065806 9806700 2
8065806 10751319 1
8065806 13932531 2
8065806 66456592 1
8065806 97870412 2
8065806 106160852 2
8065806 108986552 2
8065806 116069942 2
8065806 117051502 1
8065806 125517552 2
8346314 10751319 1
8346314 117051502 1
8855234 117051502 1
9133010 117051502 1
9806700 10751319 1
9806700 106160852 3
9806700 117051502 1
10751319 13932531 1
10751319 66456592 1
10751319 116069942 1
10751319 117051502 1
10751319 125517552 1
13932531 106160852 3
13932531 117051502 1
66456592 106160852 1
66456592 116069942 1
66456592 117051502 1
66456592 125517552 1
97870412 117051502 1
106160852 116069942 3
106160852 117051502 1
108986552 117051502 1
116069942 117051502 1
117051502 125517552 1
4327545 8365834 1
4327545 11157335 1
4327545 42041682 1
4327545 55298572 1
4327545 97870412 1
4327545 106139832 1
4327545 116069942 1
4327545 120583402 1
4327545 130112922 1
8365834 11157335 1
8365834 42041682 1
8365834 55298572 1
8365834 97870412 1
8365834 106139832 1
8365834 116069942 1
8365834 120583402 1
8365834 130112922 1
11157335 42041682 1
11157335 55298572 1
11157335 97870412 1
11157335 106139832 1
11157335 116069942 1
11157335 120583402 1
11157335 130112922 1
42041682 55298572 1
42041682 97870412 1
42041682 106139832 1
42041682 116069942 1
42041682 120583402 1
42041682 130112922 1
55298572 97870412 2
55298572 106139832 2
55298572 116069942 1
55298572 120583402 1
55298572 130112922 1
97870412 106139832 2
97870412 120583402 1
97870412 130112922 1
106139832 116069942 1
106139832 120583402 1
106139832 130112922 1
116069942 120583402 1
116069942 130112922 1
120583402 130112922 1
8065806 9460492 1
8065806 12171189 1
8065806 12323085 1
8065806 12987932 1
8065806 14585470 1
8065806 54437562 1
8065806 55409772 1
8065806 60479072 1
8855234 9460492 1
8855234 12323085 1
8855234 12987932 1
8855234 14585470 1
8855234 54437562 1
8855234 55409772 1
8855234 60479072 1
9133010 9460492 2
9133010 12323085 2
9133010 12987932 2
9133010 14585470 1
9133010 54437562 1
9133010 55409772 1
9133010 60479072 1
9460492 9806700 2
9460492 12171189 2
9460492 12323085 2
9460492 12987932 2
9460492 13932531 2
9460492 14585470 1
9460492 54437562 1
9460492 55409772 1
9460492 60479072 1
9460492 97870412 2
9460492 106160852 2
9460492 108986552 2
9460492 116069942 2
9460492 125517552 2
9806700 12323085 2
9806700 12987932 2
9806700 14585470 1
9806700 54437562 1
9806700 55409772 1
9806700 60479072 1
12171189 12323085 2
12171189 12987932 2
12171189 14585470 1
12171189 54437562 1
12171189 55409772 1
12171189 60479072 1
12323085 12987932 2
12323085 13932531 3
12323085 14585470 1
12323085 54437562 1
12323085 55409772 1
12323085 60479072 1
12323085 97870412 3
12323085 106160852 2
12323085 108986552 2
12323085 116069942 2
12323085 125517552 2
12987932 13932531 2
12987932 14585470 1
12987932 54437562 1
12987932 55409772 1
12987932 60479072 1
12987932 97870412 2
12987932 106160852 2
12987932 108986552 2
12987932 116069942 2
12987932 125517552 2
13932531 14585470 1
13932531 54437562 1
13932531 55409772 1
13932531 60479072 1
14585470 54437562 1
14585470 55409772 1
14585470 60479072 1
14585470 97870412 1
14585470 106160852 1
14585470 108986552 1
14585470 116069942 1
14585470 125517552 1
54437562 55409772 1
54437562 60479072 1
54437562 97870412 1
54437562 106160852 1
54437562 108986552 1
54437562 116069942 1
54437562 125517552 1
55409772 60479072 1
55409772 97870412 1
55409772 106160852 1
55409772 108986552 1
55409772 116069942 1
55409772 125517552 1
60479072 97870412 1
60479072 106160852 1
60479072 108986552 1
60479072 116069942 1
60479072 125517552 1
8352539 8782356 1
8352539 9186432 1
8352539 10205051 1
8352539 10232080 1
8352539 12323085 1
8352539 13932531 1
8352539 55298572 1
8352539 87138812 1
8352539 97870412 1
8352539 106139832 1
8782356 9186432 1
8782356 10205051 1
8782356 12323085 1
8782356 13932531 1
8782356 55298572 1
8782356 87138812 1
8782356 106139832 1
9186432 10205051 1
9186432 10232080 1
9186432 12323085 1
9186432 13932531 1
9186432 55298572 1
9186432 87138812 1
9186432 97870412 1
9186432 106139832 1
10205051 10232080 1
10205051 12323085 1
10205051 13932531 1
10205051 55298572 1
10205051 87138812 1
10205051 97870412 1
10205051 106139832 1
10232080 12323085 1
10232080 55298572 1
10232080 87138812 1
10232080 106139832 1
12323085 55298572 1
12323085 87138812 1
12323085 106139832 1
13932531 55298572 1
13932531 87138812 1
13932531 106139832 1
55298572 87138812 1
87138812 97870412 1
87138812 106139832 1
6899421 9460492 1
6899421 12323085 1
6899421 12987932 1
7050976 9460492 1
7050976 12323085 1
7050976 12987932 1
7050976 13547583 1
7050976 106160852 1
9460492 13547583 1
12323085 13547583 1
12987932 13547583 1
13547583 116069942 1
