6846084 89913222 11719178 1069838 104936462 1545232 120448912 74032402 4287004 5750429 3178782 118788382 31139872 833440 5205922 113075622 12502823 8204200 12607786 13144747 6348970 22616621 27951662 54878122 32523952 118945712 11001909 5556030 76107712 13779267 75761732 6485829 119319492 6788292 3556171 8495436 7698252 3208015 2042834 18889301 31592662 9155546 23225691 12422109 78219232 8109024 8359395 5373692 6997094 6776167 33582952 34558312 14137066 40940392 5016937 5014381 2066546 120504952 83842682 6555131 56482812
1069838 1545232 7
1069838 3178782 10
1069838 5205922 6
1069838 8359395 7
1069838 8495436 1
1069838 11001909 2
1069838 12422109 3
1069838 12607786 10
1069838 13144747 1
1069838 14137066 6
1069838 27951662 1
1069838 31592662 9
1069838 33582952 6
1069838 34558312 8
1069838 74032402 3
1069838 89913222 10
1069838 113075622 1
1545232 3178782 7
1545232 5205922 5
1545232 8359395 4
1545232 8495436 1
1545232 11001909 2
1545232 12422109 2
1545232 12607786 7
1545232 13144747 1
1545232 14137066 4
1545232 27951662 1
1545232 31592662 7
1545232 33582952 3
1545232 34558312 6
1545232 74032402 3
1545232 89913222 7
1545232 113075622 1
3178782 5205922 6
3178782 8359395 7
3178782 8495436 1
3178782 11001909 2
3178782 12422109 3
3178782 12607786 10
3178782 13144747 1
3178782 14137066 6
3178782 27951662 1
3178782 31592662 9
3178782 33582952 6
3178782 34558312 8
3178782 74032402 3
3178782 89913222 10
3178782 113075622 1
5205922 8359395 3
5205922 8495436 1
5205922 11001909 2
5205922 12422109 3
5205922 12607786 6
5205922 13144747 1
5205922 14137066 4
5205922 27951662 1
5205922 31592662 6
5205922 33582952 4
5205922 34558312 4
5205922 74032402 2
5205922 89913222 6
5205922 113075622 1
8359395 8495436 1
8359395 11001909 2
8359395 12422109 3
8359395 12607786 7
8359395 13144747 1
8359395 14137066 4
8359395 27951662 1
8359395 31592662 6
8359395 33582952 5
8359395 34558312 6
8359395 74032402 2
8359395 89913222 7
8359395 113075622 1
8495436 11001909 1
8495436 12422109 1
8495436 12607786 1
8495436 13144747 1
8495436 14137066 1
8495436 27951662 1
8495436 31592662 1
8495436 33582952 1
8495436 34558312 1
8495436 74032402 1
8495436 89913222 1
8495436 113075622 1
11001909 12422109 2
11001909 12607786 2
11001909 13144747 1
11001909 14137066 1
11001909 27951662 1
11001909 31592662 2
11001909 33582952 2
11001909 34558312 2
11001909 74032402 1
11001909 89913222 2
11001909 113075622 1
12422109 12607786 3
12422109 13144747 1
12422109 14137066 2
12422109 27951662 1
12422109 31592662 3
12422109 33582952 3
12422109 34558312 2
12422109 74032402 1
12422109 89913222 3
12422109 113075622 1
12607786 13144747 1
12607786 14137066 6
12607786 27951662 1
12607786 31592662 9
12607786 33582952 6
12607786 34558312 8
12607786 74032402 3
12607786 89913222 10
12607786 113075622 1
13144747 14137066 1
13144747 27951662 1
13144747 31592662 1
13144747 33582952 1
13144747 34558312 1
13144747 74032402 1
13144747 89913222 1
13144747 113075622 1
14137066 27951662 1
14137066 31592662 6
14137066 33582952 3
14137066 34558312 5
14137066 74032402 1
14137066 89913222 6
14137066 113075622 1
27951662 31592662 1
27951662 33582952 1
27951662 34558312 1
27951662 74032402 1
27951662 89913222 1
27951662 113075622 1
31592662 33582952 5
31592662 34558312 7
31592662 74032402 3
31592662 89913222 9
31592662 113075622 1
33582952 34558312 4
33582952 74032402 2
33582952 89913222 6
33582952 113075622 1
34558312 74032402 2
34558312 89913222 8
34558312 113075622 1
74032402 89913222 3
74032402 113075622 1
89913222 113075622 1
1069838 2042834 1
1069838 4287004 7
1069838 6348970 2
1069838 9155546 2
1069838 12502823 3
1069838 23225691 3
1069838 32523952 1
1069838 40940392 1
1069838 56482812 9
1069838 75761732 2
1069838 76107712 4
1069838 78219232 9
1069838 104936462 1
2042834 3178782 1
2042834 4287004 1
2042834 6348970 1
2042834 8359395 1
2042834 9155546 1
2042834 12502823 1
2042834 12607786 1
2042834 14137066 1
2042834 23225691 1
2042834 31592662 1
2042834 32523952 1
2042834 33582952 1
2042834 34558312 1
2042834 40940392 1
2042834 56482812 1
2042834 75761732 1
2042834 76107712 1
2042834 78219232 1
2042834 89913222 1
2042834 104936462 1
3178782 4287004 7
3178782 6348970 2
3178782 9155546 2
3178782 12502823 3
3178782 23225691 3
3178782 32523952 1
3178782 40940392 1
3178782 56482812 9
3178782 75761732 2
3178782 76107712 4
3178782 78219232 9
3178782 104936462 1
4287004 6348970 2
4287004 8359395 4
4287004 9155546 2
4287004 12502823 2
4287004 12607786 7
4287004 14137066 5
4287004 23225691 3
4287004 31592662 7
4287004 32523952 1
4287004 33582952 4
4287004 34558312 5
4287004 40940392 1
4287004 56482812 7
4287004 75761732 2
4287004 76107712 4
4287004 78219232 7
4287004 89913222 7
4287004 104936462 1
6348970 8359395 1
6348970 9155546 2
6348970 12502823 1
6348970 12607786 2
6348970 14137066 2
6348970 23225691 1
6348970 31592662 2
6348970 32523952 1
6348970 33582952 1
6348970 34558312 2
6348970 40940392 1
6348970 56482812 2
6348970 75761732 1
6348970 76107712 1
6348970 78219232 2
6348970 89913222 2
6348970 104936462 1
8359395 9155546 1
8359395 12502823 2
8359395 23225691 2
8359395 32523952 1
8359395 40940392 1
8359395 56482812 6
8359395 75761732 2
8359395 76107712 3
8359395 78219232 6
8359395 104936462 1
9155546 12502823 1
9155546 12607786 2
9155546 14137066 2
9155546 23225691 1
9155546 31592662 2
9155546 32523952 1
9155546 33582952 1
9155546 34558312 2
9155546 40940392 1
9155546 56482812 2
9155546 75761732 1
9155546 76107712 1
9155546 78219232 2
9155546 89913222 2
9155546 104936462 1
12502823 12607786 3
12502823 14137066 2
12502823 23225691 1
12502823 31592662 2
12502823 32523952 1
12502823 33582952 2
12502823 34558312 3
12502823 40940392 1
12502823 56482812 3
12502823 75761732 1
12502823 76107712 1
12502823 78219232 3
12502823 89913222 3
12502823 104936462 1
12607786 23225691 3
12607786 32523952 1
12607786 40940392 1
12607786 56482812 9
12607786 75761732 2
12607786 76107712 4
12607786 78219232 9
12607786 104936462 1
14137066 23225691 2
14137066 32523952 1
14137066 40940392 1
14137066 56482812 5
14137066 75761732 1
14137066 76107712 2
14137066 78219232 5
14137066 104936462 1
23225691 31592662 3
23225691 32523952 1
23225691 33582952 3
23225691 34558312 1
23225691 40940392 1
23225691 56482812 3
23225691 75761732 1
23225691 76107712 3
23225691 78219232 3
23225691 89913222 3
23225691 104936462 1
31592662 32523952 1
31592662 40940392 1
31592662 56482812 8
31592662 75761732 2
31592662 76107712 4
31592662 78219232 8
31592662 104936462 1
32523952 33582952 1
32523952 34558312 1
32523952 40940392 1
32523952 56482812 1
32523952 75761732 1
32523952 76107712 1
32523952 78219232 1
32523952 89913222 1
32523952 104936462 1
33582952 40940392 1
33582952 56482812 5
33582952 75761732 2
33582952 76107712 4
33582952 78219232 5
33582952 104936462 1
34558312 40940392 1
34558312 56482812 7
34558312 75761732 2
34558312 76107712 2
34558312 78219232 7
34558312 104936462 1
40940392 56482812 1
40940392 75761732 1
40940392 76107712 1
40940392 78219232 1
40940392 89913222 1
40940392 104936462 1
56482812 75761732 2
56482812 76107712 4
56482812 78219232 9
56482812 89913222 9
56482812 104936462 1
75761732 76107712 2
75761732 78219232 2
75761732 89913222 2
75761732 104936462 1
76107712 78219232 4
76107712 89913222 4
76107712 104936462 1
78219232 89913222 9
78219232 104936462 1
89913222 104936462 1
1069838 5373692 6
1069838 6485829 1
1069838 8204200 4
1069838 22616621 2
1069838 118788382 1
1069838 119319492 1
1545232 5373692 5
1545232 6485829 1
1545232 8204200 4
1545232 22616621 2
1545232 56482812 6
1545232 78219232 6
1545232 118788382 1
1545232 119319492 1
3178782 5373692 6
3178782 6485829 1
3178782 8204200 4
3178782 22616621 2
3178782 118788382 1
3178782 119319492 1
5373692 6485829 1
5373692 8204200 3
5373692 8359395 4
5373692 12607786 6
5373692 22616621 2
5373692 31592662 6
5373692 34558312 4
5373692 56482812 6
5373692 74032402 2
5373692 78219232 6
5373692 89913222 6
5373692 118788382 1
5373692 119319492 1
6485829 8204200 1
6485829 8359395 1
6485829 12607786 1
6485829 22616621 1
6485829 31592662 1
6485829 34558312 1
6485829 56482812 1
6485829 74032402 1
6485829 78219232 1
6485829 89913222 1
6485829 118788382 1
6485829 119319492 1
8204200 8359395 3
8204200 12607786 4
8204200 22616621 2
8204200 31592662 4
8204200 34558312 4
8204200 56482812 4
8204200 74032402 1
8204200 78219232 4
8204200 89913222 4
8204200 118788382 1
8204200 119319492 1
8359395 22616621 2
8359395 118788382 1
8359395 119319492 1
12607786 22616621 2
12607786 118788382 1
12607786 119319492 1
22616621 31592662 2
22616621 34558312 2
22616621 56482812 2
22616621 74032402 1
22616621 78219232 2
22616621 89913222 2
22616621 118788382 1
22616621 119319492 1
31592662 118788382 1
31592662 119319492 1
34558312 118788382 1
34558312 119319492 1
56482812 74032402 2
56482812 118788382 1
56482812 119319492 1
74032402 78219232 2
74032402 118788382 1
74032402 119319492 1
78219232 118788382 1
78219232 119319492 1
89913222 118788382 1
89913222 119319492 1
118788382 119319492 1
1069838 83842682 1
1069838 120504952 1
1545232 4287004 5
1545232 83842682 1
1545232 120504952 1
3178782 83842682 1
3178782 120504952 1
4287004 5373692 5
4287004 8204200 3
4287004 83842682 1
4287004 120504952 1
5373692 14137066 3
5373692 83842682 1
5373692 120504952 1
8204200 14137066 2
8204200 83842682 1
8204200 120504952 1
8359395 83842682 1
8359395 120504952 1
12607786 83842682 1
12607786 120504952 1
14137066 83842682 1
14137066 120504952 1
31592662 83842682 1
31592662 120504952 1
34558312 83842682 1
34558312 120504952 1
56482812 83842682 1
56482812 120504952 1
78219232 83842682 1
78219232 120504952 1
83842682 89913222 1
83842682 120504952 1
89913222 120504952 1
1069838 11719178 1
1069838 13779267 2
1069838 54878122 2
1069838 118945712 5
1069838 120448912 2
1545232 6348970 1
1545232 9155546 1
1545232 11719178 1
1545232 13779267 2
1545232 54878122 2
1545232 118945712 4
1545232 120448912 2
3178782 11719178 1
3178782 13779267 2
3178782 54878122 2
3178782 118945712 5
3178782 120448912 2
4287004 5205922 5
4287004 11719178 1
4287004 13779267 2
4287004 54878122 2
4287004 118945712 4
4287004 120448912 2
5205922 5373692 4
5205922 6348970 1
5205922 9155546 1
5205922 11719178 1
5205922 13779267 2
5205922 54878122 2
5205922 56482812 5
5205922 78219232 5
5205922 118945712 4
5205922 120448912 2
5373692 6348970 1
5373692 9155546 1
5373692 11719178 1
5373692 13779267 1
5373692 54878122 1
5373692 118945712 3
5373692 120448912 1
6348970 11719178 1
6348970 13779267 1
6348970 54878122 1
6348970 118945712 1
6348970 120448912 1
9155546 11719178 1
9155546 13779267 1
9155546 54878122 1
9155546 118945712 1
9155546 120448912 1
11719178 12607786 1
11719178 13779267 1
11719178 14137066 1
11719178 31592662 1
11719178 34558312 1
11719178 54878122 1
11719178 56482812 1
11719178 78219232 1
11719178 89913222 1
11719178 118945712 1
11719178 120448912 1
12607786 13779267 2
12607786 54878122 2
12607786 118945712 5
12607786 120448912 2
13779267 14137066 2
13779267 31592662 2
13779267 34558312 2
13779267 54878122 2
13779267 56482812 2
13779267 78219232 2
13779267 89913222 2
13779267 118945712 2
13779267 120448912 2
14137066 54878122 2
14137066 118945712 2
14137066 120448912 2
31592662 54878122 2
31592662 118945712 4
31592662 120448912 2
34558312 54878122 2
34558312 118945712 4
34558312 120448912 2
54878122 56482812 2
54878122 78219232 2
54878122 89913222 2
54878122 118945712 2
54878122 120448912 2
56482812 118945712 5
56482812 120448912 2
78219232 118945712 5
78219232 120448912 2
89913222 118945712 5
89913222 120448912 2
118945712 120448912 2
1069838 6997094 1
1545232 6997094 1
1545232 12502823 1
3178782 6997094 1
4287004 6997094 1
5205922 6997094 1
5205922 8204200 2
5205922 12502823 1
6997094 8204200 1
6997094 12502823 1
6997094 12607786 1
6997094 13779267 1
6997094 14137066 1
6997094 31592662 1
6997094 34558312 1
6997094 54878122 1
6997094 56482812 1
6997094 78219232 1
6997094 89913222 1
6997094 118945712 1
6997094 120448912 1
8204200 12502823 1
8204200 13779267 1
8204200 54878122 1
8204200 118945712 2
8204200 120448912 1
12502823 13779267 1
12502823 54878122 1
12502823 118945712 2
12502823 120448912 1
8359395 118945712 2
33582952 118945712 3
1069838 5014381 1
1069838 5750429 3
1069838 6555131 1
1069838 18889301 1
1069838 31139872 2
1545232 5014381 1
1545232 5750429 2
1545232 6555131 1
1545232 18889301 1
1545232 23225691 1
1545232 31139872 1
1545232 76107712 2
3178782 5014381 1
3178782 5750429 3
3178782 6555131 1
3178782 18889301 1
3178782 31139872 2
4287004 5014381 1
4287004 5750429 3
4287004 6555131 1
4287004 18889301 1
4287004 31139872 2
4287004 74032402 1
5014381 5205922 1
5014381 5373692 1
5014381 5750429 1
5014381 6555131 1
5014381 12607786 1
5014381 18889301 1
5014381 23225691 1
5014381 31139872 1
5014381 31592662 1
5014381 33582952 1
5014381 56482812 1
5014381 74032402 1
5014381 76107712 1
5014381 78219232 1
5014381 89913222 1
5014381 118945712 1
5205922 5750429 3
5205922 6555131 1
5205922 18889301 1
5205922 23225691 2
5205922 31139872 2
5205922 76107712 3
5373692 5750429 3
5373692 6555131 1
5373692 18889301 1
5373692 23225691 2
5373692 31139872 2
5373692 33582952 3
5373692 76107712 3
5750429 6555131 1
5750429 12607786 3
5750429 18889301 1
5750429 23225691 2
5750429 31139872 2
5750429 31592662 3
5750429 33582952 3
5750429 56482812 3
5750429 74032402 1
5750429 76107712 3
5750429 78219232 3
5750429 89913222 3
5750429 118945712 2
6555131 12607786 1
6555131 18889301 1
6555131 23225691 1
6555131 31139872 1
6555131 31592662 1
6555131 33582952 1
6555131 56482812 1
6555131 74032402 1
6555131 76107712 1
6555131 78219232 1
6555131 89913222 1
6555131 118945712 1
12607786 18889301 1
12607786 31139872 2
18889301 23225691 1
18889301 31139872 1
18889301 31592662 1
18889301 33582952 1
18889301 56482812 1
18889301 74032402 1
18889301 76107712 1
18889301 78219232 1
18889301 89913222 1
18889301 118945712 1
23225691 31139872 2
23225691 74032402 1
23225691 118945712 1
31139872 31592662 2
31139872 33582952 2
31139872 56482812 2
31139872 74032402 1
31139872 76107712 2
31139872 78219232 2
31139872 89913222 2
31139872 118945712 1
74032402 76107712 1
74032402 118945712 1
76107712 118945712 2
833440 1069838 1
833440 3178782 1
833440 3556171 1
833440 4287004 1
833440 5016937 1
833440 5205922 1
833440 5373692 1
833440 5556030 1
833440 5750429 1
833440 6846084 1
833440 7698252 1
833440 8359395 1
833440 12422109 1
833440 12607786 1
833440 14137066 1
833440 23225691 1
833440 31139872 1
833440 31592662 1
833440 33582952 1
833440 56482812 1
833440 76107712 1
833440 78219232 1
833440 89913222 1
1069838 3556171 1
1069838 5016937 1
1069838 5556030 1
1069838 6846084 1
1069838 7698252 1
3178782 3556171 1
3178782 5016937 1
3178782 5556030 1
3178782 6846084 1
3178782 7698252 1
3556171 4287004 1
3556171 5016937 1
3556171 5205922 1
3556171 5373692 1
3556171 5556030 1
3556171 5750429 1
3556171 6846084 1
3556171 7698252 1
3556171 8359395 1
3556171 12422109 1
3556171 12607786 1
3556171 14137066 1
3556171 23225691 1
3556171 31139872 1
3556171 31592662 1
3556171 33582952 1
3556171 56482812 1
3556171 76107712 1
3556171 78219232 1
3556171 89913222 1
4287004 5016937 1
4287004 5556030 1
4287004 6846084 1
4287004 7698252 1
4287004 12422109 2
5016937 5205922 1
5016937 5373692 1
5016937 5556030 1
5016937 5750429 1
5016937 6846084 1
5016937 7698252 1
5016937 8359395 1
5016937 12422109 1
5016937 12607786 1
5016937 14137066 1
5016937 23225691 1
5016937 31139872 1
5016937 31592662 1
5016937 33582952 1
5016937 56482812 1
5016937 76107712 1
5016937 78219232 1
5016937 89913222 1
5205922 5556030 1
5205922 6846084 1
5205922 7698252 1
5373692 5556030 1
5373692 6846084 1
5373692 7698252 1
5373692 12422109 2
5556030 5750429 1
5556030 6846084 1
5556030 7698252 1
5556030 8359395 1
5556030 12422109 1
5556030 12607786 1
5556030 14137066 1
5556030 23225691 1
5556030 31139872 1
5556030 31592662 1
5556030 33582952 1
5556030 56482812 1
5556030 76107712 1
5556030 78219232 1
5556030 89913222 1
5750429 6846084 1
5750429 7698252 1
5750429 8359395 2
5750429 12422109 2
5750429 14137066 1
6846084 7698252 1
6846084 8359395 1
6846084 12422109 1
6846084 12607786 1
6846084 14137066 1
6846084 23225691 1
6846084 31139872 1
6846084 31592662 1
6846084 33582952 1
6846084 56482812 1
6846084 76107712 1
6846084 78219232 1
6846084 89913222 1
7698252 8359395 1
7698252 12422109 1
7698252 12607786 1
7698252 14137066 1
7698252 23225691 1
7698252 31139872 1
7698252 31592662 1
7698252 33582952 1
7698252 56482812 1
7698252 76107712 1
7698252 78219232 1
7698252 89913222 1
8359395 31139872 1
12422109 23225691 1
12422109 31139872 1
12422109 56482812 2
12422109 76107712 2
12422109 78219232 2
14137066 31139872 1
1069838 2066546 1
1069838 3208015 1
1069838 6776167 1
1069838 6788292 1
1069838 8109024 1
1545232 2066546 1
1545232 3208015 1
1545232 6776167 1
1545232 6788292 1
1545232 8109024 1
1545232 75761732 1
2066546 3178782 1
2066546 3208015 1
2066546 4287004 1
2066546 5205922 1
2066546 5373692 1
2066546 5750429 1
2066546 6776167 1
2066546 6788292 1
2066546 8109024 1
2066546 8204200 1
2066546 8359395 1
2066546 11001909 1
2066546 12422109 1
2066546 12607786 1
2066546 22616621 1
2066546 31592662 1
2066546 33582952 1
2066546 34558312 1
2066546 56482812 1
2066546 75761732 1
2066546 76107712 1
2066546 78219232 1
2066546 89913222 1
2066546 118945712 1
3178782 3208015 1
3178782 6776167 1
3178782 6788292 1
3178782 8109024 1
3208015 4287004 1
3208015 5205922 1
3208015 5373692 1
3208015 5750429 1
3208015 6776167 1
3208015 6788292 1
3208015 8109024 1
3208015 8204200 1
3208015 8359395 1
3208015 11001909 1
3208015 12422109 1
3208015 12607786 1
3208015 22616621 1
3208015 31592662 1
3208015 33582952 1
3208015 34558312 1
3208015 56482812 1
3208015 75761732 1
3208015 76107712 1
3208015 78219232 1
3208015 89913222 1
3208015 118945712 1
4287004 6776167 1
4287004 6788292 1
4287004 8109024 1
4287004 11001909 1
4287004 22616621 1
5205922 6776167 1
5205922 6788292 1
5205922 8109024 1
5205922 22616621 1
5205922 75761732 1
5373692 6776167 1
5373692 6788292 1
5373692 8109024 1
5373692 11001909 1
5373692 75761732 1
5750429 6776167 1
5750429 6788292 1
5750429 8109024 1
5750429 8204200 1
5750429 11001909 1
5750429 22616621 1
5750429 34558312 1
5750429 75761732 1
6776167 6788292 1
6776167 8109024 1
6776167 8204200 1
6776167 8359395 1
6776167 11001909 1
6776167 12422109 1
6776167 12607786 1
6776167 22616621 1
6776167 31592662 1
6776167 33582952 1
6776167 34558312 1
6776167 56482812 1
6776167 75761732 1
6776167 76107712 1
6776167 78219232 1
6776167 89913222 1
6776167 118945712 1
6788292 8109024 1
6788292 8204200 1
6788292 8359395 1
6788292 11001909 1
6788292 12422109 1
6788292 12607786 1
6788292 22616621 1
6788292 31592662 1
6788292 33582952 1
6788292 34558312 1
6788292 56482812 1
6788292 75761732 1
6788292 76107712 1
6788292 78219232 1
6788292 89913222 1
6788292 118945712 1
8109024 8204200 1
8109024 8359395 1
8109024 11001909 1
8109024 12422109 1
8109024 12607786 1
8109024 22616621 1
8109024 31592662 1
8109024 33582952 1
8109024 34558312 1
8109024 56482812 1
8109024 75761732 1
8109024 76107712 1
8109024 78219232 1
8109024 89913222 1
8109024 118945712 1
8204200 11001909 1
8204200 12422109 1
8204200 33582952 1
8204200 75761732 1
8204200 76107712 1
11001909 22616621 1
11001909 56482812 1
11001909 75761732 1
11001909 76107712 1
11001909 78219232 1
11001909 118945712 1
12422109 22616621 1
12422109 75761732 1
12422109 118945712 1
22616621 33582952 1
22616621 75761732 1
22616621 76107712 1
22616621 118945712 1
75761732 118945712 1
