37047172 36510212 34718842 34710412 34331022 8785940 35848852 11534756 6999461 9243185 9512505 34359362 27729092 33681862 7924299 28583512 62936802 13165795 34871522 36130792 5983089 10247538 9350522
5983089 6999461 3
5983089 7924299 8
5983089 8785940 2
5983089 9512505 1
5983089 11534756 1
5983089 13165795 9
5983089 33681862 2
5983089 34331022 6
5983089 34359362 5
5983089 34710412 1
5983089 35848852 1
5983089 36130792 6
5983089 37047172 1
6999461 7924299 3
6999461 8785940 2
6999461 9512505 1
6999461 11534756 1
6999461 13165795 3
6999461 33681862 1
6999461 34331022 3
6999461 34359362 2
6999461 34710412 1
6999461 35848852 1
6999461 36130792 3
6999461 37047172 1
7924299 8785940 2
7924299 9512505 1
7924299 11534756 1
7924299 13165795 8
7924299 33681862 2
7924299 34331022 6
7924299 34359362 5
7924299 34710412 1
7924299 35848852 1
7924299 36130792 6
7924299 37047172 1
8785940 9512505 1
8785940 11534756 1
8785940 13165795 2
8785940 33681862 1
8785940 34331022 2
8785940 34359362 2
8785940 34710412 1
8785940 35848852 1
8785940 36130792 2
8785940 37047172 1
9512505 11534756 1
9512505 13165795 1
9512505 33681862 1
9512505 34331022 1
9512505 34359362 1
9512505 34710412 1
9512505 35848852 1
9512505 36130792 1
9512505 37047172 1
11534756 13165795 1
11534756 33681862 1
11534756 34331022 1
11534756 34359362 1
11534756 34710412 1
11534756 35848852 1
11534756 36130792 1
11534756 37047172 1
13165795 33681862 2
13165795 34331022 6
13165795 34359362 5
13165795 34710412 1
13165795 35848852 1
13165795 36130792 6
13165795 37047172 1
33681862 34331022 2
33681862 34359362 2
33681862 34710412 1
33681862 35848852 1
33681862 36130792 2
33681862 37047172 1
34331022 34359362 3
34331022 34710412 1
34331022 35848852 1
34331022 36130792 4
34331022 37047172 1
34359362 34710412 1
34359362 35848852 1
34359362 36130792 5
34359362 37047172 1
34710412 35848852 1
34710412 36130792 1
34710412 37047172 1
35848852 36130792 1
35848852 37047172 1
36130792 37047172 1
5983089 27729092 1
5983089 28583512 1
5983089 34871522 2
6999461 27729092 1
6999461 28583512 1
6999461 34871522 1
7924299 27729092 1
7924299 28583512 1
7924299 34871522 2
8785940 27729092 1
8785940 28583512 1
8785940 34871522 1
13165795 27729092 1
13165795 28583512 1
13165795 34871522 2
27729092 28583512 1
27729092 34331022 1
27729092 34359362 1
27729092 34871522 1
27729092 36130792 1
28583512 34331022 1
28583512 34359362 1
28583512 34871522 1
28583512 36130792 1
34331022 34871522 2
34359362 34871522 1
34871522 36130792 1
5983089 62936802 1
7924299 62936802 1
13165795 62936802 1
34359362 62936802 1
36130792 62936802 1
5983089 9243185 4
6999461 9243185 1
7924299 9243185 3
9243185 13165795 4
9243185 34331022 3
9243185 36130792 1
5983089 9350522 1
5983089 10247538 1
5983089 34718842 1
5983089 36510212 1
7924299 9350522 1
7924299 10247538 1
7924299 34718842 1
7924299 36510212 1
9243185 9350522 1
9243185 10247538 1
9243185 34718842 1
9243185 34871522 1
9243185 36510212 1
9350522 10247538 1
9350522 13165795 1
9350522 34331022 1
9350522 34718842 1
9350522 34871522 1
9350522 36510212 1
10247538 13165795 1
10247538 34331022 1
10247538 34718842 1
10247538 34871522 1
10247538 36510212 1
13165795 34718842 1
13165795 36510212 1
34331022 34718842 1
34331022 36510212 1
34718842 34871522 1
34718842 36510212 1
34871522 36510212 1
