14775811 24335492 62352902 36827912 49597832 14073355 14044307 7588501 58396822 19016341 49162522 19177631 65187882 56279342 6166709 35660732 8435901 30231672 11280065 39727042 11688131 67214662 3466187 48879182 47962192 62383312 47137492 45707092 53992792 55407192 26335582 14533598 53653752 9242335 46922462 66726882 17314271 40824162 48526692 67305822 63222632 12277226 30491882 52632942 2562415 12867697 51085042 19755761 7325176 13386621
7588501 8435901 1
7588501 14775811 1
7588501 53653752 1
7588501 56279342 1
7588501 58396822 1
8435901 14775811 3
8435901 53653752 1
8435901 56279342 1
8435901 58396822 2
14775811 53653752 2
14775811 56279342 2
14775811 58396822 3
53653752 56279342 1
53653752 58396822 1
56279342 58396822 2
2562415 7325176 3
2562415 12867697 2
2562415 14533598 2
2562415 14775811 3
2562415 19016341 2
2562415 19177631 1
2562415 26335582 1
2562415 39727042 1
2562415 47137492 2
2562415 47962192 1
2562415 53992792 1
2562415 56279342 1
2562415 58396822 2
2562415 62352902 1
7325176 12867697 2
7325176 14533598 3
7325176 14775811 7
7325176 19016341 4
7325176 19177631 1
7325176 26335582 1
7325176 39727042 2
7325176 47137492 3
7325176 47962192 3
7325176 53992792 2
7325176 56279342 1
7325176 58396822 2
7325176 62352902 2
12867697 14533598 1
12867697 14775811 2
12867697 19016341 2
12867697 19177631 1
12867697 26335582 1
12867697 39727042 1
12867697 47137492 1
12867697 47962192 1
12867697 53992792 1
12867697 56279342 1
12867697 58396822 2
12867697 62352902 1
14533598 14775811 4
14533598 19016341 2
14533598 19177631 1
14533598 26335582 1
14533598 39727042 2
14533598 47137492 3
14533598 47962192 2
14533598 53992792 2
14533598 56279342 1
14533598 58396822 1
14533598 62352902 1
14775811 19016341 4
14775811 19177631 1
14775811 26335582 1
14775811 39727042 2
14775811 47137492 4
14775811 47962192 3
14775811 53992792 2
14775811 62352902 2
19016341 19177631 1
19016341 26335582 1
19016341 39727042 2
19016341 47137492 1
19016341 47962192 3
19016341 53992792 2
19016341 56279342 1
19016341 58396822 2
19016341 62352902 2
19177631 26335582 1
19177631 39727042 1
19177631 47137492 1
19177631 47962192 1
19177631 53992792 1
19177631 56279342 1
19177631 58396822 1
19177631 62352902 1
26335582 39727042 1
26335582 47137492 1
26335582 47962192 1
26335582 53992792 1
26335582 56279342 1
26335582 58396822 1
26335582 62352902 1
39727042 47137492 1
39727042 47962192 2
39727042 53992792 2
39727042 56279342 1
39727042 58396822 1
39727042 62352902 1
47137492 47962192 1
47137492 53992792 1
47137492 56279342 1
47137492 58396822 1
47137492 62352902 1
47962192 53992792 2
47962192 56279342 1
47962192 58396822 1
47962192 62352902 2
53992792 56279342 1
53992792 58396822 1
53992792 62352902 1
56279342 62352902 1
58396822 62352902 1
2562415 3466187 1
2562415 6166709 1
2562415 8435901 1
2562415 11280065 1
2562415 11688131 1
2562415 12277226 2
2562415 30491882 1
2562415 35660732 1
2562415 36827912 1
2562415 49162522 1
2562415 49597832 1
3466187 6166709 1
3466187 7325176 1
3466187 8435901 1
3466187 11280065 1
3466187 11688131 1
3466187 12277226 1
3466187 12867697 1
3466187 14775811 1
3466187 19016341 1
3466187 30491882 1
3466187 35660732 1
3466187 36827912 1
3466187 49162522 1
3466187 49597832 1
3466187 58396822 1
6166709 7325176 1
6166709 8435901 1
6166709 11280065 1
6166709 11688131 1
6166709 12277226 1
6166709 12867697 1
6166709 14775811 1
6166709 19016341 1
6166709 30491882 1
6166709 35660732 1
6166709 36827912 1
6166709 49162522 1
6166709 49597832 1
6166709 58396822 1
7325176 8435901 2
7325176 11280065 1
7325176 11688131 2
7325176 12277226 2
7325176 30491882 1
7325176 35660732 1
7325176 36827912 3
7325176 49162522 1
7325176 49597832 1
8435901 11280065 1
8435901 11688131 1
8435901 12277226 1
8435901 12867697 1
8435901 19016341 2
8435901 30491882 1
8435901 35660732 1
8435901 36827912 1
8435901 49162522 1
8435901 49597832 1
11280065 11688131 1
11280065 12277226 1
11280065 12867697 1
11280065 14775811 1
11280065 19016341 1
11280065 30491882 1
11280065 35660732 1
11280065 36827912 1
11280065 49162522 1
11280065 49597832 1
11280065 58396822 1
11688131 12277226 1
11688131 12867697 1
11688131 14775811 2
11688131 19016341 1
11688131 30491882 1
11688131 35660732 1
11688131 36827912 2
11688131 49162522 1
11688131 49597832 1
11688131 58396822 1
12277226 12867697 1
12277226 14775811 2
12277226 19016341 1
12277226 30491882 1
12277226 35660732 1
12277226 36827912 1
12277226 49162522 1
12277226 49597832 1
12277226 58396822 1
12867697 30491882 1
12867697 35660732 1
12867697 36827912 1
12867697 49162522 1
12867697 49597832 1
14775811 30491882 1
14775811 35660732 1
14775811 36827912 3
14775811 49162522 1
14775811 49597832 1
19016341 30491882 1
19016341 35660732 1
19016341 36827912 1
19016341 49162522 1
19016341 49597832 1
30491882 35660732 1
30491882 36827912 1
30491882 49162522 1
30491882 49597832 1
30491882 58396822 1
35660732 36827912 1
35660732 49162522 1
35660732 49597832 1
35660732 58396822 1
36827912 49162522 1
36827912 49597832 1
36827912 58396822 1
49162522 49597832 1
49162522 58396822 1
49597832 58396822 1
7325176 9242335 2
7325176 30231672 1
7325176 45707092 1
7325176 46922462 1
7325176 48879182 2
7325176 51085042 1
7325176 52632942 1
9242335 14775811 2
9242335 30231672 1
9242335 36827912 1
9242335 45707092 1
9242335 46922462 1
9242335 48879182 2
9242335 51085042 1
9242335 52632942 1
14775811 30231672 1
14775811 45707092 1
14775811 46922462 1
14775811 48879182 2
14775811 51085042 1
14775811 52632942 1
30231672 36827912 1
30231672 45707092 1
30231672 46922462 1
30231672 48879182 1
30231672 51085042 1
30231672 52632942 1
36827912 45707092 1
36827912 46922462 1
36827912 48879182 1
36827912 51085042 1
36827912 52632942 1
45707092 46922462 1
45707092 48879182 1
45707092 51085042 1
45707092 52632942 1
46922462 48879182 1
46922462 51085042 1
46922462 52632942 1
48879182 51085042 1
48879182 52632942 1
51085042 52632942 1
7325176 19755761 1
7325176 65187882 1
7325176 66726882 1
8435901 19755761 1
8435901 47962192 1
8435901 62352902 1
8435901 65187882 1
8435901 66726882 1
14775811 19755761 1
14775811 65187882 1
14775811 66726882 1
19016341 19755761 1
19016341 65187882 1
19016341 66726882 1
19755761 47962192 1
19755761 62352902 1
19755761 65187882 1
19755761 66726882 1
47962192 65187882 1
47962192 66726882 1
62352902 65187882 1
62352902 66726882 1
65187882 66726882 1
7325176 14044307 1
7325176 14073355 2
7325176 24335492 2
7325176 62383312 1
9242335 14044307 1
9242335 14073355 1
9242335 14533598 1
9242335 19016341 1
9242335 24335492 1
9242335 39727042 1
9242335 47962192 1
9242335 53992792 1
9242335 62383312 1
14044307 14073355 1
14044307 14533598 1
14044307 14775811 1
14044307 19016341 1
14044307 24335492 1
14044307 39727042 1
14044307 47962192 1
14044307 48879182 1
14044307 53992792 1
14044307 62383312 1
14073355 14533598 3
14073355 14775811 3
14073355 19016341 1
14073355 24335492 1
14073355 39727042 1
14073355 47962192 1
14073355 48879182 1
14073355 53992792 1
14073355 62383312 1
14533598 24335492 1
14533598 48879182 1
14533598 62383312 1
14775811 24335492 2
14775811 62383312 1
19016341 24335492 1
19016341 48879182 1
19016341 62383312 1
24335492 39727042 1
24335492 47962192 1
24335492 48879182 1
24335492 53992792 1
24335492 62383312 1
39727042 48879182 1
39727042 62383312 1
47962192 48879182 1
47962192 62383312 1
48879182 53992792 1
48879182 62383312 1
53992792 62383312 1
7325176 17314271 1
11688131 17314271 1
11688131 24335492 1
11688131 47137492 1
14775811 17314271 1
17314271 24335492 1
17314271 36827912 1
17314271 47137492 1
24335492 36827912 1
24335492 47137492 1
36827912 47137492 1
2562415 13386621 1
2562415 14073355 1
2562415 40824162 1
2562415 53653752 1
2562415 55407192 1
2562415 67214662 1
7325176 13386621 1
7325176 40824162 1
7325176 53653752 1
7325176 55407192 1
7325176 67214662 1
12277226 13386621 1
12277226 14073355 1
12277226 14533598 1
12277226 40824162 1
12277226 47137492 1
12277226 53653752 1
12277226 55407192 1
12277226 67214662 1
13386621 14073355 1
13386621 14533598 1
13386621 14775811 1
13386621 40824162 1
13386621 47137492 1
13386621 53653752 1
13386621 55407192 1
13386621 67214662 1
14073355 40824162 1
14073355 47137492 2
14073355 53653752 1
14073355 55407192 1
14073355 67214662 1
14533598 40824162 1
14533598 53653752 1
14533598 55407192 1
14533598 67214662 1
14775811 40824162 1
14775811 55407192 1
14775811 67214662 1
40824162 47137492 1
40824162 53653752 1
40824162 55407192 1
40824162 67214662 1
47137492 53653752 1
47137492 55407192 1
47137492 67214662 1
53653752 55407192 1
53653752 67214662 1
55407192 67214662 1
14073355 48526692 1
14073355 63222632 1
14073355 67305822 1
14533598 48526692 1
14533598 63222632 1
14533598 67305822 1
14775811 48526692 1
14775811 63222632 1
14775811 67305822 1
47137492 48526692 1
47137492 63222632 1
47137492 67305822 1
48526692 63222632 1
48526692 67305822 1
63222632 67305822 1
