3344257 134607772 1206636 35890252 169121452 7448430 138102552 57650902 29641112 161938332 19029821 84148062
19029821 35890252 1
1206636 35890252 1
35890252 57650902 3
29641112 35890252 3
29641112 84148062 1
29641112 161938332 2
35890252 84148062 1
35890252 161938332 2
84148062 161938332 1
29641112 57650902 1
29641112 138102552 1
35890252 138102552 3
57650902 138102552 2
57650902 161938332 1
138102552 161938332 1
35890252 169121452 1
138102552 169121452 1
3344257 35890252 2
3344257 7448430 1
3344257 57650902 1
3344257 134607772 1
3344257 138102552 1
7448430 35890252 1
7448430 57650902 1
7448430 134607772 1
7448430 138102552 1
35890252 134607772 1
57650902 134607772 1
134607772 138102552 1
