55314212 24113382 34958472 25966732 35890252 37473132 73613332 12486773 51677622 77524692 57650902 8523801 24975252
12486773 35890252 1
12486773 55314212 1
35890252 55314212 3
24113382 25966732 1
24113382 35890252 1
24113382 73613332 1
25966732 35890252 1
25966732 73613332 1
35890252 73613332 1
35890252 51677622 1
8523801 35890252 1
8523801 55314212 1
8523801 77524692 1
35890252 77524692 1
55314212 77524692 1
35890252 37473132 2
37473132 55314212 1
34958472 35890252 1
34958472 37473132 1
34958472 57650902 1
35890252 57650902 1
37473132 57650902 1
24975252 35890252 1
