110198402 33057862 24113382 10184904 31365832 75749482 35890252 81600242 13479188 31500662 57650902 29641112 8523801 129709722 132958812
35890252 110198402 3
31500662 35890252 1
31500662 110198402 1
29641112 33057862 6
29641112 35890252 7
29641112 110198402 1
33057862 35890252 7
33057862 110198402 1
13479188 29641112 1
13479188 33057862 1
13479188 35890252 1
24113382 33057862 1
24113382 35890252 2
8523801 10184904 1
8523801 24113382 1
8523801 29641112 1
8523801 31365832 1
8523801 35890252 1
8523801 57650902 1
8523801 81600242 1
8523801 129709722 1
10184904 24113382 1
10184904 29641112 3
10184904 31365832 3
10184904 35890252 3
10184904 57650902 1
10184904 81600242 1
10184904 129709722 1
24113382 29641112 1
24113382 31365832 1
24113382 57650902 1
24113382 81600242 1
24113382 129709722 1
29641112 31365832 3
29641112 57650902 1
29641112 81600242 1
29641112 129709722 1
31365832 35890252 3
31365832 57650902 1
31365832 81600242 1
31365832 129709722 1
35890252 57650902 1
35890252 81600242 1
35890252 129709722 1
57650902 81600242 1
57650902 129709722 1
81600242 129709722 1
10184904 33057862 2
31365832 33057862 2
29641112 75749482 1
29641112 132958812 1
33057862 75749482 1
33057862 132958812 1
35890252 75749482 1
35890252 132958812 1
75749482 132958812 1
