29312382 50627032 51670632 8974728 29817452 9502541 45337392 4407923 36710742 3930999 24413592 11420025 47490842 7711998
24413592 29312382 2
24413592 50627032 1
29312382 50627032 2
3930999 7711998 3
3930999 29312382 5
3930999 29817452 5
3930999 36710742 4
3930999 50627032 2
7711998 29312382 3
7711998 29817452 3
7711998 36710742 3
7711998 50627032 1
29312382 29817452 5
29312382 36710742 4
29817452 36710742 3
29817452 50627032 2
36710742 50627032 1
3930999 11420025 1
3930999 47490842 1
11420025 29817452 1
11420025 47490842 1
11420025 50627032 1
29817452 47490842 1
47490842 50627032 1
3930999 24413592 1
3930999 51670632 2
7711998 24413592 1
7711998 51670632 2
24413592 29817452 1
24413592 36710742 1
24413592 51670632 1
29312382 51670632 2
29817452 51670632 2
36710742 51670632 2
3930999 4407923 1
3930999 45337392 1
4407923 29312382 1
4407923 29817452 1
4407923 45337392 1
29312382 45337392 1
29817452 45337392 1
3930999 8974728 1
3930999 9502541 1
7711998 8974728 1
7711998 9502541 1
8974728 9502541 1
8974728 29312382 1
8974728 29817452 1
8974728 36710742 1
8974728 51670632 1
9502541 29312382 1
9502541 29817452 1
9502541 36710742 1
9502541 51670632 1
