179297792 12136833 163032962 99983232 160421512 88108812 13042321 63701652 182735125 30715542 181722392 182798106 137311772 9205023 174457382 9641254 46734632 142643112 5345833 12873128 169885222 2487213 50710062 22115501 11656240 73758272 3261121 14000450 135457092 139735372 13616077 42491342 65247822 153827542 60913752 140697562 36572252 7937502 14527710 152334302 182802528 51209572 102311912 42464232 13475306 11944940 159676142 112433522 4768627 8528756 46527862 182673142 147426682 8697468 1637119
2487213 4768627 1
2487213 8697468 2
2487213 11656240 3
2487213 13616077 1
2487213 14000450 1
2487213 30715542 3
2487213 36572252 3
2487213 42491342 3
2487213 46734632 3
2487213 60913752 1
2487213 102311912 1
2487213 112433522 1
2487213 135457092 2
2487213 140697562 1
2487213 142643112 3
2487213 147426682 1
2487213 153827542 1
4768627 8697468 1
4768627 11656240 1
4768627 13616077 1
4768627 14000450 1
4768627 30715542 1
4768627 36572252 1
4768627 42491342 1
4768627 46734632 1
4768627 60913752 1
4768627 102311912 1
4768627 112433522 1
4768627 135457092 1
4768627 140697562 1
4768627 142643112 1
4768627 147426682 1
4768627 153827542 1
8697468 11656240 3
8697468 13616077 1
8697468 14000450 1
8697468 30715542 2
8697468 36572252 3
8697468 42491342 2
8697468 46734632 2
8697468 60913752 1
8697468 102311912 1
8697468 112433522 2
8697468 135457092 1
8697468 140697562 1
8697468 142643112 3
8697468 147426682 1
8697468 153827542 1
11656240 13616077 1
11656240 14000450 1
11656240 30715542 8
11656240 36572252 9
11656240 42491342 6
11656240 46734632 5
11656240 60913752 1
11656240 102311912 1
11656240 112433522 6
11656240 135457092 4
11656240 140697562 2
11656240 142643112 5
11656240 147426682 1
11656240 153827542 1
13616077 14000450 1
13616077 30715542 1
13616077 36572252 1
13616077 42491342 1
13616077 46734632 1
13616077 60913752 1
13616077 102311912 1
13616077 112433522 1
13616077 135457092 1
13616077 140697562 1
13616077 142643112 1
13616077 147426682 1
13616077 153827542 1
14000450 30715542 1
14000450 36572252 1
14000450 42491342 1
14000450 46734632 1
14000450 60913752 1
14000450 102311912 1
14000450 112433522 1
14000450 135457092 1
14000450 140697562 1
14000450 142643112 1
14000450 147426682 1
14000450 153827542 1
30715542 36572252 9
30715542 42491342 7
30715542 46734632 5
30715542 60913752 1
30715542 102311912 1
30715542 112433522 6
30715542 135457092 5
30715542 140697562 2
30715542 142643112 5
30715542 147426682 1
30715542 153827542 1
36572252 42491342 7
36572252 46734632 5
36572252 60913752 1
36572252 102311912 1
36572252 112433522 7
36572252 135457092 5
36572252 140697562 2
36572252 142643112 6
36572252 147426682 1
36572252 153827542 1
42491342 46734632 5
42491342 60913752 1
42491342 102311912 1
42491342 112433522 4
42491342 135457092 4
42491342 140697562 2
42491342 142643112 5
42491342 147426682 1
42491342 153827542 1
46734632 60913752 1
46734632 102311912 1
46734632 112433522 3
46734632 135457092 2
46734632 140697562 1
46734632 142643112 3
46734632 147426682 1
46734632 153827542 1
60913752 102311912 1
60913752 112433522 1
60913752 135457092 1
60913752 140697562 1
60913752 142643112 1
60913752 147426682 1
60913752 153827542 1
102311912 112433522 1
102311912 135457092 1
102311912 140697562 1
102311912 142643112 1
102311912 147426682 1
102311912 153827542 1
112433522 135457092 3
112433522 140697562 1
112433522 142643112 3
112433522 147426682 1
112433522 153827542 1
135457092 140697562 2
135457092 142643112 4
135457092 147426682 1
135457092 153827542 1
140697562 142643112 2
140697562 147426682 1
140697562 153827542 1
142643112 147426682 1
142643112 153827542 1
147426682 153827542 1
7937502 11656240 1
7937502 12136833 1
7937502 13042321 1
7937502 14527710 1
7937502 30715542 1
7937502 36572252 1
7937502 42491342 1
7937502 46527862 1
7937502 46734632 1
7937502 50710062 1
7937502 65247822 1
7937502 88108812 1
7937502 112433522 1
7937502 163032962 1
7937502 174457382 1
11656240 12136833 1
11656240 13042321 1
11656240 14527710 1
11656240 46527862 5
11656240 50710062 1
11656240 65247822 3
11656240 88108812 1
11656240 163032962 1
11656240 174457382 1
12136833 13042321 1
12136833 14527710 1
12136833 30715542 1
12136833 36572252 1
12136833 42491342 1
12136833 46527862 1
12136833 46734632 1
12136833 50710062 1
12136833 65247822 1
12136833 88108812 1
12136833 112433522 1
12136833 163032962 1
12136833 174457382 1
13042321 14527710 1
13042321 30715542 1
13042321 36572252 1
13042321 42491342 1
13042321 46527862 1
13042321 46734632 1
13042321 50710062 1
13042321 65247822 1
13042321 88108812 1
13042321 112433522 1
13042321 163032962 1
13042321 174457382 1
14527710 30715542 2
14527710 36572252 2
14527710 42491342 2
14527710 46527862 2
14527710 46734632 1
14527710 50710062 1
14527710 65247822 1
14527710 88108812 1
14527710 112433522 2
14527710 163032962 1
14527710 174457382 1
30715542 46527862 6
30715542 50710062 1
30715542 65247822 3
30715542 88108812 1
30715542 163032962 1
30715542 174457382 1
36572252 46527862 6
36572252 50710062 1
36572252 65247822 3
36572252 88108812 1
36572252 163032962 1
36572252 174457382 1
42491342 46527862 5
42491342 50710062 1
42491342 65247822 3
42491342 88108812 1
42491342 163032962 1
42491342 174457382 1
46527862 46734632 3
46527862 50710062 1
46527862 65247822 3
46527862 88108812 1
46527862 112433522 3
46527862 163032962 1
46527862 174457382 1
46734632 50710062 1
46734632 65247822 3
46734632 88108812 1
46734632 163032962 1
46734632 174457382 1
50710062 65247822 1
50710062 88108812 1
50710062 112433522 1
50710062 163032962 1
50710062 174457382 1
65247822 88108812 1
65247822 112433522 1
65247822 163032962 1
65247822 174457382 1
88108812 112433522 1
88108812 163032962 1
88108812 174457382 1
112433522 163032962 1
112433522 174457382 1
163032962 174457382 1
11656240 11944940 1
11656240 22115501 3
11656240 63701652 1
11656240 159676142 1
11656240 179297792 2
11944940 22115501 1
11944940 30715542 1
11944940 36572252 1
11944940 42491342 1
11944940 46527862 1
11944940 63701652 1
11944940 135457092 1
11944940 140697562 1
11944940 142643112 1
11944940 159676142 1
11944940 179297792 1
22115501 30715542 2
22115501 36572252 3
22115501 42491342 2
22115501 46527862 2
22115501 63701652 1
22115501 135457092 2
22115501 140697562 1
22115501 142643112 3
22115501 159676142 1
22115501 179297792 1
30715542 63701652 1
30715542 159676142 1
30715542 179297792 2
36572252 63701652 1
36572252 159676142 1
36572252 179297792 2
42491342 63701652 1
42491342 159676142 1
42491342 179297792 1
46527862 63701652 1
46527862 135457092 3
46527862 140697562 1
46527862 142643112 4
46527862 159676142 1
46527862 179297792 1
63701652 135457092 1
63701652 140697562 1
63701652 142643112 1
63701652 159676142 1
63701652 179297792 1
135457092 159676142 1
135457092 179297792 2
140697562 159676142 1
140697562 179297792 1
142643112 159676142 1
142643112 179297792 1
159676142 179297792 1
2487213 9641254 2
2487213 42464232 1
2487213 46527862 2
2487213 65247822 2
2487213 99983232 2
2487213 152334302 1
8697468 9641254 1
8697468 42464232 1
8697468 46527862 1
8697468 65247822 1
8697468 99983232 1
8697468 152334302 1
9641254 11656240 2
9641254 30715542 2
9641254 36572252 2
9641254 42464232 1
9641254 42491342 2
9641254 46527862 2
9641254 46734632 2
9641254 65247822 2
9641254 99983232 2
9641254 142643112 2
9641254 152334302 1
11656240 42464232 1
11656240 99983232 2
11656240 152334302 1
30715542 42464232 1
30715542 99983232 2
30715542 152334302 1
36572252 42464232 1
36572252 99983232 2
36572252 152334302 1
42464232 42491342 1
42464232 46527862 1
42464232 46734632 1
42464232 65247822 1
42464232 99983232 1
42464232 142643112 1
42464232 152334302 1
42491342 99983232 2
42491342 152334302 1
46527862 99983232 2
46527862 152334302 1
46734632 99983232 2
46734632 152334302 1
65247822 99983232 2
65247822 142643112 2
65247822 152334302 1
99983232 142643112 2
99983232 152334302 1
142643112 152334302 1
2487213 5345833 1
2487213 8528756 1
2487213 9205023 1
2487213 12873128 1
2487213 22115501 1
2487213 139735372 1
2487213 169885222 1
2487213 181722392 1
5345833 8528756 1
5345833 9205023 1
5345833 9641254 1
5345833 11656240 1
5345833 12873128 1
5345833 22115501 1
5345833 30715542 1
5345833 36572252 1
5345833 42491342 1
5345833 46527862 1
5345833 46734632 1
5345833 65247822 1
5345833 99983232 1
5345833 135457092 1
5345833 139735372 1
5345833 142643112 1
5345833 169885222 1
5345833 181722392 1
8528756 9205023 1
8528756 9641254 1
8528756 11656240 1
8528756 12873128 1
8528756 22115501 1
8528756 30715542 1
8528756 36572252 1
8528756 42491342 1
8528756 46527862 1
8528756 46734632 1
8528756 65247822 1
8528756 99983232 1
8528756 135457092 1
8528756 139735372 1
8528756 142643112 1
8528756 169885222 1
8528756 181722392 1
9205023 9641254 1
9205023 11656240 1
9205023 12873128 1
9205023 22115501 1
9205023 30715542 1
9205023 36572252 1
9205023 42491342 1
9205023 46527862 1
9205023 46734632 1
9205023 65247822 1
9205023 99983232 1
9205023 135457092 1
9205023 139735372 1
9205023 142643112 1
9205023 169885222 1
9205023 181722392 1
9641254 12873128 1
9641254 22115501 1
9641254 135457092 1
9641254 139735372 1
9641254 169885222 1
9641254 181722392 1
11656240 12873128 1
11656240 139735372 1
11656240 169885222 2
11656240 181722392 3
12873128 22115501 1
12873128 30715542 1
12873128 36572252 1
12873128 42491342 1
12873128 46527862 1
12873128 46734632 1
12873128 65247822 1
12873128 99983232 1
12873128 135457092 1
12873128 139735372 1
12873128 142643112 1
12873128 169885222 1
12873128 181722392 1
22115501 46734632 1
22115501 65247822 1
22115501 99983232 1
22115501 139735372 1
22115501 169885222 1
22115501 181722392 2
30715542 139735372 1
30715542 169885222 2
30715542 181722392 3
36572252 139735372 1
36572252 169885222 2
36572252 181722392 4
42491342 139735372 1
42491342 169885222 1
42491342 181722392 2
46527862 139735372 1
46527862 169885222 1
46527862 181722392 3
46734632 139735372 1
46734632 169885222 1
46734632 181722392 1
65247822 135457092 1
65247822 139735372 1
65247822 169885222 1
65247822 181722392 1
99983232 135457092 1
99983232 139735372 1
99983232 169885222 1
99983232 181722392 1
135457092 139735372 1
135457092 169885222 2
135457092 181722392 2
139735372 142643112 1
139735372 169885222 1
139735372 181722392 1
142643112 169885222 1
142643112 181722392 3
169885222 181722392 1
1637119 3261121 1
1637119 11656240 1
1637119 30715542 1
1637119 36572252 1
1637119 46527862 1
1637119 51209572 1
1637119 112433522 1
1637119 181722392 1
3261121 11656240 1
3261121 30715542 1
3261121 36572252 1
3261121 46527862 1
3261121 51209572 1
3261121 112433522 1
3261121 181722392 1
11656240 51209572 2
30715542 51209572 1
36572252 51209572 2
46527862 51209572 1
51209572 112433522 2
51209572 181722392 2
112433522 181722392 3
11656240 137311772 1
11656240 160421512 1
30715542 137311772 1
30715542 160421512 1
36572252 137311772 1
36572252 160421512 1
42491342 137311772 1
42491342 160421512 1
46734632 137311772 1
46734632 160421512 1
112433522 137311772 1
112433522 160421512 1
137311772 160421512 1
13475306 14527710 1
13475306 30715542 1
13475306 36572252 1
13475306 42491342 1
13475306 46527862 1
13475306 73758272 1
13475306 112433522 1
13475306 135457092 1
13475306 142643112 1
13475306 181722392 1
13475306 182673142 1
13475306 182735125 1
13475306 182802528 1
14527710 73758272 1
14527710 135457092 1
14527710 142643112 1
14527710 181722392 1
14527710 182673142 1
14527710 182735125 1
14527710 182802528 1
30715542 73758272 1
30715542 182673142 2
30715542 182735125 1
30715542 182802528 1
36572252 73758272 1
36572252 182673142 2
36572252 182735125 1
36572252 182802528 1
42491342 73758272 1
42491342 182673142 1
42491342 182735125 1
42491342 182802528 1
46527862 73758272 1
46527862 182673142 1
46527862 182735125 1
46527862 182802528 1
73758272 112433522 1
73758272 135457092 1
73758272 142643112 1
73758272 181722392 1
73758272 182673142 1
73758272 182735125 1
73758272 182802528 1
112433522 182673142 2
112433522 182735125 1
112433522 182802528 1
135457092 182673142 2
135457092 182735125 1
135457092 182802528 1
142643112 182673142 1
142643112 182735125 1
142643112 182802528 1
181722392 182673142 1
181722392 182735125 1
181722392 182802528 1
182673142 182735125 1
182673142 182802528 1
182735125 182802528 1
11656240 182673142 1
11656240 182798106 1
30715542 182798106 1
36572252 182798106 1
112433522 169885222 1
112433522 179297792 1
112433522 182798106 1
135457092 182798106 1
169885222 179297792 1
169885222 182673142 1
169885222 182798106 1
179297792 182673142 1
179297792 182798106 1
182673142 182798106 1
8697468 22115501 1
8697468 51209572 1
8697468 181722392 1
22115501 51209572 1
22115501 112433522 1
51209572 142643112 1
