113523712 10977670 108558602 13371275 3347346 41052692 2650644 5980054 191321239 104986912 2936352 141087782 192562859 182737708 144519852 163337782 183359671 13681207 10676158 191987904 193078849 9032260 8019525 9213896 140613322 156110542 145122642 150063572 10936280 163091802 191958876 102796542 12371560 94107242 194013418 1071981 186916209 4848884 23837432 13378426 71631102
4848884 8019525 1
4848884 41052692 1
4848884 71631102 1
4848884 104986912 1
4848884 108558602 1
4848884 113523712 1
4848884 145122642 1
4848884 163091802 1
4848884 182737708 1
4848884 191958876 1
4848884 191987904 1
8019525 41052692 1
8019525 71631102 1
8019525 104986912 1
8019525 108558602 1
8019525 113523712 1
8019525 145122642 1
8019525 163091802 1
8019525 182737708 1
8019525 191958876 1
8019525 191987904 1
41052692 71631102 1
41052692 104986912 1
41052692 108558602 1
41052692 113523712 1
41052692 145122642 1
41052692 163091802 1
41052692 182737708 1
41052692 191958876 1
41052692 191987904 1
71631102 104986912 2
71631102 108558602 1
71631102 113523712 1
71631102 145122642 1
71631102 163091802 1
71631102 182737708 1
71631102 191958876 2
71631102 191987904 1
104986912 108558602 1
104986912 113523712 1
104986912 145122642 1
104986912 163091802 1
104986912 182737708 1
104986912 191958876 4
104986912 191987904 1
108558602 113523712 1
108558602 145122642 1
108558602 163091802 1
108558602 182737708 1
108558602 191958876 1
108558602 191987904 1
113523712 145122642 1
113523712 163091802 1
113523712 182737708 1
113523712 191958876 1
113523712 191987904 1
145122642 163091802 1
145122642 182737708 1
145122642 191958876 1
145122642 191987904 1
163091802 182737708 1
163091802 191958876 1
163091802 191987904 1
182737708 191958876 1
182737708 191987904 1
191958876 191987904 1
2936352 10936280 1
2936352 104986912 1
2936352 150063572 1
10936280 104986912 1
10936280 150063572 1
104986912 150063572 1
2650644 183359671 1
2650644 191958876 3
183359671 191958876 1
2650644 104986912 2
10676158 71631102 1
10676158 94107242 1
10676158 104986912 1
10676158 186916209 1
10676158 191958876 1
71631102 94107242 1
71631102 186916209 1
94107242 104986912 1
94107242 186916209 1
94107242 191958876 1
104986912 186916209 1
186916209 191958876 1
1071981 12371560 1
1071981 13371275 1
1071981 13378426 1
1071981 23837432 1
1071981 102796542 1
1071981 104986912 2
1071981 140613322 1
1071981 144519852 2
1071981 156110542 1
1071981 191321239 1
1071981 192562859 1
1071981 193078849 1
12371560 13371275 1
12371560 13378426 1
12371560 23837432 1
12371560 102796542 1
12371560 104986912 1
12371560 140613322 1
12371560 144519852 1
12371560 156110542 1
12371560 191321239 1
12371560 192562859 1
12371560 193078849 1
13371275 13378426 1
13371275 23837432 1
13371275 102796542 1
13371275 104986912 1
13371275 140613322 1
13371275 144519852 1
13371275 156110542 1
13371275 191321239 1
13371275 192562859 1
13371275 193078849 1
13378426 23837432 1
13378426 102796542 1
13378426 104986912 1
13378426 140613322 1
13378426 144519852 1
13378426 156110542 1
13378426 191321239 1
13378426 192562859 1
13378426 193078849 1
23837432 102796542 1
23837432 104986912 1
23837432 140613322 1
23837432 144519852 1
23837432 156110542 1
23837432 191321239 1
23837432 192562859 1
23837432 193078849 1
102796542 104986912 1
102796542 140613322 1
102796542 144519852 1
102796542 156110542 1
102796542 191321239 1
102796542 192562859 1
102796542 193078849 1
104986912 140613322 1
104986912 144519852 2
104986912 156110542 1
104986912 191321239 1
104986912 192562859 1
104986912 193078849 1
140613322 144519852 1
140613322 156110542 1
140613322 191321239 1
140613322 192562859 1
140613322 193078849 1
144519852 156110542 1
144519852 191321239 1
144519852 192562859 1
144519852 193078849 1
156110542 191321239 1
156110542 192562859 1
156110542 193078849 1
191321239 192562859 1
191321239 193078849 1
192562859 193078849 1
2650644 5980054 1
5980054 191958876 1
2650644 10977670 1
2650644 163337782 1
10977670 104986912 1
10977670 163337782 1
104986912 163337782 1
1071981 3347346 1
1071981 9032260 1
1071981 9213896 1
1071981 13681207 1
1071981 141087782 1
1071981 191958876 1
1071981 194013418 1
3347346 9032260 1
3347346 9213896 1
3347346 13681207 1
3347346 104986912 1
3347346 141087782 1
3347346 144519852 1
3347346 191958876 1
3347346 194013418 1
9032260 9213896 1
9032260 13681207 1
9032260 104986912 1
9032260 141087782 1
9032260 144519852 1
9032260 191958876 1
9032260 194013418 1
9213896 13681207 1
9213896 104986912 1
9213896 141087782 1
9213896 144519852 1
9213896 191958876 1
9213896 194013418 1
13681207 104986912 1
13681207 141087782 1
13681207 144519852 1
13681207 191958876 1
13681207 194013418 1
104986912 141087782 1
104986912 194013418 1
141087782 144519852 1
141087782 191958876 1
141087782 194013418 1
144519852 191958876 1
144519852 194013418 1
191958876 194013418 1
