63374432 3954981 5459112 9653226 4267309 78048952 38406672 9048401 40504722 90742552 30385522 6750456 8930138 8171484 5556030
4267309 5459112 9
4267309 8171484 9
4267309 8930138 10
4267309 9048401 10
4267309 38406672 8
4267309 40504722 9
5459112 8171484 8
5459112 8930138 9
5459112 9048401 9
5459112 38406672 7
5459112 40504722 8
8171484 8930138 9
8171484 9048401 9
8171484 38406672 7
8171484 40504722 8
8930138 9048401 10
8930138 38406672 8
8930138 40504722 9
9048401 38406672 8
9048401 40504722 9
38406672 40504722 7
4267309 6750456 1
5459112 6750456 1
6750456 8171484 1
6750456 8930138 1
6750456 9048401 1
6750456 38406672 1
6750456 40504722 1
3954981 4267309 1
3954981 5459112 1
3954981 8171484 1
3954981 8930138 1
3954981 9048401 1
3954981 38406672 1
3954981 40504722 1
4267309 9653226 1
4267309 78048952 5
5459112 9653226 1
5459112 78048952 4
8930138 9653226 1
8930138 78048952 5
9048401 9653226 1
9048401 78048952 5
9653226 38406672 1
9653226 40504722 1
9653226 78048952 1
38406672 78048952 4
40504722 78048952 5
4267309 63374432 2
5459112 63374432 2
8171484 63374432 2
8171484 78048952 4
8930138 63374432 2
9048401 63374432 2
38406672 63374432 2
40504722 63374432 2
63374432 78048952 2
4267309 5556030 2
5459112 5556030 2
5556030 8171484 2
5556030 8930138 2
5556030 9048401 2
5556030 40504722 2
5556030 78048952 2
5556030 38406672 1
5556030 63374432 1
4267309 90742552 2
8171484 90742552 2
8930138 90742552 2
9048401 90742552 2
38406672 90742552 2
40504722 90742552 1
78048952 90742552 1
4267309 30385522 1
5459112 30385522 1
5459112 90742552 1
8171484 30385522 1
8930138 30385522 1
9048401 30385522 1
30385522 38406672 1
30385522 90742552 1
