38406672 104004002 189622948 52299692 4267309 3578169 164061122 167969602 4836936 190510920 190271434 56408782 190298192 9048401 191415769 8930138 8171484 195580380 182783840 196561255 11543272 9653226 194686191 12928503
3578169 4267309 1
3578169 4836936 1
3578169 8171484 1
3578169 8930138 1
3578169 9653226 1
3578169 12928503 1
3578169 38406672 1
3578169 56408782 1
3578169 104004002 1
3578169 164061122 1
3578169 167969602 1
3578169 190271434 1
3578169 190298192 1
3578169 190510920 1
3578169 191415769 1
4267309 4836936 2
4267309 8171484 2
4267309 8930138 3
4267309 9653226 1
4267309 12928503 2
4267309 38406672 2
4267309 56408782 3
4267309 104004002 2
4267309 164061122 2
4267309 167969602 3
4267309 190271434 1
4267309 190298192 2
4267309 190510920 3
4267309 191415769 1
4836936 8171484 1
4836936 8930138 2
4836936 9653226 1
4836936 12928503 2
4836936 38406672 1
4836936 56408782 2
4836936 104004002 1
4836936 164061122 1
4836936 167969602 2
4836936 190271434 1
4836936 190298192 1
4836936 190510920 2
4836936 191415769 1
8171484 8930138 2
8171484 9653226 1
8171484 12928503 1
8171484 38406672 2
8171484 56408782 2
8171484 104004002 2
8171484 164061122 2
8171484 167969602 2
8171484 190271434 1
8171484 190298192 2
8171484 190510920 2
8171484 191415769 1
8930138 9653226 1
8930138 12928503 2
8930138 38406672 2
8930138 56408782 3
8930138 104004002 2
8930138 164061122 2
8930138 167969602 3
8930138 190271434 1
8930138 190298192 2
8930138 190510920 3
8930138 191415769 1
9653226 12928503 1
9653226 38406672 1
9653226 56408782 1
9653226 104004002 1
9653226 164061122 1
9653226 167969602 1
9653226 190271434 1
9653226 190298192 1
9653226 190510920 1
9653226 191415769 1
12928503 38406672 1
12928503 56408782 2
12928503 104004002 1
12928503 164061122 1
12928503 167969602 2
12928503 190271434 1
12928503 190298192 1
12928503 190510920 2
12928503 191415769 1
38406672 56408782 2
38406672 104004002 2
38406672 164061122 2
38406672 167969602 2
38406672 190271434 1
38406672 190298192 2
38406672 190510920 2
38406672 191415769 1
56408782 104004002 2
56408782 164061122 2
56408782 167969602 3
56408782 190271434 1
56408782 190298192 2
56408782 190510920 3
56408782 191415769 1
104004002 164061122 2
104004002 167969602 2
104004002 190271434 1
104004002 190298192 2
104004002 190510920 2
104004002 191415769 1
164061122 167969602 2
164061122 190271434 1
164061122 190298192 2
164061122 190510920 2
164061122 191415769 1
167969602 190271434 1
167969602 190298192 2
167969602 190510920 3
167969602 191415769 1
190271434 190298192 1
190271434 190510920 1
190271434 191415769 1
190298192 190510920 2
190298192 191415769 1
190510920 191415769 1
4267309 9048401 1
4267309 11543272 1
4267309 182783840 1
4267309 194686191 1
4267309 195580380 1
8171484 9048401 1
8171484 11543272 1
8171484 182783840 1
8171484 194686191 1
8171484 195580380 1
8930138 9048401 1
8930138 11543272 1
8930138 182783840 1
8930138 194686191 2
8930138 195580380 1
9048401 11543272 1
9048401 38406672 1
9048401 56408782 1
9048401 104004002 1
9048401 164061122 1
9048401 167969602 1
9048401 182783840 1
9048401 190298192 1
9048401 190510920 1
9048401 194686191 1
9048401 195580380 1
11543272 38406672 1
11543272 56408782 1
11543272 104004002 1
11543272 164061122 1
11543272 167969602 1
11543272 182783840 1
11543272 190298192 1
11543272 190510920 1
11543272 194686191 1
11543272 195580380 1
38406672 182783840 1
38406672 194686191 1
38406672 195580380 1
56408782 182783840 1
56408782 194686191 1
56408782 195580380 1
104004002 182783840 1
104004002 194686191 1
104004002 195580380 1
164061122 182783840 1
164061122 194686191 1
164061122 195580380 1
167969602 182783840 1
167969602 194686191 1
167969602 195580380 1
182783840 190298192 1
182783840 190510920 1
182783840 194686191 1
182783840 195580380 1
190298192 194686191 1
190298192 195580380 1
190510920 194686191 1
190510920 195580380 1
194686191 195580380 1
4267309 52299692 1
4267309 189622948 1
4267309 196561255 1
4836936 52299692 1
4836936 189622948 1
4836936 196561255 1
8930138 52299692 1
8930138 189622948 1
8930138 196561255 1
12928503 52299692 1
12928503 189622948 1
12928503 196561255 1
52299692 56408782 1
52299692 167969602 1
52299692 189622948 1
52299692 190510920 1
52299692 196561255 1
56408782 189622948 1
56408782 196561255 1
167969602 189622948 1
167969602 196561255 1
189622948 190510920 1
189622948 196561255 1
190510920 196561255 1
