61617572 115238852 93812072 39182092 817371 151833072 5067417 40018292 90449972 126888182 68928632 10171513 89967962 11391643 15922461 149433182
39182092 61617572 1
39182092 89967962 2
39182092 115238852 1
39182092 149433182 2
61617572 89967962 1
61617572 115238852 1
61617572 149433182 1
89967962 115238852 1
89967962 149433182 6
115238852 149433182 1
39182092 126888182 1
89967962 126888182 1
126888182 149433182 1
11391643 68928632 1
11391643 89967962 1
11391643 93812072 1
11391643 149433182 1
68928632 89967962 1
68928632 93812072 1
68928632 149433182 1
89967962 93812072 4
93812072 149433182 4
10171513 15922461 1
10171513 40018292 1
10171513 89967962 1
10171513 93812072 1
10171513 149433182 1
10171513 151833072 1
15922461 40018292 1
15922461 89967962 2
15922461 93812072 2
15922461 149433182 2
15922461 151833072 1
40018292 89967962 1
40018292 93812072 1
40018292 149433182 1
40018292 151833072 1
89967962 151833072 2
93812072 151833072 2
149433182 151833072 2
817371 15922461 1
817371 89967962 1
817371 93812072 1
817371 149433182 1
5067417 89967962 1
5067417 90449972 1
5067417 93812072 1
5067417 149433182 1
5067417 151833072 1
89967962 90449972 1
90449972 93812072 1
90449972 149433182 1
90449972 151833072 1
