84439232 10337984 162571492 93812072 35334152 161894542 176963962 185162321 177840402 89967962 183295164 149433182
93812072 161894542 1
84439232 185162321 3
84439232 162571492 1
10337984 35334152 1
10337984 89967962 1
10337984 149433182 1
10337984 176963962 1
10337984 177840402 1
10337984 183295164 1
35334152 89967962 1
35334152 149433182 1
35334152 176963962 1
35334152 177840402 1
35334152 183295164 1
89967962 149433182 1
89967962 176963962 1
89967962 177840402 1
89967962 183295164 1
149433182 176963962 1
149433182 177840402 1
149433182 183295164 1
176963962 177840402 1
176963962 183295164 1
177840402 183295164 1
