11959428 42500492 12502413 5975439 14200208 35363222 25574942 3605282 10712367 7821488 8345015 7780409 54828092 51926972 34606782 10373313 29984712 18667211 56808782 54815312 10848337 45441882 19956571 44562142 28704862 40757862 38251762
8345015 10848337 1
8345015 25574942 2
8345015 29984712 1
8345015 34606782 1
8345015 38251762 2
8345015 45441882 1
8345015 51926972 2
8345015 54815312 1
10848337 25574942 1
10848337 29984712 1
10848337 34606782 1
10848337 38251762 2
10848337 45441882 1
10848337 51926972 2
10848337 54815312 1
25574942 29984712 4
25574942 34606782 5
25574942 38251762 7
25574942 45441882 2
25574942 51926972 6
25574942 54815312 4
29984712 34606782 3
29984712 38251762 4
29984712 45441882 2
29984712 51926972 4
29984712 54815312 3
34606782 38251762 5
34606782 45441882 2
34606782 51926972 4
34606782 54815312 4
38251762 45441882 2
38251762 51926972 8
38251762 54815312 4
45441882 51926972 2
45441882 54815312 2
51926972 54815312 3
3605282 5975439 1
3605282 10373313 1
3605282 10712367 1
3605282 12502413 1
3605282 14200208 1
3605282 25574942 3
3605282 34606782 2
3605282 38251762 3
3605282 54815312 2
5975439 10373313 1
5975439 10712367 1
5975439 12502413 1
5975439 14200208 1
5975439 25574942 1
5975439 34606782 1
5975439 38251762 1
5975439 54815312 1
10373313 10712367 1
10373313 12502413 1
10373313 14200208 1
10373313 25574942 1
10373313 34606782 1
10373313 38251762 1
10373313 54815312 1
10712367 12502413 1
10712367 14200208 1
10712367 25574942 1
10712367 34606782 1
10712367 38251762 1
10712367 54815312 1
12502413 14200208 1
12502413 25574942 1
12502413 34606782 1
12502413 38251762 1
12502413 54815312 1
14200208 25574942 1
14200208 34606782 1
14200208 38251762 1
14200208 54815312 1
25574942 28704862 2
25574942 40757862 5
25574942 44562142 1
25574942 54828092 5
28704862 29984712 2
28704862 34606782 2
28704862 38251762 2
28704862 40757862 2
28704862 44562142 1
28704862 45441882 1
28704862 51926972 2
28704862 54815312 2
28704862 54828092 2
29984712 40757862 3
29984712 44562142 1
29984712 54828092 3
34606782 40757862 3
34606782 44562142 1
34606782 54828092 3
38251762 40757862 5
38251762 44562142 1
38251762 54828092 8
40757862 44562142 1
40757862 45441882 1
40757862 51926972 5
40757862 54815312 2
40757862 54828092 5
44562142 45441882 1
44562142 51926972 1
44562142 54815312 1
44562142 54828092 1
45441882 54828092 1
51926972 54828092 7
54815312 54828092 2
3605282 11959428 1
3605282 29984712 2
3605282 40757862 2
3605282 51926972 2
3605282 54828092 2
11959428 25574942 1
11959428 29984712 1
11959428 38251762 1
11959428 40757862 1
11959428 51926972 1
11959428 54828092 1
7780409 8345015 1
7780409 25574942 2
7780409 35363222 1
7780409 38251762 2
7780409 40757862 2
7780409 51926972 2
7780409 54828092 2
8345015 35363222 1
8345015 40757862 1
8345015 54828092 1
25574942 35363222 1
35363222 38251762 2
35363222 40757862 1
35363222 51926972 2
35363222 54828092 2
7821488 10848337 1
7821488 18667211 1
7821488 35363222 1
7821488 38251762 1
7821488 42500492 1
7821488 51926972 1
7821488 54828092 1
7821488 56808782 1
10848337 18667211 1
10848337 35363222 1
10848337 42500492 1
10848337 54828092 1
10848337 56808782 1
18667211 35363222 1
18667211 38251762 1
18667211 42500492 1
18667211 51926972 1
18667211 54828092 1
18667211 56808782 1
35363222 42500492 1
35363222 56808782 1
38251762 42500492 1
38251762 56808782 1
42500492 51926972 1
42500492 54828092 1
42500492 56808782 1
51926972 56808782 1
54828092 56808782 1
7780409 34606782 1
19956571 38251762 1
19956571 51926972 1
19956571 54828092 1
3605282 28704862 1
