4159233 2635783 3292425 2436877 263438 3307279 4522255 2744465 1304978 2566417 4904982 3607191 3108249 3165978 1919260 3749404 3497500 3849628 3136803 3872931 3249191 4704555 3454379 3594797 3546798 2920495 1602608 4885240 3377971 2923060 1908406 2597560 3381305 2950077 3197890 606021 1871941 4665928 3546194 3613138 1235285 4160341 4233303 3383386 4750811 2037595 2548061 2575965 2279906 81896 5267816 2525803 3311851 2658417 2796785 3312120 5136505 326011 1874302
1235285 1304978 4
1235285 1919260 4
1235285 2436877 1
1235285 2525803 3
1235285 2548061 7
1235285 2923060 4
1235285 3307279 3
1235285 4665928 3
1304978 1919260 3
1304978 2436877 1
1304978 2525803 1
1304978 2548061 3
1304978 2923060 2
1304978 3307279 2
1304978 4665928 2
1919260 2436877 1
1919260 2525803 1
1919260 2548061 4
1919260 2923060 2
1919260 3307279 2
1919260 4665928 2
2436877 2525803 1
2436877 2548061 1
2436877 2923060 1
2436877 3307279 1
2436877 4665928 1
2525803 2548061 3
2525803 2923060 2
2525803 3307279 2
2525803 4665928 1
2548061 2923060 3
2548061 3307279 3
2548061 4665928 3
2923060 3307279 1
2923060 4665928 1
3307279 4665928 2
1235285 2658417 4
1235285 3546194 1
1235285 3613138 6
1235285 3749404 7
1235285 4233303 3
2548061 2658417 4
2548061 3546194 1
2548061 3613138 4
2548061 3749404 5
2548061 4233303 2
2658417 3546194 1
2658417 3613138 2
2658417 3749404 3
2658417 4233303 2
2658417 4665928 2
3546194 3613138 1
3546194 3749404 1
3546194 4233303 1
3546194 4665928 1
3613138 3749404 6
3613138 4233303 2
3613138 4665928 1
3749404 4233303 3
3749404 4665928 2
4233303 4665928 2
606021 1235285 4
606021 1304978 2
606021 1919260 3
606021 2279906 1
606021 2548061 4
606021 2923060 2
606021 3249191 3
606021 3312120 3
606021 3613138 2
606021 3749404 3
606021 4159233 3
606021 4160341 3
1235285 2279906 2
1235285 3249191 3
1235285 3312120 3
1235285 4159233 3
1235285 4160341 4
1304978 2279906 1
1304978 3249191 1
1304978 3312120 2
1304978 3613138 2
1304978 3749404 3
1304978 4159233 2
1304978 4160341 2
1919260 2279906 1
1919260 3249191 2
1919260 3312120 2
1919260 3613138 2
1919260 3749404 3
1919260 4159233 2
1919260 4160341 2
2279906 2548061 1
2279906 2923060 2
2279906 3249191 1
2279906 3312120 1
2279906 3613138 1
2279906 3749404 1
2279906 4159233 1
2279906 4160341 2
2548061 3249191 3
2548061 3312120 3
2548061 4159233 3
2548061 4160341 3
2923060 3249191 2
2923060 3312120 2
2923060 3613138 1
2923060 3749404 1
2923060 4159233 2
2923060 4160341 3
3249191 3312120 2
3249191 3613138 2
3249191 3749404 2
3249191 4159233 2
3249191 4160341 2
3312120 3613138 1
3312120 3749404 2
3312120 4159233 3
3312120 4160341 3
3613138 4159233 1
3613138 4160341 1
3749404 4159233 2
3749404 4160341 2
4159233 4160341 3
606021 1871941 2
606021 2597560 3
606021 2658417 2
606021 2796785 2
606021 3108249 2
606021 3165978 1
606021 3292425 3
606021 3307279 1
606021 3383386 3
606021 3497500 2
606021 3546798 2
606021 3607191 1
606021 4233303 1
606021 4522255 2
606021 4665928 1
606021 4704555 2
606021 4750811 2
1235285 1871941 2
1235285 2597560 4
1235285 2796785 3
1235285 3108249 2
1235285 3165978 1
1235285 3292425 3
1235285 3383386 5
1235285 3497500 2
1235285 3546798 3
1235285 3607191 1
1235285 4522255 2
1235285 4704555 2
1235285 4750811 5
1304978 1871941 1
1304978 2597560 1
1304978 2658417 1
1304978 2796785 1
1304978 3108249 1
1304978 3165978 1
1304978 3292425 1
1304978 3383386 1
1304978 3497500 1
1304978 3546798 1
1304978 3607191 1
1304978 4233303 1
1304978 4522255 1
1304978 4704555 1
1304978 4750811 1
1871941 1919260 2
1871941 2548061 2
1871941 2597560 2
1871941 2658417 1
1871941 2796785 1
1871941 3108249 1
1871941 3165978 1
1871941 3292425 2
1871941 3307279 1
1871941 3312120 1
1871941 3383386 2
1871941 3497500 1
1871941 3546798 1
1871941 3607191 1
1871941 3749404 2
1871941 4159233 1
1871941 4160341 1
1871941 4233303 1
1871941 4522255 1
1871941 4665928 1
1871941 4704555 1
1871941 4750811 2
1919260 2597560 2
1919260 2658417 1
1919260 2796785 1
1919260 3108249 1
1919260 3165978 1
1919260 3292425 2
1919260 3383386 2
1919260 3497500 1
1919260 3546798 1
1919260 3607191 1
1919260 4233303 1
1919260 4522255 1
1919260 4704555 1
1919260 4750811 2
2548061 2597560 3
2548061 2796785 3
2548061 3108249 2
2548061 3165978 1
2548061 3292425 3
2548061 3383386 4
2548061 3497500 2
2548061 3546798 3
2548061 3607191 1
2548061 4522255 2
2548061 4704555 2
2548061 4750811 3
2597560 2658417 2
2597560 2796785 2
2597560 3108249 2
2597560 3165978 1
2597560 3292425 3
2597560 3307279 1
2597560 3312120 2
2597560 3383386 4
2597560 3497500 2
2597560 3546798 2
2597560 3607191 1
2597560 3749404 3
2597560 4159233 2
2597560 4160341 2
2597560 4233303 2
2597560 4522255 2
2597560 4665928 1
2597560 4704555 2
2597560 4750811 3
2658417 2796785 3
2658417 3108249 2
2658417 3165978 1
2658417 3292425 2
2658417 3307279 2
2658417 3312120 2
2658417 3383386 3
2658417 3497500 2
2658417 3546798 3
2658417 3607191 1
2658417 4159233 2
2658417 4160341 2
2658417 4522255 2
2658417 4704555 2
2658417 4750811 2
2796785 3108249 2
2796785 3165978 1
2796785 3292425 2
2796785 3307279 2
2796785 3312120 2
2796785 3383386 3
2796785 3497500 2
2796785 3546798 3
2796785 3607191 1
2796785 3749404 2
2796785 4159233 2
2796785 4160341 2
2796785 4233303 1
2796785 4522255 2
2796785 4665928 1
2796785 4704555 2
2796785 4750811 2
3108249 3165978 1
3108249 3292425 2
3108249 3307279 1
3108249 3312120 2
3108249 3383386 2
3108249 3497500 2
3108249 3546798 2
3108249 3607191 1
3108249 3749404 1
3108249 4159233 2
3108249 4160341 2
3108249 4233303 1
3108249 4522255 2
3108249 4665928 1
3108249 4704555 2
3108249 4750811 1
3165978 3292425 1
3165978 3307279 1
3165978 3312120 1
3165978 3383386 1
3165978 3497500 1
3165978 3546798 1
3165978 3607191 1
3165978 3749404 1
3165978 4159233 1
3165978 4160341 1
3165978 4233303 1
3165978 4522255 1
3165978 4665928 1
3165978 4704555 1
3165978 4750811 1
3292425 3307279 1
3292425 3312120 2
3292425 3383386 3
3292425 3497500 2
3292425 3546798 2
3292425 3607191 1
3292425 3749404 2
3292425 4159233 2
3292425 4160341 2
3292425 4233303 1
3292425 4522255 2
3292425 4665928 1
3292425 4704555 2
3292425 4750811 2
3307279 3312120 1
3307279 3383386 2
3307279 3497500 1
3307279 3546798 2
3307279 3607191 1
3307279 3749404 2
3307279 4159233 1
3307279 4160341 1
3307279 4233303 1
3307279 4522255 1
3307279 4704555 1
3307279 4750811 2
3312120 3383386 2
3312120 3497500 2
3312120 3546798 2
3312120 3607191 1
3312120 4233303 1
3312120 4522255 2
3312120 4665928 1
3312120 4704555 2
3312120 4750811 1
3383386 3497500 2
3383386 3546798 3
3383386 3607191 1
3383386 3749404 4
3383386 4159233 2
3383386 4160341 2
3383386 4233303 2
3383386 4522255 2
3383386 4665928 1
3383386 4704555 2
3383386 4750811 4
3497500 3546798 2
3497500 3607191 1
3497500 3749404 1
3497500 4159233 2
3497500 4160341 2
3497500 4233303 1
3497500 4522255 2
3497500 4665928 1
3497500 4704555 2
3497500 4750811 1
3546798 3607191 1
3546798 3749404 2
3546798 4159233 2
3546798 4160341 2
3546798 4233303 1
3546798 4522255 2
3546798 4665928 1
3546798 4704555 2
3546798 4750811 2
3607191 3749404 1
3607191 4159233 1
3607191 4160341 1
3607191 4233303 1
3607191 4522255 1
3607191 4665928 1
3607191 4704555 1
3607191 4750811 1
3749404 4522255 1
3749404 4704555 1
3749404 4750811 4
4159233 4233303 1
4159233 4522255 2
4159233 4665928 1
4159233 4704555 2
4159233 4750811 1
4160341 4233303 1
4160341 4522255 2
4160341 4665928 1
4160341 4704555 2
4160341 4750811 2
4233303 4522255 1
4233303 4704555 1
4233303 4750811 2
4522255 4665928 1
4522255 4704555 2
4522255 4750811 1
4665928 4704555 1
4665928 4750811 1
4704555 4750811 1
326011 1235285 2
326011 2597560 2
326011 3383386 2
326011 3454379 1
326011 3613138 2
326011 3749404 2
326011 4233303 1
326011 4750811 2
1235285 3454379 1
2597560 3454379 1
2597560 3613138 2
3383386 3454379 1
3383386 3613138 3
3454379 3613138 1
3454379 3749404 1
3454379 4233303 1
3454379 4750811 1
3613138 4750811 3
81896 1235285 1
81896 2279906 1
81896 2923060 1
81896 3594797 1
81896 4160341 1
81896 4750811 1
1235285 3594797 1
2279906 3594797 1
2279906 4750811 1
2923060 3594797 1
2923060 4750811 1
3594797 4160341 1
3594797 4750811 1
263438 606021 1
263438 1235285 1
263438 1602608 1
263438 1874302 1
263438 2037595 1
263438 2525803 1
263438 2548061 1
263438 2575965 1
263438 2597560 1
263438 2635783 1
263438 2658417 1
263438 2744465 1
263438 2796785 1
263438 2920495 1
263438 2923060 1
263438 3108249 1
263438 3136803 1
263438 3197890 1
263438 3249191 1
263438 3292425 1
263438 3311851 1
263438 3312120 1
263438 3381305 1
263438 3383386 1
263438 3497500 1
263438 3546798 1
263438 3849628 1
263438 4159233 1
263438 4160341 1
263438 4522255 1
263438 4704555 1
263438 5136505 1
606021 1602608 1
606021 1874302 1
606021 2037595 1
606021 2525803 1
606021 2575965 1
606021 2635783 2
606021 2744465 1
606021 2920495 1
606021 3136803 1
606021 3197890 1
606021 3311851 1
606021 3381305 1
606021 3849628 2
606021 5136505 2
1235285 1602608 1
1235285 1874302 1
1235285 2037595 1
1235285 2575965 1
1235285 2635783 3
1235285 2744465 1
1235285 2920495 2
1235285 3136803 1
1235285 3197890 1
1235285 3311851 1
1235285 3381305 1
1235285 3849628 2
1235285 5136505 2
1602608 1874302 1
1602608 2037595 1
1602608 2525803 1
1602608 2548061 1
1602608 2575965 1
1602608 2597560 1
1602608 2635783 1
1602608 2658417 1
1602608 2744465 1
1602608 2796785 1
1602608 2920495 1
1602608 2923060 1
1602608 3108249 1
1602608 3136803 1
1602608 3197890 1
1602608 3249191 1
1602608 3292425 1
1602608 3311851 1
1602608 3312120 1
1602608 3381305 1
1602608 3383386 1
1602608 3497500 1
1602608 3546798 1
1602608 3849628 1
1602608 4159233 1
1602608 4160341 1
1602608 4522255 1
1602608 4704555 1
1602608 5136505 1
1874302 2037595 1
1874302 2525803 1
1874302 2548061 1
1874302 2575965 1
1874302 2597560 1
1874302 2635783 1
1874302 2658417 1
1874302 2744465 1
1874302 2796785 1
1874302 2920495 1
1874302 2923060 1
1874302 3108249 1
1874302 3136803 1
1874302 3197890 1
1874302 3249191 1
1874302 3292425 1
1874302 3311851 1
1874302 3312120 1
1874302 3381305 1
1874302 3383386 1
1874302 3497500 1
1874302 3546798 1
1874302 3849628 1
1874302 4159233 1
1874302 4160341 1
1874302 4522255 1
1874302 4704555 1
1874302 5136505 1
2037595 2525803 1
2037595 2548061 1
2037595 2575965 1
2037595 2597560 1
2037595 2635783 1
2037595 2658417 1
2037595 2744465 1
2037595 2796785 1
2037595 2920495 1
2037595 2923060 1
2037595 3108249 1
2037595 3136803 1
2037595 3197890 1
2037595 3249191 1
2037595 3292425 1
2037595 3311851 1
2037595 3312120 1
2037595 3381305 1
2037595 3383386 1
2037595 3497500 1
2037595 3546798 1
2037595 3849628 1
2037595 4159233 1
2037595 4160341 1
2037595 4522255 1
2037595 4704555 1
2037595 5136505 1
2525803 2575965 1
2525803 2597560 1
2525803 2635783 2
2525803 2658417 2
2525803 2744465 1
2525803 2796785 2
2525803 2920495 2
2525803 3108249 1
2525803 3136803 1
2525803 3197890 1
2525803 3249191 1
2525803 3292425 1
2525803 3311851 1
2525803 3312120 1
2525803 3381305 1
2525803 3383386 2
2525803 3497500 1
2525803 3546798 2
2525803 3849628 1
2525803 4159233 1
2525803 4160341 1
2525803 4522255 1
2525803 4704555 1
2525803 5136505 1
2548061 2575965 1
2548061 2635783 3
2548061 2744465 1
2548061 2920495 2
2548061 3136803 1
2548061 3197890 1
2548061 3311851 1
2548061 3381305 1
2548061 3849628 2
2548061 5136505 2
2575965 2597560 1
2575965 2635783 1
2575965 2658417 1
2575965 2744465 1
2575965 2796785 1
2575965 2920495 1
2575965 2923060 1
2575965 3108249 1
2575965 3136803 1
2575965 3197890 1
2575965 3249191 1
2575965 3292425 1
2575965 3311851 1
2575965 3312120 1
2575965 3381305 1
2575965 3383386 1
2575965 3497500 1
2575965 3546798 1
2575965 3849628 1
2575965 4159233 1
2575965 4160341 1
2575965 4522255 1
2575965 4704555 1
2575965 5136505 1
2597560 2635783 2
2597560 2744465 1
2597560 2920495 1
2597560 2923060 1
2597560 3136803 1
2597560 3197890 1
2597560 3249191 2
2597560 3311851 1
2597560 3381305 1
2597560 3849628 2
2597560 5136505 2
2635783 2658417 2
2635783 2744465 1
2635783 2796785 2
2635783 2920495 2
2635783 2923060 1
2635783 3108249 1
2635783 3136803 1
2635783 3197890 1
2635783 3249191 2
2635783 3292425 2
2635783 3311851 1
2635783 3312120 1
2635783 3381305 1
2635783 3383386 3
2635783 3497500 1
2635783 3546798 2
2635783 3849628 2
2635783 4159233 1
2635783 4160341 1
2635783 4522255 1
2635783 4704555 1
2635783 5136505 2
2658417 2744465 1
2658417 2920495 2
2658417 2923060 1
2658417 3136803 1
2658417 3197890 1
2658417 3249191 1
2658417 3311851 1
2658417 3381305 1
2658417 3849628 1
2658417 5136505 1
2744465 2796785 1
2744465 2920495 1
2744465 2923060 1
2744465 3108249 1
2744465 3136803 1
2744465 3197890 1
2744465 3249191 1
2744465 3292425 1
2744465 3311851 1
2744465 3312120 1
2744465 3381305 1
2744465 3383386 1
2744465 3497500 1
2744465 3546798 1
2744465 3849628 1
2744465 4159233 1
2744465 4160341 1
2744465 4522255 1
2744465 4704555 1
2744465 5136505 1
2796785 2920495 2
2796785 2923060 1
2796785 3136803 1
2796785 3197890 1
2796785 3249191 1
2796785 3311851 1
2796785 3381305 1
2796785 3849628 1
2796785 5136505 1
2920495 2923060 1
2920495 3108249 1
2920495 3136803 1
2920495 3197890 1
2920495 3249191 1
2920495 3292425 1
2920495 3311851 1
2920495 3312120 1
2920495 3381305 1
2920495 3383386 2
2920495 3497500 1
2920495 3546798 2
2920495 3849628 1
2920495 4159233 1
2920495 4160341 1
2920495 4522255 1
2920495 4704555 1
2920495 5136505 1
2923060 3108249 1
2923060 3136803 1
2923060 3197890 1
2923060 3292425 1
2923060 3311851 1
2923060 3381305 1
2923060 3383386 1
2923060 3497500 1
2923060 3546798 1
2923060 3849628 1
2923060 4522255 1
2923060 4704555 1
2923060 5136505 1
3108249 3136803 1
3108249 3197890 1
3108249 3249191 1
3108249 3311851 1
3108249 3381305 1
3108249 3849628 1
3108249 5136505 1
3136803 3197890 1
3136803 3249191 1
3136803 3292425 1
3136803 3311851 1
3136803 3312120 1
3136803 3381305 1
3136803 3383386 1
3136803 3497500 1
3136803 3546798 1
3136803 3849628 1
3136803 4159233 1
3136803 4160341 1
3136803 4522255 1
3136803 4704555 1
3136803 5136505 1
3197890 3249191 1
3197890 3292425 1
3197890 3311851 1
3197890 3312120 1
3197890 3381305 1
3197890 3383386 1
3197890 3497500 1
3197890 3546798 1
3197890 3849628 1
3197890 4159233 1
3197890 4160341 1
3197890 4522255 1
3197890 4704555 1
3197890 5136505 1
3249191 3292425 2
3249191 3311851 1
3249191 3381305 1
3249191 3383386 2
3249191 3497500 1
3249191 3546798 1
3249191 3849628 2
3249191 4522255 1
3249191 4704555 1
3249191 5136505 2
3292425 3311851 1
3292425 3381305 1
3292425 3849628 2
3292425 5136505 2
3311851 3312120 1
3311851 3381305 1
3311851 3383386 1
3311851 3497500 1
3311851 3546798 1
3311851 3849628 1
3311851 4159233 1
3311851 4160341 1
3311851 4522255 1
3311851 4704555 1
3311851 5136505 1
3312120 3381305 1
3312120 3849628 1
3312120 5136505 1
3381305 3383386 1
3381305 3497500 1
3381305 3546798 1
3381305 3849628 1
3381305 4159233 1
3381305 4160341 1
3381305 4522255 1
3381305 4704555 1
3381305 5136505 1
3383386 3849628 2
3383386 5136505 2
3497500 3849628 1
3497500 5136505 1
3546798 3849628 1
3546798 5136505 1
3849628 4159233 1
3849628 4160341 1
3849628 4522255 1
3849628 4704555 1
3849628 5136505 2
4159233 5136505 1
4160341 5136505 1
4522255 5136505 1
4704555 5136505 1
326011 606021 1
326011 1871941 1
326011 1908406 1
326011 1919260 1
326011 2548061 1
326011 2566417 1
326011 2635783 1
326011 3249191 1
326011 3292425 1
326011 3849628 1
326011 5136505 1
326011 5267816 1
606021 1908406 1
606021 2566417 1
606021 5267816 1
1235285 1908406 1
1235285 2566417 1
1235285 5267816 1
1871941 1908406 1
1871941 2566417 1
1871941 2635783 1
1871941 3249191 1
1871941 3613138 1
1871941 3849628 1
1871941 5136505 1
1871941 5267816 1
1908406 1919260 1
1908406 2548061 1
1908406 2566417 1
1908406 2597560 1
1908406 2635783 1
1908406 3249191 1
1908406 3292425 1
1908406 3383386 1
1908406 3613138 1
1908406 3749404 1
1908406 3849628 1
1908406 4750811 1
1908406 5136505 1
1908406 5267816 1
1919260 2566417 1
1919260 2635783 1
1919260 3849628 1
1919260 5136505 1
1919260 5267816 1
2548061 2566417 1
2548061 5267816 1
2566417 2597560 1
2566417 2635783 1
2566417 3249191 1
2566417 3292425 1
2566417 3383386 1
2566417 3613138 1
2566417 3749404 1
2566417 3849628 1
2566417 4750811 1
2566417 5136505 1
2566417 5267816 1
2597560 5267816 1
2635783 3613138 2
2635783 3749404 2
2635783 4750811 2
2635783 5267816 1
3249191 4750811 1
3249191 5267816 1
3292425 3613138 1
3292425 5267816 1
3383386 5267816 1
3613138 3849628 1
3613138 5136505 1
3613138 5267816 1
3749404 3849628 1
3749404 5136505 1
3749404 5267816 1
3849628 4750811 1
3849628 5267816 1
4750811 5136505 1
4750811 5267816 1
5136505 5267816 1
1235285 2950077 1
1235285 3377971 1
1235285 3872931 1
1235285 4885240 1
1235285 4904982 1
2525803 2950077 1
2525803 3377971 1
2525803 3613138 1
2525803 3749404 1
2525803 3872931 1
2525803 4750811 1
2525803 4885240 1
2525803 4904982 1
2548061 2950077 1
2548061 3377971 1
2548061 3872931 1
2548061 4885240 1
2548061 4904982 1
2635783 2950077 1
2635783 3307279 1
2635783 3377971 1
2635783 3872931 1
2635783 4885240 1
2635783 4904982 1
2658417 2950077 1
2658417 3377971 1
2658417 3872931 1
2658417 4885240 1
2658417 4904982 1
2796785 2950077 1
2796785 3377971 1
2796785 3613138 1
2796785 3872931 1
2796785 4885240 1
2796785 4904982 1
2920495 2950077 1
2920495 3307279 1
2920495 3377971 1
2920495 3613138 1
2920495 3749404 1
2920495 3872931 1
2920495 4750811 1
2920495 4885240 1
2920495 4904982 1
2950077 3307279 1
2950077 3377971 1
2950077 3383386 1
2950077 3546798 1
2950077 3613138 1
2950077 3749404 1
2950077 3872931 1
2950077 4750811 1
2950077 4885240 1
2950077 4904982 1
3307279 3377971 1
3307279 3613138 1
3307279 3872931 1
3307279 4885240 1
3307279 4904982 1
3377971 3383386 1
3377971 3546798 1
3377971 3613138 1
3377971 3749404 1
3377971 3872931 1
3377971 4750811 1
3377971 4885240 1
3377971 4904982 1
3383386 3872931 1
3383386 4885240 1
3383386 4904982 1
3546798 3613138 1
3546798 3872931 1
3546798 4885240 1
3546798 4904982 1
3613138 3872931 1
3613138 4885240 1
3613138 4904982 1
3749404 3872931 1
3749404 4885240 1
3749404 4904982 1
3872931 4750811 1
3872931 4885240 1
3872931 4904982 1
4750811 4885240 1
4750811 4904982 1
4885240 4904982 1
