10711268 189115429 163372772 35334152 134627912 41878572 187894288 8868305 101503282 184778324 134440572
35334152 101503282 1
35334152 134627912 1
101503282 134627912 1
8868305 35334152 1
8868305 41878572 1
35334152 41878572 8
35334152 134440572 1
35334152 189115429 4
41878572 134440572 1
41878572 189115429 5
134440572 189115429 1
10711268 35334152 1
10711268 41878572 1
10711268 189115429 1
35334152 163372772 1
35334152 184778324 1
35334152 187894288 1
41878572 163372772 1
41878572 184778324 1
41878572 187894288 1
163372772 184778324 1
163372772 187894288 1
184778324 187894288 1
