110841792 5030849 121987362 13848323 13009792 10888449 79015392 60824072 108776012 117574702 109572432 106496722 12943283 117643702 1925687 123130902 122710042 39252892
12943283 39252892 1
12943283 60824072 1
12943283 110841792 1
12943283 117643702 1
39252892 60824072 1
39252892 110841792 4
39252892 117643702 1
60824072 110841792 1
60824072 117643702 1
110841792 117643702 1
39252892 121987362 3
110841792 121987362 2
5030849 13848323 2
5030849 39252892 4
5030849 108776012 2
5030849 110841792 1
5030849 121987362 1
13848323 39252892 2
13848323 108776012 1
13848323 110841792 1
13848323 121987362 1
39252892 108776012 3
108776012 110841792 1
108776012 121987362 2
1925687 39252892 2
5030849 109572432 1
39252892 109572432 1
13009792 39252892 1
13009792 108776012 1
13009792 121987362 1
5030849 106496722 1
5030849 117574702 1
39252892 106496722 1
39252892 117574702 1
106496722 108776012 1
106496722 117574702 1
108776012 117574702 1
1925687 5030849 1
1925687 10888449 1
1925687 13848323 1
1925687 79015392 1
1925687 122710042 1
1925687 123130902 1
5030849 10888449 1
5030849 79015392 1
5030849 122710042 1
5030849 123130902 1
10888449 13848323 1
10888449 39252892 1
10888449 79015392 1
10888449 122710042 1
10888449 123130902 1
13848323 79015392 1
13848323 122710042 1
13848323 123130902 1
39252892 79015392 1
39252892 122710042 1
39252892 123130902 1
79015392 122710042 1
79015392 123130902 1
122710042 123130902 1
