93790852 76989192 117265 147358742 56267162 76720932 117451942 140077222 115802922 98501162 101618732 139363502 13806255 120237492 172148532 60645432 184952632 74529212 40654402 115931972 99586382 115697102 1891419 71974622 46915682 8836835 140768742 62587752 22028521 67708912 184120816 71638902
1891419 22028521 1
1891419 40654402 1
1891419 56267162 1
1891419 99586382 1
22028521 40654402 1
22028521 56267162 1
22028521 99586382 1
40654402 56267162 1
40654402 99586382 1
56267162 99586382 1
40654402 76720932 1
40654402 115802922 1
40654402 139363502 1
76720932 115802922 1
76720932 139363502 1
115802922 139363502 1
8836835 46915682 1
8836835 60645432 1
8836835 67708912 1
8836835 74529212 1
8836835 117451942 1
8836835 147358742 1
46915682 60645432 1
46915682 67708912 1
46915682 74529212 1
46915682 117451942 1
46915682 147358742 1
60645432 67708912 1
60645432 74529212 1
60645432 117451942 1
60645432 147358742 1
67708912 74529212 1
67708912 117451942 1
67708912 147358742 2
74529212 117451942 1
74529212 147358742 1
117451942 147358742 1
56267162 67708912 1
56267162 93790852 1
56267162 98501162 1
56267162 101618732 1
56267162 147358742 1
56267162 184120816 1
67708912 93790852 1
67708912 98501162 1
67708912 101618732 1
67708912 184120816 1
93790852 98501162 1
93790852 101618732 1
93790852 147358742 1
93790852 184120816 1
98501162 101618732 1
98501162 147358742 1
98501162 184120816 1
101618732 147358742 1
101618732 184120816 1
147358742 184120816 1
13806255 40654402 1
13806255 140077222 1
40654402 140077222 1
56267162 115697102 1
56267162 115931972 1
56267162 184952632 1
115697102 115931972 1
115697102 184952632 1
115931972 184952632 1
117265 62587752 1
117265 71638902 1
117265 71974622 1
117265 76989192 1
117265 120237492 1
117265 140768742 1
117265 172148532 1
62587752 71638902 1
62587752 71974622 1
62587752 76989192 1
62587752 120237492 1
62587752 140768742 1
62587752 172148532 1
71638902 71974622 1
71638902 76989192 1
71638902 120237492 1
71638902 140768742 1
71638902 172148532 1
71974622 76989192 1
71974622 120237492 1
71974622 140768742 1
71974622 172148532 1
76989192 120237492 1
76989192 140768742 1
76989192 172148532 1
120237492 140768742 1
120237492 172148532 1
140768742 172148532 1
