103889412 76989192 6361352 122265612 74690192 83073042 11623699 115323312 14139315 105624632 60645432 29561152 40654402 85639622 114302792 114302542 71974622 109489502 62587752 118107372 106648812 100048112 9197055
9197055 40654402 1
9197055 103889412 1
40654402 103889412 1
71974622 76989192 1
71974622 83073042 1
71974622 114302542 1
71974622 114302792 1
71974622 118107372 1
76989192 83073042 1
76989192 114302542 1
76989192 114302792 1
76989192 118107372 1
83073042 114302542 1
83073042 114302792 1
83073042 118107372 1
114302542 114302792 1
114302542 118107372 1
114302792 118107372 1
29561152 40654402 1
29561152 74690192 1
29561152 85639622 1
29561152 105624632 1
29561152 115323312 1
40654402 74690192 1
40654402 85639622 1
40654402 105624632 1
40654402 115323312 1
74690192 85639622 1
74690192 105624632 1
74690192 115323312 1
85639622 105624632 1
85639622 115323312 1
105624632 115323312 1
6361352 14139315 1
6361352 60645432 1
6361352 100048112 1
6361352 115323312 1
6361352 122265612 1
14139315 60645432 1
14139315 100048112 1
14139315 115323312 1
14139315 122265612 1
60645432 100048112 1
60645432 115323312 1
60645432 122265612 1
100048112 115323312 1
100048112 122265612 1
115323312 122265612 1
11623699 40654402 1
62587752 71974622 1
62587752 103889412 1
62587752 106648812 1
62587752 109489502 1
71974622 103889412 1
71974622 106648812 1
71974622 109489502 1
103889412 106648812 1
103889412 109489502 1
106648812 109489502 1
