6361352 104583432 6330634 117265 83073042 11623699 104225432 125157272 10245532 103109282 109730852 140077222 134541222 99634342 115802922 101618732 5010994 22926651 40654402 92865222 142538182 143389142 133861852 55471332 140768742 130298352 11725689
40654402 92865222 1
40654402 103109282 1
40654402 130298352 1
92865222 103109282 1
92865222 130298352 1
103109282 130298352 1
5010994 11623699 1
5010994 40654402 1
5010994 140077222 1
11623699 40654402 1
11623699 140077222 1
40654402 140077222 1
40654402 55471332 1
40654402 134541222 2
40654402 140768742 1
40654402 142538182 1
55471332 134541222 1
55471332 140768742 1
55471332 142538182 1
134541222 140768742 1
134541222 142538182 1
140768742 142538182 1
6361352 40654402 1
6361352 83073042 1
6361352 104583432 1
6361352 115802922 1
40654402 83073042 1
40654402 104583432 2
40654402 115802922 1
83073042 104583432 1
83073042 115802922 1
104583432 115802922 1
6330634 22926651 1
6330634 40654402 1
6330634 101618732 1
6330634 109730852 1
6330634 133861852 1
22926651 40654402 1
22926651 101618732 1
22926651 109730852 1
22926651 133861852 1
40654402 101618732 1
40654402 109730852 1
40654402 133861852 1
101618732 109730852 1
101618732 133861852 1
109730852 133861852 1
10245532 11725689 1
10245532 40654402 1
10245532 99634342 1
10245532 104225432 1
10245532 104583432 1
10245532 134541222 1
10245532 143389142 1
11725689 40654402 1
11725689 99634342 1
11725689 104225432 1
11725689 104583432 1
11725689 134541222 1
11725689 143389142 1
40654402 99634342 1
40654402 104225432 1
40654402 143389142 1
99634342 104225432 1
99634342 104583432 1
99634342 134541222 1
99634342 143389142 1
104225432 104583432 1
104225432 134541222 1
104225432 143389142 1
104583432 134541222 1
104583432 143389142 1
134541222 143389142 1
117265 40654402 1
117265 125157272 1
40654402 125157272 1
