128712962 184141955 76989192 56970762 115627792 74690192 132254992 159438612 147358742 56267162 163501472 117451942 134541222 98501162 115802922 101618732 139363502 159560112 148120502 60645432 105624632 29561152 40654402 3301062 85639622 114050632 73095752 3694410 125137872 145371222 72821462 133861852 71974622 116244322 9244258 177582562 62587752 55070442 110846702 67708912 185853938 173596532 127009912 181486332
56267162 56970762 1
56267162 60645432 1
56267162 62587752 1
56267162 67708912 1
56267162 101618732 1
56267162 117451942 1
56267162 147358742 1
56970762 60645432 1
56970762 62587752 1
56970762 67708912 1
56970762 101618732 1
56970762 117451942 1
56970762 147358742 1
60645432 62587752 1
60645432 67708912 1
60645432 101618732 1
60645432 117451942 1
60645432 147358742 1
62587752 67708912 1
62587752 101618732 1
62587752 117451942 1
62587752 147358742 1
67708912 101618732 1
67708912 117451942 1
67708912 147358742 1
101618732 117451942 1
101618732 147358742 1
117451942 147358742 1
29561152 40654402 1
29561152 133861852 1
29561152 134541222 1
29561152 173596532 1
29561152 181486332 1
40654402 133861852 1
40654402 134541222 1
40654402 173596532 1
40654402 181486332 2
133861852 134541222 1
133861852 173596532 1
133861852 181486332 1
134541222 173596532 1
134541222 181486332 1
173596532 181486332 1
40654402 71974622 2
40654402 76989192 2
40654402 145371222 1
71974622 76989192 2
71974622 145371222 1
76989192 145371222 1
40654402 56267162 1
40654402 110846702 2
40654402 114050632 1
40654402 115627792 1
40654402 116244322 3
40654402 127009912 2
40654402 159560112 2
110846702 114050632 1
110846702 115627792 1
110846702 116244322 2
110846702 127009912 2
110846702 159560112 2
114050632 115627792 1
114050632 116244322 1
114050632 127009912 1
114050632 159560112 1
115627792 116244322 1
115627792 127009912 1
115627792 159560112 1
116244322 127009912 2
116244322 159560112 2
127009912 159560112 2
3301062 9244258 1
3301062 40654402 1
3301062 74690192 1
3301062 85639622 1
3301062 105624632 1
3301062 116244322 1
3301062 125137872 1
3301062 128712962 1
3301062 132254992 1
3301062 159438612 1
3301062 177582562 1
3301062 181486332 1
3301062 184141955 1
9244258 40654402 1
9244258 74690192 1
9244258 85639622 1
9244258 105624632 1
9244258 116244322 1
9244258 125137872 1
9244258 128712962 1
9244258 132254992 1
9244258 159438612 1
9244258 177582562 1
9244258 181486332 1
9244258 184141955 1
40654402 74690192 1
40654402 85639622 1
40654402 105624632 1
40654402 125137872 1
40654402 128712962 1
40654402 132254992 1
40654402 159438612 1
40654402 177582562 1
40654402 184141955 1
74690192 85639622 1
74690192 105624632 1
74690192 116244322 1
74690192 125137872 1
74690192 128712962 1
74690192 132254992 1
74690192 159438612 1
74690192 177582562 1
74690192 181486332 1
74690192 184141955 1
85639622 105624632 1
85639622 116244322 1
85639622 125137872 1
85639622 128712962 1
85639622 132254992 1
85639622 159438612 1
85639622 177582562 1
85639622 181486332 1
85639622 184141955 1
105624632 116244322 1
105624632 125137872 1
105624632 128712962 1
105624632 132254992 1
105624632 159438612 1
105624632 177582562 1
105624632 181486332 1
105624632 184141955 1
116244322 125137872 1
116244322 128712962 1
116244322 132254992 1
116244322 159438612 1
116244322 177582562 1
116244322 181486332 1
116244322 184141955 1
125137872 128712962 1
125137872 132254992 1
125137872 159438612 1
125137872 177582562 1
125137872 181486332 1
125137872 184141955 1
128712962 132254992 1
128712962 159438612 1
128712962 177582562 1
128712962 181486332 1
128712962 184141955 1
132254992 159438612 1
132254992 177582562 1
132254992 181486332 1
132254992 184141955 1
159438612 177582562 1
159438612 181486332 1
159438612 184141955 1
177582562 181486332 1
177582562 184141955 1
181486332 184141955 1
3694410 40654402 1
3694410 98501162 1
3694410 117451942 1
3694410 148120502 1
3694410 185853938 1
40654402 98501162 1
40654402 117451942 1
40654402 148120502 1
40654402 185853938 1
98501162 117451942 1
98501162 148120502 1
98501162 185853938 1
117451942 148120502 1
117451942 185853938 1
148120502 185853938 1
40654402 55070442 1
40654402 72821462 1
40654402 73095752 1
40654402 115802922 1
40654402 139363502 1
40654402 163501472 1
55070442 72821462 1
55070442 73095752 1
55070442 115802922 1
55070442 139363502 1
55070442 163501472 1
72821462 73095752 1
72821462 115802922 1
72821462 139363502 1
72821462 163501472 1
73095752 115802922 1
73095752 139363502 1
73095752 163501472 1
115802922 139363502 1
115802922 163501472 1
139363502 163501472 1
