74336512 76989192 6330634 96939792 83073042 11623699 56267162 23672091 76720932 99634342 73547572 60645432 3903162 22926651 40654402 117254222 12809429 72821462 71974622 3630174 61244512 67099492 67708912 95955312 109747442 124182512 99589492
40654402 56267162 1
40654402 60645432 2
40654402 67099492 1
40654402 67708912 1
40654402 76989192 2
40654402 95955312 1
56267162 60645432 1
56267162 67099492 1
56267162 67708912 1
56267162 76989192 1
56267162 95955312 1
60645432 67099492 1
60645432 67708912 1
60645432 76989192 2
60645432 95955312 1
67099492 67708912 1
67099492 76989192 1
67099492 95955312 1
67708912 76989192 1
67708912 95955312 1
76989192 95955312 1
40654402 96939792 1
3630174 40654402 1
3630174 60645432 1
3630174 61244512 1
3630174 71974622 1
3630174 72821462 1
3630174 74336512 1
3630174 76720932 1
3630174 76989192 1
40654402 61244512 1
40654402 71974622 2
40654402 72821462 1
40654402 74336512 1
40654402 76720932 1
60645432 61244512 1
60645432 71974622 1
60645432 72821462 1
60645432 74336512 1
60645432 76720932 1
61244512 71974622 1
61244512 72821462 1
61244512 74336512 1
61244512 76720932 1
61244512 76989192 1
71974622 72821462 1
71974622 74336512 1
71974622 76720932 1
71974622 76989192 1
72821462 74336512 1
72821462 76720932 1
72821462 76989192 1
74336512 76720932 1
74336512 76989192 1
76720932 76989192 1
12809429 23672091 1
12809429 40654402 1
23672091 40654402 1
11623699 40654402 1
11623699 71974622 1
11623699 73547572 1
40654402 73547572 1
71974622 73547572 1
6330634 22926651 1
6330634 40654402 1
6330634 109747442 1
6330634 124182512 1
22926651 40654402 1
22926651 109747442 1
22926651 124182512 1
40654402 109747442 1
40654402 124182512 1
109747442 124182512 1
3903162 67099492 1
3903162 83073042 1
3903162 99589492 1
3903162 99634342 1
3903162 117254222 1
67099492 83073042 1
67099492 99589492 1
67099492 99634342 1
67099492 117254222 1
83073042 99589492 1
83073042 99634342 1
83073042 117254222 1
99589492 99634342 1
99589492 117254222 1
99634342 117254222 1
