146464902 6361352 76989192 56970762 189176971 6330634 132254992 115627792 147358742 56267162 149103002 182922394 188847521 99634342 170632102 159560112 186958516 167937462 74529212 40654402 183152451 88293572 144058822 57307592 72813512 117254222 11404497 53328982 183635673 4751709 61244512 116244322 8836835 172040802 62587752 54909932 67708912 99589492 127009912 9183481 56824062
4751709 56267162 1
4751709 56970762 1
4751709 57307592 1
4751709 61244512 1
4751709 62587752 1
4751709 67708912 1
4751709 74529212 1
4751709 147358742 1
56267162 56970762 1
56267162 57307592 1
56267162 61244512 1
56267162 62587752 1
56267162 67708912 1
56267162 74529212 1
56267162 147358742 1
56970762 57307592 1
56970762 61244512 1
56970762 62587752 1
56970762 67708912 1
56970762 74529212 1
56970762 147358742 1
57307592 61244512 1
57307592 62587752 1
57307592 67708912 1
57307592 74529212 1
57307592 147358742 1
61244512 62587752 1
61244512 67708912 1
61244512 74529212 1
61244512 147358742 1
62587752 67708912 1
62587752 74529212 1
62587752 147358742 1
67708912 74529212 1
67708912 147358742 1
74529212 147358742 1
6361352 99589492 1
6361352 99634342 1
6361352 117254222 1
6361352 132254992 1
99589492 99634342 1
99589492 117254222 1
99589492 132254992 1
99634342 117254222 1
99634342 132254992 1
117254222 132254992 1
8836835 9183481 1
8836835 40654402 1
8836835 54909932 1
8836835 72813512 1
8836835 88293572 1
8836835 149103002 1
8836835 167937462 1
8836835 170632102 1
8836835 183152451 1
8836835 186958516 1
9183481 40654402 1
9183481 54909932 1
9183481 72813512 1
9183481 88293572 1
9183481 149103002 1
9183481 167937462 1
9183481 170632102 1
9183481 183152451 1
9183481 186958516 1
40654402 54909932 1
40654402 72813512 1
40654402 88293572 1
40654402 149103002 1
40654402 167937462 1
40654402 170632102 1
40654402 183152451 1
40654402 186958516 1
54909932 72813512 1
54909932 88293572 1
54909932 149103002 1
54909932 167937462 1
54909932 170632102 1
54909932 183152451 1
54909932 186958516 1
72813512 88293572 1
72813512 149103002 1
72813512 167937462 1
72813512 170632102 1
72813512 183152451 1
72813512 186958516 1
88293572 149103002 1
88293572 167937462 1
88293572 170632102 1
88293572 183152451 1
88293572 186958516 1
149103002 167937462 1
149103002 170632102 1
149103002 183152451 1
149103002 186958516 1
167937462 170632102 1
167937462 183152451 1
167937462 186958516 1
170632102 183152451 1
170632102 186958516 1
183152451 186958516 1
11404497 116244322 1
11404497 144058822 1
116244322 144058822 1
40654402 53328982 1
40654402 146464902 1
40654402 188847521 1
53328982 146464902 1
53328982 188847521 1
146464902 188847521 1
40654402 115627792 1
40654402 127009912 1
40654402 159560112 1
40654402 189176971 1
115627792 127009912 1
115627792 159560112 1
115627792 189176971 1
127009912 159560112 1
127009912 189176971 1
159560112 189176971 1
6330634 40654402 1
6330634 56824062 1
40654402 56824062 1
40654402 76989192 1
40654402 172040802 1
40654402 182922394 1
40654402 183635673 1
76989192 172040802 1
76989192 182922394 1
76989192 183635673 1
172040802 182922394 1
172040802 183635673 1
182922394 183635673 1
