146464902 6361352 56970762 6330634 132254992 147358742 149103002 56267162 188847521 170632102 99634342 187388840 117451942 98501162 101618732 186958516 74529212 40654402 57307592 72813512 188957262 4751709 61244512 8836835 54909932 67708912 99589492 71638902 9183481 151449212
40654402 71638902 1
40654402 151449212 1
40654402 187388840 2
40654402 188957262 2
71638902 151449212 1
71638902 187388840 1
71638902 188957262 1
151449212 187388840 1
151449212 188957262 1
187388840 188957262 1
4751709 56267162 1
4751709 56970762 1
4751709 57307592 1
4751709 61244512 1
4751709 67708912 1
4751709 74529212 1
4751709 147358742 1
56267162 56970762 1
56267162 57307592 1
56267162 61244512 1
56267162 67708912 1
56267162 74529212 1
56267162 147358742 1
56970762 57307592 1
56970762 61244512 1
56970762 67708912 1
56970762 74529212 1
56970762 147358742 1
57307592 61244512 1
57307592 67708912 1
57307592 74529212 1
57307592 147358742 1
61244512 67708912 1
61244512 74529212 1
61244512 147358742 1
67708912 74529212 1
67708912 147358742 1
74529212 147358742 1
6330634 8836835 1
6330634 9183481 1
6330634 40654402 1
6330634 54909932 1
6330634 72813512 1
6330634 149103002 1
6330634 170632102 1
6330634 186958516 1
8836835 9183481 1
8836835 40654402 1
8836835 54909932 1
8836835 72813512 1
8836835 149103002 1
8836835 170632102 1
8836835 186958516 1
9183481 40654402 1
9183481 54909932 1
9183481 72813512 1
9183481 149103002 1
9183481 170632102 1
9183481 186958516 1
40654402 54909932 1
40654402 72813512 1
40654402 149103002 1
40654402 170632102 1
40654402 186958516 1
54909932 72813512 1
54909932 149103002 1
54909932 170632102 1
54909932 186958516 1
72813512 149103002 1
72813512 170632102 1
72813512 186958516 1
149103002 170632102 1
149103002 186958516 1
170632102 186958516 1
6361352 99589492 1
6361352 99634342 1
6361352 132254992 1
99589492 99634342 1
99589492 132254992 1
99634342 132254992 1
40654402 98501162 1
40654402 101618732 1
40654402 117451942 1
98501162 101618732 1
98501162 117451942 1
98501162 188957262 1
101618732 117451942 1
101618732 188957262 1
117451942 188957262 1
40654402 146464902 1
40654402 188847521 1
146464902 187388840 1
146464902 188847521 1
187388840 188847521 1
