146464902 6330634 192450829 132254992 96939792 147358742 56267162 191818782 180317342 101989282 76720932 115802922 191782060 13806255 184952632 74529212 191452096 29561152 40654402 191547330 144058822 191502918 92865222 57307592 186343377 12809429 72821462 182931415 183460310 133861852 4751709 14167262 61244512 172040802 192497510 62587752 191560297 97028842 184120816 188491888 109747442 192169971 67708912 187260279 70655482 151449212
14167262 40654402 1
14167262 72821462 1
14167262 76720932 1
14167262 97028842 1
14167262 115802922 1
14167262 132254992 1
14167262 133861852 1
14167262 146464902 1
14167262 186343377 1
40654402 72821462 1
40654402 76720932 3
40654402 97028842 2
40654402 115802922 2
40654402 132254992 1
40654402 133861852 2
40654402 146464902 1
40654402 186343377 1
72821462 76720932 1
72821462 97028842 1
72821462 115802922 1
72821462 132254992 1
72821462 133861852 1
72821462 146464902 1
72821462 186343377 1
76720932 97028842 1
76720932 115802922 1
76720932 132254992 1
76720932 133861852 2
76720932 146464902 1
76720932 186343377 1
97028842 115802922 2
97028842 132254992 1
97028842 133861852 1
97028842 146464902 1
97028842 186343377 1
115802922 132254992 1
115802922 133861852 1
115802922 146464902 1
115802922 186343377 1
132254992 133861852 1
132254992 146464902 1
132254992 186343377 1
133861852 146464902 1
133861852 186343377 1
146464902 186343377 1
56267162 144058822 1
4751709 13806255 1
4751709 56267162 1
4751709 101989282 1
4751709 184120816 1
4751709 184952632 1
4751709 187260279 1
4751709 191452096 1
4751709 191560297 1
13806255 56267162 1
13806255 101989282 1
13806255 184120816 1
13806255 184952632 1
13806255 187260279 1
13806255 191452096 1
13806255 191560297 1
56267162 101989282 1
56267162 184120816 1
56267162 184952632 1
56267162 187260279 1
56267162 191452096 1
56267162 191560297 1
101989282 184120816 1
101989282 184952632 1
101989282 187260279 1
101989282 191452096 1
101989282 191560297 1
184120816 184952632 1
184120816 187260279 1
184120816 191452096 1
184120816 191560297 1
184952632 187260279 1
184952632 191452096 1
184952632 191560297 1
187260279 191452096 1
187260279 191560297 1
191452096 191560297 1
12809429 40654402 1
12809429 76720932 1
12809429 182931415 1
12809429 191502918 1
12809429 191547330 1
12809429 191782060 1
12809429 191818782 1
12809429 192450829 1
40654402 182931415 1
40654402 191502918 1
40654402 191547330 1
40654402 191782060 1
40654402 191818782 1
40654402 192450829 1
76720932 182931415 1
76720932 191502918 1
76720932 191547330 1
76720932 191782060 1
76720932 191818782 1
76720932 192450829 1
182931415 191502918 1
182931415 191547330 1
182931415 191782060 1
182931415 191818782 1
182931415 192450829 1
191502918 191547330 1
191502918 191782060 1
191502918 191818782 1
191502918 192450829 1
191547330 191782060 1
191547330 191818782 1
191547330 192450829 1
191782060 191818782 1
191782060 192450829 1
191818782 192450829 1
40654402 96939792 1
40654402 151449212 1
96939792 151449212 1
40654402 92865222 1
40654402 192169971 1
40654402 192497510 1
92865222 192169971 1
92865222 192497510 1
192169971 192497510 1
29561152 40654402 1
29561152 70655482 1
29561152 97028842 1
29561152 115802922 1
29561152 172040802 1
29561152 191560297 1
40654402 70655482 1
40654402 172040802 1
40654402 191560297 1
70655482 97028842 1
70655482 115802922 1
70655482 172040802 1
70655482 191560297 1
97028842 172040802 1
97028842 191560297 1
115802922 172040802 1
115802922 191560297 1
172040802 191560297 1
6330634 40654402 1
6330634 76720932 1
6330634 109747442 1
6330634 133861852 1
6330634 180317342 1
6330634 183460310 1
6330634 187260279 1
6330634 188491888 1
40654402 109747442 1
40654402 180317342 1
40654402 183460310 1
40654402 187260279 1
40654402 188491888 1
76720932 109747442 1
76720932 180317342 1
76720932 183460310 1
76720932 187260279 1
76720932 188491888 1
109747442 133861852 1
109747442 180317342 1
109747442 183460310 1
109747442 187260279 1
109747442 188491888 1
133861852 180317342 1
133861852 183460310 1
133861852 187260279 1
133861852 188491888 1
180317342 183460310 1
180317342 187260279 1
180317342 188491888 1
183460310 187260279 1
183460310 188491888 1
187260279 188491888 1
56267162 57307592 1
56267162 61244512 1
56267162 62587752 1
56267162 67708912 1
56267162 74529212 1
56267162 147358742 1
57307592 61244512 1
57307592 62587752 1
57307592 67708912 1
57307592 74529212 1
57307592 147358742 1
61244512 62587752 1
61244512 67708912 1
61244512 74529212 1
61244512 147358742 1
62587752 67708912 1
62587752 74529212 1
62587752 147358742 1
67708912 74529212 1
67708912 147358742 1
74529212 147358742 1
