74336512 96112512 6361352 6330634 122827662 132254992 115627792 83073042 117265 82003602 72513302 118122902 104225432 132409752 57344922 125157272 56267162 109730852 99634342 115802922 98501162 101618732 115323312 109635762 74039092 57344822 3903162 22926651 109635902 40654402 133855812 114050632 72813512 102404172 87094222 117254222 89403862 133861852 116681052 9419359 74415972 67708912 109747442 46696052 127009912
40654402 72513302 1
40654402 74336512 1
40654402 87094222 1
40654402 89403862 1
40654402 96112512 1
40654402 102404172 1
40654402 115802922 2
40654402 133861852 2
72513302 74336512 1
72513302 87094222 1
72513302 89403862 1
72513302 96112512 1
72513302 102404172 1
72513302 115802922 1
72513302 133861852 1
74336512 87094222 1
74336512 89403862 1
74336512 96112512 1
74336512 102404172 1
74336512 115802922 1
74336512 133861852 1
87094222 89403862 1
87094222 96112512 1
87094222 102404172 1
87094222 115802922 1
87094222 133861852 1
89403862 96112512 1
89403862 102404172 1
89403862 115802922 1
89403862 133861852 1
96112512 102404172 1
96112512 115802922 1
96112512 133861852 1
102404172 115802922 1
102404172 133861852 1
115802922 133861852 1
6361352 40654402 1
6361352 83073042 1
6361352 115323312 1
6361352 115802922 1
40654402 83073042 1
40654402 115323312 1
83073042 115323312 1
83073042 115802922 1
115323312 115802922 1
3903162 99634342 1
3903162 117254222 1
3903162 132254992 1
99634342 117254222 1
99634342 132254992 1
117254222 132254992 1
6330634 22926651 1
6330634 40654402 1
6330634 101618732 1
6330634 109730852 1
6330634 109747442 1
6330634 133861852 1
22926651 40654402 1
22926651 101618732 1
22926651 109730852 1
22926651 109747442 1
22926651 133861852 1
40654402 101618732 1
40654402 109730852 1
40654402 109747442 1
101618732 109730852 1
101618732 109747442 1
101618732 133861852 1
109730852 109747442 1
109730852 133861852 1
109747442 133861852 1
9419359 40654402 1
9419359 46696052 1
9419359 57344822 1
9419359 57344922 1
9419359 74415972 1
9419359 98501162 1
9419359 104225432 1
9419359 109635762 1
9419359 109635902 1
9419359 114050632 1
9419359 115627792 1
9419359 116681052 1
9419359 118122902 1
9419359 122827662 1
9419359 127009912 1
9419359 132409752 1
9419359 133855812 1
40654402 46696052 1
40654402 57344822 1
40654402 57344922 1
40654402 74415972 1
40654402 98501162 1
40654402 104225432 1
40654402 109635762 1
40654402 109635902 1
40654402 114050632 1
40654402 115627792 1
40654402 116681052 1
40654402 118122902 2
40654402 122827662 1
40654402 127009912 1
40654402 132409752 1
40654402 133855812 1
46696052 57344822 1
46696052 57344922 1
46696052 74415972 1
46696052 98501162 1
46696052 104225432 1
46696052 109635762 1
46696052 109635902 1
46696052 114050632 1
46696052 115627792 1
46696052 116681052 1
46696052 118122902 1
46696052 122827662 1
46696052 127009912 1
46696052 132409752 1
46696052 133855812 1
57344822 57344922 1
57344822 74415972 1
57344822 98501162 1
57344822 104225432 1
57344822 109635762 1
57344822 109635902 1
57344822 114050632 1
57344822 115627792 1
57344822 116681052 1
57344822 118122902 1
57344822 122827662 1
57344822 127009912 1
57344822 132409752 1
57344822 133855812 1
57344922 74415972 1
57344922 98501162 1
57344922 104225432 1
57344922 109635762 1
57344922 109635902 1
57344922 114050632 1
57344922 115627792 1
57344922 116681052 1
57344922 118122902 1
57344922 122827662 1
57344922 127009912 1
57344922 132409752 1
57344922 133855812 1
74415972 98501162 1
74415972 104225432 1
74415972 109635762 1
74415972 109635902 1
74415972 114050632 1
74415972 115627792 1
74415972 116681052 1
74415972 118122902 1
74415972 122827662 1
74415972 127009912 1
74415972 132409752 1
74415972 133855812 1
98501162 104225432 1
98501162 109635762 1
98501162 109635902 1
98501162 114050632 1
98501162 115627792 1
98501162 116681052 1
98501162 118122902 1
98501162 122827662 1
98501162 127009912 1
98501162 132409752 1
98501162 133855812 1
104225432 109635762 1
104225432 109635902 1
104225432 114050632 1
104225432 115627792 1
104225432 116681052 1
104225432 118122902 1
104225432 122827662 1
104225432 127009912 1
104225432 132409752 1
104225432 133855812 1
109635762 109635902 1
109635762 114050632 1
109635762 115627792 1
109635762 116681052 1
109635762 118122902 1
109635762 122827662 1
109635762 127009912 1
109635762 132409752 1
109635762 133855812 1
109635902 114050632 1
109635902 115627792 1
109635902 116681052 1
109635902 118122902 1
109635902 122827662 1
109635902 127009912 1
109635902 132409752 1
109635902 133855812 1
114050632 115627792 1
114050632 116681052 1
114050632 118122902 1
114050632 122827662 1
114050632 127009912 1
114050632 132409752 1
114050632 133855812 1
115627792 116681052 1
115627792 118122902 1
115627792 122827662 1
115627792 127009912 1
115627792 132409752 1
115627792 133855812 1
116681052 118122902 1
116681052 122827662 1
116681052 127009912 1
116681052 132409752 1
116681052 133855812 1
118122902 122827662 1
118122902 127009912 1
118122902 132409752 1
118122902 133855812 1
122827662 127009912 1
122827662 132409752 1
122827662 133855812 1
127009912 132409752 1
127009912 133855812 1
132409752 133855812 1
117265 40654402 1
117265 125157272 1
117265 132254992 1
40654402 125157272 1
40654402 132254992 1
125157272 132254992 1
56267162 67708912 1
56267162 72813512 1
56267162 74039092 1
56267162 82003602 1
56267162 87094222 1
67708912 72813512 1
67708912 74039092 1
67708912 82003602 1
67708912 87094222 1
72813512 74039092 1
72813512 82003602 1
72813512 87094222 1
74039092 82003602 1
74039092 87094222 1
82003602 87094222 1
