191437188 89113732 146464902 103889412 6361352 76989192 189772676 56267162 193383452 188847521 101989282 119200802 76720932 187388840 71159592 115802922 13806255 109635762 120237492 195333172 57344822 191545654 29561152 71158592 40654402 183962945 192925767 118944712 3211209 3694410 128371402 66018252 11673421 186343377 192482129 12809429 72821462 13336280 133861852 14167262 9419359 71974622 193383783 97028842 13712748 106648812 173596532 187260279 30239482 151449212
40654402 56267162 1
40654402 115802922 2
40654402 188847521 1
40654402 192925767 1
56267162 115802922 1
56267162 188847521 1
56267162 192925767 1
115802922 188847521 1
115802922 192925767 1
188847521 192925767 1
40654402 57344822 1
40654402 191437188 1
57344822 191437188 1
40654402 146464902 1
40654402 173596532 1
40654402 187388840 2
173596532 187388840 1
14167262 40654402 1
14167262 72821462 1
14167262 97028842 1
14167262 115802922 1
14167262 133861852 1
14167262 186343377 1
14167262 187260279 1
40654402 72821462 1
40654402 97028842 1
40654402 133861852 1
40654402 186343377 1
40654402 187260279 1
72821462 97028842 1
72821462 115802922 1
72821462 133861852 1
72821462 186343377 1
72821462 187260279 1
97028842 115802922 1
97028842 133861852 1
97028842 186343377 1
97028842 187260279 1
115802922 133861852 1
115802922 186343377 1
115802922 187260279 1
133861852 186343377 1
133861852 187260279 1
186343377 187260279 1
40654402 76720932 1
9419359 11673421 1
9419359 13336280 1
9419359 13712748 1
9419359 40654402 1
9419359 151449212 1
9419359 191545654 1
9419359 192482129 1
9419359 193383452 1
9419359 193383783 1
11673421 13336280 1
11673421 13712748 1
11673421 40654402 1
11673421 151449212 1
11673421 191545654 1
11673421 192482129 1
11673421 193383452 1
11673421 193383783 1
13336280 13712748 1
13336280 40654402 1
13336280 151449212 1
13336280 191545654 1
13336280 192482129 1
13336280 193383452 1
13336280 193383783 1
13712748 40654402 1
13712748 151449212 1
13712748 191545654 1
13712748 192482129 1
13712748 193383452 1
13712748 193383783 1
40654402 151449212 2
40654402 191545654 1
40654402 192482129 1
40654402 193383452 1
40654402 193383783 1
151449212 191545654 1
151449212 192482129 1
151449212 193383452 1
151449212 193383783 1
191545654 192482129 1
191545654 193383452 1
191545654 193383783 1
192482129 193383452 1
192482129 193383783 1
193383452 193383783 1
3211209 3694410 1
3211209 6361352 1
3211209 12809429 1
3211209 13806255 1
3211209 29561152 1
3211209 30239482 1
3211209 40654402 1
3211209 66018252 1
3211209 71158592 1
3211209 71159592 1
3211209 71974622 1
3211209 76989192 1
3211209 89113732 1
3211209 101989282 1
3211209 103889412 1
3211209 106648812 1
3211209 109635762 1
3211209 118944712 1
3211209 119200802 1
3211209 120237492 1
3211209 128371402 1
3211209 151449212 1
3211209 183962945 1
3211209 187388840 1
3211209 189772676 1
3211209 195333172 1
3694410 6361352 1
3694410 12809429 1
3694410 13806255 1
3694410 29561152 1
3694410 30239482 1
3694410 40654402 1
3694410 66018252 1
3694410 71158592 1
3694410 71159592 1
3694410 71974622 1
3694410 76989192 1
3694410 89113732 1
3694410 101989282 1
3694410 103889412 1
3694410 106648812 1
3694410 109635762 1
3694410 118944712 1
3694410 119200802 1
3694410 120237492 1
3694410 128371402 1
3694410 151449212 1
3694410 183962945 1
3694410 187388840 1
3694410 189772676 1
3694410 195333172 1
6361352 12809429 1
6361352 13806255 1
6361352 29561152 1
6361352 30239482 1
6361352 40654402 1
6361352 66018252 1
6361352 71158592 1
6361352 71159592 1
6361352 71974622 1
6361352 76989192 1
6361352 89113732 1
6361352 101989282 1
6361352 103889412 1
6361352 106648812 1
6361352 109635762 1
6361352 118944712 1
6361352 119200802 1
6361352 120237492 1
6361352 128371402 1
6361352 151449212 1
6361352 183962945 1
6361352 187388840 1
6361352 189772676 1
6361352 195333172 1
12809429 13806255 1
12809429 29561152 1
12809429 30239482 1
12809429 40654402 1
12809429 66018252 1
12809429 71158592 1
12809429 71159592 1
12809429 71974622 1
12809429 76989192 1
12809429 89113732 1
12809429 101989282 1
12809429 103889412 1
12809429 106648812 1
12809429 109635762 1
12809429 118944712 1
12809429 119200802 1
12809429 120237492 1
12809429 128371402 1
12809429 151449212 1
12809429 183962945 1
12809429 187388840 1
12809429 189772676 1
12809429 195333172 1
13806255 29561152 1
13806255 30239482 1
13806255 40654402 1
13806255 66018252 1
13806255 71158592 1
13806255 71159592 1
13806255 71974622 1
13806255 76989192 1
13806255 89113732 1
13806255 101989282 1
13806255 103889412 1
13806255 106648812 1
13806255 109635762 1
13806255 118944712 1
13806255 119200802 1
13806255 120237492 1
13806255 128371402 1
13806255 151449212 1
13806255 183962945 1
13806255 187388840 1
13806255 189772676 1
13806255 195333172 1
29561152 30239482 1
29561152 40654402 1
29561152 66018252 1
29561152 71158592 1
29561152 71159592 1
29561152 71974622 1
29561152 76989192 1
29561152 89113732 1
29561152 101989282 1
29561152 103889412 1
29561152 106648812 1
29561152 109635762 1
29561152 118944712 1
29561152 119200802 1
29561152 120237492 1
29561152 128371402 1
29561152 151449212 1
29561152 183962945 1
29561152 187388840 1
29561152 189772676 1
29561152 195333172 1
30239482 40654402 1
30239482 66018252 1
30239482 71158592 1
30239482 71159592 1
30239482 71974622 1
30239482 76989192 1
30239482 89113732 1
30239482 101989282 1
30239482 103889412 1
30239482 106648812 1
30239482 109635762 1
30239482 118944712 1
30239482 119200802 1
30239482 120237492 1
30239482 128371402 1
30239482 151449212 1
30239482 183962945 1
30239482 187388840 1
30239482 189772676 1
30239482 195333172 1
40654402 66018252 1
40654402 71158592 1
40654402 71159592 1
40654402 71974622 1
40654402 76989192 1
40654402 89113732 1
40654402 101989282 1
40654402 103889412 1
40654402 106648812 1
40654402 109635762 1
40654402 118944712 1
40654402 119200802 1
40654402 120237492 1
40654402 128371402 1
40654402 183962945 1
40654402 189772676 1
40654402 195333172 1
66018252 71158592 1
66018252 71159592 1
66018252 71974622 1
66018252 76989192 1
66018252 89113732 1
66018252 101989282 1
66018252 103889412 1
66018252 106648812 1
66018252 109635762 1
66018252 118944712 1
66018252 119200802 1
66018252 120237492 1
66018252 128371402 1
66018252 151449212 1
66018252 183962945 1
66018252 187388840 1
66018252 189772676 1
66018252 195333172 1
71158592 71159592 1
71158592 71974622 1
71158592 76989192 1
71158592 89113732 1
71158592 101989282 1
71158592 103889412 1
71158592 106648812 1
71158592 109635762 1
71158592 118944712 1
71158592 119200802 1
71158592 120237492 1
71158592 128371402 1
71158592 151449212 1
71158592 183962945 1
71158592 187388840 1
71158592 189772676 1
71158592 195333172 1
71159592 71974622 1
71159592 76989192 1
71159592 89113732 1
71159592 101989282 1
71159592 103889412 1
71159592 106648812 1
71159592 109635762 1
71159592 118944712 1
71159592 119200802 1
71159592 120237492 1
71159592 128371402 1
71159592 151449212 1
71159592 183962945 1
71159592 187388840 1
71159592 189772676 1
71159592 195333172 1
71974622 76989192 1
71974622 89113732 1
71974622 101989282 1
71974622 103889412 1
71974622 106648812 1
71974622 109635762 1
71974622 118944712 1
71974622 119200802 1
71974622 120237492 1
71974622 128371402 1
71974622 151449212 1
71974622 183962945 1
71974622 187388840 1
71974622 189772676 1
71974622 195333172 1
76989192 89113732 1
76989192 101989282 1
76989192 103889412 1
76989192 106648812 1
76989192 109635762 1
76989192 118944712 1
76989192 119200802 1
76989192 120237492 1
76989192 128371402 1
76989192 151449212 1
76989192 183962945 1
76989192 187388840 1
76989192 189772676 1
76989192 195333172 1
89113732 101989282 1
89113732 103889412 1
89113732 106648812 1
89113732 109635762 1
89113732 118944712 1
89113732 119200802 1
89113732 120237492 1
89113732 128371402 1
89113732 151449212 1
89113732 183962945 1
89113732 187388840 1
89113732 189772676 1
89113732 195333172 1
101989282 103889412 1
101989282 106648812 1
101989282 109635762 1
101989282 118944712 1
101989282 119200802 1
101989282 120237492 1
101989282 128371402 1
101989282 151449212 1
101989282 183962945 1
101989282 187388840 1
101989282 189772676 1
101989282 195333172 1
103889412 106648812 1
103889412 109635762 1
103889412 118944712 1
103889412 119200802 1
103889412 120237492 1
103889412 128371402 1
103889412 151449212 1
103889412 183962945 1
103889412 187388840 1
103889412 189772676 1
103889412 195333172 1
106648812 109635762 1
106648812 118944712 1
106648812 119200802 1
106648812 120237492 1
106648812 128371402 1
106648812 151449212 1
106648812 183962945 1
106648812 187388840 1
106648812 189772676 1
106648812 195333172 1
109635762 118944712 1
109635762 119200802 1
109635762 120237492 1
109635762 128371402 1
109635762 151449212 1
109635762 183962945 1
109635762 187388840 1
109635762 189772676 1
109635762 195333172 1
118944712 119200802 1
118944712 120237492 1
118944712 128371402 1
118944712 151449212 1
118944712 183962945 1
118944712 187388840 1
118944712 189772676 1
118944712 195333172 1
119200802 120237492 1
119200802 128371402 1
119200802 151449212 1
119200802 183962945 1
119200802 187388840 1
119200802 189772676 1
119200802 195333172 1
120237492 128371402 1
120237492 151449212 1
120237492 183962945 1
120237492 187388840 1
120237492 189772676 1
120237492 195333172 1
128371402 151449212 1
128371402 183962945 1
128371402 187388840 1
128371402 189772676 1
128371402 195333172 1
151449212 183962945 1
151449212 187388840 1
151449212 189772676 1
151449212 195333172 1
183962945 187388840 1
183962945 189772676 1
183962945 195333172 1
187388840 189772676 1
187388840 195333172 1
189772676 195333172 1
