93790852 115627792 96939792 83073042 104225432 132409752 56267162 57344922 10245532 95475482 76720932 134541222 115802922 101618732 107521582 148120502 40654402 88921932 12809429 72821462 53328982 116681052 133861852 14167262 81151582 55471332 88177892 140768742 9186150 62587752 97028842 55070442 83141872 142793332 127009912
14167262 40654402 2
14167262 72821462 1
14167262 97028842 1
14167262 115802922 1
14167262 133861852 1
40654402 72821462 1
40654402 97028842 1
40654402 115802922 1
40654402 133861852 1
72821462 97028842 1
72821462 115802922 1
72821462 133861852 1
97028842 115802922 1
97028842 133861852 1
115802922 133861852 1
10245532 40654402 1
10245532 76720932 1
10245532 83141872 1
10245532 142793332 1
40654402 76720932 1
40654402 83141872 1
40654402 142793332 1
76720932 83141872 1
76720932 142793332 1
83141872 142793332 1
40654402 55070442 3
40654402 55471332 2
40654402 56267162 1
40654402 83073042 2
40654402 101618732 1
40654402 116681052 1
40654402 134541222 2
40654402 140768742 2
55070442 55471332 2
55070442 56267162 1
55070442 83073042 1
55070442 101618732 1
55070442 116681052 1
55070442 134541222 2
55070442 140768742 2
55471332 56267162 1
55471332 83073042 1
55471332 101618732 1
55471332 116681052 1
55471332 134541222 2
55471332 140768742 2
56267162 83073042 1
56267162 101618732 1
56267162 116681052 1
56267162 134541222 1
56267162 140768742 1
83073042 101618732 1
83073042 116681052 1
83073042 134541222 1
83073042 140768742 1
101618732 116681052 1
101618732 134541222 1
101618732 140768742 1
116681052 134541222 1
116681052 140768742 1
134541222 140768742 2
40654402 53328982 1
40654402 57344922 1
40654402 62587752 1
40654402 81151582 1
40654402 104225432 1
40654402 115627792 1
40654402 127009912 1
53328982 57344922 1
53328982 62587752 1
53328982 81151582 1
53328982 104225432 1
53328982 115627792 1
53328982 127009912 1
57344922 62587752 1
57344922 81151582 1
57344922 104225432 1
57344922 115627792 1
57344922 127009912 1
62587752 81151582 1
62587752 104225432 1
62587752 115627792 1
62587752 127009912 1
81151582 104225432 1
81151582 115627792 1
81151582 127009912 1
104225432 115627792 1
104225432 127009912 1
115627792 127009912 1
40654402 88177892 1
55070442 88177892 1
55471332 88177892 1
88177892 134541222 1
88177892 140768742 1
14167262 93790852 1
14167262 95475482 1
14167262 96939792 1
14167262 107521582 1
14167262 148120502 1
40654402 93790852 1
40654402 95475482 1
40654402 96939792 1
40654402 107521582 1
40654402 148120502 1
93790852 95475482 1
93790852 96939792 1
93790852 107521582 1
93790852 148120502 1
95475482 96939792 1
95475482 107521582 1
95475482 148120502 1
96939792 107521582 1
96939792 148120502 1
107521582 148120502 1
9186150 40654402 1
9186150 83073042 1
9186150 88921932 1
9186150 132409752 1
40654402 88921932 1
40654402 132409752 1
83073042 88921932 1
83073042 132409752 1
88921932 132409752 1
12809429 40654402 1
12809429 55070442 1
