74336512 183509507 76989192 6330634 147358742 183268375 125157272 56267162 182922394 183502109 74924832 76720932 117451942 143750182 13806255 115323312 120237492 172148532 128498742 60645432 22926651 74529212 40654402 183152451 57122372 92865222 173175382 185720154 133861852 71974622 186621026 8836835 140768742 62587752 110846702 67708912 184120816 71638902 151449212
40654402 92865222 1
40654402 173175382 1
92865222 173175382 1
8836835 67708912 1
8836835 74529212 1
8836835 117451942 1
8836835 147358742 1
67708912 74529212 1
67708912 117451942 1
67708912 147358742 1
74529212 117451942 1
74529212 147358742 1
117451942 147358742 1
56267162 60645432 2
56267162 115323312 1
56267162 183152451 1
56267162 184120816 1
60645432 115323312 1
60645432 183152451 1
60645432 184120816 1
115323312 183152451 1
115323312 184120816 1
183152451 184120816 1
13806255 40654402 1
13806255 110846702 1
40654402 110846702 1
56267162 185720154 1
60645432 185720154 1
40654402 76720932 2
62587752 71638902 1
62587752 71974622 1
62587752 76989192 1
62587752 120237492 1
62587752 140768742 1
62587752 172148532 1
71638902 71974622 1
71638902 76989192 1
71638902 120237492 1
71638902 140768742 1
71638902 172148532 1
71974622 76989192 2
71974622 120237492 1
71974622 140768742 1
71974622 172148532 1
76989192 120237492 1
76989192 140768742 1
76989192 172148532 1
120237492 140768742 1
120237492 172148532 1
140768742 172148532 1
40654402 71974622 1
40654402 76989192 1
40654402 151449212 1
40654402 182922394 1
71974622 151449212 1
71974622 182922394 1
76989192 151449212 1
76989192 182922394 1
151449212 182922394 1
6330634 22926651 1
6330634 40654402 1
6330634 76720932 1
6330634 133861852 1
6330634 143750182 1
6330634 186621026 1
22926651 40654402 1
22926651 76720932 1
22926651 133861852 1
22926651 143750182 1
22926651 186621026 1
40654402 133861852 1
40654402 143750182 1
40654402 186621026 1
76720932 133861852 1
76720932 143750182 1
76720932 186621026 1
133861852 143750182 1
133861852 186621026 1
143750182 186621026 1
40654402 57122372 1
40654402 74336512 1
40654402 74924832 1
40654402 125157272 1
40654402 128498742 1
40654402 183268375 1
40654402 183502109 1
40654402 183509507 1
57122372 74336512 1
57122372 74924832 1
57122372 125157272 1
57122372 128498742 1
57122372 183268375 1
57122372 183502109 1
57122372 183509507 1
74336512 74924832 1
74336512 125157272 1
74336512 128498742 1
74336512 183268375 1
74336512 183502109 1
74336512 183509507 1
74924832 125157272 1
74924832 128498742 1
74924832 183268375 1
74924832 183502109 1
74924832 183509507 1
125157272 128498742 1
125157272 183268375 1
125157272 183502109 1
125157272 183509507 1
128498742 183268375 1
128498742 183502109 1
128498742 183509507 1
183268375 183502109 1
183268375 183509507 1
183502109 183509507 1
