94264192 89981312 71865602 83303682 70594052 11108741 61741702 10990087 84669572 95130762 91585932 85680142 14663055 80295442 59462932 8088596 89566872 77109532 23544221 79616412 46237472 62790182 86525222 50047922 10479284 65622332 20147511 5744441 87818172 68531772 92082622 10675902 4309567 94268352 47035842 89369662 13315396 10175045 5600708 11420109 54212942 64460622 79021392 67355602 11787735 9465180 12961373 78158302 43470172 89253472 92881122 78925922 87564642 10045286 7813736 13881833 53612522 69610472 6746348 11637357 7581678 24997492 24949752 91858172 10241151
10175045 10479284 4
10175045 10675902 9
10175045 11108741 1
10175045 11420109 2
10175045 47035842 1
10175045 61741702 5
10175045 62790182 3
10175045 86525222 9
10479284 10675902 4
10479284 11108741 1
10479284 11420109 1
10479284 47035842 1
10479284 61741702 3
10479284 62790182 1
10479284 86525222 4
10675902 11108741 1
10675902 11420109 2
10675902 47035842 1
10675902 61741702 5
10675902 62790182 3
10675902 86525222 8
11108741 11420109 1
11108741 47035842 1
11108741 61741702 1
11108741 62790182 1
11108741 86525222 1
11420109 47035842 1
11420109 61741702 2
11420109 62790182 1
11420109 86525222 2
47035842 61741702 1
47035842 62790182 1
47035842 86525222 1
61741702 62790182 2
61741702 86525222 5
62790182 86525222 2
4309567 10175045 1
4309567 10479284 1
4309567 10675902 1
4309567 13315396 1
4309567 70594052 1
4309567 86525222 1
4309567 91858172 1
4309567 92082622 1
4309567 94264192 1
10175045 13315396 1
10175045 70594052 1
10175045 91858172 1
10175045 92082622 1
10175045 94264192 2
10479284 13315396 1
10479284 70594052 1
10479284 91858172 1
10479284 92082622 1
10479284 94264192 1
10675902 13315396 1
10675902 70594052 1
10675902 91858172 1
10675902 92082622 1
10675902 94264192 2
13315396 70594052 1
13315396 86525222 1
13315396 91858172 1
13315396 92082622 1
13315396 94264192 1
70594052 86525222 1
70594052 91858172 1
70594052 92082622 1
70594052 94264192 1
86525222 91858172 1
86525222 92082622 1
86525222 94264192 2
91858172 92082622 1
91858172 94264192 1
92082622 94264192 1
5744441 6746348 1
5744441 9465180 1
5744441 10175045 1
5744441 10675902 1
5744441 11420109 1
5744441 24997492 1
5744441 59462932 1
5744441 61741702 1
5744441 86525222 1
5744441 87818172 1
5744441 92881122 1
5744441 94264192 1
6746348 9465180 1
6746348 10175045 1
6746348 10675902 1
6746348 11420109 1
6746348 24997492 1
6746348 59462932 1
6746348 61741702 1
6746348 86525222 1
6746348 87818172 1
6746348 92881122 1
6746348 94264192 1
9465180 10175045 5
9465180 10675902 5
9465180 11420109 1
9465180 24997492 1
9465180 59462932 1
9465180 61741702 2
9465180 86525222 4
9465180 87818172 2
9465180 92881122 2
9465180 94264192 1
10175045 24997492 1
10175045 59462932 1
10175045 87818172 2
10175045 92881122 2
10675902 24997492 1
10675902 59462932 1
10675902 87818172 2
10675902 92881122 2
11420109 24997492 1
11420109 59462932 1
11420109 87818172 1
11420109 92881122 1
11420109 94264192 1
24997492 59462932 1
24997492 61741702 1
24997492 86525222 1
24997492 87818172 1
24997492 92881122 1
24997492 94264192 1
59462932 61741702 1
59462932 86525222 1
59462932 87818172 1
59462932 92881122 1
59462932 94264192 1
61741702 87818172 2
61741702 92881122 1
61741702 94264192 1
86525222 87818172 2
86525222 92881122 2
87818172 92881122 1
87818172 94264192 1
92881122 94264192 1
10175045 54212942 1
10175045 77109532 1
10175045 89566872 1
10479284 54212942 1
10479284 77109532 1
10479284 89566872 1
10675902 54212942 1
10675902 77109532 1
10675902 89566872 1
54212942 61741702 1
54212942 77109532 1
54212942 86525222 1
54212942 89566872 1
61741702 77109532 1
61741702 89566872 1
77109532 86525222 1
77109532 89566872 1
86525222 89566872 1
10175045 24949752 1
10175045 50047922 2
10175045 67355602 1
10175045 68531772 1
10175045 78158302 1
10175045 79021392 1
10175045 91585932 1
10175045 94268352 1
10479284 24949752 1
10479284 50047922 1
10479284 67355602 1
10479284 68531772 1
10479284 78158302 1
10479284 79021392 1
10479284 91585932 1
10479284 94268352 1
10675902 24949752 1
10675902 50047922 2
10675902 67355602 1
10675902 68531772 1
10675902 78158302 1
10675902 79021392 1
10675902 91585932 1
10675902 94268352 1
24949752 50047922 1
24949752 61741702 1
24949752 67355602 1
24949752 68531772 1
24949752 78158302 1
24949752 79021392 1
24949752 86525222 1
24949752 91585932 1
24949752 94268352 1
50047922 61741702 2
50047922 67355602 1
50047922 68531772 1
50047922 78158302 1
50047922 79021392 1
50047922 86525222 2
50047922 91585932 1
50047922 94268352 1
61741702 67355602 1
61741702 68531772 1
61741702 78158302 1
61741702 79021392 1
61741702 91585932 1
61741702 94268352 1
67355602 68531772 1
67355602 78158302 1
67355602 79021392 1
67355602 86525222 1
67355602 91585932 1
67355602 94268352 1
68531772 78158302 1
68531772 79021392 1
68531772 86525222 1
68531772 91585932 1
68531772 94268352 1
78158302 79021392 1
78158302 86525222 1
78158302 91585932 1
78158302 94268352 1
79021392 86525222 1
79021392 91585932 1
79021392 94268352 1
86525222 91585932 1
86525222 94268352 1
91585932 94268352 1
7581678 9465180 1
7581678 10175045 1
7581678 10675902 1
7581678 23544221 1
7581678 53612522 1
7581678 71865602 1
7581678 86525222 1
7581678 92881122 1
9465180 23544221 3
9465180 53612522 1
9465180 71865602 1
10175045 23544221 3
10175045 53612522 1
10175045 71865602 2
10675902 23544221 3
10675902 53612522 1
10675902 71865602 1
23544221 53612522 1
23544221 71865602 1
23544221 86525222 2
23544221 92881122 1
53612522 71865602 1
53612522 86525222 1
53612522 92881122 1
71865602 86525222 2
71865602 92881122 1
7813736 9465180 1
7813736 10175045 1
7813736 10675902 1
7813736 10990087 1
7813736 23544221 1
7813736 50047922 1
7813736 61741702 1
7813736 62790182 1
7813736 86525222 1
7813736 87818172 1
9465180 10990087 1
9465180 50047922 1
9465180 62790182 2
10175045 10990087 2
10675902 10990087 1
10990087 23544221 1
10990087 50047922 1
10990087 61741702 1
10990087 62790182 1
10990087 86525222 2
10990087 87818172 1
23544221 50047922 1
23544221 61741702 1
23544221 62790182 2
23544221 87818172 1
50047922 62790182 1
50047922 87818172 1
62790182 87818172 1
9465180 14663055 1
9465180 46237472 1
9465180 78925922 1
9465180 79616412 1
9465180 87564642 1
9465180 89253472 1
9465180 89369662 1
9465180 89981312 1
10175045 14663055 1
10175045 46237472 1
10175045 78925922 1
10175045 79616412 1
10175045 87564642 1
10175045 89253472 1
10175045 89369662 1
10175045 89981312 2
10675902 14663055 1
10675902 46237472 1
10675902 78925922 1
10675902 79616412 1
10675902 87564642 1
10675902 89253472 1
10675902 89369662 1
10675902 89981312 1
14663055 23544221 1
14663055 46237472 1
14663055 62790182 1
14663055 78925922 1
14663055 79616412 1
14663055 87564642 1
14663055 89253472 1
14663055 89369662 1
14663055 89981312 1
23544221 46237472 1
23544221 78925922 1
23544221 79616412 1
23544221 87564642 1
23544221 89253472 1
23544221 89369662 1
23544221 89981312 1
46237472 62790182 1
46237472 78925922 1
46237472 79616412 1
46237472 87564642 1
46237472 89253472 1
46237472 89369662 1
46237472 89981312 1
62790182 78925922 1
62790182 79616412 1
62790182 87564642 1
62790182 89253472 1
62790182 89369662 1
62790182 89981312 1
78925922 79616412 1
78925922 87564642 1
78925922 89253472 1
78925922 89369662 1
78925922 89981312 1
79616412 87564642 1
79616412 89253472 1
79616412 89369662 1
79616412 89981312 1
87564642 89253472 1
87564642 89369662 1
87564642 89981312 1
89253472 89369662 1
89253472 89981312 1
89369662 89981312 1
5600708 8088596 1
5600708 10045286 1
5600708 10175045 1
5600708 10241151 1
5600708 10990087 1
5600708 11637357 1
5600708 11787735 1
5600708 12961373 1
5600708 13881833 1
5600708 20147511 1
5600708 43470172 1
5600708 64460622 1
5600708 65622332 1
5600708 69610472 1
5600708 71865602 1
5600708 80295442 1
5600708 83303682 1
5600708 84669572 1
5600708 85680142 1
5600708 86525222 1
5600708 89981312 1
5600708 95130762 1
8088596 10045286 1
8088596 10175045 1
8088596 10241151 1
8088596 10990087 1
8088596 11637357 1
8088596 11787735 1
8088596 12961373 1
8088596 13881833 1
8088596 20147511 1
8088596 43470172 1
8088596 64460622 1
8088596 65622332 1
8088596 69610472 1
8088596 71865602 1
8088596 80295442 1
8088596 83303682 1
8088596 84669572 1
8088596 85680142 1
8088596 86525222 1
8088596 89981312 1
8088596 95130762 1
10045286 10175045 1
10045286 10241151 1
10045286 10990087 1
10045286 11637357 1
10045286 11787735 1
10045286 12961373 1
10045286 13881833 1
10045286 20147511 1
10045286 43470172 1
10045286 64460622 1
10045286 65622332 1
10045286 69610472 1
10045286 71865602 1
10045286 80295442 1
10045286 83303682 1
10045286 84669572 1
10045286 85680142 1
10045286 86525222 1
10045286 89981312 1
10045286 95130762 1
10175045 10241151 1
10175045 11637357 1
10175045 11787735 1
10175045 12961373 1
10175045 13881833 1
10175045 20147511 1
10175045 43470172 1
10175045 64460622 1
10175045 65622332 1
10175045 69610472 1
10175045 80295442 1
10175045 83303682 1
10175045 84669572 1
10175045 85680142 1
10175045 95130762 1
10241151 10990087 1
10241151 11637357 1
10241151 11787735 1
10241151 12961373 1
10241151 13881833 1
10241151 20147511 1
10241151 43470172 1
10241151 64460622 1
10241151 65622332 1
10241151 69610472 1
10241151 71865602 1
10241151 80295442 1
10241151 83303682 1
10241151 84669572 1
10241151 85680142 1
10241151 86525222 1
10241151 89981312 1
10241151 95130762 1
10990087 11637357 1
10990087 11787735 1
10990087 12961373 1
10990087 13881833 1
10990087 20147511 1
10990087 43470172 1
10990087 64460622 1
10990087 65622332 1
10990087 69610472 1
10990087 71865602 1
10990087 80295442 1
10990087 83303682 1
10990087 84669572 1
10990087 85680142 1
10990087 89981312 1
10990087 95130762 1
11637357 11787735 1
11637357 12961373 1
11637357 13881833 1
11637357 20147511 1
11637357 43470172 1
11637357 64460622 1
11637357 65622332 1
11637357 69610472 1
11637357 71865602 1
11637357 80295442 1
11637357 83303682 1
11637357 84669572 1
11637357 85680142 1
11637357 86525222 1
11637357 89981312 1
11637357 95130762 1
11787735 12961373 1
11787735 13881833 1
11787735 20147511 1
11787735 43470172 1
11787735 64460622 1
11787735 65622332 1
11787735 69610472 1
11787735 71865602 1
11787735 80295442 1
11787735 83303682 1
11787735 84669572 1
11787735 85680142 1
11787735 86525222 1
11787735 89981312 1
11787735 95130762 1
12961373 13881833 1
12961373 20147511 1
12961373 43470172 1
12961373 64460622 1
12961373 65622332 1
12961373 69610472 1
12961373 71865602 1
12961373 80295442 1
12961373 83303682 1
12961373 84669572 1
12961373 85680142 1
12961373 86525222 1
12961373 89981312 1
12961373 95130762 1
13881833 20147511 1
13881833 43470172 1
13881833 64460622 1
13881833 65622332 1
13881833 69610472 1
13881833 71865602 1
13881833 80295442 1
13881833 83303682 1
13881833 84669572 1
13881833 85680142 1
13881833 86525222 1
13881833 89981312 1
13881833 95130762 1
20147511 43470172 1
20147511 64460622 1
20147511 65622332 1
20147511 69610472 1
20147511 71865602 1
20147511 80295442 1
20147511 83303682 1
20147511 84669572 1
20147511 85680142 1
20147511 86525222 1
20147511 89981312 1
20147511 95130762 1
43470172 64460622 1
43470172 65622332 1
43470172 69610472 1
43470172 71865602 1
43470172 80295442 1
43470172 83303682 1
43470172 84669572 1
43470172 85680142 1
43470172 86525222 1
43470172 89981312 1
43470172 95130762 1
64460622 65622332 1
64460622 69610472 1
64460622 71865602 1
64460622 80295442 1
64460622 83303682 1
64460622 84669572 1
64460622 85680142 1
64460622 86525222 1
64460622 89981312 1
64460622 95130762 1
65622332 69610472 1
65622332 71865602 1
65622332 80295442 1
65622332 83303682 1
65622332 84669572 1
65622332 85680142 1
65622332 86525222 1
65622332 89981312 1
65622332 95130762 1
69610472 71865602 1
69610472 80295442 1
69610472 83303682 1
69610472 84669572 1
69610472 85680142 1
69610472 86525222 1
69610472 89981312 1
69610472 95130762 1
71865602 80295442 1
71865602 83303682 1
71865602 84669572 1
71865602 85680142 1
71865602 89981312 1
71865602 95130762 1
80295442 83303682 1
80295442 84669572 1
80295442 85680142 1
80295442 86525222 1
80295442 89981312 1
80295442 95130762 1
83303682 84669572 1
83303682 85680142 1
83303682 86525222 1
83303682 89981312 1
83303682 95130762 1
84669572 85680142 1
84669572 86525222 1
84669572 89981312 1
84669572 95130762 1
85680142 86525222 1
85680142 89981312 1
85680142 95130762 1
86525222 89981312 1
86525222 95130762 1
89981312 95130762 1
