103595522 55579142 122877962 135513102 183162898 9153570 177259042 63439402 9369652 98911802 183241787 68531772 179406412 9226831 123043922 14664281 7491676 9567325 88354402 159360122 30273662 177741442 11881604 21111431 183643275 111282332 158549672 182562472 86690992 10479284 8160437 69467352 27902682 162389212 119778532 20284141 75005172 67267322 182985474 159744262 18801661 10693909 183583001 101050652 10374429 173336372 49405752 6776639 13315396 182869318 66934602 173935952 8992080 61397842 124504402 183640924 54730592 104792932 182672743 162992532 29467032 136663452 14619565 98524592 50047922 182830514 12763061 55681462 177624502 9323962 74801082 182827966 160073662 183771081 7115210 182825419 175048662 100520922 157841372 107416042 172351982 168399352 8679933
7491676 8160437 2
7491676 9226831 1
7491676 10479284 4
7491676 18801661 1
7491676 54730592 4
7491676 61397842 1
7491676 66934602 4
7491676 67267322 1
7491676 68531772 2
7491676 75005172 1
7491676 135513102 1
7491676 172351982 4
7491676 177624502 1
7491676 179406412 2
8160437 9226831 1
8160437 10479284 5
8160437 18801661 1
8160437 54730592 3
8160437 61397842 1
8160437 66934602 5
8160437 67267322 1
8160437 68531772 5
8160437 75005172 1
8160437 135513102 2
8160437 172351982 5
8160437 177624502 1
8160437 179406412 2
9226831 10479284 1
9226831 18801661 1
9226831 54730592 1
9226831 61397842 1
9226831 66934602 1
9226831 67267322 1
9226831 68531772 1
9226831 75005172 1
9226831 135513102 1
9226831 172351982 1
9226831 177624502 1
9226831 179406412 1
10479284 18801661 1
10479284 54730592 6
10479284 61397842 2
10479284 66934602 10
10479284 67267322 1
10479284 68531772 8
10479284 75005172 1
10479284 135513102 4
10479284 172351982 10
10479284 177624502 2
10479284 179406412 5
18801661 54730592 1
18801661 61397842 1
18801661 66934602 1
18801661 67267322 1
18801661 68531772 1
18801661 75005172 1
18801661 135513102 1
18801661 172351982 1
18801661 177624502 1
18801661 179406412 1
54730592 61397842 2
54730592 66934602 6
54730592 67267322 1
54730592 68531772 4
54730592 75005172 1
54730592 135513102 2
54730592 172351982 6
54730592 177624502 1
54730592 179406412 3
61397842 66934602 2
61397842 67267322 1
61397842 68531772 2
61397842 75005172 1
61397842 135513102 2
61397842 172351982 2
61397842 177624502 1
61397842 179406412 2
66934602 67267322 1
66934602 68531772 8
66934602 75005172 1
66934602 135513102 4
66934602 172351982 10
66934602 177624502 2
66934602 179406412 5
67267322 68531772 1
67267322 75005172 1
67267322 135513102 1
67267322 172351982 1
67267322 177624502 1
67267322 179406412 1
68531772 75005172 1
68531772 135513102 4
68531772 172351982 8
68531772 177624502 2
68531772 179406412 4
75005172 135513102 1
75005172 172351982 1
75005172 177624502 1
75005172 179406412 1
135513102 172351982 4
135513102 177624502 2
135513102 179406412 4
172351982 177624502 2
172351982 179406412 5
177624502 179406412 2
6776639 7491676 1
6776639 9323962 3
6776639 10479284 3
6776639 13315396 1
6776639 30273662 2
6776639 50047922 2
6776639 54730592 3
6776639 66934602 3
6776639 111282332 2
6776639 162389212 2
6776639 168399352 1
6776639 172351982 3
6776639 173935952 1
6776639 182672743 1
7491676 9323962 2
7491676 13315396 1
7491676 30273662 2
7491676 50047922 2
7491676 111282332 3
7491676 162389212 2
7491676 168399352 2
7491676 173935952 3
7491676 182672743 1
9323962 10479284 5
9323962 13315396 1
9323962 30273662 4
9323962 50047922 3
9323962 54730592 4
9323962 66934602 5
9323962 111282332 4
9323962 162389212 2
9323962 168399352 1
9323962 172351982 5
9323962 173935952 2
9323962 182672743 1
10479284 13315396 1
10479284 30273662 5
10479284 50047922 6
10479284 111282332 7
10479284 162389212 3
10479284 168399352 3
10479284 173935952 3
10479284 182672743 1
13315396 30273662 1
13315396 50047922 1
13315396 54730592 1
13315396 66934602 1
13315396 111282332 1
13315396 162389212 1
13315396 168399352 1
13315396 172351982 1
13315396 173935952 1
13315396 182672743 1
30273662 50047922 3
30273662 54730592 3
30273662 66934602 5
30273662 111282332 4
30273662 162389212 1
30273662 168399352 2
30273662 172351982 5
30273662 173935952 2
30273662 182672743 1
50047922 54730592 3
50047922 66934602 6
50047922 111282332 5
50047922 162389212 3
50047922 168399352 3
50047922 172351982 6
50047922 173935952 2
50047922 182672743 1
54730592 111282332 4
54730592 162389212 3
54730592 168399352 2
54730592 173935952 3
54730592 182672743 1
66934602 111282332 7
66934602 162389212 3
66934602 168399352 3
66934602 173935952 3
66934602 182672743 1
111282332 162389212 3
111282332 168399352 3
111282332 172351982 7
111282332 173935952 3
111282332 182672743 1
162389212 168399352 2
162389212 172351982 3
162389212 173935952 2
162389212 182672743 1
168399352 172351982 3
168399352 173935952 2
168399352 182672743 1
172351982 173935952 3
172351982 182672743 1
173935952 182672743 1
7115210 7491676 1
7115210 8992080 1
7115210 9153570 2
7115210 9323962 1
7115210 10479284 2
7115210 10693909 2
7115210 11881604 2
7115210 14619565 2
7115210 30273662 2
7115210 54730592 1
7115210 63439402 1
7115210 66934602 2
7115210 98524592 1
7115210 111282332 2
7115210 158549672 2
7115210 172351982 2
7115210 173935952 1
7115210 177259042 1
7115210 179406412 1
7115210 182827966 2
7115210 182869318 1
7491676 8992080 1
7491676 9153570 2
7491676 10693909 1
7491676 11881604 1
7491676 14619565 2
7491676 63439402 1
7491676 98524592 1
7491676 158549672 1
7491676 177259042 1
7491676 182827966 1
7491676 182869318 1
8992080 9153570 1
8992080 9323962 1
8992080 10479284 1
8992080 10693909 1
8992080 11881604 1
8992080 14619565 1
8992080 30273662 1
8992080 54730592 1
8992080 63439402 1
8992080 66934602 1
8992080 98524592 1
8992080 111282332 1
8992080 158549672 1
8992080 172351982 1
8992080 173935952 1
8992080 177259042 1
8992080 179406412 1
8992080 182827966 1
8992080 182869318 1
9153570 9323962 3
9153570 10479284 6
9153570 10693909 4
9153570 11881604 3
9153570 14619565 6
9153570 30273662 3
9153570 54730592 3
9153570 63439402 2
9153570 66934602 6
9153570 98524592 1
9153570 111282332 6
9153570 158549672 2
9153570 172351982 6
9153570 173935952 2
9153570 177259042 1
9153570 179406412 2
9153570 182827966 2
9153570 182869318 1
9323962 10693909 4
9323962 11881604 2
9323962 14619565 4
9323962 63439402 2
9323962 98524592 1
9323962 158549672 1
9323962 177259042 1
9323962 179406412 3
9323962 182827966 1
9323962 182869318 1
10479284 10693909 5
10479284 11881604 3
10479284 14619565 7
10479284 63439402 2
10479284 98524592 1
10479284 158549672 2
10479284 177259042 1
10479284 182827966 2
10479284 182869318 1
10693909 11881604 3
10693909 14619565 5
10693909 30273662 4
10693909 54730592 3
10693909 63439402 2
10693909 66934602 5
10693909 98524592 1
10693909 111282332 4
10693909 158549672 2
10693909 172351982 5
10693909 173935952 1
10693909 177259042 1
10693909 179406412 3
10693909 182827966 2
10693909 182869318 1
11881604 14619565 3
11881604 30273662 3
11881604 54730592 1
11881604 63439402 2
11881604 66934602 3
11881604 98524592 1
11881604 111282332 3
11881604 158549672 2
11881604 172351982 3
11881604 173935952 1
11881604 177259042 1
11881604 179406412 2
11881604 182827966 2
11881604 182869318 1
14619565 30273662 4
14619565 54730592 4
14619565 63439402 2
14619565 66934602 7
14619565 98524592 1
14619565 111282332 6
14619565 158549672 2
14619565 172351982 7
14619565 173935952 2
14619565 177259042 1
14619565 179406412 3
14619565 182827966 2
14619565 182869318 1
30273662 63439402 2
30273662 98524592 1
30273662 158549672 2
30273662 177259042 1
30273662 179406412 3
30273662 182827966 2
30273662 182869318 1
54730592 63439402 1
54730592 98524592 1
54730592 158549672 1
54730592 177259042 1
54730592 182827966 1
54730592 182869318 1
63439402 66934602 2
63439402 98524592 1
63439402 111282332 2
63439402 158549672 1
63439402 172351982 2
63439402 173935952 1
63439402 177259042 1
63439402 179406412 2
63439402 182827966 1
63439402 182869318 1
66934602 98524592 1
66934602 158549672 2
66934602 177259042 1
66934602 182827966 2
66934602 182869318 1
98524592 111282332 1
98524592 158549672 1
98524592 172351982 1
98524592 173935952 1
98524592 177259042 1
98524592 179406412 1
98524592 182827966 1
98524592 182869318 1
111282332 158549672 2
111282332 177259042 1
111282332 179406412 2
111282332 182827966 2
111282332 182869318 1
158549672 172351982 2
158549672 173935952 1
158549672 177259042 1
158549672 179406412 1
158549672 182827966 2
158549672 182869318 1
172351982 177259042 1
172351982 182827966 2
172351982 182869318 1
173935952 177259042 1
173935952 179406412 1
173935952 182827966 1
173935952 182869318 1
177259042 179406412 1
177259042 182827966 1
177259042 182869318 1
179406412 182827966 1
179406412 182869318 1
182827966 182869318 1
7115210 9369652 1
7115210 50047922 1
7115210 68531772 1
7115210 69467352 1
7115210 157841372 1
7115210 168399352 1
9153570 9369652 1
9153570 50047922 4
9153570 68531772 5
9153570 69467352 1
9153570 157841372 1
9153570 168399352 2
9369652 10479284 1
9369652 10693909 1
9369652 11881604 1
9369652 14619565 1
9369652 30273662 1
9369652 50047922 1
9369652 66934602 1
9369652 68531772 1
9369652 69467352 1
9369652 111282332 1
9369652 157841372 1
9369652 158549672 1
9369652 168399352 1
9369652 172351982 1
9369652 182827966 1
10479284 69467352 1
10479284 157841372 1
10693909 50047922 3
10693909 68531772 4
10693909 69467352 1
10693909 157841372 1
10693909 168399352 1
11881604 50047922 2
11881604 68531772 2
11881604 69467352 1
11881604 157841372 1
11881604 168399352 1
14619565 50047922 4
14619565 68531772 6
14619565 69467352 1
14619565 157841372 1
14619565 168399352 2
30273662 68531772 3
30273662 69467352 1
30273662 157841372 1
50047922 68531772 5
50047922 69467352 1
50047922 157841372 1
50047922 158549672 1
50047922 182827966 1
66934602 69467352 1
66934602 157841372 1
68531772 69467352 1
68531772 111282332 5
68531772 157841372 1
68531772 158549672 1
68531772 168399352 2
68531772 182827966 1
69467352 111282332 1
69467352 157841372 1
69467352 158549672 1
69467352 168399352 1
69467352 172351982 1
69467352 182827966 1
111282332 157841372 1
157841372 158549672 1
157841372 168399352 1
157841372 172351982 1
157841372 182827966 1
158549672 168399352 1
168399352 182827966 1
8160437 9153570 3
8160437 10374429 1
8160437 14619565 3
8160437 111282332 3
9153570 10374429 1
10374429 10479284 1
10374429 14619565 1
10374429 66934602 1
10374429 68531772 1
10374429 111282332 1
10374429 172351982 1
8160437 49405752 1
8160437 50047922 3
8160437 74801082 1
8160437 119778532 1
8160437 123043922 2
8160437 136663452 1
8160437 182985474 1
10479284 49405752 1
10479284 74801082 2
10479284 119778532 2
10479284 123043922 2
10479284 136663452 1
10479284 182985474 1
49405752 50047922 1
49405752 66934602 1
49405752 68531772 1
49405752 74801082 1
49405752 119778532 1
49405752 123043922 1
49405752 135513102 1
49405752 136663452 1
49405752 172351982 1
49405752 179406412 1
49405752 182985474 1
50047922 74801082 2
50047922 119778532 2
50047922 123043922 2
50047922 135513102 2
50047922 136663452 1
50047922 179406412 2
50047922 182985474 1
66934602 74801082 2
66934602 119778532 2
66934602 123043922 2
66934602 136663452 1
66934602 182985474 1
68531772 74801082 2
68531772 119778532 2
68531772 123043922 2
68531772 136663452 1
68531772 182985474 1
74801082 119778532 2
74801082 123043922 1
74801082 135513102 2
74801082 136663452 1
74801082 172351982 2
74801082 179406412 2
74801082 182985474 1
119778532 123043922 1
119778532 135513102 2
119778532 136663452 1
119778532 172351982 2
119778532 179406412 2
119778532 182985474 1
123043922 135513102 1
123043922 136663452 1
123043922 172351982 2
123043922 179406412 1
123043922 182985474 1
135513102 136663452 1
135513102 182985474 1
136663452 172351982 1
136663452 179406412 1
136663452 182985474 1
172351982 182985474 1
179406412 182985474 1
9153570 20284141 1
9153570 55579142 2
9153570 74801082 1
9153570 88354402 1
9153570 119778532 1
9153570 135513102 1
9153570 159360122 1
9153570 159744262 1
9153570 173336372 1
9153570 177624502 1
9153570 182562472 1
9153570 182830514 1
9153570 183162898 1
9153570 183241787 1
9323962 20284141 1
9323962 55579142 1
9323962 68531772 3
9323962 74801082 1
9323962 88354402 1
9323962 119778532 1
9323962 135513102 2
9323962 159360122 1
9323962 159744262 1
9323962 173336372 1
9323962 177624502 1
9323962 182562472 1
9323962 182830514 1
9323962 183162898 1
9323962 183241787 1
10479284 20284141 1
10479284 55579142 2
10479284 88354402 1
10479284 159360122 1
10479284 159744262 1
10479284 173336372 1
10479284 182562472 1
10479284 182830514 1
10479284 183162898 1
10479284 183241787 1
10693909 20284141 1
10693909 55579142 1
10693909 74801082 1
10693909 88354402 1
10693909 119778532 1
10693909 135513102 2
10693909 159360122 1
10693909 159744262 1
10693909 173336372 1
10693909 177624502 1
10693909 182562472 1
10693909 182830514 1
10693909 183162898 1
10693909 183241787 1
11881604 20284141 1
11881604 55579142 1
11881604 74801082 1
11881604 88354402 1
11881604 119778532 1
11881604 135513102 1
11881604 159360122 1
11881604 159744262 1
11881604 173336372 1
11881604 177624502 1
11881604 182562472 1
11881604 182830514 1
11881604 183162898 1
11881604 183241787 1
14619565 20284141 1
14619565 55579142 2
14619565 74801082 1
14619565 88354402 1
14619565 119778532 1
14619565 135513102 2
14619565 159360122 1
14619565 159744262 1
14619565 173336372 1
14619565 177624502 1
14619565 182562472 1
14619565 182830514 1
14619565 183162898 1
14619565 183241787 1
20284141 30273662 1
20284141 50047922 1
20284141 55579142 1
20284141 63439402 1
20284141 66934602 1
20284141 68531772 1
20284141 74801082 1
20284141 88354402 1
20284141 111282332 1
20284141 119778532 1
20284141 135513102 1
20284141 159360122 1
20284141 159744262 1
20284141 172351982 1
20284141 173336372 1
20284141 177624502 1
20284141 179406412 1
20284141 182562472 1
20284141 182830514 1
20284141 183162898 1
20284141 183241787 1
30273662 55579142 1
30273662 74801082 1
30273662 88354402 1
30273662 119778532 1
30273662 135513102 2
30273662 159360122 1
30273662 159744262 1
30273662 173336372 1
30273662 177624502 1
30273662 182562472 1
30273662 182830514 1
30273662 183162898 1
30273662 183241787 1
50047922 55579142 2
50047922 63439402 1
50047922 88354402 1
50047922 159360122 1
50047922 159744262 1
50047922 173336372 1
50047922 177624502 1
50047922 182562472 1
50047922 182830514 1
50047922 183162898 1
50047922 183241787 1
55579142 63439402 1
55579142 66934602 2
55579142 68531772 2
55579142 74801082 1
55579142 88354402 1
55579142 111282332 2
55579142 119778532 1
55579142 135513102 1
55579142 159360122 1
55579142 159744262 1
55579142 172351982 2
55579142 173336372 1
55579142 177624502 1
55579142 179406412 1
55579142 182562472 1
55579142 182830514 1
55579142 183162898 1
55579142 183241787 1
63439402 68531772 1
63439402 74801082 1
63439402 88354402 1
63439402 119778532 1
63439402 135513102 1
63439402 159360122 1
63439402 159744262 1
63439402 173336372 1
63439402 177624502 1
63439402 182562472 1
63439402 182830514 1
63439402 183162898 1
63439402 183241787 1
66934602 88354402 1
66934602 159360122 1
66934602 159744262 1
66934602 173336372 1
66934602 182562472 1
66934602 182830514 1
66934602 183162898 1
66934602 183241787 1
68531772 88354402 1
68531772 159360122 1
68531772 159744262 1
68531772 173336372 1
68531772 182562472 1
68531772 182830514 1
68531772 183162898 1
68531772 183241787 1
74801082 88354402 1
74801082 111282332 1
74801082 159360122 1
74801082 159744262 1
74801082 173336372 1
74801082 177624502 1
74801082 182562472 1
74801082 182830514 1
74801082 183162898 1
74801082 183241787 1
88354402 111282332 1
88354402 119778532 1
88354402 135513102 1
88354402 159360122 1
88354402 159744262 1
88354402 172351982 1
88354402 173336372 1
88354402 177624502 1
88354402 179406412 1
88354402 182562472 1
88354402 182830514 1
88354402 183162898 1
88354402 183241787 1
111282332 119778532 1
111282332 135513102 1
111282332 159360122 1
111282332 159744262 1
111282332 173336372 1
111282332 177624502 1
111282332 182562472 1
111282332 182830514 1
111282332 183162898 1
111282332 183241787 1
119778532 159360122 1
119778532 159744262 1
119778532 173336372 1
119778532 177624502 1
119778532 182562472 1
119778532 182830514 1
119778532 183162898 1
119778532 183241787 1
135513102 159360122 1
135513102 159744262 1
135513102 173336372 1
135513102 182562472 1
135513102 182830514 1
135513102 183162898 1
135513102 183241787 1
159360122 159744262 1
159360122 172351982 1
159360122 173336372 1
159360122 177624502 1
159360122 179406412 1
159360122 182562472 1
159360122 182830514 1
159360122 183162898 1
159360122 183241787 1
159744262 172351982 1
159744262 173336372 1
159744262 177624502 1
159744262 179406412 1
159744262 182562472 1
159744262 182830514 1
159744262 183162898 1
159744262 183241787 1
172351982 173336372 1
172351982 182562472 1
172351982 182830514 1
172351982 183162898 1
172351982 183241787 1
173336372 177624502 1
173336372 179406412 1
173336372 182562472 1
173336372 182830514 1
173336372 183162898 1
173336372 183241787 1
177624502 182562472 1
177624502 182830514 1
177624502 183162898 1
177624502 183241787 1
179406412 182562472 1
179406412 182830514 1
179406412 183162898 1
179406412 183241787 1
182562472 182830514 1
182562472 183162898 1
182562472 183241787 1
182830514 183162898 1
182830514 183241787 1
183162898 183241787 1
6776639 8160437 1
6776639 8679933 1
6776639 9153570 1
6776639 10693909 2
6776639 14619565 2
6776639 27902682 1
6776639 29467032 1
6776639 68531772 2
6776639 100520922 1
6776639 123043922 1
6776639 124504402 1
6776639 162992532 1
6776639 175048662 2
6776639 182825419 1
8160437 8679933 1
8160437 9323962 1
8160437 10693909 1
8160437 27902682 1
8160437 29467032 1
8160437 100520922 1
8160437 124504402 1
8160437 162389212 2
8160437 162992532 1
8160437 175048662 2
8160437 182825419 1
8679933 9153570 1
8679933 9323962 1
8679933 10479284 1
8679933 10693909 1
8679933 14619565 1
8679933 27902682 1
8679933 29467032 1
8679933 50047922 1
8679933 54730592 1
8679933 66934602 1
8679933 68531772 1
8679933 100520922 1
8679933 111282332 1
8679933 123043922 1
8679933 124504402 1
8679933 162389212 1
8679933 162992532 1
8679933 172351982 1
8679933 175048662 1
8679933 182825419 1
9153570 27902682 1
9153570 29467032 1
9153570 100520922 1
9153570 123043922 1
9153570 124504402 1
9153570 162389212 2
9153570 162992532 1
9153570 175048662 2
9153570 182825419 1
9323962 27902682 1
9323962 29467032 1
9323962 100520922 1
9323962 123043922 1
9323962 124504402 1
9323962 162992532 1
9323962 175048662 2
9323962 182825419 1
10479284 27902682 1
10479284 29467032 1
10479284 100520922 1
10479284 124504402 1
10479284 162992532 1
10479284 175048662 3
10479284 182825419 1
10693909 27902682 1
10693909 29467032 1
10693909 100520922 1
10693909 123043922 1
10693909 124504402 1
10693909 162389212 1
10693909 162992532 1
10693909 175048662 2
10693909 182825419 1
14619565 27902682 1
14619565 29467032 1
14619565 100520922 1
14619565 123043922 1
14619565 124504402 1
14619565 162389212 2
14619565 162992532 1
14619565 175048662 3
14619565 182825419 1
27902682 29467032 1
27902682 50047922 1
27902682 54730592 1
27902682 66934602 1
27902682 68531772 1
27902682 100520922 1
27902682 111282332 1
27902682 123043922 1
27902682 124504402 1
27902682 162389212 1
27902682 162992532 1
27902682 172351982 1
27902682 175048662 1
27902682 182825419 1
29467032 50047922 1
29467032 54730592 1
29467032 66934602 1
29467032 68531772 1
29467032 100520922 1
29467032 111282332 1
29467032 123043922 1
29467032 124504402 1
29467032 162389212 1
29467032 162992532 1
29467032 172351982 1
29467032 175048662 1
29467032 182825419 1
50047922 100520922 1
50047922 124504402 1
50047922 162992532 1
50047922 175048662 2
50047922 182825419 1
54730592 100520922 1
54730592 123043922 1
54730592 124504402 1
54730592 162992532 1
54730592 175048662 3
54730592 182825419 1
66934602 100520922 1
66934602 124504402 1
66934602 162992532 1
66934602 175048662 3
66934602 182825419 1
68531772 100520922 1
68531772 124504402 1
68531772 162389212 2
68531772 162992532 1
68531772 175048662 3
68531772 182825419 1
100520922 111282332 1
100520922 123043922 1
100520922 124504402 1
100520922 162389212 1
100520922 162992532 1
100520922 172351982 1
100520922 175048662 1
100520922 182825419 1
111282332 123043922 1
111282332 124504402 1
111282332 162992532 1
111282332 175048662 2
111282332 182825419 1
123043922 124504402 1
123043922 162389212 1
123043922 162992532 1
123043922 175048662 1
123043922 182825419 1
124504402 162389212 1
124504402 162992532 1
124504402 172351982 1
124504402 175048662 1
124504402 182825419 1
162389212 162992532 1
162389212 175048662 2
162389212 182825419 1
162992532 172351982 1
162992532 175048662 1
162992532 182825419 1
172351982 175048662 3
172351982 182825419 1
175048662 182825419 1
7491676 9567325 1
7491676 12763061 1
7491676 55579142 1
7491676 55681462 1
7491676 86690992 1
7491676 98911802 1
7491676 101050652 1
7491676 103595522 1
7491676 104792932 1
7491676 122877962 1
7491676 175048662 1
7491676 183640924 1
7491676 183643275 1
8160437 9567325 1
8160437 12763061 1
8160437 55579142 1
8160437 55681462 1
8160437 86690992 1
8160437 98911802 1
8160437 101050652 1
8160437 103595522 1
8160437 104792932 1
8160437 122877962 1
8160437 168399352 1
8160437 173935952 1
8160437 183640924 1
8160437 183643275 1
9153570 9567325 1
9153570 12763061 1
9153570 55681462 1
9153570 86690992 1
9153570 98911802 1
9153570 101050652 1
9153570 103595522 1
9153570 104792932 1
9153570 122877962 1
9153570 183640924 1
9153570 183643275 1
9567325 10479284 2
9567325 12763061 1
9567325 14619565 2
9567325 50047922 1
9567325 54730592 2
9567325 55579142 1
9567325 55681462 1
9567325 66934602 2
9567325 68531772 2
9567325 86690992 1
9567325 98911802 1
9567325 101050652 2
9567325 103595522 1
9567325 104792932 1
9567325 111282332 1
9567325 122877962 2
9567325 162389212 1
9567325 168399352 1
9567325 172351982 2
9567325 173935952 1
9567325 175048662 2
9567325 183640924 1
9567325 183643275 1
10479284 12763061 1
10479284 55681462 1
10479284 86690992 1
10479284 98911802 1
10479284 101050652 2
10479284 103595522 1
10479284 104792932 1
10479284 122877962 2
10479284 183640924 1
10479284 183643275 1
12763061 14619565 1
12763061 50047922 1
12763061 54730592 1
12763061 55579142 1
12763061 55681462 1
12763061 66934602 1
12763061 68531772 1
12763061 86690992 1
12763061 98911802 1
12763061 101050652 1
12763061 103595522 1
12763061 104792932 1
12763061 111282332 1
12763061 122877962 1
12763061 162389212 1
12763061 168399352 1
12763061 172351982 1
12763061 173935952 1
12763061 175048662 1
12763061 183640924 1
12763061 183643275 1
14619565 55681462 1
14619565 86690992 1
14619565 98911802 1
14619565 101050652 2
14619565 103595522 1
14619565 104792932 1
14619565 122877962 2
14619565 183640924 1
14619565 183643275 1
50047922 55681462 1
50047922 86690992 1
50047922 98911802 1
50047922 101050652 1
50047922 103595522 1
50047922 104792932 1
50047922 122877962 1
50047922 183640924 1
50047922 183643275 1
54730592 55579142 1
54730592 55681462 1
54730592 86690992 1
54730592 98911802 1
54730592 101050652 2
54730592 103595522 1
54730592 104792932 1
54730592 122877962 2
54730592 183640924 1
54730592 183643275 1
55579142 55681462 1
55579142 86690992 1
55579142 98911802 1
55579142 101050652 1
55579142 103595522 1
55579142 104792932 1
55579142 122877962 1
55579142 162389212 1
55579142 168399352 1
55579142 173935952 1
55579142 175048662 1
55579142 183640924 1
55579142 183643275 1
55681462 66934602 1
55681462 68531772 1
55681462 86690992 1
55681462 98911802 1
55681462 101050652 1
55681462 103595522 1
55681462 104792932 1
55681462 111282332 1
55681462 122877962 1
55681462 162389212 1
55681462 168399352 1
55681462 172351982 1
55681462 173935952 1
55681462 175048662 1
55681462 183640924 1
55681462 183643275 1
66934602 86690992 1
66934602 98911802 1
66934602 101050652 2
66934602 103595522 1
66934602 104792932 1
66934602 122877962 2
66934602 183640924 1
66934602 183643275 1
68531772 86690992 1
68531772 98911802 1
68531772 101050652 2
68531772 103595522 1
68531772 104792932 1
68531772 122877962 2
68531772 173935952 1
68531772 183640924 1
68531772 183643275 1
86690992 98911802 1
86690992 101050652 1
86690992 103595522 1
86690992 104792932 1
86690992 111282332 1
86690992 122877962 1
86690992 162389212 1
86690992 168399352 1
86690992 172351982 1
86690992 173935952 1
86690992 175048662 1
86690992 183640924 1
86690992 183643275 1
98911802 101050652 1
98911802 103595522 1
98911802 104792932 1
98911802 111282332 1
98911802 122877962 1
98911802 162389212 1
98911802 168399352 1
98911802 172351982 1
98911802 173935952 1
98911802 175048662 1
98911802 183640924 1
98911802 183643275 1
101050652 103595522 1
101050652 104792932 1
101050652 111282332 1
101050652 122877962 2
101050652 162389212 1
101050652 168399352 1
101050652 172351982 2
101050652 173935952 1
101050652 175048662 2
101050652 183640924 1
101050652 183643275 1
103595522 104792932 1
103595522 111282332 1
103595522 122877962 1
103595522 162389212 1
103595522 168399352 1
103595522 172351982 1
103595522 173935952 1
103595522 175048662 1
103595522 183640924 1
103595522 183643275 1
104792932 111282332 1
104792932 122877962 1
104792932 162389212 1
104792932 168399352 1
104792932 172351982 1
104792932 173935952 1
104792932 175048662 1
104792932 183640924 1
104792932 183643275 1
111282332 122877962 1
111282332 183640924 1
111282332 183643275 1
122877962 162389212 1
122877962 168399352 1
122877962 172351982 2
122877962 173935952 1
122877962 175048662 2
122877962 183640924 1
122877962 183643275 1
162389212 183640924 1
162389212 183643275 1
168399352 175048662 1
168399352 183640924 1
168399352 183643275 1
172351982 183640924 1
172351982 183643275 1
173935952 175048662 1
173935952 183640924 1
173935952 183643275 1
175048662 183640924 1
175048662 183643275 1
183640924 183643275 1
6776639 9567325 1
6776639 14664281 1
6776639 21111431 1
6776639 61397842 1
6776639 101050652 1
6776639 107416042 1
6776639 122877962 1
6776639 135513102 1
6776639 160073662 1
6776639 177741442 1
6776639 179406412 1
6776639 183583001 1
6776639 183771081 1
9323962 9567325 1
9323962 14664281 1
9323962 21111431 1
9323962 61397842 1
9323962 101050652 1
9323962 107416042 1
9323962 122877962 1
9323962 160073662 1
9323962 177741442 1
9323962 183583001 1
9323962 183771081 1
9567325 10693909 1
9567325 14664281 1
9567325 21111431 1
9567325 30273662 1
9567325 61397842 1
9567325 107416042 1
9567325 135513102 1
9567325 160073662 1
9567325 177741442 1
9567325 179406412 1
9567325 183583001 1
9567325 183771081 1
10479284 14664281 1
10479284 21111431 1
10479284 107416042 1
10479284 160073662 1
10479284 177741442 1
10479284 183583001 1
10479284 183771081 1
10693909 14664281 1
10693909 21111431 1
10693909 61397842 1
10693909 101050652 1
10693909 107416042 1
10693909 122877962 1
10693909 160073662 1
10693909 177741442 1
10693909 183583001 1
10693909 183771081 1
14619565 14664281 1
14619565 21111431 1
14619565 61397842 1
14619565 107416042 1
14619565 160073662 1
14619565 177741442 1
14619565 183583001 1
14619565 183771081 1
14664281 21111431 1
14664281 30273662 1
14664281 54730592 1
14664281 61397842 1
14664281 66934602 1
14664281 68531772 1
14664281 101050652 1
14664281 107416042 1
14664281 122877962 1
14664281 135513102 1
14664281 160073662 1
14664281 172351982 1
14664281 175048662 1
14664281 177741442 1
14664281 179406412 1
14664281 183583001 1
14664281 183771081 1
21111431 30273662 1
21111431 54730592 1
21111431 61397842 1
21111431 66934602 1
21111431 68531772 1
21111431 101050652 1
21111431 107416042 1
21111431 122877962 1
21111431 135513102 1
21111431 160073662 1
21111431 172351982 1
21111431 175048662 1
21111431 177741442 1
21111431 179406412 1
21111431 183583001 1
21111431 183771081 1
30273662 61397842 1
30273662 101050652 1
30273662 107416042 1
30273662 122877962 1
30273662 160073662 1
30273662 175048662 1
30273662 177741442 1
30273662 183583001 1
30273662 183771081 1
54730592 107416042 1
54730592 160073662 1
54730592 177741442 1
54730592 183583001 1
54730592 183771081 1
61397842 101050652 1
61397842 107416042 1
61397842 122877962 1
61397842 160073662 1
61397842 175048662 1
61397842 177741442 1
61397842 183583001 1
61397842 183771081 1
66934602 107416042 1
66934602 160073662 1
66934602 177741442 1
66934602 183583001 1
66934602 183771081 1
68531772 107416042 1
68531772 160073662 1
68531772 177741442 1
68531772 183583001 1
68531772 183771081 1
101050652 107416042 1
101050652 135513102 1
101050652 160073662 1
101050652 177741442 1
101050652 179406412 1
101050652 183583001 1
101050652 183771081 1
107416042 122877962 1
107416042 135513102 1
107416042 160073662 1
107416042 172351982 1
107416042 175048662 1
107416042 177741442 1
107416042 179406412 1
107416042 183583001 1
107416042 183771081 1
122877962 135513102 1
122877962 160073662 1
122877962 177741442 1
122877962 179406412 1
122877962 183583001 1
122877962 183771081 1
135513102 160073662 1
135513102 175048662 1
135513102 177741442 1
135513102 183583001 1
135513102 183771081 1
160073662 172351982 1
160073662 175048662 1
160073662 177741442 1
160073662 179406412 1
160073662 183583001 1
160073662 183771081 1
172351982 177741442 1
172351982 183583001 1
172351982 183771081 1
175048662 177741442 1
175048662 179406412 1
175048662 183583001 1
175048662 183771081 1
177741442 179406412 1
177741442 183583001 1
177741442 183771081 1
179406412 183583001 1
179406412 183771081 1
183583001 183771081 1
