104046082 11694728 11850124 83417232 9830034 99084822 37481622 10901659 23544221 104243742 46237472 86525222 20744361 5156777 104011692 104686512 98524592 50047922 10479284 8160437 7626808 5647416 90097082 54148922 66950332 68531772 10675902 96137022 10175045 104355142 20708041 75496012 105119692 103092432 8867283 105422682 27902682 9465180 87564642 100401252 12651621 70326502 105122152 46937192 82677232 66422642 88737522 64109302 105437822
7626808 9465180 1
7626808 10675902 1
7626808 10901659 1
7626808 12651621 1
7626808 20708041 1
7626808 54148922 1
7626808 64109302 1
7626808 66422642 1
7626808 66950332 1
7626808 75496012 1
7626808 86525222 1
7626808 90097082 1
7626808 99084822 1
7626808 104011692 1
7626808 104243742 1
7626808 104686512 1
9465180 10675902 7
9465180 10901659 1
9465180 12651621 1
9465180 20708041 1
9465180 54148922 2
9465180 64109302 2
9465180 66422642 1
9465180 66950332 1
9465180 75496012 2
9465180 86525222 7
9465180 90097082 1
9465180 99084822 1
9465180 104011692 2
9465180 104243742 2
9465180 104686512 1
10675902 10901659 1
10675902 12651621 1
10675902 20708041 1
10675902 54148922 3
10675902 64109302 2
10675902 66422642 1
10675902 66950332 1
10675902 75496012 3
10675902 86525222 10
10675902 90097082 1
10675902 99084822 1
10675902 104011692 3
10675902 104243742 2
10675902 104686512 1
10901659 12651621 1
10901659 20708041 1
10901659 54148922 1
10901659 64109302 1
10901659 66422642 1
10901659 66950332 1
10901659 75496012 1
10901659 86525222 1
10901659 90097082 1
10901659 99084822 1
10901659 104011692 1
10901659 104243742 1
10901659 104686512 1
12651621 20708041 1
12651621 54148922 1
12651621 64109302 1
12651621 66422642 1
12651621 66950332 1
12651621 75496012 1
12651621 86525222 1
12651621 90097082 1
12651621 99084822 1
12651621 104011692 1
12651621 104243742 1
12651621 104686512 1
20708041 54148922 1
20708041 64109302 1
20708041 66422642 1
20708041 66950332 1
20708041 75496012 1
20708041 86525222 1
20708041 90097082 1
20708041 99084822 1
20708041 104011692 1
20708041 104243742 1
20708041 104686512 1
54148922 64109302 1
54148922 66422642 1
54148922 66950332 1
54148922 75496012 2
54148922 86525222 3
54148922 90097082 1
54148922 99084822 1
54148922 104011692 2
54148922 104243742 2
54148922 104686512 1
64109302 66422642 1
64109302 66950332 1
64109302 75496012 2
64109302 86525222 2
64109302 90097082 1
64109302 99084822 1
64109302 104011692 1
64109302 104243742 1
64109302 104686512 1
66422642 66950332 1
66422642 75496012 1
66422642 86525222 1
66422642 90097082 1
66422642 99084822 1
66422642 104011692 1
66422642 104243742 1
66422642 104686512 1
66950332 75496012 1
66950332 86525222 1
66950332 90097082 1
66950332 99084822 1
66950332 104011692 1
66950332 104243742 1
66950332 104686512 1
75496012 86525222 3
75496012 90097082 1
75496012 99084822 1
75496012 104011692 2
75496012 104243742 1
75496012 104686512 1
86525222 90097082 1
86525222 99084822 1
86525222 104011692 3
86525222 104243742 2
86525222 104686512 1
90097082 99084822 1
90097082 104011692 1
90097082 104243742 1
90097082 104686512 1
99084822 104011692 1
99084822 104243742 1
99084822 104686512 1
104011692 104243742 1
104011692 104686512 1
104243742 104686512 1
9465180 10175045 6
9465180 11694728 1
9465180 46237472 2
9465180 82677232 1
9465180 87564642 1
9465180 104046082 1
9465180 104355142 1
10175045 10675902 8
10175045 11694728 1
10175045 46237472 2
10175045 82677232 1
10175045 86525222 8
10175045 87564642 1
10175045 104046082 1
10175045 104355142 1
10675902 11694728 1
10675902 46237472 2
10675902 82677232 1
10675902 87564642 1
10675902 104046082 1
10675902 104355142 1
11694728 46237472 1
11694728 82677232 1
11694728 86525222 1
11694728 87564642 1
11694728 104046082 1
11694728 104355142 1
46237472 82677232 1
46237472 86525222 2
46237472 87564642 1
46237472 104046082 1
46237472 104355142 1
82677232 86525222 1
82677232 87564642 1
82677232 104046082 1
82677232 104355142 1
86525222 87564642 1
86525222 104046082 1
86525222 104355142 1
87564642 104046082 1
87564642 104355142 1
104046082 104355142 1
5647416 10175045 1
5647416 10479284 1
5647416 10675902 1
5647416 20744361 1
5647416 50047922 1
5647416 68531772 1
5647416 83417232 1
5647416 86525222 1
5647416 98524592 1
5647416 103092432 1
5647416 105119692 1
10175045 10479284 2
10175045 20744361 1
10175045 50047922 2
10175045 68531772 2
10175045 83417232 1
10175045 98524592 2
10175045 103092432 1
10175045 105119692 1
10479284 10675902 2
10479284 20744361 1
10479284 50047922 2
10479284 68531772 2
10479284 83417232 1
10479284 86525222 2
10479284 98524592 2
10479284 103092432 1
10479284 105119692 1
10675902 20744361 1
10675902 50047922 2
10675902 68531772 2
10675902 83417232 1
10675902 98524592 3
10675902 103092432 1
10675902 105119692 1
20744361 50047922 1
20744361 68531772 1
20744361 83417232 1
20744361 86525222 1
20744361 98524592 1
20744361 103092432 1
20744361 105119692 1
50047922 68531772 2
50047922 83417232 1
50047922 86525222 2
50047922 98524592 2
50047922 103092432 1
50047922 105119692 1
68531772 83417232 1
68531772 86525222 2
68531772 98524592 2
68531772 103092432 1
68531772 105119692 1
83417232 86525222 1
83417232 98524592 1
83417232 103092432 1
83417232 105119692 1
86525222 98524592 3
86525222 103092432 1
86525222 105119692 1
98524592 103092432 1
98524592 105119692 1
103092432 105119692 1
9465180 100401252 1
9465180 105437822 1
10175045 100401252 1
10175045 105437822 1
10675902 100401252 1
10675902 105437822 2
86525222 100401252 1
86525222 105437822 2
100401252 105437822 1
9830034 10675902 1
9830034 11850124 1
9830034 54148922 1
9830034 75496012 1
9830034 86525222 1
9830034 88737522 1
9830034 96137022 1
9830034 98524592 1
9830034 104011692 1
9830034 105122152 1
9830034 105422682 1
9830034 105437822 1
10675902 11850124 1
10675902 88737522 1
10675902 96137022 1
10675902 105122152 1
10675902 105422682 1
11850124 54148922 1
11850124 75496012 1
11850124 86525222 1
11850124 88737522 1
11850124 96137022 1
11850124 98524592 1
11850124 104011692 1
11850124 105122152 1
11850124 105422682 1
11850124 105437822 1
54148922 88737522 1
54148922 96137022 1
54148922 98524592 1
54148922 105122152 1
54148922 105422682 1
54148922 105437822 1
75496012 88737522 1
75496012 96137022 1
75496012 98524592 1
75496012 105122152 1
75496012 105422682 1
75496012 105437822 1
86525222 88737522 1
86525222 96137022 1
86525222 105122152 1
86525222 105422682 1
88737522 96137022 1
88737522 98524592 1
88737522 104011692 1
88737522 105122152 1
88737522 105422682 1
88737522 105437822 1
96137022 98524592 1
96137022 104011692 1
96137022 105122152 1
96137022 105422682 1
96137022 105437822 1
98524592 104011692 1
98524592 105122152 1
98524592 105422682 1
98524592 105437822 1
104011692 105122152 1
104011692 105422682 1
104011692 105437822 1
105122152 105422682 1
105122152 105437822 1
105422682 105437822 1
10175045 104011692 1
8867283 9465180 1
8867283 10175045 1
8867283 10675902 1
8867283 54148922 1
8867283 86525222 1
8867283 104243742 1
10175045 54148922 1
10175045 104243742 1
10175045 64109302 1
10175045 75496012 1
46237472 64109302 1
46237472 75496012 1
5156777 8160437 1
5156777 10175045 1
5156777 10479284 1
5156777 10675902 1
5156777 23544221 1
5156777 27902682 1
5156777 37481622 1
5156777 50047922 1
5156777 68531772 1
5156777 70326502 1
5156777 86525222 1
5156777 98524592 1
8160437 10175045 1
8160437 10479284 1
8160437 10675902 1
8160437 23544221 1
8160437 27902682 1
8160437 37481622 1
8160437 50047922 1
8160437 68531772 1
8160437 70326502 1
8160437 86525222 1
8160437 98524592 1
10175045 23544221 1
10175045 27902682 1
10175045 37481622 1
10175045 70326502 1
10479284 23544221 1
10479284 27902682 1
10479284 37481622 1
10479284 70326502 1
10675902 23544221 1
10675902 27902682 1
10675902 37481622 1
10675902 70326502 1
23544221 27902682 1
23544221 37481622 1
23544221 50047922 1
23544221 68531772 1
23544221 70326502 1
23544221 86525222 1
23544221 98524592 1
27902682 37481622 1
27902682 50047922 1
27902682 68531772 1
27902682 70326502 1
27902682 86525222 1
27902682 98524592 1
37481622 50047922 1
37481622 68531772 1
37481622 70326502 1
37481622 86525222 1
37481622 98524592 1
50047922 70326502 1
68531772 70326502 1
70326502 86525222 1
70326502 98524592 1
9465180 46937192 1
10175045 46937192 1
10675902 46937192 1
46937192 86525222 1
