80424962 12522947 28729092 80428482 7261800 41757672 12607786 92522732 79620442 36353712 86657232 108982842 3768118 69042742 11599002 113222522
12522947 12607786 1
11599002 12607786 2
11599002 36353712 2
11599002 86657232 1
12607786 36353712 6
12607786 86657232 2
36353712 86657232 2
3768118 7261800 1
3768118 12607786 1
3768118 28729092 1
3768118 69042742 1
3768118 79620442 1
3768118 80424962 1
3768118 80428482 1
3768118 108982842 1
7261800 12607786 1
7261800 28729092 1
7261800 69042742 1
7261800 79620442 1
7261800 80424962 1
7261800 80428482 1
7261800 108982842 1
12607786 28729092 1
12607786 69042742 1
12607786 79620442 1
12607786 80424962 1
12607786 80428482 1
12607786 108982842 1
28729092 69042742 1
28729092 79620442 1
28729092 80424962 1
28729092 80428482 1
28729092 108982842 1
69042742 79620442 1
69042742 80424962 1
69042742 80428482 1
69042742 108982842 1
79620442 80424962 1
79620442 80428482 1
79620442 108982842 1
80424962 80428482 1
80424962 108982842 1
80428482 108982842 1
12607786 113222522 2
36353712 113222522 2
86657232 113222522 1
36353712 41757672 1
36353712 92522732 1
41757672 92522732 1
