79485792 76710402 75761732 75948772 78105022 14116197 12607786 3681164 73879022 36353712 73298642 66601682 65527892 1612116 42050482 79627802 11599002 42750302
12607786 36353712 5
12607786 42750302 9
12607786 73298642 8
12607786 75761732 2
36353712 42750302 5
36353712 73298642 4
36353712 75761732 1
42750302 73298642 8
42750302 75761732 2
73298642 75761732 2
11599002 12607786 1
11599002 42750302 1
11599002 65527892 1
11599002 66601682 1
11599002 73298642 1
11599002 75948772 1
11599002 76710402 1
11599002 78105022 1
12607786 65527892 1
12607786 66601682 1
12607786 75948772 4
12607786 76710402 4
12607786 78105022 1
42750302 65527892 1
42750302 66601682 1
42750302 75948772 4
42750302 76710402 4
42750302 78105022 1
65527892 66601682 1
65527892 73298642 1
65527892 75948772 1
65527892 76710402 1
65527892 78105022 1
66601682 73298642 1
66601682 75948772 1
66601682 76710402 1
66601682 78105022 1
73298642 75948772 4
73298642 76710402 4
73298642 78105022 1
75948772 76710402 5
75948772 78105022 1
76710402 78105022 1
1612116 12607786 1
1612116 36353712 1
1612116 42750302 1
1612116 73298642 1
12607786 79485792 3
42750302 79485792 3
73298642 79485792 3
75948772 79485792 4
76710402 79485792 4
12607786 73879022 1
42750302 73879022 1
73298642 73879022 1
73879022 75761732 1
73879022 75948772 1
73879022 76710402 1
73879022 79485792 1
75761732 75948772 1
75761732 76710402 1
75761732 79485792 1
3681164 12607786 1
3681164 42050482 1
3681164 42750302 1
3681164 73298642 1
3681164 75948772 1
3681164 76710402 1
3681164 79485792 1
3681164 79627802 1
12607786 42050482 1
12607786 79627802 1
42050482 42750302 1
42050482 73298642 1
42050482 75948772 1
42050482 76710402 1
42050482 79485792 1
42050482 79627802 1
42750302 79627802 1
73298642 79627802 1
75948772 79627802 1
76710402 79627802 1
79485792 79627802 1
14116197 75948772 1
14116197 76710402 1
14116197 79485792 1
