89834122 52487692 8602129 42827282 45976852 114652952 11203995 1914664 11167788 110584882 75803192 108887992 43469242 71860922 4884033 116026692 113975752 43456462 112729422 109697362 52544852 108655572 52710872 14006373 67822572 56508782 89064302 13276657 42302582 42709622 108597752 69547132 9677822
4884033 56508782 1
4884033 71860922 1
56508782 71860922 1
4884033 14006373 2
4884033 42302582 1
4884033 42709622 1
4884033 43456462 2
4884033 43469242 2
4884033 45976852 5
4884033 67822572 5
14006373 42302582 1
14006373 42709622 1
14006373 43456462 2
14006373 43469242 2
14006373 45976852 2
14006373 67822572 2
42302582 42709622 1
42302582 43456462 1
42302582 43469242 1
42302582 45976852 1
42302582 67822572 1
42709622 43456462 1
42709622 43469242 1
42709622 45976852 1
42709622 67822572 1
43456462 43469242 2
43456462 45976852 2
43456462 67822572 2
43469242 45976852 2
43469242 67822572 2
45976852 67822572 3
1914664 4884033 1
1914664 9677822 1
1914664 11203995 1
1914664 14006373 1
1914664 42827282 1
1914664 43456462 1
1914664 43469242 1
1914664 45976852 1
1914664 67822572 1
1914664 69547132 1
1914664 75803192 1
1914664 89064302 1
1914664 89834122 1
4884033 9677822 2
4884033 11203995 1
4884033 42827282 1
4884033 69547132 1
4884033 75803192 1
4884033 89064302 1
4884033 89834122 2
9677822 11203995 1
9677822 14006373 1
9677822 42827282 1
9677822 43456462 1
9677822 43469242 1
9677822 45976852 2
9677822 67822572 1
9677822 69547132 1
9677822 75803192 1
9677822 89064302 1
9677822 89834122 1
11203995 14006373 1
11203995 42827282 1
11203995 43456462 1
11203995 43469242 1
11203995 45976852 1
11203995 67822572 1
11203995 69547132 1
11203995 75803192 1
11203995 89064302 1
11203995 89834122 1
14006373 42827282 1
14006373 69547132 1
14006373 75803192 1
14006373 89064302 1
14006373 89834122 1
42827282 43456462 1
42827282 43469242 1
42827282 45976852 1
42827282 67822572 1
42827282 69547132 1
42827282 75803192 1
42827282 89064302 1
42827282 89834122 1
43456462 69547132 1
43456462 75803192 1
43456462 89064302 1
43456462 89834122 1
43469242 69547132 1
43469242 75803192 1
43469242 89064302 1
43469242 89834122 1
45976852 69547132 1
45976852 75803192 1
45976852 89064302 1
45976852 89834122 1
67822572 69547132 1
67822572 75803192 1
67822572 89064302 1
67822572 89834122 2
69547132 75803192 1
69547132 89064302 1
69547132 89834122 1
75803192 89064302 1
75803192 89834122 1
89064302 89834122 1
4884033 13276657 1
4884033 52487692 2
4884033 52544852 1
4884033 52710872 1
4884033 108597752 1
4884033 108655572 2
4884033 108887992 1
4884033 109697362 1
4884033 110584882 1
9677822 13276657 1
9677822 52487692 1
9677822 52544852 1
9677822 52710872 1
9677822 108597752 1
9677822 108655572 1
9677822 108887992 1
9677822 109697362 1
9677822 110584882 1
13276657 45976852 1
13276657 52487692 1
13276657 52544852 1
13276657 52710872 1
13276657 108597752 1
13276657 108655572 1
13276657 108887992 1
13276657 109697362 1
13276657 110584882 1
45976852 52487692 1
45976852 52544852 1
45976852 52710872 1
45976852 108597752 1
45976852 108655572 1
45976852 108887992 1
45976852 109697362 1
45976852 110584882 1
52487692 52544852 1
52487692 52710872 1
52487692 108597752 1
52487692 108655572 2
52487692 108887992 1
52487692 109697362 1
52487692 110584882 1
52544852 52710872 1
52544852 108597752 1
52544852 108655572 1
52544852 108887992 1
52544852 109697362 1
52544852 110584882 1
52710872 108597752 1
52710872 108655572 1
52710872 108887992 1
52710872 109697362 1
52710872 110584882 1
108597752 108655572 1
108597752 108887992 1
108597752 109697362 1
108597752 110584882 1
108655572 108887992 1
108655572 109697362 1
108655572 110584882 1
108887992 109697362 1
108887992 110584882 1
109697362 110584882 1
8602129 9677822 1
4884033 8602129 1
4884033 11167788 2
8602129 11167788 1
8602129 45976852 1
8602129 67822572 1
11167788 45976852 1
11167788 67822572 2
9677822 114652952 1
4884033 113975752 2
4884033 114652952 1
45976852 113975752 1
45976852 114652952 1
113975752 114652952 1
4884033 112729422 1
4884033 116026692 1
11167788 52487692 1
11167788 108655572 1
11167788 112729422 1
11167788 113975752 1
11167788 116026692 1
52487692 67822572 1
52487692 112729422 1
52487692 113975752 1
52487692 116026692 1
67822572 108655572 1
67822572 112729422 1
67822572 113975752 1
67822572 116026692 1
108655572 112729422 1
108655572 113975752 1
108655572 116026692 1
112729422 113975752 1
112729422 116026692 1
113975752 116026692 1
