52265472 20822401 12965766 94904072 75970442 84145292 8877199 80410132 38395672 2797596 8681117 11258908 52906272 93517352 26302252 3467948 9197744 6923185 25319092 79169662 43866812 54271812 14421195 14075475 44421972 4547797 4148821 77289942 6717687 51862752 91940192 1324258 14613993 5524842 56064362 75110642 2173812 33001972 57814902 8500343 51230712 11548414
4148821 4547797 1
4148821 6717687 1
4148821 8500343 1
4148821 8681117 1
4148821 9197744 1
4148821 11548414 1
4148821 14421195 1
4148821 26302252 1
4148821 43866812 1
4148821 44421972 1
4148821 51230712 1
4148821 51862752 1
4148821 57814902 1
4148821 75110642 1
4148821 75970442 1
4547797 6717687 1
4547797 8500343 1
4547797 8681117 1
4547797 9197744 5
4547797 11548414 6
4547797 14421195 1
4547797 26302252 1
4547797 43866812 1
4547797 44421972 1
4547797 51230712 1
4547797 51862752 1
4547797 57814902 1
4547797 75110642 1
4547797 75970442 1
6717687 8500343 1
6717687 8681117 1
6717687 9197744 1
6717687 11548414 1
6717687 14421195 1
6717687 26302252 1
6717687 43866812 1
6717687 44421972 1
6717687 51230712 1
6717687 51862752 1
6717687 57814902 1
6717687 75110642 1
6717687 75970442 1
8500343 8681117 1
8500343 9197744 1
8500343 11548414 1
8500343 14421195 1
8500343 26302252 1
8500343 43866812 1
8500343 44421972 1
8500343 51230712 1
8500343 51862752 1
8500343 57814902 1
8500343 75110642 1
8500343 75970442 1
8681117 9197744 1
8681117 11548414 1
8681117 14421195 1
8681117 26302252 1
8681117 43866812 1
8681117 44421972 1
8681117 51230712 1
8681117 51862752 1
8681117 57814902 1
8681117 75110642 1
8681117 75970442 1
9197744 11548414 6
9197744 14421195 1
9197744 26302252 1
9197744 43866812 1
9197744 44421972 1
9197744 51230712 1
9197744 51862752 1
9197744 57814902 1
9197744 75110642 1
9197744 75970442 1
11548414 14421195 1
11548414 26302252 1
11548414 43866812 1
11548414 44421972 1
11548414 51230712 1
11548414 51862752 1
11548414 57814902 1
11548414 75110642 1
11548414 75970442 1
14421195 26302252 1
14421195 43866812 1
14421195 44421972 1
14421195 51230712 1
14421195 51862752 1
14421195 57814902 1
14421195 75110642 1
14421195 75970442 1
26302252 43866812 1
26302252 44421972 1
26302252 51230712 1
26302252 51862752 1
26302252 57814902 1
26302252 75110642 1
26302252 75970442 1
43866812 44421972 1
43866812 51230712 1
43866812 51862752 1
43866812 57814902 1
43866812 75110642 1
43866812 75970442 1
44421972 51230712 1
44421972 51862752 1
44421972 57814902 1
44421972 75110642 1
44421972 75970442 1
51230712 51862752 1
51230712 57814902 1
51230712 75110642 1
51230712 75970442 1
51862752 57814902 1
51862752 75110642 1
51862752 75970442 1
57814902 75110642 1
57814902 75970442 1
75110642 75970442 1
1324258 4547797 1
1324258 5524842 1
1324258 11548414 1
1324258 12965766 1
1324258 38395672 1
1324258 79169662 1
1324258 80410132 1
4547797 5524842 5
4547797 12965766 1
4547797 38395672 1
4547797 79169662 1
4547797 80410132 1
5524842 11548414 6
5524842 12965766 1
5524842 38395672 1
5524842 79169662 1
5524842 80410132 1
11548414 12965766 1
11548414 38395672 1
11548414 79169662 1
11548414 80410132 1
12965766 38395672 1
12965766 79169662 1
12965766 80410132 1
38395672 79169662 1
38395672 80410132 1
79169662 80410132 1
2173812 4547797 1
2173812 5524842 2
2173812 6923185 1
2173812 9197744 2
2173812 11548414 2
4547797 6923185 1
5524842 6923185 1
5524842 9197744 4
6923185 9197744 1
6923185 11548414 1
2797596 3467948 1
2797596 4547797 1
2797596 5524842 1
2797596 9197744 1
2797596 11548414 1
2797596 54271812 1
2797596 84145292 1
2797596 93517352 1
3467948 4547797 1
3467948 5524842 1
3467948 9197744 1
3467948 11548414 1
3467948 54271812 1
3467948 84145292 1
3467948 93517352 1
4547797 54271812 1
4547797 84145292 1
4547797 93517352 2
5524842 54271812 1
5524842 84145292 1
5524842 93517352 2
9197744 54271812 1
9197744 84145292 1
9197744 93517352 2
11548414 54271812 1
11548414 84145292 1
11548414 93517352 3
54271812 84145292 1
54271812 93517352 1
84145292 93517352 1
4547797 77289942 1
5524842 77289942 1
4547797 14613993 1
4547797 91940192 2
9197744 14613993 1
9197744 91940192 2
11548414 14613993 1
11548414 91940192 2
14613993 91940192 1
2173812 11258908 1
2173812 20822401 1
2173812 33001972 1
2173812 52906272 1
2173812 56064362 1
2173812 94904072 1
5524842 11258908 1
5524842 20822401 1
5524842 33001972 1
5524842 52906272 1
5524842 56064362 1
5524842 94904072 2
9197744 11258908 1
9197744 20822401 1
9197744 33001972 1
9197744 52906272 1
9197744 56064362 1
9197744 94904072 2
11258908 11548414 1
11258908 20822401 1
11258908 33001972 1
11258908 52906272 1
11258908 56064362 1
11258908 94904072 1
11548414 20822401 1
11548414 33001972 1
11548414 52906272 1
11548414 56064362 1
11548414 94904072 2
20822401 33001972 1
20822401 52906272 1
20822401 56064362 1
20822401 94904072 1
33001972 52906272 1
33001972 56064362 1
33001972 94904072 1
52906272 56064362 1
52906272 94904072 1
56064362 94904072 1
4547797 8877199 1
4547797 14075475 1
4547797 52265472 1
4547797 94904072 1
5524842 8877199 1
5524842 14075475 1
5524842 52265472 1
5524842 91940192 1
8877199 9197744 1
8877199 11548414 1
8877199 14075475 1
8877199 52265472 1
8877199 91940192 1
8877199 93517352 1
8877199 94904072 1
9197744 14075475 1
9197744 52265472 1
11548414 14075475 1
11548414 52265472 1
14075475 52265472 1
14075475 91940192 1
14075475 93517352 1
14075475 94904072 1
52265472 91940192 1
52265472 93517352 1
52265472 94904072 1
91940192 93517352 1
91940192 94904072 1
93517352 94904072 1
11548414 25319092 1
11548414 77289942 1
25319092 77289942 1
25319092 93517352 1
77289942 93517352 1
