7360513 5847428 2518918 3897734 7191179 8876813 8548109 7450255 8187286 3123739 3749404 3075998 833440 2921892 6529062 7125424 3325366 9634489 9712854 5062360 9057241 4409435 9631453 9137502 9674847 8109024 3995873 1190501 4106601 758762 7771500 1071981 8500846 8095342 4702704 4733554 9329781 8894454 7519095 6750456
1190501 2518918 1
1190501 4409435 1
1190501 5847428 1
1190501 7360513 1
1190501 7519095 1
1190501 8876813 1
1190501 9057241 1
2518918 4409435 1
2518918 5847428 1
2518918 7360513 1
2518918 7519095 1
2518918 8876813 1
2518918 9057241 1
4409435 5847428 4
4409435 7360513 2
4409435 7519095 1
4409435 8876813 1
4409435 9057241 3
5847428 7360513 2
5847428 7519095 1
5847428 8876813 1
5847428 9057241 4
7360513 7519095 1
7360513 8876813 1
7360513 9057241 2
7519095 8876813 1
7519095 9057241 1
8876813 9057241 1
1071981 3749404 1
1071981 5847428 2
1071981 7360513 1
1071981 7771500 1
1071981 8109024 1
1071981 8187286 3
1071981 9057241 2
1071981 9137502 1
3749404 5847428 1
3749404 7360513 1
3749404 7771500 1
3749404 8109024 1
3749404 8187286 1
3749404 9057241 1
3749404 9137502 1
5847428 7771500 1
5847428 8109024 1
5847428 8187286 4
5847428 9137502 1
7360513 7771500 1
7360513 8109024 1
7360513 8187286 1
7360513 9137502 1
7771500 8109024 1
7771500 8187286 1
7771500 9057241 1
7771500 9137502 1
8109024 8187286 1
8109024 9057241 1
8109024 9137502 1
8187286 9057241 3
8187286 9137502 1
9057241 9137502 1
833440 4106601 1
833440 5062360 1
833440 6750456 1
833440 7125424 1
833440 7191179 1
833440 7450255 1
833440 8500846 1
833440 8548109 1
833440 9057241 1
833440 9329781 1
4106601 5062360 1
4106601 6750456 1
4106601 7125424 1
4106601 7191179 1
4106601 7450255 1
4106601 8500846 1
4106601 8548109 1
4106601 9057241 1
4106601 9329781 1
5062360 6750456 1
5062360 7125424 1
5062360 7191179 1
5062360 7450255 1
5062360 8500846 1
5062360 8548109 1
5062360 9057241 2
5062360 9329781 1
6750456 7125424 1
6750456 7191179 1
6750456 7450255 1
6750456 8500846 1
6750456 8548109 1
6750456 9057241 1
6750456 9329781 1
7125424 7191179 1
7125424 7450255 1
7125424 8500846 1
7125424 8548109 1
7125424 9057241 1
7125424 9329781 1
7191179 7450255 1
7191179 8500846 1
7191179 8548109 1
7191179 9057241 1
7191179 9329781 1
7450255 8500846 1
7450255 8548109 1
7450255 9057241 1
7450255 9329781 1
8500846 8548109 1
8500846 9057241 1
8500846 9329781 1
8548109 9057241 1
8548109 9329781 1
9057241 9329781 1
1071981 4409435 3
1071981 5062360 2
1071981 6529062 1
1071981 8894454 2
1071981 9631453 2
4409435 5062360 3
4409435 6529062 1
4409435 8187286 5
4409435 8894454 2
4409435 9631453 2
5062360 6529062 1
5062360 8187286 2
5062360 8894454 2
5062360 9631453 2
6529062 8187286 1
6529062 8894454 1
6529062 9631453 1
8187286 8894454 2
8187286 9631453 2
8894454 9631453 2
5062360 7360513 1
758762 2921892 1
758762 3075998 1
758762 3123739 1
758762 3325366 1
758762 3995873 1
758762 4409435 1
758762 8187286 1
758762 9674847 1
2921892 3075998 1
2921892 3123739 1
2921892 3325366 1
2921892 3995873 1
2921892 4409435 2
2921892 8187286 2
2921892 9674847 1
3075998 3123739 1
3075998 3325366 1
3075998 3995873 1
3075998 4409435 1
3075998 8187286 1
3075998 9674847 1
3123739 3325366 1
3123739 3995873 1
3123739 4409435 1
3123739 8187286 1
3123739 9674847 1
3325366 3995873 1
3325366 4409435 1
3325366 8187286 1
3325366 9674847 1
3995873 4409435 1
3995873 8187286 1
3995873 9674847 1
4409435 9674847 2
8187286 9674847 1
1071981 9674847 1
1071981 2921892 1
1071981 9634489 1
1071981 9712854 1
2921892 5062360 1
2921892 5847428 1
2921892 8894454 1
2921892 9057241 1
2921892 9631453 1
2921892 9634489 1
2921892 9712854 1
4409435 9634489 1
4409435 9712854 2
5062360 5847428 1
5062360 9634489 1
5062360 9712854 1
5847428 8894454 1
5847428 9631453 1
5847428 9634489 1
5847428 9712854 2
8187286 9634489 1
8187286 9712854 2
8894454 9057241 1
8894454 9634489 1
8894454 9712854 1
9057241 9631453 1
9057241 9634489 1
9057241 9712854 2
9631453 9634489 1
9631453 9712854 1
9634489 9712854 1
3897734 4409435 1
3897734 4702704 1
3897734 4733554 1
3897734 5847428 1
3897734 8095342 1
3897734 8187286 1
4409435 4702704 1
4409435 4733554 1
4409435 8095342 1
4702704 4733554 1
4702704 5847428 1
4702704 8095342 1
4702704 8187286 1
4733554 5847428 1
4733554 8095342 1
4733554 8187286 1
5847428 8095342 1
8095342 8187286 1
