156525952 93546372 156533892 120793992 153799432 147865482 13470345 160834302 89604112 155577362 65438482 40127892 2650644 50280982 161422742 98057112 5732114 14586138 121907482 44235292 91128602 115343382 95085472 965153 160925602 15072931 156290852 97422752 141697832 6348970 11229355 111576622 161105582 159096882 118638772 8603061 95923252 8535744 161302852 6485829 65879882 63905742 61979982 1828946 123450452 27168982 160542042 25545182 39427422 25288032 3995873 104296802 128833502 69832292 107202782 140002022 9849959 91692392 15462121 151990122 19967211 162026092 11936240 103986422 5048824 719099 71631102 9753471
719099 965153 1
719099 6348970 1
719099 6485829 1
719099 8535744 1
719099 19967211 1
719099 25545182 1
719099 40127892 1
719099 50280982 1
719099 69832292 1
719099 89604112 1
719099 98057112 1
719099 103986422 1
719099 111576622 1
719099 118638772 1
719099 123450452 1
719099 140002022 1
719099 147865482 1
719099 155577362 1
719099 156290852 1
719099 156525952 1
719099 159096882 1
719099 160542042 1
719099 160925602 1
719099 161302852 1
719099 161422742 1
965153 6348970 1
965153 6485829 1
965153 8535744 1
965153 19967211 1
965153 25545182 1
965153 40127892 1
965153 50280982 1
965153 69832292 1
965153 89604112 1
965153 98057112 1
965153 103986422 1
965153 111576622 1
965153 118638772 1
965153 123450452 1
965153 140002022 1
965153 147865482 1
965153 155577362 1
965153 156290852 1
965153 156525952 1
965153 159096882 1
965153 160542042 1
965153 160925602 1
965153 161302852 1
965153 161422742 1
6348970 6485829 1
6348970 8535744 1
6348970 19967211 1
6348970 25545182 1
6348970 40127892 1
6348970 50280982 1
6348970 69832292 1
6348970 89604112 1
6348970 98057112 1
6348970 103986422 1
6348970 111576622 1
6348970 118638772 1
6348970 123450452 1
6348970 140002022 1
6348970 147865482 1
6348970 155577362 1
6348970 156290852 1
6348970 156525952 1
6348970 159096882 1
6348970 160542042 1
6348970 160925602 1
6348970 161302852 1
6348970 161422742 1
6485829 8535744 1
6485829 19967211 1
6485829 25545182 1
6485829 40127892 1
6485829 50280982 1
6485829 69832292 1
6485829 89604112 1
6485829 98057112 1
6485829 103986422 1
6485829 111576622 1
6485829 118638772 1
6485829 123450452 1
6485829 140002022 1
6485829 147865482 1
6485829 155577362 1
6485829 156290852 1
6485829 156525952 1
6485829 159096882 1
6485829 160542042 1
6485829 160925602 1
6485829 161302852 1
6485829 161422742 1
8535744 19967211 1
8535744 25545182 1
8535744 40127892 1
8535744 50280982 1
8535744 69832292 1
8535744 89604112 1
8535744 98057112 1
8535744 103986422 1
8535744 111576622 1
8535744 118638772 1
8535744 123450452 1
8535744 140002022 1
8535744 147865482 1
8535744 155577362 1
8535744 156290852 1
8535744 156525952 1
8535744 159096882 1
8535744 160542042 1
8535744 160925602 1
8535744 161302852 1
8535744 161422742 1
19967211 25545182 1
19967211 40127892 1
19967211 50280982 1
19967211 69832292 1
19967211 89604112 1
19967211 98057112 1
19967211 103986422 1
19967211 111576622 1
19967211 118638772 1
19967211 123450452 1
19967211 140002022 1
19967211 147865482 1
19967211 155577362 1
19967211 156290852 1
19967211 156525952 1
19967211 159096882 1
19967211 160542042 1
19967211 160925602 1
19967211 161302852 1
19967211 161422742 1
25545182 40127892 1
25545182 50280982 1
25545182 69832292 1
25545182 89604112 1
25545182 98057112 1
25545182 103986422 1
25545182 111576622 1
25545182 118638772 1
25545182 123450452 1
25545182 140002022 1
25545182 147865482 1
25545182 155577362 1
25545182 156290852 1
25545182 156525952 1
25545182 159096882 1
25545182 160542042 1
25545182 160925602 1
25545182 161302852 1
25545182 161422742 1
40127892 50280982 1
40127892 69832292 1
40127892 89604112 1
40127892 98057112 1
40127892 103986422 2
40127892 111576622 1
40127892 118638772 1
40127892 123450452 1
40127892 140002022 1
40127892 147865482 1
40127892 155577362 2
40127892 156290852 1
40127892 156525952 1
40127892 159096882 1
40127892 160542042 1
40127892 160925602 1
40127892 161302852 1
40127892 161422742 1
50280982 69832292 1
50280982 89604112 1
50280982 98057112 1
50280982 103986422 1
50280982 111576622 1
50280982 118638772 1
50280982 123450452 1
50280982 140002022 1
50280982 147865482 1
50280982 155577362 1
50280982 156290852 1
50280982 156525952 1
50280982 159096882 1
50280982 160542042 1
50280982 160925602 1
50280982 161302852 1
50280982 161422742 1
69832292 89604112 1
69832292 98057112 1
69832292 103986422 1
69832292 111576622 1
69832292 118638772 1
69832292 123450452 1
69832292 140002022 1
69832292 147865482 1
69832292 155577362 1
69832292 156290852 1
69832292 156525952 1
69832292 159096882 1
69832292 160542042 1
69832292 160925602 1
69832292 161302852 1
69832292 161422742 1
89604112 98057112 1
89604112 103986422 1
89604112 111576622 1
89604112 118638772 1
89604112 123450452 1
89604112 140002022 1
89604112 147865482 1
89604112 155577362 1
89604112 156290852 1
89604112 156525952 1
89604112 159096882 1
89604112 160542042 1
89604112 160925602 1
89604112 161302852 1
89604112 161422742 1
98057112 103986422 1
98057112 111576622 1
98057112 118638772 1
98057112 123450452 1
98057112 140002022 1
98057112 147865482 1
98057112 155577362 1
98057112 156290852 1
98057112 156525952 1
98057112 159096882 1
98057112 160542042 1
98057112 160925602 1
98057112 161302852 1
98057112 161422742 1
103986422 111576622 1
103986422 118638772 1
103986422 123450452 1
103986422 140002022 1
103986422 147865482 1
103986422 155577362 2
103986422 156290852 1
103986422 156525952 1
103986422 159096882 1
103986422 160542042 1
103986422 160925602 1
103986422 161302852 1
103986422 161422742 1
111576622 118638772 1
111576622 123450452 1
111576622 140002022 1
111576622 147865482 1
111576622 155577362 1
111576622 156290852 1
111576622 156525952 1
111576622 159096882 1
111576622 160542042 1
111576622 160925602 1
111576622 161302852 1
111576622 161422742 1
118638772 123450452 1
118638772 140002022 1
118638772 147865482 1
118638772 155577362 1
118638772 156290852 1
118638772 156525952 1
118638772 159096882 1
118638772 160542042 1
118638772 160925602 1
118638772 161302852 1
118638772 161422742 1
123450452 140002022 1
123450452 147865482 1
123450452 155577362 1
123450452 156290852 1
123450452 156525952 1
123450452 159096882 1
123450452 160542042 1
123450452 160925602 1
123450452 161302852 1
123450452 161422742 1
140002022 147865482 1
140002022 155577362 1
140002022 156290852 1
140002022 156525952 1
140002022 159096882 1
140002022 160542042 1
140002022 160925602 1
140002022 161302852 1
140002022 161422742 1
147865482 155577362 1
147865482 156290852 1
147865482 156525952 1
147865482 159096882 1
147865482 160542042 1
147865482 160925602 1
147865482 161302852 1
147865482 161422742 1
155577362 156290852 1
155577362 156525952 1
155577362 159096882 1
155577362 160542042 1
155577362 160925602 1
155577362 161302852 1
155577362 161422742 1
156290852 156525952 1
156290852 159096882 1
156290852 160542042 1
156290852 160925602 1
156290852 161302852 1
156290852 161422742 1
156525952 159096882 1
156525952 160542042 1
156525952 160925602 1
156525952 161302852 1
156525952 161422742 1
159096882 160542042 1
159096882 160925602 1
159096882 161302852 1
159096882 161422742 1
160542042 160925602 1
160542042 161302852 1
160542042 161422742 1
160925602 161302852 1
160925602 161422742 1
161302852 161422742 1
8603061 9753471 1
8603061 11229355 1
8603061 39427422 1
8603061 40127892 1
8603061 71631102 1
8603061 93546372 1
8603061 103986422 1
8603061 120793992 1
8603061 151990122 1
8603061 153799432 1
8603061 155577362 1
8603061 162026092 1
9753471 11229355 1
9753471 39427422 1
9753471 40127892 1
9753471 71631102 1
9753471 93546372 1
9753471 103986422 1
9753471 120793992 1
9753471 151990122 1
9753471 153799432 1
9753471 155577362 1
9753471 162026092 1
11229355 39427422 1
11229355 40127892 1
11229355 71631102 1
11229355 93546372 1
11229355 103986422 1
11229355 120793992 1
11229355 151990122 1
11229355 153799432 1
11229355 155577362 1
11229355 162026092 1
39427422 40127892 1
39427422 71631102 1
39427422 93546372 1
39427422 103986422 1
39427422 120793992 1
39427422 151990122 1
39427422 153799432 1
39427422 155577362 1
39427422 162026092 1
40127892 71631102 1
40127892 93546372 1
40127892 120793992 1
40127892 151990122 1
40127892 153799432 1
40127892 162026092 1
71631102 93546372 1
71631102 103986422 3
71631102 120793992 1
71631102 151990122 1
71631102 153799432 1
71631102 155577362 1
71631102 162026092 1
93546372 103986422 1
93546372 120793992 1
93546372 151990122 1
93546372 153799432 1
93546372 155577362 1
93546372 162026092 1
103986422 120793992 1
103986422 151990122 1
103986422 153799432 1
103986422 162026092 1
120793992 151990122 1
120793992 153799432 1
120793992 155577362 1
120793992 162026092 1
151990122 153799432 1
151990122 155577362 1
151990122 162026092 1
153799432 155577362 1
153799432 162026092 1
155577362 162026092 1
2650644 3995873 1
2650644 15072931 1
2650644 25288032 1
2650644 63905742 1
2650644 65438482 1
2650644 91692392 1
2650644 98057112 1
2650644 141697832 1
2650644 162026092 1
3995873 15072931 1
3995873 25288032 1
3995873 63905742 1
3995873 65438482 1
3995873 91692392 1
3995873 98057112 1
3995873 141697832 1
3995873 162026092 1
15072931 25288032 1
15072931 63905742 1
15072931 65438482 1
15072931 91692392 1
15072931 98057112 1
15072931 141697832 1
15072931 162026092 1
25288032 63905742 1
25288032 65438482 1
25288032 91692392 1
25288032 98057112 1
25288032 141697832 1
25288032 162026092 1
63905742 65438482 1
63905742 91692392 1
63905742 98057112 1
63905742 141697832 1
63905742 162026092 1
65438482 91692392 1
65438482 98057112 1
65438482 141697832 1
65438482 162026092 1
91692392 98057112 1
91692392 141697832 1
91692392 162026092 1
98057112 141697832 1
98057112 162026092 1
141697832 162026092 1
1828946 5732114 1
1828946 14586138 1
1828946 44235292 1
1828946 95085472 1
1828946 155577362 1
1828946 156533892 1
5732114 14586138 1
5732114 44235292 1
5732114 95085472 1
5732114 155577362 1
5732114 156533892 1
14586138 44235292 1
14586138 95085472 1
14586138 155577362 1
14586138 156533892 1
44235292 95085472 1
44235292 155577362 1
44235292 156533892 1
95085472 155577362 1
95085472 156533892 1
155577362 156533892 1
71631102 121907482 1
5048824 13470345 1
5048824 15462121 1
5048824 27168982 1
5048824 91128602 1
5048824 103986422 1
5048824 104296802 1
5048824 115343382 1
5048824 161105582 1
13470345 15462121 1
13470345 27168982 1
13470345 91128602 2
13470345 103986422 3
13470345 104296802 1
13470345 115343382 1
13470345 161105582 1
15462121 27168982 1
15462121 91128602 1
15462121 103986422 1
15462121 104296802 1
15462121 115343382 1
15462121 161105582 1
27168982 91128602 1
27168982 103986422 1
27168982 104296802 1
27168982 115343382 1
27168982 161105582 1
91128602 103986422 2
91128602 104296802 1
91128602 115343382 1
91128602 161105582 1
103986422 104296802 1
103986422 115343382 1
103986422 161105582 1
104296802 115343382 1
104296802 161105582 1
115343382 161105582 1
13470345 71631102 4
13470345 128833502 1
71631102 128833502 1
9849959 13470345 1
9849959 61979982 1
9849959 71631102 1
9849959 91128602 1
9849959 103986422 1
9849959 160834302 1
13470345 61979982 2
13470345 160834302 1
61979982 71631102 2
61979982 91128602 1
61979982 103986422 2
61979982 160834302 1
71631102 91128602 1
71631102 160834302 1
91128602 160834302 1
103986422 160834302 1
13470345 65879882 1
13470345 95923252 1
13470345 97422752 1
13470345 107202782 1
61979982 65879882 1
61979982 95923252 1
61979982 97422752 1
61979982 107202782 1
65879882 71631102 1
65879882 95923252 1
65879882 97422752 1
65879882 103986422 1
65879882 107202782 1
71631102 95923252 1
71631102 97422752 1
71631102 107202782 1
95923252 97422752 1
95923252 103986422 1
95923252 107202782 1
97422752 103986422 1
97422752 107202782 1
103986422 107202782 1
11936240 13470345 1
11936240 71631102 1
