7360513 5847428 4079492 3897734 4630025 2650644 8187286 3123739 5210786 2921892 9634489 1791300 3344209 9712854 5062360 9057241 4409435 9631453 9278558 9674847 6750456 2279906 7771500 1071981 8095342 4702704 6106864 4733554 8894454 7519095 5929592
1071981 4409435 2
1071981 9674847 1
4409435 9674847 2
1071981 2921892 1
1071981 5062360 1
1071981 5847428 1
1071981 8187286 1
1071981 8894454 1
1071981 9057241 1
1071981 9631453 1
1071981 9634489 1
1071981 9712854 1
2921892 4409435 1
2921892 5062360 1
2921892 5847428 1
2921892 8187286 1
2921892 8894454 1
2921892 9057241 1
2921892 9631453 1
2921892 9634489 1
2921892 9712854 1
4409435 5062360 1
4409435 5847428 3
4409435 8187286 7
4409435 8894454 2
4409435 9057241 3
4409435 9631453 1
4409435 9634489 1
4409435 9712854 4
5062360 5847428 1
5062360 8187286 1
5062360 8894454 1
5062360 9057241 1
5062360 9631453 1
5062360 9634489 1
5062360 9712854 1
5847428 8187286 3
5847428 8894454 1
5847428 9057241 2
5847428 9631453 1
5847428 9634489 1
5847428 9712854 2
8187286 8894454 3
8187286 9057241 4
8187286 9631453 2
8187286 9634489 2
8187286 9712854 5
8894454 9057241 3
8894454 9631453 2
8894454 9634489 2
8894454 9712854 3
9057241 9631453 2
9057241 9634489 2
9057241 9712854 4
9631453 9634489 2
9631453 9712854 2
9634489 9712854 2
3897734 4409435 1
3897734 4702704 1
3897734 4733554 1
3897734 5847428 1
3897734 8095342 1
3897734 8187286 1
4409435 4702704 1
4409435 4733554 1
4409435 8095342 1
4702704 4733554 1
4702704 5847428 1
4702704 8095342 1
4702704 8187286 1
4733554 5847428 1
4733554 8095342 1
4733554 8187286 2
5847428 8095342 1
8095342 8187286 1
4409435 5210786 1
4409435 6106864 1
4409435 7771500 1
5210786 6106864 1
5210786 7771500 1
5210786 8187286 1
5210786 8894454 1
5210786 9057241 1
5210786 9674847 1
5210786 9712854 1
6106864 7771500 1
6106864 8187286 1
6106864 8894454 1
6106864 9057241 1
6106864 9674847 1
6106864 9712854 1
7771500 8187286 1
7771500 8894454 1
7771500 9057241 1
7771500 9674847 1
7771500 9712854 1
8187286 9674847 1
8894454 9674847 1
9057241 9674847 1
9674847 9712854 1
2650644 3123739 1
2650644 4079492 1
2650644 4733554 1
2650644 7519095 1
2650644 8187286 1
2650644 8894454 1
2650644 9057241 1
2650644 9278558 1
2650644 9631453 1
2650644 9634489 1
2650644 9712854 1
3123739 4079492 1
3123739 4733554 1
3123739 7519095 1
3123739 8187286 1
3123739 8894454 1
3123739 9057241 1
3123739 9278558 1
3123739 9631453 1
3123739 9634489 1
3123739 9712854 1
4079492 4733554 1
4079492 7519095 1
4079492 8187286 1
4079492 8894454 1
4079492 9057241 1
4079492 9278558 1
4079492 9631453 1
4079492 9634489 1
4079492 9712854 1
4733554 7519095 1
4733554 8894454 1
4733554 9057241 1
4733554 9278558 1
4733554 9631453 1
4733554 9634489 1
4733554 9712854 1
7519095 8187286 1
7519095 8894454 1
7519095 9057241 1
7519095 9278558 1
7519095 9631453 1
7519095 9634489 1
7519095 9712854 1
8187286 9278558 1
8894454 9278558 1
9057241 9278558 1
9278558 9631453 1
9278558 9634489 1
9278558 9712854 1
1791300 2279906 1
1791300 3344209 1
1791300 4630025 1
1791300 5062360 1
1791300 5929592 1
1791300 6750456 1
1791300 7360513 1
2279906 3344209 1
2279906 4630025 1
2279906 5062360 1
2279906 5929592 1
2279906 6750456 1
2279906 7360513 1
3344209 4630025 1
3344209 5062360 1
3344209 5929592 1
3344209 6750456 1
3344209 7360513 1
4630025 5062360 1
4630025 5929592 1
4630025 6750456 1
4630025 7360513 1
5062360 5929592 1
5062360 6750456 1
5062360 7360513 1
5929592 6750456 1
5929592 7360513 1
6750456 7360513 1
