58906752 101228802 186082179 177741442 68915082 71523092 139375002 80296732 28022052 167776932 99565992 2781869 9655342 72443822 124684462 11173686 58046392 186382906 14285755 6776639 12227393 129001922 185853380 188968133 189455437 54212942 6147026 83014612 196634455 191415769 5405660 82236512 13410275 10045286 189552232 50701932 95531762 38416632 3940348
9655342 10045286 3
9655342 50701932 3
9655342 58906752 3
9655342 71523092 3
9655342 80296732 1
9655342 82236512 3
9655342 95531762 3
9655342 101228802 3
9655342 185853380 4
9655342 186082179 4
9655342 186382906 4
9655342 189552232 3
10045286 50701932 3
10045286 58906752 2
10045286 71523092 3
10045286 80296732 1
10045286 82236512 2
10045286 95531762 2
10045286 101228802 3
10045286 185853380 3
10045286 186082179 4
10045286 186382906 4
10045286 189552232 1
50701932 58906752 2
50701932 71523092 3
50701932 80296732 1
50701932 82236512 1
50701932 95531762 2
50701932 101228802 2
50701932 185853380 3
50701932 186082179 3
50701932 186382906 3
50701932 189552232 2
58906752 71523092 3
58906752 80296732 1
58906752 82236512 2
58906752 95531762 3
58906752 101228802 2
58906752 185853380 2
58906752 186082179 3
58906752 186382906 3
58906752 189552232 1
71523092 80296732 1
71523092 82236512 2
71523092 95531762 3
71523092 101228802 2
71523092 185853380 3
71523092 186082179 4
71523092 186382906 4
71523092 189552232 1
80296732 82236512 1
80296732 95531762 1
80296732 101228802 1
80296732 185853380 1
80296732 186082179 1
80296732 186382906 1
80296732 189552232 1
82236512 95531762 2
82236512 101228802 2
82236512 185853380 3
82236512 186082179 3
82236512 186382906 3
82236512 189552232 1
95531762 101228802 2
95531762 185853380 2
95531762 186082179 3
95531762 186382906 3
95531762 189552232 1
101228802 185853380 2
101228802 186082179 3
101228802 186382906 3
101228802 189552232 1
185853380 186082179 4
185853380 186382906 5
185853380 189552232 3
186082179 186382906 5
186082179 189552232 1
186382906 189552232 2
10045286 13410275 2
10045286 28022052 1
10045286 54212942 2
10045286 58046392 1
10045286 68915082 1
10045286 129001922 1
10045286 191415769 1
13410275 28022052 1
13410275 50701932 2
13410275 54212942 2
13410275 58046392 1
13410275 68915082 1
13410275 71523092 3
13410275 129001922 1
13410275 185853380 2
13410275 186082179 3
13410275 186382906 3
13410275 191415769 1
28022052 50701932 1
28022052 54212942 1
28022052 58046392 1
28022052 68915082 1
28022052 71523092 1
28022052 129001922 1
28022052 185853380 1
28022052 186082179 1
28022052 186382906 1
28022052 191415769 1
50701932 54212942 2
50701932 58046392 1
50701932 68915082 1
50701932 129001922 1
50701932 191415769 1
54212942 58046392 1
54212942 68915082 1
54212942 71523092 2
54212942 129001922 1
54212942 185853380 1
54212942 186082179 2
54212942 186382906 2
54212942 191415769 1
58046392 68915082 1
58046392 71523092 1
58046392 129001922 1
58046392 185853380 1
58046392 186082179 1
58046392 186382906 1
58046392 191415769 1
68915082 71523092 1
68915082 129001922 1
68915082 185853380 1
68915082 186082179 1
68915082 186382906 1
68915082 191415769 1
71523092 129001922 1
71523092 191415769 1
129001922 185853380 1
129001922 186082179 1
129001922 186382906 1
129001922 191415769 1
185853380 191415769 1
186082179 191415769 1
186382906 191415769 1
139375002 185853380 2
139375002 186382906 1
139375002 189552232 2
3940348 5405660 1
3940348 6776639 1
3940348 9655342 2
3940348 10045286 2
3940348 13410275 1
3940348 38416632 2
3940348 50701932 1
3940348 54212942 1
3940348 58906752 1
3940348 71523092 1
3940348 95531762 1
3940348 101228802 2
3940348 177741442 1
3940348 186082179 2
3940348 186382906 2
3940348 188968133 1
5405660 6776639 1
5405660 9655342 4
5405660 10045286 1
5405660 13410275 2
5405660 38416632 2
5405660 50701932 1
5405660 54212942 2
5405660 58906752 2
5405660 71523092 2
5405660 95531762 2
5405660 101228802 1
5405660 177741442 1
5405660 186082179 2
5405660 186382906 2
5405660 188968133 1
6776639 9655342 1
6776639 10045286 1
6776639 13410275 1
6776639 38416632 1
6776639 50701932 1
6776639 54212942 1
6776639 58906752 1
6776639 71523092 1
6776639 95531762 1
6776639 101228802 1
6776639 177741442 1
6776639 186082179 1
6776639 186382906 1
6776639 188968133 1
9655342 13410275 2
9655342 38416632 3
9655342 54212942 2
9655342 177741442 1
9655342 188968133 1
10045286 38416632 2
10045286 177741442 1
10045286 188968133 1
13410275 38416632 2
13410275 58906752 2
13410275 95531762 2
13410275 101228802 1
13410275 177741442 1
13410275 188968133 1
38416632 50701932 1
38416632 54212942 1
38416632 58906752 2
38416632 71523092 2
38416632 95531762 2
38416632 101228802 2
38416632 177741442 1
38416632 186082179 3
38416632 186382906 3
38416632 188968133 1
50701932 177741442 1
50701932 188968133 1
54212942 58906752 1
54212942 95531762 1
54212942 101228802 1
54212942 177741442 1
54212942 188968133 1
58906752 177741442 1
58906752 188968133 1
71523092 177741442 1
71523092 188968133 1
95531762 177741442 1
95531762 188968133 1
101228802 177741442 1
101228802 188968133 1
177741442 186082179 1
177741442 186382906 1
177741442 188968133 1
186082179 188968133 1
186382906 188968133 1
9655342 72443822 3
9655342 139375002 1
50701932 72443822 1
50701932 139375002 1
72443822 139375002 1
72443822 185853380 3
72443822 189552232 1
3940348 11173686 1
3940348 14285755 1
3940348 72443822 1
3940348 82236512 1
3940348 185853380 1
9655342 11173686 1
9655342 14285755 2
10045286 11173686 1
10045286 14285755 1
10045286 72443822 1
11173686 14285755 1
11173686 38416632 1
11173686 72443822 1
11173686 82236512 1
11173686 101228802 1
11173686 185853380 1
11173686 186082179 1
11173686 186382906 1
14285755 38416632 2
14285755 72443822 2
14285755 82236512 2
14285755 101228802 1
14285755 185853380 2
14285755 186082179 2
14285755 186382906 2
38416632 72443822 2
38416632 82236512 2
38416632 185853380 2
72443822 82236512 2
72443822 101228802 1
72443822 186082179 2
72443822 186382906 2
5405660 124684462 1
5405660 189552232 1
9655342 124684462 1
124684462 189552232 1
5405660 83014612 2
5405660 99565992 1
5405660 196634455 1
9655342 83014612 2
9655342 99565992 1
9655342 196634455 1
54212942 83014612 1
54212942 99565992 1
54212942 196634455 1
83014612 99565992 1
83014612 196634455 1
99565992 196634455 1
2781869 5405660 1
2781869 6147026 1
2781869 9655342 1
2781869 12227393 1
2781869 13410275 1
2781869 14285755 1
2781869 38416632 1
2781869 58906752 1
2781869 71523092 1
2781869 72443822 1
2781869 82236512 1
2781869 83014612 1
2781869 95531762 1
2781869 167776932 1
2781869 185853380 1
2781869 186082179 1
2781869 186382906 1
2781869 189455437 1
5405660 6147026 1
5405660 12227393 1
5405660 14285755 1
5405660 72443822 1
5405660 82236512 1
5405660 167776932 1
5405660 185853380 1
5405660 189455437 1
6147026 9655342 1
6147026 12227393 1
6147026 13410275 1
6147026 14285755 1
6147026 38416632 1
6147026 58906752 1
6147026 71523092 1
6147026 72443822 1
6147026 82236512 1
6147026 83014612 1
6147026 95531762 1
6147026 167776932 1
6147026 185853380 1
6147026 186082179 1
6147026 186382906 1
6147026 189455437 1
9655342 12227393 1
9655342 167776932 1
9655342 189455437 1
12227393 13410275 1
12227393 14285755 1
12227393 38416632 1
12227393 58906752 1
12227393 71523092 1
12227393 72443822 1
12227393 82236512 1
12227393 83014612 1
12227393 95531762 1
12227393 167776932 1
12227393 185853380 1
12227393 186082179 1
12227393 186382906 1
12227393 189455437 1
13410275 14285755 1
13410275 72443822 1
13410275 82236512 1
13410275 83014612 1
13410275 167776932 1
13410275 189455437 1
14285755 58906752 1
14285755 71523092 1
14285755 83014612 1
14285755 95531762 1
14285755 167776932 1
14285755 189455437 1
38416632 83014612 1
38416632 167776932 1
38416632 189455437 1
58906752 72443822 1
58906752 83014612 1
58906752 167776932 1
58906752 189455437 1
71523092 72443822 1
71523092 83014612 1
71523092 167776932 1
71523092 189455437 1
72443822 83014612 1
72443822 95531762 1
72443822 167776932 1
72443822 189455437 1
82236512 83014612 1
82236512 167776932 1
82236512 189455437 1
83014612 95531762 1
83014612 167776932 1
83014612 185853380 1
83014612 186082179 1
83014612 186382906 1
83014612 189455437 1
95531762 167776932 1
95531762 189455437 1
167776932 185853380 1
167776932 186082179 1
167776932 186382906 1
167776932 189455437 1
185853380 189455437 1
186082179 189455437 1
186382906 189455437 1
