58906752 5239105 10045286 10918246 75355562 282922 9655342 54212942 3522994 6193458 18385301 11173686 60549142 10895032 69121402 68531772
9655342 10895032 9
9655342 18385301 3
9655342 58906752 4
10895032 18385301 3
10895032 58906752 5
18385301 58906752 1
9655342 75355562 2
10895032 75355562 2
18385301 75355562 1
9655342 54212942 4
10895032 54212942 5
54212942 58906752 4
282922 3522994 1
282922 5239105 1
282922 9655342 3
282922 10045286 1
282922 10895032 3
282922 11173686 1
282922 69121402 2
3522994 5239105 1
3522994 9655342 1
3522994 10045286 1
3522994 10895032 1
3522994 11173686 1
3522994 69121402 1
5239105 9655342 1
5239105 10045286 1
5239105 10895032 1
5239105 11173686 1
5239105 69121402 1
9655342 10045286 1
9655342 11173686 1
9655342 69121402 3
10045286 10895032 1
10045286 11173686 1
10045286 69121402 1
10895032 11173686 1
10895032 69121402 4
11173686 69121402 1
10895032 68531772 2
54212942 68531772 2
54212942 69121402 3
58906752 68531772 2
58906752 69121402 2
68531772 69121402 1
9655342 10918246 1
10895032 10918246 1
10918246 54212942 1
10918246 58906752 1
10918246 69121402 1
282922 6193458 2
282922 54212942 1
282922 60549142 1
282922 75355562 1
6193458 9655342 2
6193458 10895032 2
6193458 54212942 1
6193458 60549142 1
6193458 69121402 1
6193458 75355562 1
9655342 60549142 1
10895032 60549142 1
54212942 60549142 1
54212942 75355562 1
60549142 69121402 1
60549142 75355562 1
69121402 75355562 1
9655342 68531772 1
