58906752 101228802 186082179 118766852 177741442 42345612 5507086 189471001 139375002 167776932 9655342 185612085 11173686 186382906 68753472 185853380 54212942 136143952 83014612 5405660 146425952 13410275 189552232 148229102 187825782
136143952 187825782 1
54212942 58906752 1
54212942 139375002 2
54212942 185853380 4
58906752 139375002 1
58906752 185853380 1
139375002 185853380 3
5405660 13410275 2
5405660 54212942 1
5405660 185853380 3
13410275 54212942 1
13410275 185853380 2
54212942 186082179 2
185853380 186082179 3
5405660 5507086 1
5405660 9655342 1
5405660 11173686 1
5405660 101228802 1
5405660 118766852 1
5405660 139375002 1
5405660 167776932 1
5405660 185612085 1
5405660 186082179 1
5507086 9655342 1
5507086 11173686 1
5507086 13410275 1
5507086 101228802 1
5507086 118766852 1
5507086 139375002 1
5507086 167776932 1
5507086 185612085 1
5507086 185853380 1
5507086 186082179 1
9655342 11173686 1
9655342 13410275 1
9655342 101228802 1
9655342 118766852 1
9655342 139375002 1
9655342 167776932 1
9655342 185612085 1
9655342 185853380 1
9655342 186082179 1
11173686 13410275 1
11173686 101228802 1
11173686 118766852 1
11173686 139375002 1
11173686 167776932 1
11173686 185612085 1
11173686 185853380 1
11173686 186082179 1
13410275 101228802 1
13410275 118766852 1
13410275 139375002 1
13410275 167776932 1
13410275 185612085 1
13410275 186082179 1
101228802 118766852 1
101228802 139375002 1
101228802 167776932 1
101228802 185612085 1
101228802 185853380 1
101228802 186082179 1
118766852 139375002 1
118766852 167776932 1
118766852 185612085 1
118766852 185853380 1
118766852 186082179 1
139375002 167776932 2
139375002 185612085 1
139375002 186082179 2
167776932 185612085 1
167776932 185853380 2
167776932 186082179 2
185612085 185853380 1
185612085 186082179 1
54212942 185612085 1
54212942 186382906 2
54212942 189552232 1
185612085 186382906 1
185612085 189552232 1
186382906 189552232 1
54212942 146425952 1
54212942 148229102 1
54212942 167776932 1
54212942 177741442 1
54212942 189471001 1
139375002 146425952 1
139375002 148229102 1
139375002 177741442 1
139375002 186382906 1
139375002 189471001 1
146425952 148229102 1
146425952 167776932 1
146425952 177741442 1
146425952 185853380 1
146425952 186082179 1
146425952 186382906 1
146425952 189471001 1
148229102 167776932 1
148229102 177741442 1
148229102 185853380 1
148229102 186082179 1
148229102 186382906 1
148229102 189471001 1
167776932 177741442 1
167776932 186382906 1
167776932 189471001 1
177741442 185853380 1
177741442 186082179 1
177741442 186382906 1
177741442 189471001 1
185853380 186382906 1
185853380 189471001 1
186082179 186382906 1
186082179 189471001 1
186382906 189471001 1
5405660 68753472 1
5405660 83014612 1
68753472 83014612 1
68753472 185853380 1
83014612 185853380 1
13410275 42345612 1
