49884832 486530 593189 66727002 60996232 12277226 57669482 66529562 65184942 8786705 3233394 7935794 7092500 59471442 9553241 11107738
486530 7092500 5
486530 8786705 1
486530 12277226 1
7092500 8786705 1
7092500 12277226 1
8786705 12277226 1
3233394 7092500 2
3233394 9553241 1
3233394 11107738 1
3233394 60996232 1
7092500 9553241 1
7092500 11107738 3
7092500 60996232 1
9553241 11107738 1
9553241 60996232 1
11107738 60996232 1
3233394 49884832 1
7092500 49884832 1
486530 11107738 1
486530 7935794 1
486530 59471442 1
7092500 7935794 1
7092500 59471442 1
7935794 59471442 1
593189 7092500 2
593189 57669482 1
593189 65184942 1
7092500 57669482 1
7092500 65184942 1
57669482 65184942 1
486530 66529562 1
486530 66727002 1
7092500 66529562 1
7092500 66727002 1
66529562 66727002 1
