45499872 50275812 46708422 25129512 30704552 12047498 12757134 47351662 26141072 13632752 13274868 42346552 30983002
12047498 12757134 1
12047498 25129512 2
12047498 46708422 1
12757134 25129512 2
12757134 46708422 2
25129512 46708422 3
25129512 26141072 3
13632752 30704552 3
13274868 25129512 1
13274868 26141072 1
13274868 30983002 1
13274868 45499872 1
13274868 46708422 1
13274868 47351662 1
13274868 50275812 1
25129512 30983002 1
25129512 45499872 2
25129512 47351662 2
25129512 50275812 1
26141072 30983002 1
26141072 45499872 2
26141072 46708422 1
26141072 47351662 1
26141072 50275812 1
30983002 45499872 1
30983002 46708422 1
30983002 47351662 1
30983002 50275812 1
45499872 46708422 1
45499872 47351662 1
45499872 50275812 1
46708422 47351662 2
46708422 50275812 1
47351662 50275812 1
12757134 42346552 1
12757134 47351662 1
25129512 42346552 1
42346552 46708422 1
42346552 47351662 1
12047498 13632752 2
12047498 30704552 2
12047498 26141072 1
12047498 45499872 1
13632752 25129512 1
13632752 26141072 1
13632752 45499872 1
25129512 30704552 1
26141072 30704552 1
30704552 45499872 1
