84669572 78471172 49851272 42179722 55888782 39522062 87809552 10548881 88741522 95045522 84602772 98608152 96592922 97896602 9576348 33411232 44363682 11813284 68032292 90222502 2505769 46501422 81925552 73169072 54619952 95039032 12630328 12124859 11969728 86000202 28369482 13605195 62363982 8198866 10461397 67748702 51113952 4439521 58407142 9780327 7922665 94204522 79260142 46262382 4955504 66823152 70224752 51186292 45424892 51230712 2405881 97047672 9517439
2405881 4439521 1
2405881 4955504 1
2405881 11969728 1
2405881 33411232 2
2405881 51230712 1
2405881 55888782 1
2405881 66823152 3
2405881 67748702 1
2405881 79260142 3
2405881 81925552 2
2405881 84602772 1
2405881 84669572 2
2405881 86000202 1
2405881 87809552 1
4439521 4955504 1
4439521 11969728 1
4439521 33411232 3
4439521 51230712 1
4439521 55888782 1
4439521 66823152 2
4439521 67748702 1
4439521 79260142 3
4439521 81925552 2
4439521 84602772 1
4439521 84669572 3
4439521 86000202 1
4439521 87809552 1
4955504 11969728 1
4955504 33411232 1
4955504 51230712 1
4955504 55888782 1
4955504 66823152 1
4955504 67748702 1
4955504 79260142 1
4955504 81925552 1
4955504 84602772 1
4955504 84669572 1
4955504 86000202 1
4955504 87809552 1
11969728 33411232 2
11969728 51230712 1
11969728 55888782 1
11969728 66823152 2
11969728 67748702 1
11969728 79260142 2
11969728 81925552 1
11969728 84602772 1
11969728 84669572 2
11969728 86000202 2
11969728 87809552 1
33411232 51230712 1
33411232 55888782 1
33411232 66823152 4
33411232 67748702 1
33411232 79260142 7
33411232 81925552 5
33411232 84602772 1
33411232 84669572 5
33411232 86000202 2
33411232 87809552 1
51230712 55888782 1
51230712 66823152 1
51230712 67748702 1
51230712 79260142 1
51230712 81925552 1
51230712 84602772 1
51230712 84669572 1
51230712 86000202 1
51230712 87809552 1
55888782 66823152 1
55888782 67748702 1
55888782 79260142 1
55888782 81925552 1
55888782 84602772 1
55888782 84669572 1
55888782 86000202 1
55888782 87809552 1
66823152 67748702 1
66823152 79260142 6
66823152 81925552 3
66823152 84602772 1
66823152 84669572 5
66823152 86000202 2
66823152 87809552 1
67748702 79260142 1
67748702 81925552 1
67748702 84602772 1
67748702 84669572 1
67748702 86000202 1
67748702 87809552 1
79260142 81925552 5
79260142 84602772 1
79260142 84669572 7
79260142 86000202 2
79260142 87809552 1
81925552 84602772 1
81925552 84669572 3
81925552 86000202 1
81925552 87809552 1
84602772 84669572 1
84602772 86000202 1
84602772 87809552 1
84669572 86000202 2
84669572 87809552 1
86000202 87809552 1
9517439 12124859 1
9517439 66823152 1
9517439 79260142 1
9517439 84669572 1
9517439 90222502 1
12124859 66823152 4
12124859 79260142 7
12124859 84669572 4
12124859 90222502 1
66823152 90222502 1
79260142 90222502 1
84669572 90222502 1
12124859 49851272 2
49851272 79260142 2
4439521 10461397 1
4439521 58407142 2
4439521 88741522 1
10461397 33411232 3
10461397 58407142 1
10461397 66823152 3
10461397 79260142 4
10461397 81925552 2
10461397 84669572 4
10461397 88741522 1
33411232 58407142 2
33411232 88741522 1
58407142 66823152 1
58407142 79260142 2
58407142 81925552 1
58407142 84669572 2
58407142 88741522 1
66823152 88741522 1
79260142 88741522 1
81925552 88741522 1
84669572 88741522 1
2505769 8198866 1
2505769 9780327 3
2505769 10461397 2
2505769 12124859 3
2505769 33411232 3
2505769 42179722 1
2505769 73169072 1
2505769 79260142 3
2505769 81925552 2
2505769 84669572 2
2505769 94204522 1
2505769 95045522 1
8198866 9780327 1
8198866 10461397 1
8198866 12124859 1
8198866 33411232 1
8198866 42179722 1
8198866 73169072 1
8198866 79260142 1
8198866 81925552 1
8198866 84669572 1
8198866 94204522 1
8198866 95045522 1
9780327 10461397 3
9780327 12124859 5
9780327 33411232 4
9780327 42179722 2
9780327 73169072 1
9780327 79260142 5
9780327 81925552 3
9780327 84669572 3
9780327 94204522 1
9780327 95045522 2
10461397 12124859 3
10461397 42179722 2
10461397 73169072 1
10461397 94204522 1
10461397 95045522 1
12124859 33411232 4
12124859 42179722 2
12124859 73169072 1
12124859 81925552 3
12124859 94204522 1
12124859 95045522 2
33411232 42179722 1
33411232 73169072 1
33411232 94204522 2
33411232 95045522 2
42179722 73169072 1
42179722 79260142 2
42179722 81925552 1
42179722 84669572 2
42179722 94204522 1
42179722 95045522 1
73169072 79260142 1
73169072 81925552 1
73169072 84669572 1
73169072 94204522 1
73169072 95045522 1
79260142 94204522 2
79260142 95045522 2
81925552 94204522 1
81925552 95045522 2
84669572 94204522 2
84669572 95045522 1
94204522 95045522 1
9780327 46262382 4
9780327 46501422 1
9780327 62363982 2
9780327 95039032 2
12124859 46262382 4
12124859 46501422 1
12124859 62363982 2
12124859 95039032 2
33411232 46262382 3
33411232 46501422 1
33411232 62363982 2
33411232 95039032 2
46262382 46501422 1
46262382 62363982 2
46262382 79260142 4
46262382 81925552 2
46262382 95039032 2
46262382 95045522 1
46501422 62363982 1
46501422 79260142 1
46501422 81925552 1
46501422 95039032 1
46501422 95045522 1
62363982 79260142 2
62363982 81925552 1
62363982 95039032 1
62363982 95045522 1
79260142 95039032 2
81925552 95039032 2
95039032 95045522 1
2405881 2505769 1
2405881 7922665 1
2405881 9780327 2
2405881 10548881 1
2405881 12124859 2
2405881 12630328 1
2405881 44363682 1
2405881 46262382 2
2405881 51186292 2
2405881 95039032 1
2505769 7922665 1
2505769 10548881 1
2505769 12630328 1
2505769 44363682 1
2505769 46262382 2
2505769 51186292 1
2505769 66823152 2
2505769 95039032 1
7922665 9780327 1
7922665 10548881 1
7922665 12124859 1
7922665 12630328 1
7922665 33411232 1
7922665 44363682 1
7922665 46262382 1
7922665 51186292 1
7922665 66823152 1
7922665 79260142 1
7922665 81925552 1
7922665 95039032 1
9780327 10548881 1
9780327 12630328 1
9780327 44363682 1
9780327 51186292 2
9780327 66823152 3
10548881 12124859 1
10548881 12630328 1
10548881 33411232 1
10548881 44363682 1
10548881 46262382 1
10548881 51186292 1
10548881 66823152 1
10548881 79260142 1
10548881 81925552 1
10548881 95039032 1
12124859 12630328 1
12124859 44363682 1
12124859 51186292 2
12630328 33411232 1
12630328 44363682 1
12630328 46262382 1
12630328 51186292 1
12630328 66823152 1
12630328 79260142 1
12630328 81925552 1
12630328 95039032 1
33411232 44363682 1
33411232 51186292 1
44363682 46262382 1
44363682 51186292 1
44363682 66823152 1
44363682 79260142 1
44363682 81925552 1
44363682 95039032 1
46262382 51186292 2
46262382 66823152 3
51186292 66823152 2
51186292 79260142 2
51186292 81925552 1
51186292 95039032 1
66823152 95039032 1
2505769 9576348 1
2505769 11813284 1
2505769 11969728 1
2505769 28369482 1
2505769 54619952 1
2505769 62363982 1
2505769 68032292 1
2505769 78471172 1
2505769 86000202 1
2505769 96592922 1
2505769 97047672 1
2505769 97896602 1
9576348 9780327 1
9576348 10461397 1
9576348 11813284 1
9576348 11969728 1
9576348 12124859 1
9576348 28369482 1
9576348 33411232 1
9576348 46262382 1
9576348 54619952 1
9576348 62363982 1
9576348 66823152 1
9576348 68032292 1
9576348 78471172 1
9576348 79260142 1
9576348 84669572 1
9576348 86000202 1
9576348 96592922 1
9576348 97047672 1
9576348 97896602 1
9780327 11813284 1
9780327 11969728 1
9780327 28369482 2
9780327 54619952 1
9780327 68032292 2
9780327 78471172 1
9780327 86000202 1
9780327 96592922 1
9780327 97047672 1
9780327 97896602 2
10461397 11813284 1
10461397 11969728 1
10461397 28369482 2
10461397 46262382 2
10461397 54619952 1
10461397 62363982 1
10461397 68032292 2
10461397 78471172 1
10461397 86000202 1
10461397 96592922 1
10461397 97047672 1
10461397 97896602 2
11813284 11969728 1
11813284 12124859 1
11813284 28369482 1
11813284 33411232 2
11813284 46262382 1
11813284 54619952 1
11813284 62363982 1
11813284 66823152 1
11813284 68032292 1
11813284 78471172 1
11813284 79260142 2
11813284 84669572 2
11813284 86000202 1
11813284 96592922 1
11813284 97047672 1
11813284 97896602 1
11969728 12124859 1
11969728 28369482 1
11969728 46262382 1
11969728 54619952 1
11969728 62363982 1
11969728 68032292 1
11969728 78471172 1
11969728 96592922 1
11969728 97047672 1
11969728 97896602 1
12124859 28369482 2
12124859 54619952 1
12124859 68032292 2
12124859 78471172 1
12124859 86000202 1
12124859 96592922 1
12124859 97047672 1
12124859 97896602 2
28369482 33411232 1
28369482 46262382 2
28369482 54619952 1
28369482 62363982 1
28369482 66823152 2
28369482 68032292 2
28369482 78471172 1
28369482 79260142 2
28369482 84669572 2
28369482 86000202 1
28369482 96592922 1
28369482 97047672 1
28369482 97896602 2
33411232 54619952 1
33411232 68032292 1
33411232 78471172 1
33411232 96592922 1
33411232 97047672 1
33411232 97896602 1
46262382 54619952 1
46262382 68032292 2
46262382 78471172 1
46262382 84669572 2
46262382 86000202 1
46262382 96592922 1
46262382 97047672 1
46262382 97896602 2
54619952 62363982 1
54619952 66823152 1
54619952 68032292 1
54619952 78471172 1
54619952 79260142 1
54619952 84669572 1
54619952 86000202 1
54619952 96592922 1
54619952 97047672 1
54619952 97896602 1
62363982 66823152 1
62363982 68032292 1
62363982 78471172 1
62363982 84669572 1
62363982 86000202 1
62363982 96592922 1
62363982 97047672 1
62363982 97896602 1
66823152 68032292 2
66823152 78471172 1
66823152 96592922 1
66823152 97047672 1
66823152 97896602 2
68032292 78471172 1
68032292 79260142 2
68032292 84669572 2
68032292 86000202 1
68032292 96592922 1
68032292 97047672 1
68032292 97896602 2
78471172 79260142 1
78471172 84669572 1
78471172 86000202 1
78471172 96592922 1
78471172 97047672 1
78471172 97896602 1
79260142 96592922 1
79260142 97047672 1
79260142 97896602 2
84669572 96592922 1
84669572 97047672 1
84669572 97896602 2
86000202 96592922 1
86000202 97047672 1
86000202 97896602 1
96592922 97047672 1
96592922 97896602 1
97047672 97896602 1
2405881 10461397 1
2405881 28369482 1
2405881 42179722 1
2405881 49851272 1
2405881 51113952 1
2405881 68032292 1
2405881 70224752 1
2405881 97896602 1
2405881 98608152 1
9780327 49851272 1
9780327 51113952 1
9780327 70224752 1
9780327 98608152 1
10461397 49851272 1
10461397 51113952 1
10461397 51186292 1
10461397 70224752 1
10461397 98608152 1
12124859 51113952 1
12124859 70224752 1
12124859 98608152 1
28369482 42179722 1
28369482 49851272 1
28369482 51113952 1
28369482 51186292 1
28369482 70224752 1
28369482 98608152 1
42179722 46262382 1
42179722 49851272 1
42179722 51113952 1
42179722 51186292 1
42179722 66823152 1
42179722 68032292 1
42179722 70224752 1
42179722 97896602 1
42179722 98608152 1
46262382 49851272 1
46262382 51113952 1
46262382 70224752 1
46262382 98608152 1
49851272 51113952 1
49851272 51186292 1
49851272 66823152 1
49851272 68032292 1
49851272 70224752 1
49851272 84669572 1
49851272 97896602 1
49851272 98608152 1
51113952 51186292 1
51113952 66823152 1
51113952 68032292 1
51113952 70224752 1
51113952 79260142 1
51113952 84669572 1
51113952 97896602 1
51113952 98608152 1
51186292 68032292 1
51186292 70224752 1
51186292 84669572 1
51186292 97896602 1
51186292 98608152 1
66823152 70224752 1
66823152 98608152 1
68032292 70224752 1
68032292 98608152 1
70224752 79260142 1
70224752 84669572 1
70224752 97896602 1
70224752 98608152 1
79260142 98608152 1
84669572 98608152 1
97896602 98608152 1
4439521 11813284 1
4439521 13605195 1
4439521 39522062 1
4439521 45424892 1
4439521 94204522 1
11813284 13605195 1
11813284 39522062 1
11813284 45424892 1
11813284 58407142 1
11813284 94204522 1
13605195 33411232 1
13605195 39522062 1
13605195 45424892 1
13605195 58407142 1
13605195 79260142 1
13605195 84669572 1
13605195 94204522 1
33411232 39522062 1
33411232 45424892 1
39522062 45424892 1
39522062 58407142 1
39522062 79260142 1
39522062 84669572 1
39522062 94204522 1
45424892 58407142 1
45424892 79260142 1
45424892 84669572 1
45424892 94204522 1
58407142 94204522 1
