147932802 138392202 138840972 39522062 181486222 10936601 115142042 99058202 41263002 118788382 33411232 177259042 108355112 86087722 46501422 144751352 9599928 148660282 12124859 11878460 157356992 163480262 13105992 28369482 48863052 179497042 9561685 124211802 9104474 162893402 4439521 148322402 153557352 94204522 73378542 66823152 136120952 180237432
9104474 10936601 1
9104474 13105992 1
9104474 124211802 1
9104474 136120952 1
9104474 138392202 1
9104474 148660282 1
10936601 13105992 1
10936601 124211802 1
10936601 136120952 2
10936601 138392202 1
10936601 148660282 1
13105992 124211802 1
13105992 136120952 1
13105992 138392202 1
13105992 148660282 1
124211802 136120952 1
124211802 138392202 3
124211802 148660282 1
136120952 138392202 1
136120952 148660282 1
138392202 148660282 1
10936601 73378542 1
9561685 10936601 1
9561685 12124859 1
9561685 46501422 1
9561685 66823152 1
9561685 115142042 1
9561685 163480262 1
10936601 12124859 1
10936601 46501422 1
10936601 66823152 1
10936601 115142042 1
10936601 163480262 1
12124859 46501422 1
12124859 66823152 1
12124859 115142042 1
12124859 163480262 1
46501422 66823152 1
46501422 115142042 1
46501422 163480262 1
66823152 115142042 1
66823152 163480262 1
115142042 163480262 1
4439521 9599928 1
4439521 10936601 1
4439521 33411232 1
4439521 86087722 1
4439521 94204522 1
4439521 99058202 1
4439521 108355112 1
4439521 136120952 1
4439521 144751352 1
4439521 157356992 1
4439521 162893402 1
4439521 179497042 1
9599928 10936601 1
9599928 33411232 1
9599928 86087722 1
9599928 94204522 1
9599928 99058202 1
9599928 108355112 1
9599928 136120952 1
9599928 144751352 1
9599928 157356992 1
9599928 162893402 1
9599928 179497042 1
10936601 33411232 1
10936601 86087722 1
10936601 94204522 1
10936601 99058202 1
10936601 108355112 1
10936601 144751352 1
10936601 157356992 1
10936601 162893402 1
10936601 179497042 1
33411232 86087722 1
33411232 94204522 1
33411232 99058202 1
33411232 108355112 1
33411232 136120952 1
33411232 144751352 1
33411232 157356992 1
33411232 162893402 1
33411232 179497042 1
86087722 94204522 1
86087722 99058202 1
86087722 108355112 1
86087722 136120952 1
86087722 144751352 1
86087722 157356992 1
86087722 162893402 1
86087722 179497042 1
94204522 99058202 1
94204522 108355112 1
94204522 136120952 1
94204522 144751352 1
94204522 157356992 1
94204522 162893402 1
94204522 179497042 1
99058202 108355112 1
99058202 136120952 1
99058202 144751352 1
99058202 157356992 1
99058202 162893402 1
99058202 179497042 1
108355112 136120952 1
108355112 144751352 1
108355112 157356992 1
108355112 162893402 1
108355112 179497042 1
136120952 144751352 1
136120952 157356992 1
136120952 162893402 1
136120952 179497042 1
144751352 157356992 1
144751352 162893402 1
144751352 179497042 1
157356992 162893402 1
157356992 179497042 1
162893402 179497042 1
11878460 108355112 1
11878460 118788382 1
11878460 124211802 1
11878460 138392202 1
11878460 147932802 1
108355112 118788382 2
108355112 124211802 2
108355112 138392202 1
108355112 147932802 1
118788382 124211802 2
118788382 138392202 1
118788382 147932802 1
124211802 147932802 1
138392202 147932802 1
39522062 41263002 1
39522062 48863052 1
39522062 124211802 1
39522062 138392202 1
39522062 148322402 1
39522062 153557352 1
39522062 181486222 1
41263002 48863052 1
41263002 124211802 1
41263002 138392202 1
41263002 148322402 1
41263002 153557352 1
41263002 181486222 1
48863052 124211802 1
48863052 138392202 1
48863052 148322402 1
48863052 153557352 1
48863052 181486222 1
124211802 148322402 1
124211802 153557352 1
124211802 181486222 1
138392202 148322402 1
138392202 153557352 1
138392202 181486222 1
148322402 153557352 1
148322402 181486222 1
153557352 181486222 1
28369482 124211802 1
28369482 180237432 1
124211802 180237432 3
108355112 138840972 1
108355112 177259042 1
108355112 180237432 1
118788382 138840972 1
118788382 177259042 1
118788382 180237432 1
124211802 138840972 1
124211802 177259042 1
138840972 177259042 1
138840972 180237432 1
177259042 180237432 1
