59716352 2270466 3247623 12578059 3104141 5279504 43185812 9233172 8802843 38372252 32424222 19177631 13257248 9960609 47625892 6999461 9541797 33115302 10956073 11601068 51524012 13194286 14519599 2194226 7718068 60619572 13233206 7337658 48642362 49562172 11927869 3423166 8144575 11164349 51381692 11688131 9724484 19772101 31930822 10964039 44859462 11302602 9513424 28566352 26568402 29105872 8519378 44527702 7099997 13319645 809188 9753061 11092710 63421802 33207532 1514354 6717687
1514354 3104141 1
1514354 3423166 1
1514354 5279504 1
1514354 7337658 1
1514354 8802843 1
1514354 9513424 1
1514354 9724484 1
1514354 9753061 1
1514354 11688131 1
1514354 11927869 1
1514354 13233206 1
1514354 13257248 1
1514354 19772101 1
1514354 26568402 1
1514354 28566352 1
1514354 29105872 1
3104141 3423166 1
3104141 5279504 1
3104141 7337658 1
3104141 8802843 1
3104141 9513424 1
3104141 9724484 2
3104141 9753061 1
3104141 11688131 1
3104141 11927869 2
3104141 13233206 1
3104141 13257248 2
3104141 19772101 1
3104141 26568402 1
3104141 28566352 2
3104141 29105872 1
3423166 5279504 1
3423166 7337658 1
3423166 8802843 1
3423166 9513424 1
3423166 9724484 1
3423166 9753061 1
3423166 11688131 1
3423166 11927869 1
3423166 13233206 1
3423166 13257248 1
3423166 19772101 1
3423166 26568402 1
3423166 28566352 1
3423166 29105872 1
5279504 7337658 1
5279504 8802843 1
5279504 9513424 1
5279504 9724484 1
5279504 9753061 1
5279504 11688131 1
5279504 11927869 1
5279504 13233206 1
5279504 13257248 1
5279504 19772101 1
5279504 26568402 1
5279504 28566352 1
5279504 29105872 1
7337658 8802843 1
7337658 9513424 1
7337658 9724484 1
7337658 9753061 1
7337658 11688131 1
7337658 11927869 1
7337658 13233206 1
7337658 13257248 1
7337658 19772101 1
7337658 26568402 1
7337658 28566352 1
7337658 29105872 1
8802843 9513424 1
8802843 9724484 1
8802843 9753061 1
8802843 11688131 1
8802843 11927869 1
8802843 13233206 1
8802843 13257248 1
8802843 19772101 1
8802843 26568402 1
8802843 28566352 1
8802843 29105872 1
9513424 9724484 1
9513424 9753061 1
9513424 11688131 1
9513424 11927869 1
9513424 13233206 1
9513424 13257248 1
9513424 19772101 1
9513424 26568402 1
9513424 28566352 1
9513424 29105872 1
9724484 9753061 1
9724484 11688131 1
9724484 11927869 2
9724484 13233206 1
9724484 13257248 2
9724484 19772101 1
9724484 26568402 1
9724484 28566352 2
9724484 29105872 1
9753061 11688131 1
9753061 11927869 1
9753061 13233206 1
9753061 13257248 1
9753061 19772101 1
9753061 26568402 1
9753061 28566352 1
9753061 29105872 1
11688131 11927869 1
11688131 13233206 1
11688131 13257248 1
11688131 19772101 1
11688131 26568402 1
11688131 28566352 1
11688131 29105872 1
11927869 13233206 1
11927869 13257248 2
11927869 19772101 1
11927869 26568402 1
11927869 28566352 2
11927869 29105872 1
13233206 13257248 1
13233206 19772101 1
13233206 26568402 1
13233206 28566352 1
13233206 29105872 1
13257248 19772101 1
13257248 26568402 1
13257248 28566352 3
13257248 29105872 1
19772101 26568402 1
19772101 28566352 1
19772101 29105872 1
26568402 28566352 1
26568402 29105872 1
28566352 29105872 1
3104141 31930822 1
3104141 32424222 2
9724484 31930822 1
9724484 32424222 1
11927869 31930822 1
11927869 32424222 1
13257248 31930822 1
13257248 32424222 1
28566352 31930822 1
28566352 32424222 1
31930822 32424222 1
8519378 11601068 1
8519378 13194286 1
8519378 13257248 1
8519378 28566352 1
8519378 38372252 1
11601068 13194286 1
11601068 13257248 1
11601068 28566352 1
11601068 38372252 1
13194286 13257248 1
13194286 28566352 1
13194286 38372252 3
13257248 38372252 1
28566352 38372252 1
3247623 6999461 1
3247623 9960609 1
3247623 11302602 1
3247623 13194286 1
3247623 13233206 1
3247623 19177631 1
3247623 32424222 1
3247623 38372252 1
3247623 43185812 1
6999461 9960609 2
6999461 11302602 1
6999461 13194286 2
6999461 13233206 1
6999461 19177631 1
6999461 32424222 1
6999461 38372252 2
6999461 43185812 1
9960609 11302602 1
9960609 13194286 2
9960609 13233206 1
9960609 19177631 1
9960609 32424222 1
9960609 38372252 2
9960609 43185812 1
11302602 13194286 1
11302602 13233206 1
11302602 19177631 1
11302602 32424222 1
11302602 38372252 1
11302602 43185812 1
13194286 13233206 1
13194286 19177631 1
13194286 32424222 1
13194286 43185812 1
13233206 19177631 1
13233206 32424222 1
13233206 38372252 1
13233206 43185812 1
19177631 32424222 1
19177631 38372252 1
19177631 43185812 1
32424222 38372252 1
32424222 43185812 1
38372252 43185812 1
2194226 6717687 1
2194226 6999461 1
2194226 8144575 1
2194226 9233172 1
2194226 9960609 1
2194226 10964039 1
2194226 11092710 1
2194226 11164349 1
2194226 13194286 1
2194226 38372252 1
2194226 44859462 1
6717687 6999461 1
6717687 8144575 1
6717687 9233172 1
6717687 9960609 1
6717687 10964039 1
6717687 11092710 1
6717687 11164349 1
6717687 13194286 1
6717687 38372252 1
6717687 44859462 1
6999461 8144575 1
6999461 9233172 1
6999461 10964039 1
6999461 11092710 1
6999461 11164349 1
6999461 44859462 1
8144575 9233172 1
8144575 9960609 1
8144575 10964039 1
8144575 11092710 1
8144575 11164349 1
8144575 13194286 1
8144575 38372252 1
8144575 44859462 1
9233172 9960609 1
9233172 10964039 1
9233172 11092710 1
9233172 11164349 1
9233172 13194286 1
9233172 38372252 1
9233172 44859462 1
9960609 10964039 1
9960609 11092710 1
9960609 11164349 1
9960609 44859462 1
10964039 11092710 1
10964039 11164349 1
10964039 13194286 1
10964039 38372252 1
10964039 44859462 1
11092710 11164349 1
11092710 13194286 1
11092710 38372252 1
11092710 44859462 1
11164349 13194286 1
11164349 38372252 1
11164349 44859462 1
13194286 44859462 1
38372252 44859462 1
3104141 49562172 1
809188 2270466 1
809188 7099997 1
809188 7718068 1
809188 8144575 2
809188 9541797 1
809188 10956073 1
809188 11688131 1
809188 12578059 1
809188 14519599 1
809188 33207532 1
809188 44527702 1
809188 48642362 1
809188 51381692 1
809188 51524012 1
809188 60619572 1
809188 63421802 1
2270466 7099997 1
2270466 7718068 1
2270466 8144575 1
2270466 9541797 1
2270466 10956073 1
2270466 11688131 1
2270466 12578059 1
2270466 14519599 1
2270466 33207532 1
2270466 44527702 1
2270466 48642362 1
2270466 51381692 1
2270466 51524012 1
2270466 60619572 1
2270466 63421802 1
7099997 7718068 1
7099997 8144575 1
7099997 9541797 1
7099997 10956073 1
7099997 11688131 1
7099997 12578059 1
7099997 14519599 1
7099997 33207532 1
7099997 44527702 1
7099997 48642362 1
7099997 51381692 1
7099997 51524012 1
7099997 60619572 1
7099997 63421802 1
7718068 8144575 1
7718068 9541797 1
7718068 10956073 1
7718068 11688131 1
7718068 12578059 1
7718068 14519599 1
7718068 33207532 1
7718068 44527702 1
7718068 48642362 1
7718068 51381692 1
7718068 51524012 1
7718068 60619572 1
7718068 63421802 1
8144575 9541797 1
8144575 10956073 1
8144575 11688131 1
8144575 12578059 1
8144575 14519599 1
8144575 33207532 1
8144575 44527702 1
8144575 48642362 1
8144575 51381692 1
8144575 51524012 1
8144575 60619572 1
8144575 63421802 1
9541797 10956073 1
9541797 11688131 1
9541797 12578059 1
9541797 14519599 1
9541797 33207532 1
9541797 44527702 1
9541797 48642362 1
9541797 51381692 1
9541797 51524012 1
9541797 60619572 1
9541797 63421802 1
10956073 11688131 1
10956073 12578059 1
10956073 14519599 1
10956073 33207532 1
10956073 44527702 1
10956073 48642362 1
10956073 51381692 1
10956073 51524012 1
10956073 60619572 1
10956073 63421802 1
11688131 12578059 1
11688131 14519599 1
11688131 33207532 1
11688131 44527702 1
11688131 48642362 1
11688131 51381692 1
11688131 51524012 1
11688131 60619572 1
11688131 63421802 1
12578059 14519599 1
12578059 33207532 1
12578059 44527702 1
12578059 48642362 1
12578059 51381692 1
12578059 51524012 1
12578059 60619572 1
12578059 63421802 1
14519599 33207532 1
14519599 44527702 1
14519599 48642362 1
14519599 51381692 1
14519599 51524012 1
14519599 60619572 1
14519599 63421802 1
33207532 44527702 1
33207532 48642362 1
33207532 51381692 1
33207532 51524012 1
33207532 60619572 1
33207532 63421802 1
44527702 48642362 1
44527702 51381692 1
44527702 51524012 1
44527702 60619572 1
44527702 63421802 1
48642362 51381692 2
48642362 51524012 1
48642362 60619572 1
48642362 63421802 1
51381692 51524012 1
51381692 60619572 1
51381692 63421802 1
51524012 60619572 1
51524012 63421802 1
60619572 63421802 1
3104141 33115302 1
3104141 47625892 1
3104141 48642362 1
3104141 51381692 1
32424222 33115302 1
32424222 47625892 1
32424222 48642362 1
32424222 51381692 1
33115302 47625892 1
33115302 48642362 1
33115302 51381692 1
47625892 48642362 1
47625892 51381692 1
809188 3104141 1
809188 13319645 1
809188 59716352 1
3104141 8144575 1
3104141 13319645 1
3104141 59716352 1
8144575 13319645 1
8144575 59716352 1
13319645 59716352 1
