2466051 74242822 3504391 9035786 58941072 82847772 6896032 4034597 35853862 76986792 41003052 60072882 95425332 11841717 10954430 67664192 12240069 66251462 45001672 4388424 80023752 8592463 70024532 8449877 63042652 94709212 11962206 7486175 63374432 1502177 3805532 12560995 38180452 20384741 5267689 259306 8308716 10933103 11429487 2934257 9863419 50538742 7488374 62814842 12431483
1502177 4034597 9
1502177 5267689 8
1502177 6896032 8
1502177 7486175 8
1502177 8592463 6
1502177 10933103 1
1502177 11429487 4
1502177 45001672 5
1502177 50538742 7
1502177 58941072 8
1502177 62814842 8
1502177 66251462 2
1502177 67664192 1
4034597 5267689 8
4034597 6896032 8
4034597 7486175 8
4034597 8592463 6
4034597 10933103 1
4034597 11429487 4
4034597 45001672 5
4034597 50538742 7
4034597 58941072 8
4034597 62814842 8
4034597 66251462 2
4034597 67664192 1
5267689 6896032 8
5267689 7486175 8
5267689 8592463 7
5267689 10933103 1
5267689 11429487 4
5267689 45001672 5
5267689 50538742 7
5267689 58941072 8
5267689 62814842 7
5267689 66251462 2
5267689 67664192 1
6896032 7486175 8
6896032 8592463 7
6896032 10933103 1
6896032 11429487 3
6896032 45001672 4
6896032 50538742 7
6896032 58941072 8
6896032 62814842 7
6896032 66251462 2
6896032 67664192 1
7486175 8592463 6
7486175 10933103 1
7486175 11429487 3
7486175 45001672 5
7486175 50538742 8
7486175 58941072 8
7486175 62814842 7
7486175 66251462 2
7486175 67664192 1
8592463 10933103 1
8592463 11429487 2
8592463 45001672 4
8592463 50538742 5
8592463 58941072 6
8592463 62814842 5
8592463 66251462 2
8592463 67664192 1
10933103 11429487 1
10933103 45001672 1
10933103 50538742 1
10933103 58941072 1
10933103 62814842 1
10933103 66251462 1
10933103 67664192 1
11429487 45001672 2
11429487 50538742 3
11429487 58941072 4
11429487 62814842 4
11429487 66251462 1
11429487 67664192 1
45001672 50538742 5
45001672 58941072 4
45001672 62814842 4
45001672 66251462 2
45001672 67664192 1
50538742 58941072 7
50538742 62814842 6
50538742 66251462 2
50538742 67664192 1
58941072 62814842 8
58941072 66251462 2
58941072 67664192 1
62814842 66251462 2
62814842 67664192 1
66251462 67664192 1
1502177 12560995 2
1502177 38180452 1
4034597 12560995 2
4034597 38180452 1
5267689 12560995 3
5267689 38180452 1
7486175 12560995 3
7486175 38180452 1
11429487 12560995 1
11429487 38180452 1
12560995 38180452 1
12560995 45001672 2
12560995 50538742 3
12560995 58941072 3
12560995 62814842 2
38180452 45001672 1
38180452 50538742 1
38180452 58941072 1
38180452 62814842 1
259306 3504391 1
259306 4388424 1
259306 5267689 3
259306 6896032 3
259306 7486175 3
259306 8449877 1
259306 8592463 3
259306 11841717 1
259306 12431483 1
259306 12560995 2
259306 50538742 3
259306 58941072 3
259306 60072882 1
259306 63042652 2
3504391 4388424 1
3504391 5267689 1
3504391 6896032 1
3504391 7486175 1
3504391 8449877 1
3504391 8592463 1
3504391 11841717 1
3504391 12431483 1
3504391 12560995 1
3504391 50538742 1
3504391 58941072 1
3504391 60072882 1
3504391 63042652 1
4388424 5267689 3
4388424 6896032 3
4388424 7486175 3
4388424 8449877 3
4388424 8592463 3
4388424 11841717 1
4388424 12431483 1
4388424 12560995 1
4388424 50538742 2
4388424 58941072 2
4388424 60072882 1
4388424 63042652 1
5267689 8449877 3
5267689 11841717 1
5267689 12431483 2
5267689 60072882 1
5267689 63042652 2
6896032 8449877 3
6896032 11841717 1
6896032 12431483 2
6896032 12560995 2
6896032 60072882 1
6896032 63042652 2
7486175 8449877 3
7486175 11841717 1
7486175 12431483 2
7486175 60072882 1
7486175 63042652 2
8449877 8592463 3
8449877 11841717 1
8449877 12431483 1
8449877 12560995 1
8449877 50538742 2
8449877 58941072 2
8449877 60072882 1
8449877 63042652 1
8592463 11841717 1
8592463 12431483 1
8592463 12560995 2
8592463 60072882 1
8592463 63042652 2
11841717 12431483 1
11841717 12560995 1
11841717 50538742 1
11841717 58941072 1
11841717 60072882 1
11841717 63042652 1
12431483 12560995 1
12431483 50538742 2
12431483 58941072 2
12431483 60072882 1
12431483 63042652 1
12560995 60072882 1
12560995 63042652 1
50538742 60072882 1
50538742 63042652 2
58941072 60072882 1
58941072 63042652 2
60072882 63042652 1
259306 1502177 2
259306 2934257 2
259306 4034597 2
259306 35853862 2
259306 45001672 2
259306 62814842 2
259306 66251462 1
259306 74242822 1
1502177 2934257 2
1502177 35853862 5
1502177 63042652 1
1502177 74242822 1
2934257 4034597 2
2934257 5267689 2
2934257 6896032 2
2934257 7486175 2
2934257 8592463 2
2934257 35853862 2
2934257 45001672 2
2934257 50538742 2
2934257 58941072 2
2934257 62814842 2
2934257 63042652 1
2934257 66251462 1
2934257 74242822 1
4034597 35853862 5
4034597 63042652 1
4034597 74242822 1
5267689 35853862 4
5267689 74242822 1
6896032 35853862 5
6896032 74242822 1
7486175 35853862 4
7486175 74242822 1
8592463 35853862 3
8592463 74242822 1
35853862 45001672 2
35853862 50538742 4
35853862 58941072 5
35853862 62814842 5
35853862 63042652 1
35853862 66251462 1
35853862 74242822 1
45001672 63042652 1
45001672 74242822 1
50538742 74242822 1
58941072 74242822 1
62814842 63042652 1
62814842 74242822 1
63042652 66251462 1
63042652 74242822 1
66251462 74242822 1
259306 2466051 1
259306 11962206 1
259306 63374432 1
1502177 2466051 1
1502177 11962206 1
1502177 63374432 3
2466051 2934257 1
2466051 4034597 1
2466051 5267689 1
2466051 6896032 1
2466051 7486175 1
2466051 8592463 1
2466051 11962206 1
2466051 12560995 1
2466051 35853862 1
2466051 45001672 1
2466051 50538742 1
2466051 58941072 1
2466051 62814842 1
2466051 63374432 1
2934257 11962206 1
2934257 12560995 1
2934257 63374432 1
4034597 11962206 1
4034597 63374432 3
5267689 11962206 1
5267689 63374432 2
6896032 11962206 1
6896032 63374432 3
7486175 11962206 1
7486175 63374432 3
8592463 11962206 1
8592463 63374432 2
11962206 12560995 1
11962206 35853862 1
11962206 45001672 1
11962206 50538742 1
11962206 58941072 1
11962206 62814842 1
11962206 63374432 1
12560995 35853862 1
12560995 63374432 1
35853862 63374432 2
45001672 63374432 1
50538742 63374432 2
58941072 63374432 3
62814842 63374432 3
1502177 4388424 2
1502177 8449877 2
1502177 41003052 1
1502177 82847772 1
4034597 4388424 2
4034597 8449877 2
4034597 41003052 1
4034597 82847772 1
4388424 41003052 1
4388424 45001672 1
4388424 82847772 1
5267689 41003052 1
5267689 82847772 1
6896032 41003052 1
6896032 82847772 1
7486175 41003052 1
7486175 82847772 1
8449877 41003052 1
8449877 45001672 1
8449877 82847772 1
8592463 41003052 1
8592463 82847772 1
41003052 45001672 1
41003052 50538742 1
41003052 82847772 1
45001672 82847772 1
50538742 82847772 1
4388424 62814842 1
4388424 63374432 1
8449877 62814842 1
8449877 63374432 1
1502177 8308716 1
1502177 9035786 1
1502177 94709212 3
4034597 8308716 1
4034597 9035786 1
4034597 94709212 3
5267689 8308716 1
5267689 9035786 1
5267689 94709212 2
6896032 8308716 1
6896032 9035786 1
6896032 94709212 3
8308716 8592463 1
8308716 9035786 1
8308716 11429487 1
8308716 35853862 1
8308716 58941072 1
8308716 62814842 1
8308716 94709212 1
8592463 9035786 1
8592463 94709212 1
9035786 11429487 1
9035786 35853862 1
9035786 58941072 1
9035786 62814842 1
9035786 94709212 1
11429487 35853862 2
11429487 94709212 2
35853862 94709212 3
58941072 94709212 3
62814842 94709212 3
1502177 9863419 1
1502177 10954430 2
1502177 95425332 2
4034597 9863419 1
4034597 10954430 2
4034597 95425332 2
6896032 9863419 1
6896032 10954430 2
6896032 95425332 2
7486175 9863419 1
7486175 10954430 2
7486175 94709212 2
7486175 95425332 2
9863419 10954430 1
9863419 35853862 1
9863419 50538742 1
9863419 58941072 1
9863419 62814842 1
9863419 63374432 1
9863419 94709212 1
9863419 95425332 1
10954430 35853862 2
10954430 50538742 2
10954430 58941072 2
10954430 62814842 2
10954430 63374432 1
10954430 94709212 2
10954430 95425332 2
35853862 95425332 2
50538742 94709212 2
50538742 95425332 2
58941072 95425332 2
62814842 95425332 2
63374432 94709212 1
63374432 95425332 1
94709212 95425332 2
1502177 3805532 1
1502177 7488374 1
1502177 12240069 1
1502177 12431483 1
1502177 20384741 1
1502177 70024532 1
1502177 76986792 1
1502177 80023752 1
3805532 4034597 1
3805532 5267689 1
3805532 6896032 1
3805532 7486175 1
3805532 7488374 1
3805532 10954430 1
3805532 11429487 1
3805532 12240069 1
3805532 12431483 1
3805532 20384741 1
3805532 35853862 1
3805532 50538742 1
3805532 58941072 1
3805532 62814842 1
3805532 70024532 1
3805532 76986792 1
3805532 80023752 1
3805532 94709212 1
3805532 95425332 1
4034597 7488374 1
4034597 12240069 1
4034597 12431483 1
4034597 20384741 1
4034597 70024532 1
4034597 76986792 1
4034597 80023752 1
5267689 7488374 1
5267689 10954430 1
5267689 12240069 1
5267689 20384741 1
5267689 70024532 1
5267689 76986792 1
5267689 80023752 1
5267689 95425332 1
6896032 7488374 1
6896032 12240069 1
6896032 20384741 1
6896032 70024532 1
6896032 76986792 1
6896032 80023752 1
7486175 7488374 1
7486175 12240069 1
7486175 20384741 1
7486175 70024532 1
7486175 76986792 1
7486175 80023752 1
7488374 10954430 1
7488374 11429487 1
7488374 12240069 1
7488374 12431483 1
7488374 20384741 1
7488374 35853862 1
7488374 50538742 1
7488374 58941072 1
7488374 62814842 1
7488374 70024532 1
7488374 76986792 1
7488374 80023752 1
7488374 94709212 1
7488374 95425332 1
10954430 11429487 1
10954430 12240069 1
10954430 12431483 1
10954430 20384741 1
10954430 70024532 1
10954430 76986792 1
10954430 80023752 1
11429487 12240069 1
11429487 12431483 1
11429487 20384741 1
11429487 70024532 1
11429487 76986792 1
11429487 80023752 1
11429487 95425332 1
12240069 12431483 1
12240069 20384741 1
12240069 35853862 1
12240069 50538742 1
12240069 58941072 1
12240069 62814842 1
12240069 70024532 1
12240069 76986792 1
12240069 80023752 1
12240069 94709212 1
12240069 95425332 1
12431483 20384741 1
12431483 35853862 1
12431483 62814842 1
12431483 70024532 1
12431483 76986792 1
12431483 80023752 1
12431483 94709212 1
12431483 95425332 1
20384741 35853862 1
20384741 50538742 1
20384741 58941072 1
20384741 62814842 1
20384741 70024532 1
20384741 76986792 1
20384741 80023752 1
20384741 94709212 1
20384741 95425332 1
35853862 70024532 1
35853862 76986792 1
35853862 80023752 1
50538742 70024532 1
50538742 76986792 1
50538742 80023752 1
58941072 70024532 1
58941072 76986792 1
58941072 80023752 1
62814842 70024532 1
62814842 76986792 1
62814842 80023752 1
70024532 76986792 1
70024532 80023752 1
70024532 94709212 1
70024532 95425332 1
76986792 80023752 1
76986792 94709212 1
76986792 95425332 1
80023752 94709212 1
80023752 95425332 1
