10053633 10153729 6622211 8951171 1076877 4076430 8733326 2325393 8498065 2783891 9731603 8359190 8701850 8214433 2929826 1912483 7129379 6153377 3348779 4405294 4491951 7462576 6651831 494903 10152377 4796607 3110342 921808 7361874 4946131 1910230 7683290 5399130 6878301 4670432 8572386 9687778 7796581 7751144 8773096 8927082 9026409 2865645 4076525 8647151 8290289 8028274 7502579 3054579 1205239 1811065 719099 714621
719099 1076877 2
719099 1811065 2
719099 1910230 4
719099 1912483 3
719099 2325393 1
719099 2865645 2
719099 2929826 3
719099 3110342 2
719099 3348779 2
719099 4076430 4
719099 4076525 1
719099 4405294 1
719099 4946131 2
719099 6622211 2
719099 6878301 1
719099 7129379 4
719099 7683290 1
719099 7751144 1
719099 8028274 1
719099 8290289 1
719099 8359190 2
719099 8498065 1
1076877 1811065 6
1076877 1910230 7
1076877 1912483 2
1076877 2325393 2
1076877 2865645 2
1076877 2929826 5
1076877 3110342 3
1076877 3348779 1
1076877 4076430 7
1076877 4076525 1
1076877 4405294 1
1076877 4946131 2
1076877 6622211 3
1076877 6878301 1
1076877 7129379 7
1076877 7683290 4
1076877 7751144 3
1076877 8028274 1
1076877 8290289 1
1076877 8359190 2
1076877 8498065 1
1811065 1910230 6
1811065 1912483 2
1811065 2325393 1
1811065 2865645 1
1811065 2929826 4
1811065 3110342 3
1811065 3348779 1
1811065 4076430 6
1811065 4076525 1
1811065 4405294 1
1811065 4946131 2
1811065 6622211 2
1811065 6878301 1
1811065 7129379 6
1811065 7683290 3
1811065 7751144 3
1811065 8028274 1
1811065 8290289 1
1811065 8359190 2
1811065 8498065 1
1910230 1912483 4
1910230 2325393 2
1910230 2865645 3
1910230 2929826 6
1910230 3110342 4
1910230 3348779 3
1910230 4076430 10
1910230 4076525 1
1910230 4405294 1
1910230 4946131 3
1910230 6622211 4
1910230 6878301 1
1910230 7129379 10
1910230 7683290 4
1910230 7751144 3
1910230 8028274 1
1910230 8290289 1
1910230 8359190 3
1910230 8498065 1
1912483 2325393 1
1912483 2865645 2
1912483 2929826 3
1912483 3110342 2
1912483 3348779 2
1912483 4076430 4
1912483 4076525 1
1912483 4405294 1
1912483 4946131 2
1912483 6622211 2
1912483 6878301 1
1912483 7129379 4
1912483 7683290 1
1912483 7751144 1
1912483 8028274 1
1912483 8290289 1
1912483 8359190 3
1912483 8498065 1
2325393 2865645 2
2325393 2929826 2
2325393 3110342 1
2325393 3348779 1
2325393 4076430 2
2325393 4076525 1
2325393 4405294 1
2325393 4946131 1
2325393 6622211 2
2325393 6878301 1
2325393 7129379 2
2325393 7683290 2
2325393 7751144 1
2325393 8028274 1
2325393 8290289 1
2325393 8359190 1
2325393 8498065 1
2865645 2929826 3
2865645 3110342 1
2865645 3348779 1
2865645 4076430 3
2865645 4076525 1
2865645 4405294 1
2865645 4946131 2
2865645 6622211 3
2865645 6878301 1
2865645 7129379 3
2865645 7683290 2
2865645 7751144 1
2865645 8028274 1
2865645 8290289 1
2865645 8359190 1
2865645 8498065 1
2929826 3110342 2
2929826 3348779 1
2929826 4076430 6
2929826 4076525 1
2929826 4405294 1
2929826 4946131 2
2929826 6622211 3
2929826 6878301 1
2929826 7129379 6
2929826 7683290 2
2929826 7751144 1
2929826 8028274 1
2929826 8290289 1
2929826 8359190 2
2929826 8498065 1
3110342 3348779 2
3110342 4076430 4
3110342 4076525 1
3110342 4405294 1
3110342 4946131 2
3110342 6622211 1
3110342 6878301 1
3110342 7129379 4
3110342 7683290 2
3110342 7751144 2
3110342 8028274 1
3110342 8290289 1
3110342 8359190 2
3110342 8498065 1
3348779 4076430 3
3348779 4076525 1
3348779 4405294 1
3348779 4946131 1
3348779 6622211 1
3348779 6878301 1
3348779 7129379 3
3348779 7683290 1
3348779 7751144 1
3348779 8028274 1
3348779 8290289 1
3348779 8359190 2
3348779 8498065 1
4076430 4076525 1
4076430 4405294 1
4076430 4946131 3
4076430 6622211 4
4076430 6878301 1
4076430 7129379 10
4076430 7683290 4
4076430 7751144 3
4076430 8028274 1
4076430 8290289 1
4076430 8359190 3
4076430 8498065 1
4076525 4405294 1
4076525 4946131 1
4076525 6622211 1
4076525 6878301 1
4076525 7129379 1
4076525 7683290 1
4076525 7751144 1
4076525 8028274 1
4076525 8290289 1
4076525 8359190 1
4076525 8498065 1
4405294 4946131 1
4405294 6622211 1
4405294 6878301 1
4405294 7129379 1
4405294 7683290 1
4405294 7751144 1
4405294 8028274 1
4405294 8290289 1
4405294 8359190 1
4405294 8498065 1
4946131 6622211 2
4946131 6878301 1
4946131 7129379 3
4946131 7683290 2
4946131 7751144 2
4946131 8028274 1
4946131 8290289 1
4946131 8359190 1
4946131 8498065 1
6622211 6878301 1
6622211 7129379 4
6622211 7683290 3
6622211 7751144 2
6622211 8028274 1
6622211 8290289 1
6622211 8359190 1
6622211 8498065 1
6878301 7129379 1
6878301 7683290 1
6878301 7751144 1
6878301 8028274 1
6878301 8290289 1
6878301 8359190 1
6878301 8498065 1
7129379 7683290 4
7129379 7751144 3
7129379 8028274 1
7129379 8290289 1
7129379 8359190 3
7129379 8498065 1
7683290 7751144 3
7683290 8028274 1
7683290 8290289 1
7683290 8359190 1
7683290 8498065 1
7751144 8028274 1
7751144 8290289 1
7751144 8359190 1
7751144 8498065 1
8028274 8290289 1
8028274 8359190 1
8028274 8498065 1
8290289 8359190 1
8290289 8498065 1
8359190 8498065 1
1076877 6651831 2
1076877 7361874 2
1076877 8572386 1
1076877 8647151 1
1811065 6651831 2
1811065 7361874 2
1811065 8572386 1
1811065 8647151 1
1910230 6651831 2
1910230 7361874 3
1910230 8572386 1
1910230 8647151 1
3110342 6651831 1
3110342 7361874 2
3110342 8572386 1
3110342 8647151 1
4076430 6651831 2
4076430 7361874 3
4076430 8572386 1
4076430 8647151 1
4946131 6651831 1
4946131 7361874 1
4946131 8572386 1
4946131 8647151 1
6651831 7129379 2
6651831 7361874 2
6651831 7683290 2
6651831 7751144 2
6651831 8572386 1
6651831 8647151 1
7129379 7361874 3
7129379 8572386 1
7129379 8647151 1
7361874 7683290 2
7361874 7751144 2
7361874 8572386 1
7361874 8647151 1
7683290 8572386 1
7683290 8647151 1
7751144 8572386 1
7751144 8647151 1
8572386 8647151 1
1076877 2783891 5
1076877 8701850 1
1076877 8733326 1
1076877 8773096 1
1811065 2783891 4
1811065 8701850 1
1811065 8733326 1
1811065 8773096 1
1910230 2783891 7
1910230 8701850 1
1910230 8733326 1
1910230 8773096 2
2783891 4076430 7
2783891 6622211 2
2783891 6651831 1
2783891 7129379 7
2783891 7361874 2
2783891 7683290 2
2783891 7751144 1
2783891 8701850 1
2783891 8733326 1
2783891 8773096 1
4076430 8701850 1
4076430 8733326 1
4076430 8773096 2
6622211 6651831 1
6622211 7361874 1
6622211 8701850 1
6622211 8733326 1
6622211 8773096 2
6651831 8701850 1
6651831 8733326 1
6651831 8773096 1
7129379 8701850 1
7129379 8733326 1
7129379 8773096 2
7361874 8701850 1
7361874 8733326 1
7361874 8773096 1
7683290 8701850 1
7683290 8733326 1
7683290 8773096 1
7751144 8701850 1
7751144 8733326 1
7751144 8773096 1
8701850 8733326 1
8701850 8773096 1
8733326 8773096 1
719099 8773096 1
719099 8927082 3
719099 8951171 1
719099 9026409 1
1910230 8927082 5
1910230 8951171 1
1910230 9026409 3
1912483 8773096 1
1912483 8927082 2
1912483 8951171 1
1912483 9026409 1
2865645 8773096 1
2865645 8927082 2
2865645 8951171 1
2865645 9026409 2
2929826 8773096 1
2929826 8927082 3
2929826 8951171 1
2929826 9026409 3
4076430 8927082 5
4076430 8951171 1
4076430 9026409 3
4946131 8773096 1
4946131 8927082 1
4946131 8951171 1
4946131 9026409 1
6622211 8927082 2
6622211 8951171 1
6622211 9026409 2
7129379 8927082 5
7129379 8951171 1
7129379 9026409 3
8773096 8927082 1
8773096 8951171 1
8773096 9026409 1
8927082 8951171 1
8927082 9026409 2
8951171 9026409 1
1076877 8927082 2
1076877 9026409 2
2325393 2783891 1
2325393 8927082 1
2325393 9026409 1
2783891 2865645 1
2783891 2929826 4
2783891 8927082 4
2783891 9026409 2
7683290 8927082 1
7683290 9026409 1
1910230 4491951 5
1910230 4796607 1
1910230 7796581 2
2783891 3348779 2
2783891 4491951 5
2783891 4796607 1
2783891 7796581 2
3348779 4491951 2
3348779 4796607 1
3348779 7796581 1
3348779 8927082 2
4076430 4491951 5
4076430 4796607 1
4076430 7796581 2
4491951 4796607 1
4491951 7129379 5
4491951 7796581 2
4491951 8927082 3
4796607 7129379 1
4796607 7796581 1
4796607 8927082 1
7129379 7796581 2
7796581 8927082 1
719099 1205239 1
719099 2783891 2
719099 4491951 2
719099 7361874 1
719099 7502579 1
1205239 1910230 1
1205239 1912483 1
1205239 2783891 1
1205239 3110342 1
1205239 3348779 1
1205239 4076430 1
1205239 4491951 1
1205239 7129379 1
1205239 7361874 1
1205239 7502579 1
1205239 8359190 1
1205239 8927082 1
1910230 7502579 1
1912483 2783891 2
1912483 4491951 2
1912483 7361874 1
1912483 7502579 1
2783891 3110342 2
2783891 7502579 1
2783891 8359190 2
3110342 4491951 2
3110342 7502579 1
3110342 8927082 1
3348779 7361874 1
3348779 7502579 1
4076430 7502579 1
4491951 7361874 1
4491951 7502579 1
4491951 8359190 2
7129379 7502579 1
7361874 7502579 1
7361874 8359190 1
7361874 8927082 1
7502579 8359190 1
7502579 8927082 1
8359190 8927082 1
494903 719099 1
494903 1076877 1
494903 1811065 1
494903 1910230 1
494903 2783891 1
494903 2929826 1
494903 3054579 1
494903 4076430 1
494903 4491951 1
494903 5399130 1
494903 7129379 1
494903 8214433 1
494903 8927082 1
494903 9687778 1
719099 3054579 1
719099 5399130 1
719099 8214433 1
719099 9687778 1
1076877 3054579 3
1076877 4491951 3
1076877 5399130 1
1076877 8214433 1
1076877 9687778 1
1811065 3054579 3
1811065 4491951 3
1811065 5399130 1
1811065 8214433 1
1811065 8927082 1
1811065 9687778 1
1910230 3054579 3
1910230 5399130 1
1910230 8214433 1
1910230 9687778 1
2783891 3054579 3
2783891 5399130 1
2783891 8214433 1
2783891 9687778 1
2929826 3054579 3
2929826 4491951 3
2929826 5399130 1
2929826 8214433 1
2929826 9687778 1
3054579 4076430 3
3054579 4491951 3
3054579 5399130 1
3054579 7129379 3
3054579 8214433 1
3054579 8927082 1
3054579 9687778 1
4076430 5399130 1
4076430 8214433 1
4076430 9687778 1
4491951 5399130 1
4491951 8214433 1
4491951 9687778 1
5399130 7129379 1
5399130 8214433 1
5399130 8927082 1
5399130 9687778 1
7129379 8214433 1
7129379 9687778 1
8214433 8927082 1
8214433 9687778 1
8927082 9687778 1
714621 1076877 1
714621 1811065 1
714621 1910230 1
714621 2783891 1
714621 2929826 1
714621 3054579 1
714621 3110342 1
714621 4076430 1
714621 4491951 1
714621 6153377 1
714621 7129379 1
714621 7796581 1
714621 9026409 1
1076877 6153377 2
1076877 7796581 1
1811065 6153377 2
1811065 7796581 1
1811065 9026409 1
1910230 6153377 2
2783891 6153377 2
2929826 6153377 2
2929826 7796581 1
3054579 3110342 1
3054579 6153377 2
3054579 7796581 1
3054579 9026409 1
3110342 6153377 1
3110342 7796581 1
3110342 9026409 1
4076430 6153377 2
4491951 6153377 2
4491951 9026409 1
6153377 7129379 2
6153377 7796581 1
6153377 9026409 1
7796581 9026409 1
921808 1076877 1
921808 1811065 1
921808 1910230 1
921808 1912483 1
921808 2783891 1
921808 2929826 1
921808 3054579 1
921808 4076430 1
921808 4491951 1
921808 4670432 1
921808 6153377 1
921808 7129379 1
921808 7462576 1
921808 8359190 1
921808 9731603 1
921808 10053633 1
921808 10152377 1
921808 10153729 1
1076877 4670432 1
1076877 7462576 1
1076877 9731603 1
1076877 10053633 1
1076877 10152377 1
1076877 10153729 1
1811065 4670432 1
1811065 7462576 1
1811065 9731603 1
1811065 10053633 1
1811065 10152377 1
1811065 10153729 1
1910230 4670432 1
1910230 7462576 1
1910230 9731603 1
1910230 10053633 1
1910230 10152377 1
1910230 10153729 1
1912483 3054579 1
1912483 4670432 1
1912483 6153377 1
1912483 7462576 1
1912483 9731603 1
1912483 10053633 1
1912483 10152377 1
1912483 10153729 1
2783891 4670432 1
2783891 7462576 1
2783891 9731603 1
2783891 10053633 1
2783891 10152377 1
2783891 10153729 1
2929826 4670432 1
2929826 7462576 1
2929826 9731603 1
2929826 10053633 1
2929826 10152377 1
2929826 10153729 1
3054579 4670432 1
3054579 7462576 1
3054579 8359190 1
3054579 9731603 1
3054579 10053633 1
3054579 10152377 1
3054579 10153729 1
4076430 4670432 1
4076430 7462576 1
4076430 9731603 1
4076430 10053633 1
4076430 10152377 1
4076430 10153729 1
4491951 4670432 1
4491951 7462576 1
4491951 9731603 1
4491951 10053633 1
4491951 10152377 1
4491951 10153729 1
4670432 6153377 1
4670432 7129379 1
4670432 7462576 1
4670432 8359190 1
4670432 9731603 1
4670432 10053633 1
4670432 10152377 1
4670432 10153729 1
6153377 7462576 1
6153377 8359190 1
6153377 9731603 1
6153377 10053633 1
6153377 10152377 1
6153377 10153729 1
7129379 7462576 1
7129379 9731603 1
7129379 10053633 1
7129379 10152377 1
7129379 10153729 1
7462576 8359190 1
7462576 9731603 1
7462576 10053633 1
7462576 10152377 1
7462576 10153729 1
8359190 9731603 1
8359190 10053633 1
8359190 10152377 1
8359190 10153729 1
9731603 10053633 1
9731603 10152377 1
9731603 10153729 1
10053633 10152377 1
10053633 10153729 1
10152377 10153729 1
