112982272 112293512 107122072 77021722 122235042 16989221 45575722 64216492 110548142 122434862 124988082 110403252 20764471 71135932 87025212 104750272 105605962 50819402 108187852 106552012 103053902 43043792 115384402 55825492 115257052 121586652 122792672 119624802 124678632 7210857 90228092 117137022
20764471 43043792 1
20764471 45575722 1
20764471 77021722 1
20764471 105605962 1
20764471 107122072 1
20764471 108187852 1
20764471 110548142 1
20764471 112982272 1
20764471 115384402 1
20764471 117137022 1
43043792 45575722 3
43043792 77021722 1
43043792 105605962 3
43043792 107122072 1
43043792 108187852 1
43043792 110548142 2
43043792 112982272 2
43043792 115384402 1
43043792 117137022 1
45575722 77021722 2
45575722 105605962 8
45575722 107122072 1
45575722 108187852 2
45575722 110548142 3
45575722 112982272 2
45575722 115384402 1
45575722 117137022 1
77021722 105605962 2
77021722 107122072 1
77021722 108187852 2
77021722 110548142 1
77021722 112982272 1
77021722 115384402 1
77021722 117137022 1
105605962 107122072 1
105605962 108187852 2
105605962 110548142 3
105605962 112982272 2
105605962 115384402 1
105605962 117137022 1
107122072 108187852 1
107122072 110548142 1
107122072 112982272 1
107122072 115384402 1
107122072 117137022 1
108187852 110548142 1
108187852 112982272 1
108187852 115384402 1
108187852 117137022 1
110548142 112982272 2
110548142 115384402 1
110548142 117137022 1
112982272 115384402 1
112982272 117137022 1
115384402 117137022 1
43043792 112293512 1
43043792 115257052 1
45575722 112293512 7
45575722 115257052 4
105605962 112293512 5
105605962 115257052 2
110548142 112293512 2
110548142 115257052 1
112293512 112982272 1
112293512 115257052 3
112982272 115257052 1
7210857 45575722 3
7210857 103053902 1
7210857 105605962 3
7210857 112293512 2
7210857 119624802 1
45575722 103053902 2
45575722 119624802 1
103053902 105605962 2
103053902 112293512 1
103053902 119624802 1
105605962 119624802 1
112293512 119624802 1
43043792 71135932 1
43043792 103053902 1
43043792 104750272 1
45575722 71135932 3
45575722 104750272 2
71135932 103053902 1
71135932 104750272 2
71135932 105605962 3
103053902 104750272 1
104750272 105605962 2
45575722 87025212 1
45575722 121586652 1
45575722 122235042 2
71135932 87025212 1
71135932 112293512 1
71135932 121586652 1
71135932 122235042 1
87025212 104750272 1
87025212 105605962 1
87025212 112293512 1
87025212 121586652 1
87025212 122235042 1
104750272 112293512 1
104750272 121586652 1
104750272 122235042 1
105605962 121586652 1
105605962 122235042 2
112293512 121586652 1
112293512 122235042 2
121586652 122235042 1
7210857 16989221 1
7210857 77021722 1
7210857 90228092 2
7210857 108187852 1
16989221 45575722 1
16989221 77021722 1
16989221 90228092 1
16989221 105605962 1
16989221 108187852 1
16989221 112293512 1
45575722 90228092 2
77021722 90228092 1
77021722 112293512 1
90228092 105605962 2
90228092 108187852 1
90228092 112293512 1
108187852 112293512 1
7210857 50819402 1
7210857 55825492 1
7210857 71135932 1
7210857 106552012 1
7210857 115257052 1
7210857 122434862 1
45575722 50819402 1
45575722 55825492 1
45575722 106552012 1
45575722 122434862 1
50819402 55825492 1
50819402 71135932 1
50819402 90228092 1
50819402 105605962 1
50819402 106552012 1
50819402 115257052 1
50819402 122434862 1
55825492 71135932 1
55825492 90228092 1
55825492 105605962 1
55825492 106552012 1
55825492 115257052 1
55825492 122434862 1
71135932 90228092 1
71135932 106552012 1
71135932 115257052 1
71135932 122434862 1
90228092 106552012 1
90228092 115257052 1
90228092 122434862 1
105605962 106552012 1
105605962 122434862 1
106552012 115257052 1
106552012 122434862 1
115257052 122434862 1
45575722 122792672 1
105605962 122792672 1
110548142 122235042 1
110548142 122792672 1
112293512 122792672 1
122235042 122792672 1
45575722 124678632 2
112293512 124678632 2
115257052 124678632 2
45575722 64216492 1
45575722 110403252 1
45575722 124988082 1
64216492 110403252 1
64216492 112293512 1
64216492 115257052 1
64216492 124678632 1
64216492 124988082 1
110403252 112293512 1
110403252 115257052 1
110403252 124678632 1
110403252 124988082 1
112293512 124988082 1
115257052 124988082 1
124678632 124988082 1
