86656002 74774662 73669772 103087502 6033811 102542612 107553692 10531357 77155742 2876451 61014572 99497262 107228592 78363952 10259000 100248632 90864702 28193472 63348032 37144132 99855822 107736152 100462552 24454622 46604512 96954592 61484642 6091366 11239784 15078261 46078712 100486522 32180222 19178751
6033811 10259000 1
6033811 15078261 1
6033811 19178751 1
6033811 28193472 1
6033811 32180222 1
6033811 37144132 1
6033811 46078712 1
6033811 46604512 1
6033811 61484642 1
6033811 74774662 1
6033811 90864702 1
6033811 99497262 1
6033811 99855822 1
6033811 100486522 1
6033811 107228592 1
6033811 107553692 1
10259000 15078261 1
10259000 19178751 1
10259000 28193472 1
10259000 32180222 2
10259000 37144132 1
10259000 46078712 1
10259000 46604512 2
10259000 61484642 2
10259000 74774662 1
10259000 90864702 1
10259000 99497262 2
10259000 99855822 2
10259000 100486522 2
10259000 107228592 1
10259000 107553692 2
15078261 19178751 1
15078261 28193472 1
15078261 32180222 1
15078261 37144132 1
15078261 46078712 1
15078261 46604512 1
15078261 61484642 1
15078261 74774662 1
15078261 90864702 1
15078261 99497262 1
15078261 99855822 1
15078261 100486522 1
15078261 107228592 1
15078261 107553692 1
19178751 28193472 1
19178751 32180222 1
19178751 37144132 1
19178751 46078712 1
19178751 46604512 1
19178751 61484642 1
19178751 74774662 1
19178751 90864702 1
19178751 99497262 1
19178751 99855822 1
19178751 100486522 1
19178751 107228592 1
19178751 107553692 1
28193472 32180222 1
28193472 37144132 1
28193472 46078712 1
28193472 46604512 1
28193472 61484642 1
28193472 74774662 1
28193472 90864702 1
28193472 99497262 1
28193472 99855822 1
28193472 100486522 1
28193472 107228592 1
28193472 107553692 1
32180222 37144132 1
32180222 46078712 1
32180222 46604512 2
32180222 61484642 2
32180222 74774662 1
32180222 90864702 1
32180222 99497262 2
32180222 99855822 2
32180222 100486522 2
32180222 107228592 1
32180222 107553692 1
37144132 46078712 1
37144132 46604512 1
37144132 61484642 1
37144132 74774662 1
37144132 90864702 1
37144132 99497262 1
37144132 99855822 1
37144132 100486522 1
37144132 107228592 1
37144132 107553692 1
46078712 46604512 1
46078712 61484642 1
46078712 74774662 1
46078712 90864702 1
46078712 99497262 1
46078712 99855822 1
46078712 100486522 1
46078712 107228592 1
46078712 107553692 1
46604512 61484642 2
46604512 74774662 1
46604512 90864702 1
46604512 99497262 2
46604512 99855822 2
46604512 100486522 2
46604512 107228592 1
46604512 107553692 1
61484642 74774662 1
61484642 90864702 1
61484642 99497262 2
61484642 99855822 2
61484642 100486522 2
61484642 107228592 1
61484642 107553692 1
74774662 90864702 1
74774662 99497262 1
74774662 99855822 1
74774662 100486522 1
74774662 107228592 1
74774662 107553692 1
90864702 99497262 1
90864702 99855822 1
90864702 100486522 1
90864702 107228592 1
90864702 107553692 1
99497262 99855822 2
99497262 100486522 2
99497262 107228592 1
99497262 107553692 1
99855822 100486522 2
99855822 107228592 1
99855822 107553692 1
100486522 107228592 1
100486522 107553692 1
107228592 107553692 1
10259000 102542612 1
10259000 107736152 1
102542612 107553692 1
102542612 107736152 1
107553692 107736152 1
2876451 10259000 3
2876451 24454622 1
2876451 73669772 1
2876451 77155742 1
10259000 24454622 1
10259000 73669772 1
10259000 77155742 1
24454622 73669772 1
24454622 77155742 1
73669772 77155742 1
2876451 6091366 1
2876451 11239784 1
2876451 32180222 1
2876451 46604512 1
2876451 61014572 1
2876451 61484642 1
2876451 63348032 1
2876451 78363952 1
2876451 86656002 2
2876451 96954592 1
2876451 99497262 1
2876451 99855822 1
2876451 100248632 1
2876451 100462552 1
2876451 100486522 1
2876451 103087502 1
6091366 10259000 1
6091366 11239784 1
6091366 32180222 1
6091366 46604512 1
6091366 61014572 1
6091366 61484642 1
6091366 63348032 1
6091366 78363952 1
6091366 86656002 1
6091366 96954592 1
6091366 99497262 1
6091366 99855822 1
6091366 100248632 1
6091366 100462552 1
6091366 100486522 1
6091366 103087502 1
10259000 11239784 1
10259000 61014572 1
10259000 63348032 1
10259000 78363952 1
10259000 86656002 2
10259000 96954592 1
10259000 100248632 1
10259000 100462552 1
10259000 103087502 1
11239784 32180222 1
11239784 46604512 1
11239784 61014572 1
11239784 61484642 1
11239784 63348032 1
11239784 78363952 1
11239784 86656002 1
11239784 96954592 1
11239784 99497262 1
11239784 99855822 1
11239784 100248632 1
11239784 100462552 1
11239784 100486522 1
11239784 103087502 1
32180222 61014572 1
32180222 63348032 1
32180222 78363952 1
32180222 86656002 1
32180222 96954592 1
32180222 100248632 1
32180222 100462552 1
32180222 103087502 1
46604512 61014572 1
46604512 63348032 1
46604512 78363952 1
46604512 86656002 1
46604512 96954592 1
46604512 100248632 1
46604512 100462552 1
46604512 103087502 1
61014572 61484642 1
61014572 63348032 1
61014572 78363952 1
61014572 86656002 1
61014572 96954592 1
61014572 99497262 1
61014572 99855822 1
61014572 100248632 1
61014572 100462552 1
61014572 100486522 1
61014572 103087502 1
61484642 63348032 1
61484642 78363952 1
61484642 86656002 1
61484642 96954592 1
61484642 100248632 1
61484642 100462552 1
61484642 103087502 1
63348032 78363952 1
63348032 86656002 1
63348032 96954592 1
63348032 99497262 1
63348032 99855822 1
63348032 100248632 1
63348032 100462552 1
63348032 100486522 1
63348032 103087502 1
78363952 86656002 1
78363952 96954592 1
78363952 99497262 1
78363952 99855822 1
78363952 100248632 1
78363952 100462552 1
78363952 100486522 1
78363952 103087502 1
86656002 96954592 1
86656002 99497262 1
86656002 99855822 1
86656002 100248632 1
86656002 100462552 1
86656002 100486522 1
86656002 103087502 1
96954592 99497262 1
96954592 99855822 1
96954592 100248632 1
96954592 100462552 1
96954592 100486522 1
96954592 103087502 1
99497262 100248632 1
99497262 100462552 1
99497262 103087502 1
99855822 100248632 1
99855822 100462552 1
99855822 103087502 1
100248632 100462552 1
100248632 100486522 1
100248632 103087502 1
100462552 100486522 1
100462552 103087502 1
100486522 103087502 1
2876451 10531357 1
10259000 10531357 1
10531357 86656002 1
