187703561 132504592 29065362 57233682 11286548 52794522 57591962 164439452 145574682 188006558 8330538 142076972 2335282 13012658 10005172 43561142 189630265 42001852 177093822 93149122 189034436 158178632 13577419 185842379 187168078 2601934 93342802 61581272 189712733 112451552 15712481 14358368 183723118 181350392 17427961 186805627 185197692
2335282 8330538 1
2335282 10005172 2
2335282 11286548 1
2335282 13012658 1
2335282 13577419 1
2335282 17427961 2
2335282 29065362 2
2335282 42001852 2
2335282 57233682 2
2335282 57591962 1
2335282 93149122 1
2335282 158178632 1
2335282 164439452 1
8330538 10005172 1
8330538 11286548 1
8330538 13012658 1
8330538 13577419 1
8330538 17427961 2
8330538 29065362 1
8330538 42001852 1
8330538 57233682 1
8330538 57591962 1
8330538 93149122 1
8330538 158178632 1
8330538 164439452 1
10005172 11286548 1
10005172 13012658 1
10005172 13577419 1
10005172 17427961 2
10005172 29065362 2
10005172 42001852 2
10005172 57233682 2
10005172 57591962 1
10005172 93149122 1
10005172 158178632 1
10005172 164439452 1
11286548 13012658 1
11286548 13577419 1
11286548 17427961 1
11286548 29065362 1
11286548 42001852 1
11286548 57233682 1
11286548 57591962 1
11286548 93149122 1
11286548 158178632 1
11286548 164439452 1
13012658 13577419 1
13012658 17427961 1
13012658 29065362 1
13012658 42001852 1
13012658 57233682 1
13012658 57591962 1
13012658 93149122 1
13012658 158178632 1
13012658 164439452 1
13577419 17427961 1
13577419 29065362 1
13577419 42001852 2
13577419 57233682 3
13577419 57591962 3
13577419 93149122 1
13577419 158178632 1
13577419 164439452 1
17427961 29065362 2
17427961 42001852 3
17427961 57233682 2
17427961 57591962 1
17427961 93149122 2
17427961 158178632 2
17427961 164439452 1
29065362 42001852 2
29065362 57233682 3
29065362 57591962 1
29065362 93149122 1
29065362 158178632 1
29065362 164439452 2
42001852 57233682 4
42001852 57591962 2
42001852 93149122 2
42001852 158178632 2
42001852 164439452 1
57233682 57591962 3
57233682 93149122 1
57233682 158178632 1
57233682 164439452 2
57591962 93149122 1
57591962 158178632 1
57591962 164439452 1
93149122 158178632 2
93149122 164439452 1
158178632 164439452 1
13577419 142076972 1
13577419 186805627 1
42001852 142076972 1
42001852 186805627 1
57233682 142076972 1
57233682 186805627 1
57591962 142076972 1
57591962 186805627 1
142076972 186805627 1
8330538 188006558 1
17427961 188006558 1
2335282 52794522 1
2335282 132504592 1
2335282 145574682 1
2335282 181350392 1
10005172 52794522 1
10005172 132504592 1
10005172 145574682 1
10005172 181350392 1
17427961 52794522 1
17427961 132504592 2
17427961 145574682 1
17427961 181350392 1
29065362 52794522 1
29065362 132504592 1
29065362 145574682 2
29065362 181350392 2
42001852 52794522 2
42001852 132504592 2
42001852 145574682 1
42001852 181350392 2
52794522 57233682 1
52794522 132504592 1
52794522 145574682 1
52794522 181350392 1
57233682 132504592 1
57233682 145574682 2
57233682 181350392 3
132504592 145574682 1
132504592 181350392 1
145574682 181350392 2
57233682 183723118 1
57233682 185842379 1
57233682 187168078 2
57233682 187703561 1
57233682 188006558 2
57233682 189630265 4
183723118 185842379 1
183723118 187168078 1
183723118 187703561 1
183723118 188006558 1
183723118 189630265 1
185842379 187168078 1
185842379 187703561 1
185842379 188006558 1
185842379 189630265 1
187168078 187703561 1
187168078 188006558 2
187168078 189630265 2
187703561 188006558 2
187703561 189630265 2
188006558 189630265 3
15712481 42001852 1
15712481 57233682 1
15712481 112451552 1
15712481 177093822 1
15712481 181350392 1
15712481 187168078 1
15712481 188006558 1
15712481 189630265 1
42001852 112451552 1
42001852 177093822 1
42001852 187168078 1
42001852 188006558 2
42001852 189630265 2
57233682 112451552 1
57233682 177093822 1
112451552 177093822 1
112451552 181350392 1
112451552 187168078 1
112451552 188006558 1
112451552 189630265 1
177093822 181350392 1
177093822 187168078 1
177093822 188006558 1
177093822 189630265 1
181350392 187168078 1
181350392 188006558 1
181350392 189630265 2
17427961 61581272 1
17427961 189034436 1
42001852 61581272 1
42001852 189034436 1
61581272 93149122 1
61581272 132504592 1
61581272 158178632 1
61581272 189034436 1
93149122 132504592 1
93149122 189034436 1
132504592 158178632 1
132504592 189034436 1
158178632 189034436 1
42001852 187703561 1
52794522 187703561 1
52794522 188006558 1
52794522 189630265 1
2601934 13577419 1
2601934 57233682 1
2601934 57591962 1
2601934 93342802 1
2601934 189630265 1
2601934 189712733 1
13577419 93342802 1
13577419 189630265 1
13577419 189712733 1
57233682 93342802 2
57233682 189712733 1
57591962 93342802 1
57591962 189630265 1
57591962 189712733 1
93342802 189630265 2
93342802 189712733 1
189630265 189712733 1
14358368 29065362 1
14358368 43561142 1
14358368 57233682 1
14358368 93342802 1
14358368 145574682 1
14358368 164439452 1
14358368 181350392 1
14358368 185197692 1
14358368 189630265 1
29065362 43561142 1
29065362 93342802 1
29065362 185197692 1
29065362 189630265 1
43561142 57233682 1
43561142 93342802 1
43561142 145574682 1
43561142 164439452 1
43561142 181350392 1
43561142 185197692 1
43561142 189630265 1
57233682 185197692 1
93342802 145574682 1
93342802 164439452 1
93342802 181350392 1
93342802 185197692 1
145574682 164439452 1
145574682 185197692 1
145574682 189630265 1
164439452 181350392 1
164439452 185197692 1
164439452 189630265 1
181350392 185197692 1
185197692 189630265 1
