9647489 8395909 6838406 8852870 12983431 38279302 9473805 24851982 115727 23264271 13584659 12160532 8785940 28486422 9775382 28939802 3873051 32034202 19008161 24488482 30623012 10751269 13554981 3108519 386600 13809579 11649838 4046768 2792370 8346164 12497974 17819191 13116472 13584441 13104060 2846525 10954430 13293503 36525372 2455745 37870402 6032452 6485829 11213901 15885901 7640270 36925392 27861202 23204691 3322324 11445204 14627930 28385372 9631327 9214692 10757093 6469095 13615339 14142449 18322801 10614130 11943924 6742388 39121782 36077562 31857532 1351933 10751742 13794815
2792370 2846525 2
2792370 3322324 1
2792370 10751269 2
2792370 10954430 1
2792370 11445204 1
2792370 11943924 1
2792370 12497974 1
2792370 13584659 1
2792370 14142449 1
2792370 18322801 2
2792370 19008161 1
2792370 24488482 1
2792370 28385372 1
2792370 28486422 1
2846525 3322324 1
2846525 10751269 4
2846525 10954430 1
2846525 11445204 2
2846525 11943924 1
2846525 12497974 1
2846525 13584659 1
2846525 14142449 1
2846525 18322801 2
2846525 19008161 4
2846525 24488482 4
2846525 28385372 1
2846525 28486422 2
3322324 10751269 1
3322324 10954430 1
3322324 11445204 1
3322324 11943924 1
3322324 12497974 1
3322324 13584659 1
3322324 14142449 1
3322324 18322801 1
3322324 19008161 1
3322324 24488482 1
3322324 28385372 1
3322324 28486422 1
10751269 10954430 1
10751269 11445204 1
10751269 11943924 1
10751269 12497974 1
10751269 13584659 1
10751269 14142449 1
10751269 18322801 2
10751269 19008161 2
10751269 24488482 2
10751269 28385372 1
10751269 28486422 1
10954430 11445204 1
10954430 11943924 1
10954430 12497974 1
10954430 13584659 1
10954430 14142449 1
10954430 18322801 1
10954430 19008161 1
10954430 24488482 1
10954430 28385372 1
10954430 28486422 1
11445204 11943924 1
11445204 12497974 1
11445204 13584659 1
11445204 14142449 1
11445204 18322801 1
11445204 19008161 2
11445204 24488482 2
11445204 28385372 1
11445204 28486422 1
11943924 12497974 1
11943924 13584659 1
11943924 14142449 1
11943924 18322801 1
11943924 19008161 1
11943924 24488482 1
11943924 28385372 1
11943924 28486422 1
12497974 13584659 1
12497974 14142449 1
12497974 18322801 1
12497974 19008161 1
12497974 24488482 1
12497974 28385372 1
12497974 28486422 1
13584659 14142449 1
13584659 18322801 1
13584659 19008161 1
13584659 24488482 1
13584659 28385372 1
13584659 28486422 1
14142449 18322801 1
14142449 19008161 1
14142449 24488482 1
14142449 28385372 1
14142449 28486422 1
18322801 19008161 1
18322801 24488482 1
18322801 28385372 1
18322801 28486422 1
19008161 24488482 3
19008161 28385372 1
19008161 28486422 1
24488482 28385372 1
24488482 28486422 1
28385372 28486422 1
115727 2846525 1
115727 4046768 1
115727 6032452 1
115727 6485829 1
115727 6742388 1
115727 9473805 1
115727 10757093 1
115727 11213901 1
115727 12160532 1
115727 13584441 1
115727 15885901 1
115727 28486422 1
2846525 4046768 1
2846525 6032452 6
2846525 6485829 1
2846525 6742388 2
2846525 9473805 8
2846525 10757093 1
2846525 11213901 5
2846525 12160532 3
2846525 13584441 1
2846525 15885901 2
4046768 6032452 1
4046768 6485829 1
4046768 6742388 1
4046768 9473805 1
4046768 10757093 1
4046768 11213901 1
4046768 12160532 1
4046768 13584441 1
4046768 15885901 1
4046768 28486422 1
6032452 6485829 1
6032452 6742388 2
6032452 9473805 6
6032452 10757093 1
6032452 11213901 4
6032452 12160532 3
6032452 13584441 1
6032452 15885901 2
6032452 28486422 1
6485829 6742388 1
6485829 9473805 1
6485829 10757093 1
6485829 11213901 1
6485829 12160532 1
6485829 13584441 1
6485829 15885901 1
6485829 28486422 1
6742388 9473805 2
6742388 10757093 1
6742388 11213901 1
6742388 12160532 2
6742388 13584441 1
6742388 15885901 1
6742388 28486422 1
9473805 10757093 1
9473805 11213901 5
9473805 12160532 3
9473805 13584441 1
9473805 15885901 2
9473805 28486422 1
10757093 11213901 1
10757093 12160532 1
10757093 13584441 1
10757093 15885901 1
10757093 28486422 1
11213901 12160532 2
11213901 13584441 1
11213901 15885901 2
11213901 28486422 1
12160532 13584441 1
12160532 15885901 1
12160532 28486422 1
13584441 15885901 1
13584441 28486422 1
15885901 28486422 1
386600 1351933 1
386600 2792370 1
386600 2846525 1
386600 3873051 1
386600 6032452 1
386600 6469095 1
386600 6742388 1
386600 6838406 1
386600 7640270 1
386600 8395909 1
386600 8785940 1
386600 8852870 1
386600 9214692 1
386600 9473805 1
386600 9631327 1
386600 9647489 1
386600 10751269 1
386600 10751742 1
386600 12160532 1
386600 13116472 1
386600 13615339 1
386600 18322801 1
386600 27861202 1
386600 28939802 1
386600 31857532 1
1351933 2792370 1
1351933 2846525 2
1351933 3873051 2
1351933 6032452 2
1351933 6469095 1
1351933 6742388 1
1351933 6838406 1
1351933 7640270 1
1351933 8395909 1
1351933 8785940 1
1351933 8852870 1
1351933 9214692 1
1351933 9473805 2
1351933 9631327 1
1351933 9647489 1
1351933 10751269 1
1351933 10751742 1
1351933 12160532 1
1351933 13116472 2
1351933 13615339 1
1351933 18322801 1
1351933 27861202 1
1351933 28939802 1
1351933 31857532 1
2792370 3873051 1
2792370 6032452 1
2792370 6469095 1
2792370 6742388 1
2792370 6838406 1
2792370 7640270 1
2792370 8395909 1
2792370 8785940 1
2792370 8852870 1
2792370 9214692 1
2792370 9473805 1
2792370 9631327 1
2792370 9647489 1
2792370 10751742 1
2792370 12160532 1
2792370 13116472 1
2792370 13615339 1
2792370 27861202 1
2792370 28939802 1
2792370 31857532 1
2846525 3873051 2
2846525 6469095 1
2846525 6838406 1
2846525 7640270 4
2846525 8395909 1
2846525 8785940 2
2846525 8852870 1
2846525 9214692 1
2846525 9631327 1
2846525 9647489 2
2846525 10751742 1
2846525 13116472 2
2846525 13615339 1
2846525 27861202 1
2846525 28939802 1
2846525 31857532 2
3873051 6032452 2
3873051 6469095 1
3873051 6742388 1
3873051 6838406 1
3873051 7640270 1
3873051 8395909 1
3873051 8785940 1
3873051 8852870 1
3873051 9214692 1
3873051 9473805 2
3873051 9631327 1
3873051 9647489 1
3873051 10751269 1
3873051 10751742 1
3873051 12160532 1
3873051 13116472 2
3873051 13615339 1
3873051 18322801 1
3873051 27861202 1
3873051 28939802 1
3873051 31857532 1
6032452 6469095 1
6032452 6838406 1
6032452 7640270 4
6032452 8395909 1
6032452 8785940 1
6032452 8852870 1
6032452 9214692 1
6032452 9631327 1
6032452 9647489 2
6032452 10751269 3
6032452 10751742 1
6032452 13116472 2
6032452 13615339 1
6032452 18322801 1
6032452 27861202 1
6032452 28939802 1
6032452 31857532 2
6469095 6742388 1
6469095 6838406 1
6469095 7640270 1
6469095 8395909 1
6469095 8785940 1
6469095 8852870 1
6469095 9214692 1
6469095 9473805 1
6469095 9631327 1
6469095 9647489 1
6469095 10751269 1
6469095 10751742 1
6469095 12160532 1
6469095 13116472 1
6469095 13615339 1
6469095 18322801 1
6469095 27861202 1
6469095 28939802 1
6469095 31857532 1
6742388 6838406 1
6742388 7640270 1
6742388 8395909 1
6742388 8785940 1
6742388 8852870 1
6742388 9214692 1
6742388 9631327 1
6742388 9647489 1
6742388 10751269 1
6742388 10751742 1
6742388 13116472 1
6742388 13615339 1
6742388 18322801 1
6742388 27861202 1
6742388 28939802 1
6742388 31857532 1
6838406 7640270 1
6838406 8395909 1
6838406 8785940 1
6838406 8852870 1
6838406 9214692 1
6838406 9473805 1
6838406 9631327 1
6838406 9647489 1
6838406 10751269 1
6838406 10751742 1
6838406 12160532 1
6838406 13116472 1
6838406 13615339 1
6838406 18322801 1
6838406 27861202 1
6838406 28939802 1
6838406 31857532 1
7640270 8395909 1
7640270 8785940 1
7640270 8852870 1
7640270 9214692 1
7640270 9473805 4
7640270 9631327 1
7640270 9647489 2
7640270 10751269 3
7640270 10751742 1
7640270 12160532 2
7640270 13116472 1
7640270 13615339 1
7640270 18322801 1
7640270 27861202 1
7640270 28939802 1
7640270 31857532 2
8395909 8785940 1
8395909 8852870 1
8395909 9214692 1
8395909 9473805 1
8395909 9631327 1
8395909 9647489 1
8395909 10751269 1
8395909 10751742 1
8395909 12160532 1
8395909 13116472 1
8395909 13615339 1
8395909 18322801 1
8395909 27861202 1
8395909 28939802 1
8395909 31857532 1
8785940 8852870 1
8785940 9214692 1
8785940 9473805 2
8785940 9631327 1
8785940 9647489 1
8785940 10751269 1
8785940 10751742 1
8785940 12160532 1
8785940 13116472 1
8785940 13615339 1
8785940 18322801 1
8785940 27861202 1
8785940 28939802 1
8785940 31857532 1
8852870 9214692 1
8852870 9473805 1
8852870 9631327 1
8852870 9647489 1
8852870 10751269 1
8852870 10751742 1
8852870 12160532 1
8852870 13116472 1
8852870 13615339 1
8852870 18322801 1
8852870 27861202 1
8852870 28939802 1
8852870 31857532 1
9214692 9473805 1
9214692 9631327 1
9214692 9647489 1
9214692 10751269 1
9214692 10751742 1
9214692 12160532 1
9214692 13116472 1
9214692 13615339 1
9214692 18322801 1
9214692 27861202 1
9214692 28939802 1
9214692 31857532 1
9473805 9631327 1
9473805 9647489 2
9473805 10751269 3
9473805 10751742 1
9473805 13116472 2
9473805 13615339 1
9473805 18322801 1
9473805 27861202 1
9473805 28939802 1
9473805 31857532 2
9631327 9647489 1
9631327 10751269 1
9631327 10751742 1
9631327 12160532 1
9631327 13116472 1
9631327 13615339 1
9631327 18322801 1
9631327 27861202 1
9631327 28939802 1
9631327 31857532 1
9647489 10751269 1
9647489 10751742 1
9647489 12160532 1
9647489 13116472 1
9647489 13615339 1
9647489 18322801 1
9647489 27861202 1
9647489 28939802 1
9647489 31857532 1
10751269 10751742 1
10751269 12160532 2
10751269 13116472 1
10751269 13615339 1
10751269 27861202 1
10751269 28939802 1
10751269 31857532 2
10751742 12160532 1
10751742 13116472 1
10751742 13615339 1
10751742 18322801 1
10751742 27861202 1
10751742 28939802 1
10751742 31857532 1
12160532 13116472 1
12160532 13615339 1
12160532 18322801 1
12160532 27861202 1
12160532 28939802 1
12160532 31857532 1
13116472 13615339 1
13116472 18322801 1
13116472 27861202 1
13116472 28939802 1
13116472 31857532 1
13615339 18322801 1
13615339 27861202 1
13615339 28939802 1
13615339 31857532 1
18322801 27861202 1
18322801 28939802 1
18322801 31857532 1
27861202 28939802 1
27861202 31857532 1
28939802 31857532 1
1351933 2455745 1
1351933 3108519 1
1351933 8346164 1
1351933 10614130 1
1351933 11213901 1
1351933 13809579 1
1351933 24488482 1
1351933 24851982 1
1351933 30623012 1
1351933 32034202 1
2455745 2846525 1
2455745 3108519 1
2455745 3873051 1
2455745 6032452 1
2455745 8346164 1
2455745 9473805 1
2455745 10614130 1
2455745 11213901 1
2455745 13116472 1
2455745 13809579 1
2455745 24488482 1
2455745 24851982 1
2455745 30623012 1
2455745 32034202 1
2846525 3108519 2
2846525 8346164 6
2846525 10614130 1
2846525 13809579 1
2846525 24851982 2
2846525 30623012 1
2846525 32034202 2
3108519 3873051 1
3108519 6032452 2
3108519 8346164 2
3108519 9473805 2
3108519 10614130 1
3108519 11213901 2
3108519 13116472 1
3108519 13809579 1
3108519 24488482 1
3108519 24851982 1
3108519 30623012 1
3108519 32034202 1
3873051 8346164 1
3873051 10614130 1
3873051 11213901 1
3873051 13809579 1
3873051 24488482 1
3873051 24851982 1
3873051 30623012 1
3873051 32034202 1
6032452 8346164 4
6032452 10614130 1
6032452 13809579 1
6032452 24488482 3
6032452 24851982 2
6032452 30623012 1
6032452 32034202 2
8346164 9473805 6
8346164 10614130 1
8346164 11213901 4
8346164 13116472 1
8346164 13809579 1
8346164 24488482 3
8346164 24851982 2
8346164 30623012 1
8346164 32034202 2
9473805 10614130 1
9473805 13809579 1
9473805 24488482 3
9473805 24851982 2
9473805 30623012 1
9473805 32034202 2
10614130 11213901 1
10614130 13116472 1
10614130 13809579 1
10614130 24488482 1
10614130 24851982 1
10614130 30623012 1
10614130 32034202 1
11213901 13116472 1
11213901 13809579 1
11213901 24488482 2
11213901 24851982 2
11213901 30623012 1
11213901 32034202 2
13116472 13809579 1
13116472 24488482 1
13116472 24851982 1
13116472 30623012 1
13116472 32034202 1
13809579 24488482 1
13809579 24851982 1
13809579 30623012 1
13809579 32034202 1
24488482 24851982 2
24488482 30623012 1
24488482 32034202 2
24851982 30623012 1
24851982 32034202 2
30623012 32034202 1
2846525 13293503 1
2846525 17819191 1
2846525 36077562 1
8346164 8785940 1
8346164 13293503 1
8346164 17819191 1
8346164 36077562 1
8785940 13293503 1
8785940 17819191 1
8785940 36077562 1
9473805 13293503 1
9473805 17819191 1
9473805 36077562 1
13293503 17819191 1
13293503 36077562 1
17819191 36077562 1
2846525 12983431 1
3108519 7640270 1
3108519 10751269 1
3108519 12160532 1
3108519 12983431 1
6032452 12983431 1
7640270 8346164 3
7640270 11213901 2
7640270 12983431 1
8346164 10751269 2
8346164 12160532 1
8346164 12983431 1
9473805 12983431 1
10751269 11213901 2
10751269 12983431 1
11213901 12983431 1
12160532 12983431 1
2846525 9775382 1
2846525 13794815 1
8346164 9775382 1
8346164 13794815 1
8346164 19008161 3
9473805 9775382 1
9473805 13794815 1
9473805 19008161 3
9775382 11213901 1
9775382 13794815 1
9775382 19008161 1
11213901 13794815 1
11213901 19008161 2
13794815 19008161 1
2846525 13104060 1
2846525 14627930 1
2846525 37870402 2
6032452 13104060 1
6032452 14627930 1
6032452 19008161 2
6032452 37870402 2
7640270 13104060 1
7640270 14627930 1
7640270 15885901 1
7640270 19008161 2
7640270 24488482 2
7640270 24851982 1
7640270 32034202 1
7640270 37870402 2
8346164 13104060 1
8346164 14627930 1
8346164 15885901 1
8346164 31857532 1
8346164 37870402 2
9473805 13104060 1
9473805 14627930 1
9473805 37870402 2
10751269 13104060 1
10751269 14627930 1
10751269 15885901 1
10751269 24851982 1
10751269 32034202 1
10751269 37870402 1
11213901 13104060 1
11213901 14627930 1
11213901 31857532 1
11213901 37870402 1
13104060 14627930 1
13104060 15885901 1
13104060 19008161 1
13104060 24488482 1
13104060 24851982 1
13104060 31857532 1
13104060 32034202 1
13104060 37870402 1
14627930 15885901 1
14627930 19008161 1
14627930 24488482 1
14627930 24851982 1
14627930 31857532 1
14627930 32034202 1
14627930 37870402 1
15885901 19008161 1
15885901 24488482 1
15885901 24851982 1
15885901 31857532 1
15885901 32034202 1
15885901 37870402 1
19008161 24851982 1
19008161 31857532 1
19008161 32034202 1
19008161 37870402 2
24488482 31857532 1
24488482 37870402 2
24851982 31857532 1
24851982 37870402 1
31857532 32034202 1
31857532 37870402 1
32034202 37870402 1
2846525 11649838 1
2846525 13554981 1
2846525 23204691 1
2846525 23264271 1
2846525 36525372 1
2846525 36925392 1
2846525 38279302 1
2846525 39121782 1
6032452 11445204 1
6032452 11649838 1
6032452 13554981 1
6032452 23204691 1
6032452 23264271 1
6032452 36525372 1
6032452 36925392 1
6032452 38279302 1
6032452 39121782 1
7640270 11445204 1
7640270 11649838 1
7640270 13554981 1
7640270 23204691 1
7640270 23264271 1
7640270 36525372 1
7640270 36925392 1
7640270 38279302 1
7640270 39121782 1
8346164 9647489 1
8346164 11445204 1
8346164 11649838 1
8346164 13554981 1
8346164 23204691 1
8346164 23264271 1
8346164 36525372 1
8346164 36925392 1
8346164 38279302 1
8346164 39121782 1
9473805 11445204 1
9473805 11649838 1
9473805 13554981 1
9473805 23204691 1
9473805 23264271 1
9473805 36525372 1
9473805 36925392 1
9473805 38279302 1
9473805 39121782 1
9647489 11445204 1
9647489 11649838 1
9647489 13554981 1
9647489 19008161 1
9647489 23204691 1
9647489 23264271 1
9647489 24488482 1
9647489 36525372 1
9647489 36925392 1
9647489 37870402 1
9647489 38279302 1
9647489 39121782 1
11445204 11649838 1
11445204 13554981 1
11445204 23204691 1
11445204 23264271 1
11445204 36525372 1
11445204 36925392 1
11445204 37870402 1
11445204 38279302 1
11445204 39121782 1
11649838 13554981 1
11649838 19008161 1
11649838 23204691 1
11649838 23264271 1
11649838 24488482 1
11649838 36525372 1
11649838 36925392 1
11649838 37870402 1
11649838 38279302 1
11649838 39121782 1
13554981 19008161 1
13554981 23204691 1
13554981 23264271 1
13554981 24488482 1
13554981 36525372 1
13554981 36925392 1
13554981 37870402 1
13554981 38279302 1
13554981 39121782 1
19008161 23204691 1
19008161 23264271 1
19008161 36525372 1
19008161 36925392 1
19008161 38279302 1
19008161 39121782 1
23204691 23264271 1
23204691 24488482 1
23204691 36525372 1
23204691 36925392 1
23204691 37870402 1
23204691 38279302 1
23204691 39121782 1
23264271 24488482 1
23264271 36525372 1
23264271 36925392 1
23264271 37870402 1
23264271 38279302 1
23264271 39121782 1
24488482 36525372 1
24488482 36925392 1
24488482 38279302 1
24488482 39121782 1
36525372 36925392 1
36525372 37870402 1
36525372 38279302 1
36525372 39121782 1
36925392 37870402 1
36925392 38279302 1
36925392 39121782 1
37870402 38279302 1
37870402 39121782 1
38279302 39121782 1
