37263362 9218595 14496325 30285062 5345833 44562142 34932782 13818655 8653335 9414649 10050685 49732062 10183071
8653335 9218595 1
8653335 9414649 1
8653335 10183071 1
8653335 13818655 1
8653335 14496325 1
8653335 34932782 1
9218595 9414649 1
9218595 10183071 6
9218595 13818655 2
9218595 14496325 1
9218595 34932782 6
9414649 10183071 3
9414649 13818655 1
9414649 14496325 1
9414649 34932782 3
10183071 13818655 2
10183071 14496325 1
10183071 34932782 9
13818655 14496325 1
13818655 34932782 2
14496325 34932782 1
9414649 49732062 1
10183071 49732062 1
34932782 49732062 1
9218595 37263362 2
10183071 37263362 2
34932782 37263362 2
5345833 9218595 1
5345833 10050685 1
5345833 10183071 1
5345833 34932782 1
9218595 10050685 1
10050685 10183071 1
10050685 34932782 1
10183071 30285062 1
10183071 44562142 1
30285062 44562142 1
