69925182 9218595 10183071 5345833 72450122 34932782 64124462 44562142 13818655
9218595 10183071 6
9218595 34932782 6
10183071 34932782 10
9218595 13818655 1
10183071 13818655 3
13818655 34932782 3
10183071 44562142 1
10183071 64124462 1
34932782 44562142 1
34932782 64124462 1
44562142 64124462 1
5345833 9218595 1
5345833 10183071 1
5345833 34932782 1
5345833 69925182 1
5345833 72450122 1
9218595 69925182 1
9218595 72450122 1
10183071 69925182 1
10183071 72450122 1
34932782 69925182 1
34932782 72450122 1
69925182 72450122 1
