3437699 5843079 5729672 4451607 3637287 3438762 5835309 1602608 4662581 3569207 1773759 3201481 3380938 5765329 66265 3886812 3652965 4836714 4419705 4724987
66265 1602608 4
66265 3201481 10
66265 3438762 3
66265 3569207 6
66265 3652965 8
66265 3886812 3
1602608 3201481 4
1602608 3438762 2
1602608 3569207 3
1602608 3652965 4
1602608 3886812 1
3201481 3438762 3
3201481 3569207 6
3201481 3652965 8
3201481 3886812 3
3438762 3569207 3
3438762 3652965 3
3438762 3886812 2
3569207 3652965 5
3569207 3886812 2
3652965 3886812 3
66265 1773759 6
1602608 1773759 3
1773759 3201481 6
1773759 3438762 2
1773759 3569207 4
1773759 3652965 6
1773759 3886812 2
66265 3637287 6
1602608 3637287 2
1773759 3637287 3
3201481 3637287 6
3637287 3652965 4
66265 4451607 3
1773759 4451607 1
3201481 4451607 3
3637287 3886812 1
3637287 4451607 3
3652965 4451607 1
3886812 4451607 1
66265 4662581 1
66265 4724987 1
3201481 4662581 1
3201481 4724987 1
3569207 3637287 2
3569207 4451607 1
3569207 4662581 1
3569207 4724987 1
3637287 4662581 1
3637287 4724987 1
4451607 4662581 1
4451607 4724987 1
4662581 4724987 1
66265 4836714 2
3201481 4836714 2
3637287 4836714 2
4451607 4836714 1
66265 4419705 2
3201481 4419705 2
3637287 4419705 2
3652965 4419705 2
3652965 4836714 1
4419705 4836714 1
66265 3380938 1
66265 3437699 1
66265 5729672 1
66265 5765329 1
66265 5835309 1
66265 5843079 1
1602608 3380938 1
1602608 3437699 1
1602608 4419705 1
1602608 5729672 1
1602608 5765329 1
1602608 5835309 1
1602608 5843079 1
1773759 3380938 1
1773759 3437699 1
1773759 4419705 1
1773759 5729672 1
1773759 5765329 1
1773759 5835309 1
1773759 5843079 1
3201481 3380938 1
3201481 3437699 1
3201481 5729672 1
3201481 5765329 1
3201481 5835309 1
3201481 5843079 1
3380938 3437699 1
3380938 3569207 1
3380938 3637287 1
3380938 3652965 1
3380938 4419705 1
3380938 5729672 1
3380938 5765329 1
3380938 5835309 1
3380938 5843079 1
3437699 3569207 1
3437699 3637287 1
3437699 3652965 1
3437699 4419705 1
3437699 5729672 1
3437699 5765329 1
3437699 5835309 1
3437699 5843079 1
3569207 4419705 1
3569207 5729672 1
3569207 5765329 1
3569207 5835309 1
3569207 5843079 1
3637287 5729672 1
3637287 5765329 1
3637287 5835309 1
3637287 5843079 1
3652965 5729672 1
3652965 5765329 1
3652965 5835309 1
3652965 5843079 1
4419705 5729672 1
4419705 5765329 1
4419705 5835309 1
4419705 5843079 1
5729672 5765329 1
5729672 5835309 1
5729672 5843079 1
5765329 5835309 1
5765329 5843079 1
5835309 5843079 1
