4900485 4501639 3751563 8940559 2005777 7330196 3607191 3245979 2774558 833440 965153 4262434 8108579 4229925 9683623 1054764 58928 1602608 1808948 6798133 5330744 5831233 2104899 4089285 7762766 4044114 1461716 494421 3444824 526815 2285408 4048865 2925407 745699 2602596 5492836 4203368 9837930 4824555 2525803 6804973 7065198 4854517 8252917
58928 494421 2
58928 745699 2
58928 1461716 4
58928 2005777 1
58928 2104899 1
58928 2774558 3
58928 3245979 4
58928 3751563 1
58928 4044114 2
58928 4501639 2
58928 4854517 4
58928 5330744 3
494421 745699 2
494421 1461716 3
494421 2005777 2
494421 2104899 1
494421 2774558 2
494421 3245979 4
494421 3751563 1
494421 4044114 2
494421 4501639 4
494421 4854517 4
494421 5330744 2
745699 1461716 3
745699 2005777 2
745699 2104899 1
745699 2774558 3
745699 3245979 3
745699 3751563 1
745699 4044114 2
745699 4501639 3
745699 4854517 2
745699 5330744 2
1461716 2005777 2
1461716 2104899 1
1461716 2774558 4
1461716 3245979 6
1461716 3751563 1
1461716 4044114 2
1461716 4501639 4
1461716 4854517 5
1461716 5330744 3
2005777 2104899 1
2005777 2774558 4
2005777 3245979 5
2005777 3751563 1
2005777 4044114 1
2005777 4501639 3
2005777 4854517 3
2005777 5330744 1
2104899 2774558 1
2104899 3245979 1
2104899 3751563 1
2104899 4044114 1
2104899 4501639 1
2104899 4854517 1
2104899 5330744 1
2774558 3245979 7
2774558 3751563 1
2774558 4044114 2
2774558 4501639 3
2774558 4854517 4
2774558 5330744 3
3245979 3751563 1
3245979 4044114 2
3245979 4501639 5
3245979 4854517 7
3245979 5330744 3
3751563 4044114 1
3751563 4501639 1
3751563 4854517 1
3751563 5330744 1
4044114 4501639 2
4044114 4854517 2
4044114 5330744 2
4501639 4854517 4
4501639 5330744 2
4854517 5330744 3
58928 3607191 1
58928 4262434 2
494421 3607191 1
494421 4262434 2
745699 3607191 1
745699 4262434 1
1461716 3607191 1
1461716 4262434 3
2774558 3607191 2
2774558 4262434 1
3245979 3607191 2
3245979 4262434 3
3607191 4044114 1
3607191 4262434 1
3607191 4501639 1
3607191 4854517 1
3607191 5330744 1
4044114 4262434 1
4262434 4501639 2
4262434 4854517 3
4262434 5330744 1
58928 526815 1
58928 1602608 1
58928 2285408 1
58928 3444824 2
58928 4089285 1
58928 4229925 2
58928 4824555 2
526815 1461716 1
526815 1602608 1
526815 2285408 1
526815 2774558 1
526815 3245979 1
526815 3444824 1
526815 4089285 1
526815 4229925 1
526815 4824555 1
526815 4854517 1
526815 5330744 1
1461716 1602608 1
1461716 2285408 1
1461716 3444824 3
1461716 4089285 1
1461716 4229925 4
1461716 4824555 3
1602608 2285408 1
1602608 2774558 1
1602608 3245979 2
1602608 3444824 2
1602608 4089285 1
1602608 4229925 2
1602608 4824555 2
1602608 4854517 2
1602608 5330744 1
2285408 2774558 1
2285408 3245979 1
2285408 3444824 1
2285408 4089285 1
2285408 4229925 1
2285408 4824555 1
2285408 4854517 1
2285408 5330744 1
2774558 3444824 3
2774558 4089285 1
2774558 4229925 5
2774558 4824555 1
3245979 3444824 6
3245979 4089285 1
3245979 4229925 8
3245979 4824555 4
3444824 4089285 1
3444824 4229925 6
3444824 4824555 4
3444824 4854517 5
3444824 5330744 1
4089285 4229925 1
4089285 4824555 1
4089285 4854517 1
4089285 5330744 1
4229925 4824555 4
4229925 4854517 5
4229925 5330744 1
4824555 4854517 4
4824555 5330744 1
58928 1808948 1
58928 4203368 1
58928 5831233 1
58928 6804973 1
58928 7065198 1
1461716 1808948 1
1461716 4203368 3
1461716 5831233 1
1461716 6804973 1
1461716 7065198 2
1808948 3245979 1
1808948 3444824 1
1808948 4203368 1
1808948 4229925 1
1808948 4262434 1
1808948 4824555 1
1808948 4854517 1
1808948 5831233 1
1808948 6804973 1
1808948 7065198 1
3245979 4203368 4
3245979 5831233 1
3245979 6804973 1
3245979 7065198 2
3444824 4203368 3
3444824 4262434 2
3444824 5831233 1
3444824 6804973 1
3444824 7065198 2
4203368 4229925 4
4203368 4262434 2
4203368 4824555 3
4203368 4854517 3
4203368 5831233 1
4203368 6804973 1
4203368 7065198 2
4229925 4262434 2
4229925 5831233 1
4229925 6804973 1
4229925 7065198 2
4262434 4824555 2
4262434 5831233 1
4262434 6804973 1
4262434 7065198 2
4824555 5831233 1
4824555 6804973 1
4824555 7065198 2
4854517 5831233 1
4854517 6804973 1
4854517 7065198 2
5831233 6804973 1
5831233 7065198 1
6804973 7065198 1
494421 3444824 2
494421 4203368 2
494421 4229925 2
494421 4824555 2
494421 7065198 1
3444824 4501639 2
4203368 4501639 3
4229925 4501639 3
4501639 4824555 2
4501639 7065198 1
494421 965153 1
494421 1602608 1
494421 2602596 1
494421 4048865 1
965153 1602608 1
965153 2005777 3
965153 2602596 3
965153 3245979 3
965153 3444824 2
965153 4048865 1
965153 4203368 2
965153 4229925 3
965153 4501639 2
965153 4824555 1
965153 4854517 2
1602608 2005777 1
1602608 2602596 1
1602608 4048865 1
1602608 4203368 1
1602608 4501639 1
2005777 2602596 3
2005777 3444824 3
2005777 4048865 1
2005777 4203368 2
2005777 4229925 4
2005777 4824555 1
2602596 3245979 3
2602596 3444824 2
2602596 4048865 1
2602596 4203368 2
2602596 4229925 3
2602596 4501639 2
2602596 4824555 1
2602596 4854517 2
3245979 4048865 1
3444824 4048865 1
4048865 4203368 1
4048865 4229925 1
4048865 4501639 1
4048865 4824555 1
4048865 4854517 1
745699 965153 1
745699 1054764 1
745699 2525803 1
745699 2602596 1
745699 2925407 1
745699 4203368 1
745699 4229925 1
745699 6798133 1
745699 7762766 1
965153 1054764 1
965153 1461716 1
965153 2525803 1
965153 2774558 2
965153 2925407 1
965153 6798133 1
965153 7762766 1
1054764 1461716 1
1054764 2005777 1
1054764 2525803 1
1054764 2602596 1
1054764 2774558 1
1054764 2925407 1
1054764 3245979 1
1054764 4203368 1
1054764 4229925 1
1054764 4501639 1
1054764 6798133 1
1054764 7762766 1
1461716 2525803 1
1461716 2602596 1
1461716 2925407 1
1461716 6798133 1
1461716 7762766 1
2005777 2525803 1
2005777 2925407 1
2005777 6798133 1
2005777 7762766 1
2525803 2602596 1
2525803 2774558 1
2525803 2925407 1
2525803 3245979 1
2525803 4203368 1
2525803 4229925 1
2525803 4501639 1
2525803 6798133 1
2525803 7762766 1
2602596 2774558 2
2602596 2925407 1
2602596 6798133 1
2602596 7762766 1
2774558 2925407 1
2774558 4203368 1
2774558 6798133 1
2774558 7762766 1
2925407 3245979 1
2925407 4203368 1
2925407 4229925 1
2925407 4501639 1
2925407 6798133 1
2925407 7762766 1
3245979 6798133 1
3245979 7762766 1
4203368 6798133 1
4203368 7762766 1
4229925 6798133 1
4229925 7762766 1
4501639 6798133 1
4501639 7762766 1
6798133 7762766 1
2774558 4900485 1
2774558 8108579 1
3245979 4900485 1
3245979 8108579 1
3607191 4229925 1
3607191 4900485 1
3607191 8108579 1
4229925 4900485 1
4229925 8108579 1
4900485 8108579 1
2005777 8940559 1
2774558 8940559 1
3245979 8940559 1
3444824 8940559 1
4229925 8940559 1
833440 965153 1
833440 2005777 1
833440 2602596 1
833440 2774558 1
833440 3245979 1
833440 3444824 1
833440 4229925 1
833440 4854517 1
833440 5492836 1
833440 7330196 1
833440 8252917 1
833440 9683623 1
833440 9837930 1
965153 5492836 1
965153 7330196 1
965153 8252917 1
965153 9683623 1
965153 9837930 1
2005777 5492836 1
2005777 7330196 1
2005777 8252917 1
2005777 9683623 1
2005777 9837930 1
2602596 5492836 1
2602596 7330196 1
2602596 8252917 1
2602596 9683623 1
2602596 9837930 1
2774558 5492836 1
2774558 7330196 1
2774558 8252917 1
2774558 9683623 1
2774558 9837930 1
3245979 5492836 1
3245979 7330196 1
3245979 8252917 1
3245979 9683623 1
3245979 9837930 1
3444824 5492836 1
3444824 7330196 1
3444824 8252917 1
3444824 9683623 1
3444824 9837930 1
4229925 5492836 1
4229925 7330196 1
4229925 8252917 1
4229925 9683623 1
4229925 9837930 1
4854517 5492836 1
4854517 7330196 1
4854517 8252917 1
4854517 9683623 1
4854517 9837930 1
5492836 7330196 1
5492836 8252917 1
5492836 9683623 1
5492836 9837930 1
7330196 8252917 1
7330196 9683623 1
7330196 9837930 1
8252917 9683623 1
8252917 9837930 1
9683623 9837930 1
