163605252 8245125 11537028 87062412 167462802 66735512 137572632 65638042 157057822 40801952 63477422 14214207 108230592 15655891 154428372 14095578 115827802 51893472 51284452 136087652 63037802 57784812 38573812 32151032 161411322 182673147
14214207 51284452 5
14214207 63037802 3
14214207 65638042 6
51284452 63037802 1
51284452 65638042 2
63037802 65638042 2
14214207 38573812 1
14214207 136087652 1
14214207 137572632 1
38573812 63037802 1
38573812 136087652 1
38573812 137572632 1
63037802 136087652 1
63037802 137572632 1
136087652 137572632 1
14214207 87062412 2
65638042 87062412 2
14214207 32151032 3
14214207 40801952 1
14214207 66735512 2
14214207 108230592 3
32151032 40801952 1
32151032 65638042 2
32151032 66735512 1
32151032 108230592 1
40801952 65638042 1
40801952 66735512 1
40801952 108230592 1
65638042 66735512 2
65638042 108230592 2
66735512 108230592 2
14214207 15655891 1
14214207 51893472 4
14214207 57784812 4
14214207 154428372 1
14214207 157057822 1
14214207 161411322 1
14214207 163605252 1
15655891 51893472 1
15655891 57784812 1
15655891 63037802 1
15655891 65638042 1
15655891 66735512 1
15655891 108230592 1
15655891 154428372 1
15655891 157057822 1
15655891 161411322 1
15655891 163605252 1
51893472 57784812 2
51893472 63037802 1
51893472 65638042 3
51893472 66735512 1
51893472 108230592 1
51893472 154428372 1
51893472 157057822 1
51893472 161411322 1
51893472 163605252 1
57784812 63037802 1
57784812 65638042 2
57784812 66735512 1
57784812 108230592 2
57784812 154428372 1
57784812 157057822 1
57784812 161411322 1
57784812 163605252 1
63037802 66735512 1
63037802 108230592 1
63037802 154428372 1
63037802 157057822 1
63037802 161411322 1
63037802 163605252 1
65638042 154428372 1
65638042 157057822 1
65638042 161411322 1
65638042 163605252 1
66735512 154428372 1
66735512 157057822 1
66735512 161411322 1
66735512 163605252 1
108230592 154428372 1
108230592 157057822 1
108230592 161411322 1
108230592 163605252 1
154428372 157057822 1
154428372 161411322 1
154428372 163605252 1
157057822 161411322 1
157057822 163605252 1
161411322 163605252 1
32151032 51893472 2
32151032 87062412 1
51893472 87062412 1
8245125 11537028 1
8245125 14214207 1
8245125 51284452 1
8245125 51893472 1
8245125 57784812 1
8245125 63477422 1
8245125 65638042 1
8245125 167462802 1
11537028 14214207 2
11537028 51284452 2
11537028 51893472 1
11537028 57784812 2
11537028 63477422 1
11537028 65638042 1
11537028 167462802 1
14214207 63477422 1
14214207 167462802 1
51284452 51893472 2
51284452 57784812 3
51284452 63477422 1
51284452 167462802 1
51893472 63477422 1
51893472 167462802 1
57784812 63477422 1
57784812 167462802 1
63477422 65638042 1
63477422 167462802 1
65638042 167462802 1
11537028 14095578 1
14095578 14214207 1
14095578 51284452 1
14095578 57784812 1
14214207 182673147 1
51284452 108230592 1
51284452 182673147 1
57784812 182673147 1
108230592 182673147 1
14214207 115827802 1
32151032 51284452 1
32151032 115827802 1
51284452 115827802 1
51893472 115827802 1
