9253636 3156100 4546790 6336039 1502600 9406055 5135151 7797040 6839895 4179129 1891419 4950941 3264990 7019551
3264990 4179129 1
3264990 6336039 1
3264990 6839895 5
3264990 7019551 5
3264990 9253636 2
4179129 6336039 1
4179129 6839895 1
4179129 7019551 1
4179129 9253636 1
6336039 6839895 1
6336039 7019551 1
6336039 9253636 1
6839895 7019551 10
6839895 9253636 2
7019551 9253636 2
1502600 4546790 2
1502600 4950941 2
1502600 5135151 2
1502600 6839895 3
1502600 7019551 3
1502600 7797040 2
4546790 4950941 4
4546790 5135151 5
4546790 6839895 5
4546790 7019551 5
4546790 7797040 5
4950941 5135151 4
4950941 6839895 4
4950941 7019551 4
4950941 7797040 4
5135151 6839895 6
5135151 7019551 6
5135151 7797040 6
6839895 7797040 8
7019551 7797040 8
1502600 3264990 1
1502600 9253636 1
3156100 4546790 2
3156100 4950941 2
3156100 5135151 2
3156100 6839895 3
3156100 7019551 3
3156100 7797040 3
3156100 9406055 1
4546790 9406055 3
4950941 9406055 2
5135151 9406055 3
6839895 9406055 3
7019551 9406055 3
7797040 9406055 3
3156100 3264990 1
3264990 7797040 3
1502600 9406055 1
1891419 3264990 1
1891419 4546790 1
1891419 5135151 1
1891419 6839895 1
1891419 7019551 1
1891419 7797040 1
1891419 9406055 1
3264990 4546790 1
3264990 5135151 2
3264990 9406055 1
