12043906 5760393 8028170 9899659 12887571 5770389 2026134 8494613 71284502 12789269 7514904 14239001 4205340 87806622 79068192 59722532 23497511 5459112 62423592 13644330 46734632 50710062 76685232 77673392 61005492 17461941 42334842 68941242 17950652 9487936 11136122 2571719 1563080 7677646 31839952 78816212 3156313 11704283 12920800 10289894 78398182 48766312 92096232 59246442 14498027 78077422 3055855 71197042 11018610 3702138 10956411 4315132
2026134 4315132 1
2026134 5459112 3
2026134 5770389 1
2026134 7677646 3
2026134 8028170 2
2026134 8494613 3
2026134 9487936 1
2026134 10956411 3
2026134 12887571 2
2026134 12920800 2
2026134 50710062 1
2026134 71197042 1
2026134 71284502 1
4315132 5459112 1
4315132 5770389 1
4315132 7677646 1
4315132 8028170 1
4315132 8494613 1
4315132 9487936 1
4315132 10956411 1
4315132 12887571 1
4315132 12920800 1
4315132 50710062 1
4315132 71197042 1
4315132 71284502 1
5459112 5770389 1
5459112 7677646 3
5459112 8028170 2
5459112 8494613 4
5459112 9487936 1
5459112 10956411 4
5459112 12887571 2
5459112 12920800 3
5459112 50710062 2
5459112 71197042 1
5459112 71284502 1
5770389 7677646 1
5770389 8028170 1
5770389 8494613 1
5770389 9487936 1
5770389 10956411 1
5770389 12887571 1
5770389 12920800 1
5770389 50710062 1
5770389 71197042 1
5770389 71284502 1
7677646 8028170 2
7677646 8494613 2
7677646 9487936 1
7677646 10956411 7
7677646 12887571 2
7677646 12920800 7
7677646 50710062 2
7677646 71197042 1
7677646 71284502 1
8028170 8494613 2
8028170 9487936 1
8028170 10956411 2
8028170 12887571 2
8028170 12920800 2
8028170 50710062 1
8028170 71197042 1
8028170 71284502 1
8494613 9487936 1
8494613 10956411 3
8494613 12887571 2
8494613 12920800 2
8494613 50710062 1
8494613 71197042 1
8494613 71284502 1
9487936 10956411 1
9487936 12887571 1
9487936 12920800 1
9487936 50710062 1
9487936 71197042 1
9487936 71284502 1
10956411 12887571 2
10956411 12920800 7
10956411 50710062 2
10956411 71197042 1
10956411 71284502 1
12887571 12920800 2
12887571 50710062 1
12887571 71197042 1
12887571 71284502 1
12920800 50710062 2
12920800 71197042 1
12920800 71284502 1
50710062 71197042 1
50710062 71284502 1
71197042 71284502 1
2026134 3156313 2
2026134 3702138 2
2026134 4205340 1
2026134 5760393 1
2026134 9899659 1
2026134 10289894 1
2026134 11018610 1
2026134 12043906 2
2026134 12789269 1
2026134 13644330 2
2026134 14498027 1
2026134 17461941 1
2026134 17950652 2
2026134 23497511 1
2026134 42334842 2
2026134 48766312 1
2026134 59722532 1
2026134 61005492 1
2026134 62423592 1
2026134 68941242 2
2026134 76685232 1
3156313 3702138 1
3156313 4205340 1
3156313 5459112 2
3156313 5760393 1
3156313 7677646 1
3156313 8028170 1
3156313 8494613 2
3156313 9899659 1
3156313 10289894 1
3156313 10956411 2
3156313 11018610 1
3156313 12043906 1
3156313 12789269 1
3156313 12887571 1
3156313 12920800 1
3156313 13644330 1
3156313 14498027 1
3156313 17461941 1
3156313 17950652 2
3156313 23497511 1
3156313 42334842 2
3156313 48766312 1
3156313 59722532 1
3156313 61005492 1
3156313 62423592 1
3156313 68941242 2
3156313 76685232 1
3702138 4205340 1
3702138 5459112 3
3702138 5760393 1
3702138 7677646 7
3702138 8028170 1
3702138 8494613 2
3702138 9899659 1
3702138 10289894 1
3702138 10956411 6
3702138 11018610 1
3702138 12043906 3
3702138 12789269 3
3702138 12887571 1
3702138 12920800 6
3702138 13644330 3
3702138 14498027 1
3702138 17461941 4
3702138 17950652 1
3702138 23497511 1
3702138 42334842 6
3702138 48766312 3
3702138 59722532 2
3702138 61005492 1
3702138 62423592 1
3702138 68941242 1
3702138 76685232 1
4205340 5459112 1
4205340 5760393 1
4205340 7677646 1
4205340 8028170 1
4205340 8494613 1
4205340 9899659 1
4205340 10289894 1
4205340 10956411 1
4205340 11018610 1
4205340 12043906 1
4205340 12789269 1
4205340 12887571 1
4205340 12920800 1
4205340 13644330 1
4205340 14498027 1
4205340 17461941 1
4205340 17950652 1
4205340 23497511 1
4205340 42334842 1
4205340 48766312 1
4205340 59722532 1
4205340 61005492 1
4205340 62423592 1
4205340 68941242 1
4205340 76685232 1
5459112 5760393 1
5459112 9899659 1
5459112 10289894 1
5459112 11018610 1
5459112 12043906 1
5459112 12789269 1
5459112 13644330 1
5459112 14498027 1
5459112 17461941 1
5459112 17950652 2
5459112 23497511 1
5459112 42334842 3
5459112 48766312 2
5459112 59722532 1
5459112 61005492 1
5459112 62423592 1
5459112 68941242 2
5459112 76685232 1
5760393 7677646 1
5760393 8028170 1
5760393 8494613 1
5760393 9899659 1
5760393 10289894 1
5760393 10956411 1
5760393 11018610 1
5760393 12043906 1
5760393 12789269 1
5760393 12887571 1
5760393 12920800 1
5760393 13644330 1
5760393 14498027 1
5760393 17461941 1
5760393 17950652 1
5760393 23497511 1
5760393 42334842 1
5760393 48766312 1
5760393 59722532 1
5760393 61005492 1
5760393 62423592 1
5760393 68941242 1
5760393 76685232 1
7677646 9899659 1
7677646 10289894 1
7677646 11018610 1
7677646 12043906 3
7677646 12789269 3
7677646 13644330 3
7677646 14498027 1
7677646 17461941 4
7677646 17950652 1
7677646 23497511 1
7677646 42334842 6
7677646 48766312 3
7677646 59722532 2
7677646 61005492 1
7677646 62423592 1
7677646 68941242 1
7677646 76685232 1
8028170 9899659 1
8028170 10289894 1
8028170 11018610 1
8028170 12043906 1
8028170 12789269 1
8028170 13644330 1
8028170 14498027 1
8028170 17461941 1
8028170 17950652 1
8028170 23497511 1
8028170 42334842 1
8028170 48766312 1
8028170 59722532 1
8028170 61005492 1
8028170 62423592 1
8028170 68941242 1
8028170 76685232 1
8494613 9899659 1
8494613 10289894 1
8494613 11018610 1
8494613 12043906 1
8494613 12789269 1
8494613 13644330 1
8494613 14498027 1
8494613 17461941 1
8494613 17950652 2
8494613 23497511 1
8494613 42334842 2
8494613 48766312 1
8494613 59722532 1
8494613 61005492 1
8494613 62423592 1
8494613 68941242 2
8494613 76685232 1
9899659 10289894 1
9899659 10956411 1
9899659 11018610 1
9899659 12043906 1
9899659 12789269 1
9899659 12887571 1
9899659 12920800 1
9899659 13644330 1
9899659 14498027 1
9899659 17461941 1
9899659 17950652 1
9899659 23497511 1
9899659 42334842 1
9899659 48766312 1
9899659 59722532 1
9899659 61005492 1
9899659 62423592 1
9899659 68941242 1
9899659 76685232 1
10289894 10956411 1
10289894 11018610 1
10289894 12043906 1
10289894 12789269 1
10289894 12887571 1
10289894 12920800 1
10289894 13644330 1
10289894 14498027 1
10289894 17461941 1
10289894 17950652 1
10289894 23497511 1
10289894 42334842 1
10289894 48766312 1
10289894 59722532 1
10289894 61005492 1
10289894 62423592 1
10289894 68941242 1
10289894 76685232 1
10956411 11018610 1
10956411 12043906 2
10956411 12789269 3
10956411 13644330 2
10956411 14498027 1
10956411 17461941 4
10956411 17950652 2
10956411 23497511 1
10956411 42334842 7
10956411 48766312 3
10956411 59722532 2
10956411 61005492 1
10956411 62423592 1
10956411 68941242 2
10956411 76685232 1
11018610 12043906 1
11018610 12789269 1
11018610 12887571 1
11018610 12920800 1
11018610 13644330 1
11018610 14498027 1
11018610 17461941 1
11018610 17950652 1
11018610 23497511 1
11018610 42334842 1
11018610 48766312 1
11018610 59722532 1
11018610 61005492 1
11018610 62423592 1
11018610 68941242 1
11018610 76685232 1
12043906 12789269 1
12043906 12887571 1
12043906 12920800 2
12043906 13644330 3
12043906 14498027 1
12043906 17461941 1
12043906 17950652 1
12043906 23497511 1
12043906 42334842 2
12043906 48766312 1
12043906 59722532 2
12043906 61005492 1
12043906 62423592 1
12043906 68941242 1
12043906 76685232 1
12789269 12887571 1
12789269 12920800 3
12789269 13644330 1
12789269 14498027 1
12789269 17461941 3
12789269 17950652 1
12789269 23497511 1
12789269 42334842 3
12789269 48766312 2
12789269 59722532 1
12789269 61005492 1
12789269 62423592 1
12789269 68941242 1
12789269 76685232 1
12887571 13644330 1
12887571 14498027 1
12887571 17461941 1
12887571 17950652 1
12887571 23497511 1
12887571 42334842 1
12887571 48766312 1
12887571 59722532 1
12887571 61005492 1
12887571 62423592 1
12887571 68941242 1
12887571 76685232 1
12920800 13644330 2
12920800 14498027 1
12920800 17461941 4
12920800 17950652 1
12920800 23497511 1
12920800 42334842 6
12920800 48766312 3
12920800 59722532 2
12920800 61005492 1
12920800 62423592 1
12920800 68941242 1
12920800 76685232 1
13644330 14498027 1
13644330 17461941 1
13644330 17950652 1
13644330 23497511 1
13644330 42334842 2
13644330 48766312 1
13644330 59722532 2
13644330 61005492 1
13644330 62423592 1
13644330 68941242 1
13644330 76685232 1
14498027 17461941 1
14498027 17950652 1
14498027 23497511 1
14498027 42334842 1
14498027 48766312 1
14498027 59722532 1
14498027 61005492 1
14498027 62423592 1
14498027 68941242 1
14498027 76685232 1
17461941 17950652 1
17461941 23497511 1
17461941 42334842 4
17461941 48766312 2
17461941 59722532 1
17461941 61005492 1
17461941 62423592 1
17461941 68941242 1
17461941 76685232 1
17950652 23497511 1
17950652 42334842 2
17950652 48766312 1
17950652 59722532 1
17950652 61005492 1
17950652 62423592 1
17950652 68941242 2
17950652 76685232 1
23497511 42334842 1
23497511 48766312 1
23497511 59722532 1
23497511 61005492 1
23497511 62423592 1
23497511 68941242 1
23497511 76685232 1
42334842 48766312 3
42334842 59722532 2
42334842 61005492 1
42334842 62423592 1
42334842 68941242 2
42334842 76685232 1
48766312 59722532 1
48766312 61005492 1
48766312 62423592 1
48766312 68941242 1
48766312 76685232 1
59722532 61005492 1
59722532 62423592 1
59722532 68941242 1
59722532 76685232 1
61005492 62423592 1
61005492 68941242 1
61005492 76685232 1
62423592 68941242 1
62423592 76685232 1
68941242 76685232 1
1563080 3702138 5
1563080 5459112 3
1563080 7514904 3
1563080 7677646 4
1563080 10956411 4
1563080 12920800 3
1563080 14239001 2
1563080 42334842 4
1563080 48766312 2
1563080 50710062 1
1563080 78398182 3
3702138 7514904 3
3702138 14239001 4
3702138 50710062 1
3702138 78398182 5
5459112 7514904 1
5459112 14239001 1
5459112 78398182 1
7514904 7677646 3
7514904 10956411 3
7514904 12920800 3
7514904 14239001 2
7514904 42334842 3
7514904 48766312 2
7514904 50710062 1
7514904 78398182 3
7677646 14239001 4
7677646 78398182 5
10956411 14239001 4
10956411 78398182 5
12920800 14239001 4
12920800 78398182 5
14239001 42334842 4
14239001 48766312 1
14239001 50710062 1
14239001 78398182 4
42334842 50710062 1
42334842 78398182 5
48766312 50710062 1
48766312 78398182 2
50710062 78398182 1
1563080 17461941 2
1563080 78077422 3
1563080 78816212 2
3702138 78077422 4
3702138 78816212 3
7514904 17461941 2
7514904 78077422 2
7514904 78816212 2
7677646 78077422 4
7677646 78816212 3
10956411 78077422 5
10956411 78816212 3
12920800 78077422 4
12920800 78816212 3
14239001 17461941 2
14239001 78077422 3
14239001 78816212 2
17461941 78077422 3
17461941 78398182 3
17461941 78816212 2
42334842 78077422 5
42334842 78816212 3
78077422 78398182 4
78077422 78816212 3
78398182 78816212 3
12043906 14239001 1
12043906 78077422 1
12043906 78398182 1
12043906 78816212 1
13644330 14239001 1
13644330 78077422 1
13644330 78398182 1
13644330 78816212 1
14239001 59722532 1
59722532 78077422 1
59722532 78398182 1
59722532 78816212 1
12789269 14239001 1
12789269 78077422 2
12789269 78398182 2
1563080 12789269 1
1563080 46734632 2
1563080 59246442 1
1563080 77673392 2
3702138 46734632 1
3702138 59246442 1
3702138 77673392 1
7514904 12789269 1
7514904 46734632 1
7514904 59246442 1
7514904 77673392 1
7677646 46734632 1
7677646 59246442 1
7677646 77673392 1
10956411 46734632 2
10956411 59246442 1
10956411 77673392 2
12789269 46734632 1
12789269 59246442 1
12789269 77673392 1
12789269 78816212 1
12920800 46734632 1
12920800 59246442 1
12920800 77673392 1
17461941 46734632 1
17461941 59246442 1
17461941 77673392 1
42334842 46734632 2
42334842 59246442 1
42334842 77673392 2
46734632 48766312 1
46734632 59246442 1
46734632 77673392 2
46734632 78077422 2
46734632 78398182 1
46734632 78816212 1
48766312 59246442 1
48766312 77673392 1
48766312 78077422 1
48766312 78816212 1
59246442 77673392 1
59246442 78077422 1
59246442 78398182 1
59246442 78816212 1
77673392 78077422 2
77673392 78398182 1
77673392 78816212 1
1563080 2026134 2
1563080 2571719 2
1563080 12043906 1
1563080 13644330 1
2026134 2571719 2
2571719 3702138 1
2571719 7677646 1
2571719 12043906 1
2571719 13644330 1
1563080 3055855 2
1563080 8494613 2
1563080 11704283 1
1563080 87806622 2
1563080 92096232 2
3055855 3702138 1
3055855 5459112 2
3055855 8494613 2
3055855 11704283 1
3055855 87806622 2
3055855 92096232 2
3702138 11704283 1
3702138 87806622 1
3702138 92096232 1
5459112 11704283 1
5459112 87806622 2
5459112 92096232 2
8494613 11704283 1
8494613 87806622 2
8494613 92096232 2
11704283 87806622 1
11704283 92096232 1
87806622 92096232 2
1563080 3156313 1
1563080 11136122 1
1563080 17950652 1
1563080 31839952 1
1563080 68941242 1
1563080 79068192 1
2026134 3055855 1
2026134 11136122 1
2026134 31839952 1
2026134 46734632 1
2026134 77673392 1
2026134 78077422 1
2026134 79068192 1
2026134 87806622 1
2026134 92096232 1
2571719 3055855 1
2571719 3156313 1
2571719 5459112 1
2571719 8494613 1
2571719 10956411 1
2571719 11136122 1
2571719 17950652 1
2571719 31839952 1
2571719 42334842 1
2571719 46734632 1
2571719 68941242 1
2571719 77673392 1
2571719 78077422 1
2571719 79068192 1
2571719 87806622 1
2571719 92096232 1
3055855 3156313 1
3055855 10956411 1
3055855 11136122 1
3055855 17950652 1
3055855 31839952 1
3055855 42334842 1
3055855 46734632 1
3055855 68941242 1
3055855 77673392 1
3055855 78077422 1
3055855 79068192 1
3156313 11136122 1
3156313 31839952 1
3156313 46734632 1
3156313 77673392 1
3156313 78077422 1
3156313 79068192 1
3156313 87806622 1
3156313 92096232 1
5459112 11136122 1
5459112 31839952 1
5459112 46734632 1
5459112 77673392 1
5459112 78077422 1
5459112 79068192 1
8494613 11136122 1
8494613 31839952 1
8494613 46734632 1
8494613 77673392 1
8494613 78077422 1
8494613 79068192 1
10956411 11136122 1
10956411 31839952 1
10956411 79068192 1
10956411 87806622 1
10956411 92096232 1
11136122 17950652 1
11136122 31839952 1
11136122 42334842 1
11136122 46734632 1
11136122 68941242 1
11136122 77673392 1
11136122 78077422 1
11136122 79068192 1
11136122 87806622 1
11136122 92096232 1
17950652 31839952 1
17950652 46734632 1
17950652 77673392 1
17950652 78077422 1
17950652 79068192 1
17950652 87806622 1
17950652 92096232 1
31839952 42334842 1
31839952 46734632 1
31839952 68941242 1
31839952 77673392 1
31839952 78077422 1
31839952 79068192 1
31839952 87806622 1
31839952 92096232 1
42334842 79068192 1
42334842 87806622 1
42334842 92096232 1
46734632 68941242 1
46734632 79068192 1
46734632 87806622 1
46734632 92096232 1
68941242 77673392 1
68941242 78077422 1
68941242 79068192 1
68941242 87806622 1
68941242 92096232 1
77673392 79068192 1
77673392 87806622 1
77673392 92096232 1
78077422 79068192 1
78077422 87806622 1
78077422 92096232 1
79068192 87806622 1
79068192 92096232 1
