63489892 83454182 55126512 63090482 33646452 13642484 15318201 146341562 126038172
13642484 33646452 2
13642484 55126512 5
13642484 83454182 5
13642484 146341562 2
33646452 55126512 2
33646452 83454182 2
33646452 146341562 1
55126512 83454182 6
55126512 146341562 3
83454182 146341562 3
15318201 55126512 4
15318201 63489892 2
15318201 83454182 4
15318201 146341562 1
55126512 63489892 2
63489892 83454182 2
63489892 146341562 1
13642484 15318201 3
13642484 63090482 3
13642484 126038172 1
15318201 63090482 3
15318201 126038172 1
55126512 63090482 3
55126512 126038172 1
63090482 83454182 3
63090482 126038172 1
83454182 126038172 1
13642484 63489892 1
15318201 33646452 1
33646452 63090482 1
33646452 63489892 1
63090482 63489892 1
