170522912 147514592 12607786 1071981 72262702 53581362 139328052 94141052 104782142
1071981 12607786 10
1071981 94141052 2
1071981 104782142 9
1071981 170522912 1
12607786 94141052 2
12607786 104782142 9
12607786 170522912 1
94141052 104782142 2
94141052 170522912 1
104782142 170522912 1
1071981 72262702 1
1071981 147514592 4
12607786 72262702 1
12607786 147514592 4
72262702 104782142 1
72262702 147514592 1
104782142 147514592 4
1071981 139328052 1
12607786 139328052 1
104782142 139328052 1
94141052 147514592 1
1071981 53581362 1
12607786 53581362 1
53581362 104782142 1
53581362 147514592 1
