11421698 16265731 65980422 62936582 25473042 42586652 13021216 25939492 77013552 71691832 8037432 105688632 28582462 74055742 30952512 11678275 86252612 8081990 95836742 104634952 59184202 104795212 8383565 10142304 57237092 82921062 13317225 83553392 20210801 85259892 12250230 35196552 87699592 59183762 53043862 12618393 27608222 3189918 5300895 10681507 83051172 30326952 86377132 38708912 23988912 64755892 51161272 39509692 90543812 51664582 10275533 21531341 11890896 68666072 24654042 35059422 75292382 52991712 20154081 13734627 82587882 11197675 12794093 13883122 13922037 87498492 57550082 11404559 39651602 100336402 30591762 59181852 10316063 65056032 80455462 103320872 14367531 12862768 50063152 21594931 28127542 12762423 10947900 31755072 3296581 13518671 64767312 76056402 28981592 86330202 51408732 18702181 8055655 40002412 38073202 10468724 83370872 34206712 65611132 23024001 32424322 73740162 11313542 12931462 75215242 14009750 3794330 13651355 72756122 83376032 74059682 88824752 6459313 61672882 14077879 68090302 53065662 97499072 13261761 56832962 14442952 12645839 100425682 21251031 10021340 12642781 104908252 8888287 71834592 60904932 63933422 2884594 7789556 9676277 62679032 37131772 100514302
3296581 7789556 1
3296581 10468724 2
3296581 11313542 1
3296581 11678275 1
3296581 12645839 2
3296581 12762423 1
3296581 12862768 1
3296581 13021216 1
3296581 13317225 1
3296581 13651355 1
3296581 13734627 1
3296581 13883122 1
3296581 14009750 2
3296581 18702181 1
3296581 20210801 2
3296581 21594931 1
3296581 25939492 1
3296581 27608222 2
3296581 28582462 1
3296581 28981592 1
3296581 30952512 1
3296581 31755072 2
3296581 38708912 2
3296581 39651602 1
3296581 40002412 1
3296581 51161272 1
3296581 51408732 1
3296581 56832962 2
3296581 57550082 1
3296581 59181852 2
3296581 59183762 1
3296581 61672882 2
3296581 64767312 2
3296581 65980422 2
3296581 68090302 1
3296581 68666072 1
7789556 10468724 2
7789556 11313542 1
7789556 11678275 1
7789556 12645839 1
7789556 12762423 1
7789556 12862768 1
7789556 13021216 1
7789556 13317225 1
7789556 13651355 1
7789556 13734627 1
7789556 13883122 1
7789556 14009750 1
7789556 18702181 1
7789556 20210801 2
7789556 21594931 1
7789556 25939492 1
7789556 27608222 2
7789556 28582462 1
7789556 28981592 1
7789556 30952512 2
7789556 31755072 1
7789556 38708912 1
7789556 39651602 2
7789556 40002412 1
7789556 51161272 2
7789556 51408732 1
7789556 56832962 2
7789556 57550082 1
7789556 59181852 1
7789556 59183762 2
7789556 61672882 2
7789556 64767312 1
7789556 65980422 2
7789556 68090302 2
7789556 68666072 1
10468724 11313542 1
10468724 11678275 1
10468724 12645839 2
10468724 12762423 1
10468724 12862768 1
10468724 13021216 1
10468724 13317225 1
10468724 13651355 1
10468724 13734627 1
10468724 13883122 2
10468724 14009750 2
10468724 18702181 1
10468724 20210801 4
10468724 21594931 1
10468724 25939492 1
10468724 27608222 5
10468724 28582462 1
10468724 28981592 1
10468724 30952512 2
10468724 31755072 2
10468724 38708912 2
10468724 39651602 2
10468724 40002412 1
10468724 51161272 2
10468724 51408732 1
10468724 56832962 3
10468724 57550082 1
10468724 59181852 3
10468724 59183762 2
10468724 61672882 5
10468724 64767312 2
10468724 65980422 4
10468724 68090302 2
10468724 68666072 1
11313542 11678275 2
11313542 12645839 1
11313542 12762423 1
11313542 12862768 1
11313542 13021216 2
11313542 13317225 1
11313542 13651355 1
11313542 13734627 2
11313542 13883122 2
11313542 14009750 1
11313542 18702181 1
11313542 20210801 2
11313542 21594931 1
11313542 25939492 2
11313542 27608222 2
11313542 28582462 2
11313542 28981592 1
11313542 30952512 1
11313542 31755072 2
11313542 38708912 1
11313542 39651602 2
11313542 40002412 1
11313542 51161272 2
11313542 51408732 2
11313542 56832962 1
11313542 57550082 1
11313542 59181852 2
11313542 59183762 1
11313542 61672882 2
11313542 64767312 1
11313542 65980422 2
11313542 68090302 1
11313542 68666072 1
11678275 12645839 1
11678275 12762423 1
11678275 12862768 1
11678275 13021216 2
11678275 13317225 1
11678275 13651355 1
11678275 13734627 2
11678275 13883122 2
11678275 14009750 1
11678275 18702181 1
11678275 20210801 2
11678275 21594931 1
11678275 25939492 2
11678275 27608222 2
11678275 28582462 2
11678275 28981592 1
11678275 30952512 1
11678275 31755072 2
11678275 38708912 1
11678275 39651602 2
11678275 40002412 1
11678275 51161272 2
11678275 51408732 2
11678275 56832962 1
11678275 57550082 1
11678275 59181852 2
11678275 59183762 1
11678275 61672882 2
11678275 64767312 1
11678275 65980422 2
11678275 68090302 1
11678275 68666072 1
12645839 12762423 1
12645839 12862768 1
12645839 13021216 1
12645839 13317225 1
12645839 13651355 1
12645839 13734627 1
12645839 13883122 1
12645839 14009750 2
12645839 18702181 1
12645839 20210801 2
12645839 21594931 1
12645839 25939492 1
12645839 27608222 2
12645839 28582462 1
12645839 28981592 1
12645839 30952512 1
12645839 31755072 2
12645839 38708912 2
12645839 39651602 1
12645839 40002412 1
12645839 51161272 1
12645839 51408732 1
12645839 56832962 2
12645839 57550082 1
12645839 59181852 2
12645839 59183762 1
12645839 61672882 2
12645839 64767312 2
12645839 65980422 2
12645839 68090302 1
12645839 68666072 1
12762423 12862768 1
12762423 13021216 1
12762423 13317225 1
12762423 13651355 1
12762423 13734627 1
12762423 13883122 1
12762423 14009750 1
12762423 18702181 1
12762423 20210801 1
12762423 21594931 1
12762423 25939492 1
12762423 27608222 1
12762423 28582462 1
12762423 28981592 1
12762423 30952512 1
12762423 31755072 1
12762423 38708912 1
12762423 39651602 1
12762423 40002412 1
12762423 51161272 1
12762423 51408732 1
12762423 56832962 1
12762423 57550082 1
12762423 59181852 1
12762423 59183762 1
12762423 61672882 1
12762423 64767312 1
12762423 65980422 1
12762423 68090302 1
12762423 68666072 1
12862768 13021216 1
12862768 13317225 1
12862768 13651355 1
12862768 13734627 1
12862768 13883122 1
12862768 14009750 1
12862768 18702181 1
12862768 20210801 1
12862768 21594931 1
12862768 25939492 1
12862768 27608222 1
12862768 28582462 1
12862768 28981592 1
12862768 30952512 1
12862768 31755072 1
12862768 38708912 1
12862768 39651602 1
12862768 40002412 1
12862768 51161272 1
12862768 51408732 1
12862768 56832962 1
12862768 57550082 1
12862768 59181852 1
12862768 59183762 1
12862768 61672882 1
12862768 64767312 1
12862768 65980422 1
12862768 68090302 1
12862768 68666072 1
13021216 13317225 1
13021216 13651355 1
13021216 13734627 2
13021216 13883122 3
13021216 14009750 2
13021216 18702181 1
13021216 20210801 2
13021216 21594931 1
13021216 25939492 2
13021216 27608222 3
13021216 28582462 2
13021216 28981592 1
13021216 30952512 1
13021216 31755072 3
13021216 38708912 1
13021216 39651602 2
13021216 40002412 1
13021216 51161272 2
13021216 51408732 2
13021216 56832962 1
13021216 57550082 1
13021216 59181852 3
13021216 59183762 1
13021216 61672882 2
13021216 64767312 1
13021216 65980422 3
13021216 68090302 1
13021216 68666072 1
13317225 13651355 1
13317225 13734627 1
13317225 13883122 1
13317225 14009750 1
13317225 18702181 1
13317225 20210801 1
13317225 21594931 1
13317225 25939492 1
13317225 27608222 1
13317225 28582462 1
13317225 28981592 1
13317225 30952512 1
13317225 31755072 1
13317225 38708912 1
13317225 39651602 1
13317225 40002412 1
13317225 51161272 1
13317225 51408732 1
13317225 56832962 1
13317225 57550082 1
13317225 59181852 1
13317225 59183762 1
13317225 61672882 1
13317225 64767312 1
13317225 65980422 1
13317225 68090302 1
13317225 68666072 1
13651355 13734627 1
13651355 13883122 1
13651355 14009750 1
13651355 18702181 1
13651355 20210801 1
13651355 21594931 1
13651355 25939492 1
13651355 27608222 1
13651355 28582462 1
13651355 28981592 1
13651355 30952512 1
13651355 31755072 1
13651355 38708912 1
13651355 39651602 1
13651355 40002412 1
13651355 51161272 1
13651355 51408732 1
13651355 56832962 1
13651355 57550082 1
13651355 59181852 1
13651355 59183762 1
13651355 61672882 1
13651355 64767312 1
13651355 65980422 1
13651355 68090302 1
13651355 68666072 1
13734627 13883122 2
13734627 14009750 1
13734627 18702181 1
13734627 20210801 2
13734627 21594931 1
13734627 25939492 2
13734627 27608222 2
13734627 28582462 2
13734627 28981592 1
13734627 30952512 1
13734627 31755072 2
13734627 38708912 1
13734627 39651602 2
13734627 40002412 1
13734627 51161272 2
13734627 51408732 2
13734627 56832962 1
13734627 57550082 1
13734627 59181852 2
13734627 59183762 1
13734627 61672882 2
13734627 64767312 1
13734627 65980422 2
13734627 68090302 1
13734627 68666072 1
13883122 14009750 2
13883122 18702181 1
13883122 20210801 3
13883122 21594931 1
13883122 25939492 2
13883122 27608222 4
13883122 28582462 2
13883122 28981592 1
13883122 30952512 1
13883122 31755072 3
13883122 38708912 1
13883122 39651602 2
13883122 40002412 1
13883122 51161272 2
13883122 51408732 2
13883122 56832962 1
13883122 57550082 1
13883122 59181852 4
13883122 59183762 1
13883122 61672882 3
13883122 64767312 1
13883122 65980422 4
13883122 68090302 1
13883122 68666072 1
14009750 18702181 1
14009750 20210801 2
14009750 21594931 1
14009750 25939492 1
14009750 27608222 3
14009750 28582462 1
14009750 28981592 1
14009750 30952512 1
14009750 31755072 3
14009750 38708912 2
14009750 39651602 1
14009750 40002412 1
14009750 51161272 1
14009750 51408732 1
14009750 56832962 2
14009750 57550082 1
14009750 59181852 3
14009750 59183762 1
14009750 61672882 2
14009750 64767312 2
14009750 65980422 3
14009750 68090302 1
14009750 68666072 1
18702181 20210801 1
18702181 21594931 1
18702181 25939492 1
18702181 27608222 1
18702181 28582462 1
18702181 28981592 1
18702181 30952512 1
18702181 31755072 1
18702181 38708912 1
18702181 39651602 1
18702181 40002412 1
18702181 51161272 1
18702181 51408732 1
18702181 56832962 1
18702181 57550082 1
18702181 59181852 1
18702181 59183762 1
18702181 61672882 1
18702181 64767312 1
18702181 65980422 1
18702181 68090302 1
18702181 68666072 1
20210801 21594931 1
20210801 25939492 2
20210801 27608222 5
20210801 28582462 2
20210801 28981592 1
20210801 30952512 2
20210801 31755072 3
20210801 38708912 2
20210801 39651602 3
20210801 40002412 1
20210801 51161272 3
20210801 51408732 2
20210801 56832962 3
20210801 57550082 1
20210801 59181852 4
20210801 59183762 2
20210801 61672882 5
20210801 64767312 2
20210801 65980422 5
20210801 68090302 2
20210801 68666072 1
21594931 25939492 1
21594931 27608222 1
21594931 28582462 1
21594931 28981592 1
21594931 30952512 1
21594931 31755072 1
21594931 38708912 1
21594931 39651602 1
21594931 40002412 1
21594931 51161272 1
21594931 51408732 1
21594931 56832962 1
21594931 57550082 1
21594931 59181852 1
21594931 59183762 1
21594931 61672882 1
21594931 64767312 1
21594931 65980422 1
21594931 68090302 1
21594931 68666072 1
25939492 27608222 2
25939492 28582462 2
25939492 28981592 1
25939492 30952512 1
25939492 31755072 2
25939492 38708912 1
25939492 39651602 2
25939492 40002412 1
25939492 51161272 2
25939492 51408732 2
25939492 56832962 1
25939492 57550082 1
25939492 59181852 2
25939492 59183762 1
25939492 61672882 2
25939492 64767312 1
25939492 65980422 2
25939492 68090302 1
25939492 68666072 1
27608222 28582462 2
27608222 28981592 1
27608222 30952512 2
27608222 31755072 5
27608222 38708912 2
27608222 39651602 3
27608222 40002412 1
27608222 51161272 4
27608222 51408732 2
27608222 56832962 4
27608222 57550082 1
27608222 59181852 5
27608222 59183762 2
27608222 61672882 6
27608222 64767312 2
27608222 65980422 6
27608222 68090302 3
27608222 68666072 1
28582462 28981592 1
28582462 30952512 1
28582462 31755072 2
28582462 38708912 1
28582462 39651602 2
28582462 40002412 1
28582462 51161272 2
28582462 51408732 2
28582462 56832962 1
28582462 57550082 1
28582462 59181852 2
28582462 59183762 1
28582462 61672882 2
28582462 64767312 1
28582462 65980422 2
28582462 68090302 1
28582462 68666072 1
28981592 30952512 1
28981592 31755072 1
28981592 38708912 1
28981592 39651602 1
28981592 40002412 1
28981592 51161272 1
28981592 51408732 1
28981592 56832962 1
28981592 57550082 1
28981592 59181852 1
28981592 59183762 1
28981592 61672882 1
28981592 64767312 1
28981592 65980422 1
28981592 68090302 1
28981592 68666072 1
30952512 31755072 1
30952512 38708912 1
30952512 39651602 2
30952512 40002412 1
30952512 51161272 2
30952512 51408732 1
30952512 56832962 2
30952512 57550082 1
30952512 59181852 1
30952512 59183762 2
30952512 61672882 2
30952512 64767312 1
30952512 65980422 2
30952512 68090302 2
30952512 68666072 1
31755072 38708912 2
31755072 39651602 2
31755072 40002412 1
31755072 51161272 2
31755072 51408732 2
31755072 56832962 2
31755072 57550082 1
31755072 59181852 4
31755072 59183762 1
31755072 61672882 3
31755072 64767312 2
31755072 65980422 4
31755072 68090302 1
31755072 68666072 1
38708912 39651602 1
38708912 40002412 1
38708912 51161272 1
38708912 51408732 1
38708912 56832962 2
38708912 57550082 1
38708912 59181852 2
38708912 59183762 1
38708912 61672882 2
38708912 64767312 2
38708912 65980422 2
38708912 68090302 1
38708912 68666072 1
39651602 40002412 1
39651602 51161272 3
39651602 51408732 2
39651602 56832962 2
39651602 57550082 1
39651602 59181852 2
39651602 59183762 2
39651602 61672882 3
39651602 64767312 1
39651602 65980422 3
39651602 68090302 2
39651602 68666072 1
40002412 51161272 1
40002412 51408732 1
40002412 56832962 1
40002412 57550082 1
40002412 59181852 1
40002412 59183762 1
40002412 61672882 1
40002412 64767312 1
40002412 65980422 1
40002412 68090302 1
40002412 68666072 1
51161272 51408732 2
51161272 56832962 2
51161272 57550082 1
51161272 59181852 2
51161272 59183762 2
51161272 61672882 3
51161272 64767312 1
51161272 65980422 3
51161272 68090302 3
51161272 68666072 1
51408732 56832962 1
51408732 57550082 1
51408732 59181852 2
51408732 59183762 1
51408732 61672882 2
51408732 64767312 1
51408732 65980422 2
51408732 68090302 1
51408732 68666072 1
56832962 57550082 1
56832962 59181852 2
56832962 59183762 2
56832962 61672882 3
56832962 64767312 2
56832962 65980422 3
56832962 68090302 2
56832962 68666072 1
57550082 59181852 1
57550082 59183762 1
57550082 61672882 1
57550082 64767312 1
57550082 65980422 1
57550082 68090302 1
57550082 68666072 1
59181852 59183762 1
59181852 61672882 4
59181852 64767312 2
59181852 65980422 5
59181852 68090302 1
59181852 68666072 1
59183762 61672882 2
59183762 64767312 1
59183762 65980422 2
59183762 68090302 2
59183762 68666072 1
61672882 64767312 2
61672882 65980422 5
61672882 68090302 2
61672882 68666072 1
64767312 65980422 2
64767312 68090302 1
64767312 68666072 1
65980422 68090302 2
65980422 68666072 1
68090302 68666072 1
13518671 25473042 1
13518671 27608222 2
13518671 56832962 1
13518671 63933422 1
13518671 64755892 1
13518671 74055742 1
25473042 27608222 1
25473042 56832962 1
25473042 63933422 1
25473042 64755892 1
25473042 74055742 1
27608222 63933422 3
27608222 64755892 2
27608222 74055742 1
56832962 63933422 3
56832962 64755892 2
56832962 74055742 1
63933422 64755892 2
63933422 74055742 1
64755892 74055742 1
2884594 3794330 1
2884594 10275533 1
2884594 11313542 1
2884594 11678275 1
2884594 13021216 1
2884594 13734627 1
2884594 13883122 1
2884594 14367531 1
2884594 20154081 1
2884594 20210801 1
2884594 25939492 1
2884594 27608222 1
2884594 28582462 1
2884594 31755072 1
2884594 35196552 1
2884594 39651602 1
2884594 50063152 1
2884594 51161272 1
2884594 51408732 1
2884594 52991712 1
2884594 59181852 1
2884594 61672882 1
2884594 62679032 1
2884594 62936582 1
2884594 65056032 1
2884594 65980422 1
2884594 71691832 1
2884594 74059682 1
2884594 77013552 1
3794330 10275533 1
3794330 11313542 1
3794330 11678275 1
3794330 13021216 1
3794330 13734627 1
3794330 13883122 1
3794330 14367531 1
3794330 20154081 2
3794330 20210801 2
3794330 25939492 1
3794330 27608222 2
3794330 28582462 1
3794330 31755072 2
3794330 35196552 2
3794330 39651602 1
3794330 50063152 1
3794330 51161272 1
3794330 51408732 1
3794330 52991712 2
3794330 59181852 2
3794330 61672882 2
3794330 62679032 1
3794330 62936582 1
3794330 65056032 1
3794330 65980422 2
3794330 71691832 2
3794330 74059682 2
3794330 77013552 1
10275533 11313542 1
10275533 11678275 1
10275533 13021216 1
10275533 13734627 1
10275533 13883122 1
10275533 14367531 1
10275533 20154081 1
10275533 20210801 1
10275533 25939492 1
10275533 27608222 1
10275533 28582462 1
10275533 31755072 1
10275533 35196552 1
10275533 39651602 1
10275533 50063152 1
10275533 51161272 1
10275533 51408732 1
10275533 52991712 1
10275533 59181852 1
10275533 61672882 1
10275533 62679032 1
10275533 62936582 1
10275533 65056032 1
10275533 65980422 1
10275533 71691832 1
10275533 74059682 1
10275533 77013552 1
11313542 14367531 1
11313542 20154081 1
11313542 35196552 1
11313542 50063152 1
11313542 52991712 1
11313542 62679032 1
11313542 62936582 1
11313542 65056032 1
11313542 71691832 1
11313542 74059682 1
11313542 77013552 1
11678275 14367531 1
11678275 20154081 1
11678275 35196552 1
11678275 50063152 1
11678275 52991712 1
11678275 62679032 1
11678275 62936582 1
11678275 65056032 1
11678275 71691832 1
11678275 74059682 1
11678275 77013552 1
13021216 14367531 1
13021216 20154081 2
13021216 35196552 2
13021216 50063152 1
13021216 52991712 1
13021216 62679032 1
13021216 62936582 1
13021216 65056032 1
13021216 71691832 1
13021216 74059682 2
13021216 77013552 1
13734627 14367531 1
13734627 20154081 1
13734627 35196552 1
13734627 50063152 1
13734627 52991712 1
13734627 62679032 1
13734627 62936582 1
13734627 65056032 1
13734627 71691832 1
13734627 74059682 1
13734627 77013552 1
13883122 14367531 1
13883122 20154081 2
13883122 35196552 2
13883122 50063152 1
13883122 52991712 2
13883122 62679032 1
13883122 62936582 1
13883122 65056032 1
13883122 71691832 1
13883122 74059682 3
13883122 77013552 1
14367531 20154081 1
14367531 20210801 1
14367531 25939492 1
14367531 27608222 2
14367531 28582462 1
14367531 31755072 2
14367531 35196552 1
14367531 39651602 1
14367531 50063152 1
14367531 51161272 1
14367531 51408732 1
14367531 52991712 1
14367531 59181852 1
14367531 61672882 1
14367531 62679032 1
14367531 62936582 2
14367531 65056032 1
14367531 65980422 1
14367531 71691832 1
14367531 74059682 1
14367531 77013552 1
20154081 20210801 2
20154081 25939492 1
20154081 27608222 3
20154081 28582462 1
20154081 31755072 3
20154081 35196552 3
20154081 39651602 1
20154081 50063152 1
20154081 51161272 1
20154081 51408732 1
20154081 52991712 2
20154081 59181852 3
20154081 61672882 2
20154081 62679032 1
20154081 62936582 1
20154081 65056032 1
20154081 65980422 3
20154081 71691832 2
20154081 74059682 3
20154081 77013552 1
20210801 35196552 2
20210801 50063152 1
20210801 52991712 4
20210801 62679032 1
20210801 62936582 1
20210801 65056032 1
20210801 71691832 2
20210801 74059682 3
20210801 77013552 1
25939492 35196552 1
25939492 50063152 1
25939492 52991712 1
25939492 62679032 1
25939492 62936582 1
25939492 65056032 1
25939492 71691832 1
25939492 74059682 1
25939492 77013552 1
27608222 35196552 4
27608222 50063152 1
27608222 52991712 4
27608222 62679032 1
27608222 62936582 2
27608222 65056032 1
27608222 71691832 2
27608222 74059682 4
27608222 77013552 1
28582462 35196552 1
28582462 50063152 1
28582462 52991712 1
28582462 62679032 1
28582462 62936582 1
28582462 65056032 1
28582462 71691832 1
28582462 74059682 1
28582462 77013552 1
31755072 35196552 3
31755072 50063152 1
31755072 52991712 2
31755072 62679032 1
31755072 62936582 2
31755072 65056032 1
31755072 71691832 2
31755072 74059682 3
31755072 77013552 1
35196552 39651602 1
35196552 50063152 1
35196552 51161272 2
35196552 51408732 1
35196552 52991712 2
35196552 59181852 3
35196552 61672882 2
35196552 62679032 1
35196552 62936582 1
35196552 65056032 1
35196552 65980422 3
35196552 71691832 2
35196552 74059682 3
35196552 77013552 1
39651602 50063152 1
39651602 52991712 2
39651602 62679032 1
39651602 62936582 1
39651602 65056032 1
39651602 71691832 1
39651602 74059682 1
39651602 77013552 1
50063152 51161272 1
50063152 51408732 1
50063152 52991712 1
50063152 59181852 1
50063152 61672882 1
50063152 62679032 1
50063152 62936582 1
50063152 65056032 1
50063152 65980422 1
50063152 71691832 1
50063152 74059682 1
50063152 77013552 1
51161272 52991712 2
51161272 62679032 1
51161272 62936582 1
51161272 65056032 1
51161272 71691832 1
51161272 74059682 1
51161272 77013552 1
51408732 52991712 1
51408732 62679032 1
51408732 62936582 1
51408732 65056032 1
51408732 71691832 1
51408732 74059682 1
51408732 77013552 1
52991712 59181852 3
52991712 61672882 4
52991712 62679032 1
52991712 62936582 1
52991712 65056032 1
52991712 65980422 4
52991712 71691832 2
52991712 74059682 3
52991712 77013552 1
59181852 62679032 1
59181852 62936582 1
59181852 65056032 1
59181852 71691832 2
59181852 74059682 4
59181852 77013552 1
61672882 62679032 1
61672882 62936582 1
61672882 65056032 1
61672882 71691832 2
61672882 74059682 3
61672882 77013552 1
62679032 62936582 1
62679032 65056032 1
62679032 65980422 1
62679032 71691832 1
62679032 74059682 1
62679032 77013552 1
62936582 65056032 1
62936582 65980422 1
62936582 71691832 1
62936582 74059682 1
62936582 77013552 1
65056032 65980422 1
65056032 71691832 1
65056032 74059682 1
65056032 77013552 1
65980422 71691832 2
65980422 74059682 4
65980422 77013552 1
71691832 74059682 2
71691832 77013552 1
74059682 77013552 1
3189918 3296581 1
3189918 3794330 1
3189918 5300895 1
3189918 8037432 1
3189918 8081990 1
3189918 8888287 1
3189918 10468724 2
3189918 12250230 1
3189918 12642781 1
3189918 12645839 1
3189918 12794093 1
3189918 14009750 1
3189918 14077879 1
3189918 20154081 1
3189918 20210801 2
3189918 23024001 1
3189918 23988912 1
3189918 27608222 2
3189918 31755072 1
3189918 32424322 1
3189918 35059422 1
3189918 35196552 1
3189918 37131772 2
3189918 38708912 1
3189918 52991712 2
3189918 56832962 2
3189918 57237092 1
3189918 59181852 1
3189918 59184202 2
3189918 61672882 2
3189918 63933422 2
3189918 64755892 1
3189918 64767312 1
3189918 65980422 2
3189918 71691832 1
3189918 72756122 2
3189918 73740162 2
3189918 74059682 1
3189918 75215242 2
3189918 75292382 1
3189918 76056402 2
3189918 80455462 2
3189918 82587882 2
3189918 82921062 2
3189918 83051172 1
3189918 83370872 2
3189918 83553392 2
3296581 3794330 1
3296581 5300895 1
3296581 8037432 1
3296581 8081990 1
3296581 8888287 1
3296581 12250230 1
3296581 12642781 1
3296581 12794093 1
3296581 14077879 1
3296581 20154081 1
3296581 23024001 1
3296581 23988912 1
3296581 32424322 1
3296581 35059422 1
3296581 35196552 1
3296581 37131772 1
3296581 52991712 1
3296581 57237092 1
3296581 59184202 1
3296581 63933422 1
3296581 64755892 1
3296581 71691832 1
3296581 72756122 1
3296581 73740162 1
3296581 74059682 1
3296581 75215242 1
3296581 75292382 1
3296581 76056402 1
3296581 80455462 1
3296581 82587882 1
3296581 82921062 1
3296581 83051172 1
3296581 83370872 1
3296581 83553392 1
3794330 5300895 1
3794330 8037432 1
3794330 8081990 1
3794330 8888287 1
3794330 10468724 1
3794330 12250230 1
3794330 12642781 1
3794330 12645839 1
3794330 12794093 1
3794330 14009750 1
3794330 14077879 1
3794330 23024001 1
3794330 23988912 1
3794330 32424322 1
3794330 35059422 1
3794330 37131772 1
3794330 38708912 1
3794330 56832962 1
3794330 57237092 1
3794330 59184202 1
3794330 63933422 1
3794330 64755892 1
3794330 64767312 1
3794330 72756122 1
3794330 73740162 1
3794330 75215242 1
3794330 75292382 1
3794330 76056402 1
3794330 80455462 1
3794330 82587882 1
3794330 82921062 1
3794330 83051172 1
3794330 83370872 1
3794330 83553392 1
5300895 8037432 1
5300895 8081990 1
5300895 8888287 1
5300895 10468724 1
5300895 12250230 1
5300895 12642781 1
5300895 12645839 1
5300895 12794093 1
5300895 14009750 1
5300895 14077879 1
5300895 20154081 1
5300895 20210801 1
5300895 23024001 1
5300895 23988912 1
5300895 27608222 1
5300895 31755072 1
5300895 32424322 1
5300895 35059422 1
5300895 35196552 1
5300895 37131772 1
5300895 38708912 1
5300895 52991712 1
5300895 56832962 1
5300895 57237092 1
5300895 59181852 1
5300895 59184202 1
5300895 61672882 1
5300895 63933422 1
5300895 64755892 1
5300895 64767312 1
5300895 65980422 1
5300895 71691832 1
5300895 72756122 1
5300895 73740162 1
5300895 74059682 1
5300895 75215242 1
5300895 75292382 1
5300895 76056402 1
5300895 80455462 1
5300895 82587882 1
5300895 82921062 1
5300895 83051172 1
5300895 83370872 1
5300895 83553392 1
8037432 8081990 1
8037432 8888287 1
8037432 10468724 1
8037432 12250230 1
8037432 12642781 1
8037432 12645839 1
8037432 12794093 1
8037432 14009750 1
8037432 14077879 1
8037432 20154081 1
8037432 20210801 1
8037432 23024001 1
8037432 23988912 1
8037432 27608222 1
8037432 31755072 1
8037432 32424322 1
8037432 35059422 1
8037432 35196552 1
8037432 37131772 1
8037432 38708912 1
8037432 52991712 1
8037432 56832962 1
8037432 57237092 1
8037432 59181852 1
8037432 59184202 1
8037432 61672882 1
8037432 63933422 1
8037432 64755892 1
8037432 64767312 1
8037432 65980422 1
8037432 71691832 1
8037432 72756122 1
8037432 73740162 1
8037432 74059682 1
8037432 75215242 1
8037432 75292382 1
8037432 76056402 1
8037432 80455462 1
8037432 82587882 1
8037432 82921062 1
8037432 83051172 1
8037432 83370872 1
8037432 83553392 1
8081990 8888287 1
8081990 10468724 2
8081990 12250230 1
8081990 12642781 1
8081990 12645839 1
8081990 12794093 1
8081990 14009750 1
8081990 14077879 1
8081990 20154081 1
8081990 20210801 2
8081990 23024001 1
8081990 23988912 2
8081990 27608222 2
8081990 31755072 1
8081990 32424322 1
8081990 35059422 1
8081990 35196552 1
8081990 37131772 1
8081990 38708912 1
8081990 52991712 2
8081990 56832962 1
8081990 57237092 1
8081990 59181852 2
8081990 59184202 1
8081990 61672882 2
8081990 63933422 1
8081990 64755892 1
8081990 64767312 1
8081990 65980422 2
8081990 71691832 1
8081990 72756122 1
8081990 73740162 1
8081990 74059682 2
8081990 75215242 1
8081990 75292382 1
8081990 76056402 1
8081990 80455462 2
8081990 82587882 1
8081990 82921062 2
8081990 83051172 1
8081990 83370872 2
8081990 83553392 1
8888287 10468724 1
8888287 12250230 1
8888287 12642781 1
8888287 12645839 1
8888287 12794093 1
8888287 14009750 1
8888287 14077879 1
8888287 20154081 1
8888287 20210801 1
8888287 23024001 1
8888287 23988912 1
8888287 27608222 1
8888287 31755072 1
8888287 32424322 1
8888287 35059422 1
8888287 35196552 1
8888287 37131772 1
8888287 38708912 1
8888287 52991712 1
8888287 56832962 1
8888287 57237092 1
8888287 59181852 1
8888287 59184202 1
8888287 61672882 1
8888287 63933422 1
8888287 64755892 1
8888287 64767312 1
8888287 65980422 1
8888287 71691832 1
8888287 72756122 1
8888287 73740162 1
8888287 74059682 1
8888287 75215242 1
8888287 75292382 1
8888287 76056402 1
8888287 80455462 1
8888287 82587882 1
8888287 82921062 1
8888287 83051172 1
8888287 83370872 1
8888287 83553392 1
10468724 12250230 1
10468724 12642781 1
10468724 12794093 1
10468724 14077879 1
10468724 20154081 1
10468724 23024001 1
10468724 23988912 2
10468724 32424322 1
10468724 35059422 1
10468724 35196552 1
10468724 37131772 2
10468724 52991712 3
10468724 57237092 1
10468724 59184202 2
10468724 63933422 2
10468724 64755892 1
10468724 71691832 1
10468724 72756122 2
10468724 73740162 2
10468724 74059682 2
10468724 75215242 2
10468724 75292382 1
10468724 76056402 2
10468724 80455462 3
10468724 82587882 2
10468724 82921062 3
10468724 83051172 1
10468724 83370872 3
10468724 83553392 2
12250230 12642781 1
12250230 12645839 1
12250230 12794093 1
12250230 14009750 1
12250230 14077879 1
12250230 20154081 1
12250230 20210801 1
12250230 23024001 1
12250230 23988912 1
12250230 27608222 1
12250230 31755072 1
12250230 32424322 1
12250230 35059422 1
12250230 35196552 1
12250230 37131772 1
12250230 38708912 1
12250230 52991712 1
12250230 56832962 1
12250230 57237092 1
12250230 59181852 1
12250230 59184202 1
12250230 61672882 1
12250230 63933422 1
12250230 64755892 1
12250230 64767312 1
12250230 65980422 1
12250230 71691832 1
12250230 72756122 1
12250230 73740162 1
12250230 74059682 1
12250230 75215242 1
12250230 75292382 1
12250230 76056402 1
12250230 80455462 1
12250230 82587882 1
12250230 82921062 1
12250230 83051172 1
12250230 83370872 1
12250230 83553392 1
12642781 12645839 1
12642781 12794093 1
12642781 14009750 2
12642781 14077879 2
12642781 20154081 2
12642781 20210801 1
12642781 23024001 1
12642781 23988912 1
12642781 27608222 2
12642781 31755072 2
12642781 32424322 1
12642781 35059422 1
12642781 35196552 2
12642781 37131772 1
12642781 38708912 1
12642781 52991712 1
12642781 56832962 1
12642781 57237092 1
12642781 59181852 2
12642781 59184202 2
12642781 61672882 1
12642781 63933422 1
12642781 64755892 1
12642781 64767312 1
12642781 65980422 2
12642781 71691832 1
12642781 72756122 1
12642781 73740162 1
12642781 74059682 2
12642781 75215242 1
12642781 75292382 1
12642781 76056402 1
12642781 80455462 2
12642781 82587882 1
12642781 82921062 2
12642781 83051172 1
12642781 83370872 2
12642781 83553392 1
12645839 12794093 1
12645839 14077879 1
12645839 20154081 1
12645839 23024001 1
12645839 23988912 1
12645839 32424322 1
12645839 35059422 1
12645839 35196552 1
12645839 37131772 1
12645839 52991712 1
12645839 57237092 1
12645839 59184202 1
12645839 63933422 1
12645839 64755892 1
12645839 71691832 1
12645839 72756122 1
12645839 73740162 1
12645839 74059682 1
12645839 75215242 1
12645839 75292382 1
12645839 76056402 1
12645839 80455462 1
12645839 82587882 1
12645839 82921062 1
12645839 83051172 1
12645839 83370872 1
12645839 83553392 1
12794093 14009750 1
12794093 14077879 1
12794093 20154081 1
12794093 20210801 1
12794093 23024001 1
12794093 23988912 1
12794093 27608222 1
12794093 31755072 1
12794093 32424322 1
12794093 35059422 1
12794093 35196552 1
12794093 37131772 1
12794093 38708912 1
12794093 52991712 1
12794093 56832962 1
12794093 57237092 1
12794093 59181852 1
12794093 59184202 1
12794093 61672882 1
12794093 63933422 1
12794093 64755892 1
12794093 64767312 1
12794093 65980422 1
12794093 71691832 1
12794093 72756122 1
12794093 73740162 1
12794093 74059682 1
12794093 75215242 1
12794093 75292382 1
12794093 76056402 1
12794093 80455462 1
12794093 82587882 1
12794093 82921062 1
12794093 83051172 1
12794093 83370872 1
12794093 83553392 1
14009750 14077879 2
14009750 20154081 2
14009750 23024001 1
14009750 23988912 1
14009750 32424322 1
14009750 35059422 1
14009750 35196552 2
14009750 37131772 1
14009750 52991712 1
14009750 57237092 1
14009750 59184202 2
14009750 63933422 1
14009750 64755892 1
14009750 71691832 1
14009750 72756122 1
14009750 73740162 1
14009750 74059682 2
14009750 75215242 1
14009750 75292382 1
14009750 76056402 1
14009750 80455462 2
14009750 82587882 1
14009750 82921062 2
14009750 83051172 1
14009750 83370872 2
14009750 83553392 1
14077879 20154081 2
14077879 20210801 1
14077879 23024001 1
14077879 23988912 1
14077879 27608222 2
14077879 31755072 2
14077879 32424322 1
14077879 35059422 1
14077879 35196552 2
14077879 37131772 1
14077879 38708912 1
14077879 52991712 1
14077879 56832962 1
14077879 57237092 1
14077879 59181852 2
14077879 59184202 2
14077879 61672882 1
14077879 63933422 1
14077879 64755892 1
14077879 64767312 1
14077879 65980422 2
14077879 71691832 1
14077879 72756122 1
14077879 73740162 1
14077879 74059682 2
14077879 75215242 1
14077879 75292382 1
14077879 76056402 1
14077879 80455462 2
14077879 82587882 1
14077879 82921062 2
14077879 83051172 1
14077879 83370872 2
14077879 83553392 1
20154081 23024001 1
20154081 23988912 1
20154081 32424322 1
20154081 35059422 1
20154081 37131772 1
20154081 38708912 1
20154081 56832962 1
20154081 57237092 1
20154081 59184202 2
20154081 63933422 1
20154081 64755892 1
20154081 64767312 1
20154081 72756122 1
20154081 73740162 1
20154081 75215242 1
20154081 75292382 1
20154081 76056402 1
20154081 80455462 2
20154081 82587882 1
20154081 82921062 2
20154081 83051172 1
20154081 83370872 2
20154081 83553392 1
20210801 23024001 1
20210801 23988912 2
20210801 32424322 1
20210801 35059422 1
20210801 37131772 2
20210801 57237092 1
20210801 59184202 2
20210801 63933422 2
20210801 64755892 1
20210801 72756122 2
20210801 73740162 2
20210801 75215242 2
20210801 75292382 1
20210801 76056402 2
20210801 80455462 3
20210801 82587882 2
20210801 82921062 3
20210801 83051172 1
20210801 83370872 3
20210801 83553392 2
23024001 23988912 1
23024001 27608222 1
23024001 31755072 1
23024001 32424322 1
23024001 35059422 1
23024001 35196552 1
23024001 37131772 1
23024001 38708912 1
23024001 52991712 1
23024001 56832962 1
23024001 57237092 1
23024001 59181852 1
23024001 59184202 1
23024001 61672882 1
23024001 63933422 1
23024001 64755892 1
23024001 64767312 1
23024001 65980422 1
23024001 71691832 1
23024001 72756122 1
23024001 73740162 1
23024001 74059682 1
23024001 75215242 1
23024001 75292382 1
23024001 76056402 1
23024001 80455462 1
23024001 82587882 1
23024001 82921062 1
23024001 83051172 1
23024001 83370872 1
23024001 83553392 1
23988912 27608222 2
23988912 31755072 1
23988912 32424322 1
23988912 35059422 1
23988912 35196552 1
23988912 37131772 1
23988912 38708912 1
23988912 52991712 2
23988912 56832962 1
23988912 57237092 1
23988912 59181852 2
23988912 59184202 1
23988912 61672882 2
23988912 63933422 1
23988912 64755892 1
23988912 64767312 1
23988912 65980422 2
23988912 71691832 1
23988912 72756122 1
23988912 73740162 1
23988912 74059682 2
23988912 75215242 1
23988912 75292382 1
23988912 76056402 1
23988912 80455462 2
23988912 82587882 1
23988912 82921062 2
23988912 83051172 1
23988912 83370872 2
23988912 83553392 1
27608222 32424322 1
27608222 35059422 1
27608222 37131772 3
27608222 57237092 1
27608222 59184202 3
27608222 72756122 2
27608222 73740162 2
27608222 75215242 2
27608222 75292382 1
27608222 76056402 2
27608222 80455462 4
27608222 82587882 3
27608222 82921062 4
27608222 83051172 2
27608222 83370872 4
27608222 83553392 3
31755072 32424322 1
31755072 35059422 1
31755072 37131772 1
31755072 57237092 1
31755072 59184202 2
31755072 63933422 1
31755072 64755892 1
31755072 72756122 1
31755072 73740162 1
31755072 75215242 1
31755072 75292382 1
31755072 76056402 1
31755072 80455462 2
31755072 82587882 2
31755072 82921062 2
31755072 83051172 1
31755072 83370872 2
31755072 83553392 2
32424322 35059422 1
32424322 35196552 1
32424322 37131772 1
32424322 38708912 1
32424322 52991712 1
32424322 56832962 1
32424322 57237092 1
32424322 59181852 1
32424322 59184202 1
32424322 61672882 1
32424322 63933422 1
32424322 64755892 1
32424322 64767312 1
32424322 65980422 1
32424322 71691832 1
32424322 72756122 1
32424322 73740162 1
32424322 74059682 1
32424322 75215242 1
32424322 75292382 1
32424322 76056402 1
32424322 80455462 1
32424322 82587882 1
32424322 82921062 1
32424322 83051172 1
32424322 83370872 1
32424322 83553392 1
35059422 35196552 1
35059422 37131772 1
35059422 38708912 1
35059422 52991712 1
35059422 56832962 1
35059422 57237092 1
35059422 59181852 1
35059422 59184202 1
35059422 61672882 1
35059422 63933422 1
35059422 64755892 1
35059422 64767312 1
35059422 65980422 1
35059422 71691832 1
35059422 72756122 1
35059422 73740162 1
35059422 74059682 1
35059422 75215242 1
35059422 75292382 1
35059422 76056402 1
35059422 80455462 1
35059422 82587882 1
35059422 82921062 1
35059422 83051172 1
35059422 83370872 1
35059422 83553392 1
35196552 37131772 2
35196552 38708912 1
35196552 56832962 1
35196552 57237092 1
35196552 59184202 2
35196552 63933422 1
35196552 64755892 1
35196552 64767312 1
35196552 72756122 1
35196552 73740162 1
35196552 75215242 1
35196552 75292382 1
35196552 76056402 1
35196552 80455462 2
35196552 82587882 1
35196552 82921062 2
35196552 83051172 2
35196552 83370872 2
35196552 83553392 1
37131772 38708912 1
37131772 52991712 2
37131772 56832962 2
37131772 57237092 1
37131772 59181852 1
37131772 59184202 2
37131772 61672882 2
37131772 63933422 2
37131772 64755892 1
37131772 64767312 1
37131772 65980422 2
37131772 71691832 1
37131772 72756122 2
37131772 73740162 2
37131772 74059682 1
37131772 75215242 2
37131772 75292382 1
37131772 76056402 2
37131772 80455462 2
37131772 82587882 2
37131772 82921062 2
37131772 83051172 2
37131772 83370872 2
37131772 83553392 2
38708912 52991712 1
38708912 57237092 1
38708912 59184202 1
38708912 63933422 1
38708912 64755892 1
38708912 71691832 1
38708912 72756122 1
38708912 73740162 1
38708912 74059682 1
38708912 75215242 1
38708912 75292382 1
38708912 76056402 1
38708912 80455462 1
38708912 82587882 1
38708912 82921062 1
38708912 83051172 1
38708912 83370872 1
38708912 83553392 1
52991712 56832962 2
52991712 57237092 1
52991712 59184202 2
52991712 63933422 2
52991712 64755892 1
52991712 64767312 1
52991712 72756122 2
52991712 73740162 2
52991712 75215242 2
52991712 75292382 1
52991712 76056402 2
52991712 80455462 3
52991712 82587882 2
52991712 82921062 3
52991712 83051172 1
52991712 83370872 3
52991712 83553392 2
56832962 57237092 1
56832962 59184202 2
56832962 71691832 1
56832962 72756122 2
56832962 73740162 2
56832962 74059682 1
56832962 75215242 2
56832962 75292382 1
56832962 76056402 2
56832962 80455462 2
56832962 82587882 2
56832962 82921062 2
56832962 83051172 1
56832962 83370872 2
56832962 83553392 2
57237092 59181852 1
57237092 59184202 1
57237092 61672882 1
57237092 63933422 1
57237092 64755892 1
57237092 64767312 1
57237092 65980422 1
57237092 71691832 1
57237092 72756122 1
57237092 73740162 1
57237092 74059682 1
57237092 75215242 1
57237092 75292382 1
57237092 76056402 1
57237092 80455462 1
57237092 82587882 1
57237092 82921062 1
57237092 83051172 1
57237092 83370872 1
57237092 83553392 1
59181852 59184202 2
59181852 63933422 1
59181852 64755892 1
59181852 72756122 1
59181852 73740162 1
59181852 75215242 1
59181852 75292382 1
59181852 76056402 1
59181852 80455462 3
59181852 82587882 1
59181852 82921062 3
59181852 83051172 1
59181852 83370872 3
59181852 83553392 1
59184202 61672882 2
59184202 63933422 2
59184202 64755892 1
59184202 64767312 1
59184202 65980422 3
59184202 71691832 1
59184202 72756122 2
59184202 73740162 2
59184202 74059682 2
59184202 75215242 2
59184202 75292382 1
59184202 76056402 2
59184202 80455462 3
59184202 82587882 2
59184202 82921062 3
59184202 83051172 1
59184202 83370872 3
59184202 83553392 2
61672882 63933422 2
61672882 64755892 1
61672882 72756122 2
61672882 73740162 2
61672882 75215242 2
61672882 75292382 1
61672882 76056402 2
61672882 80455462 3
61672882 82587882 2
61672882 82921062 3
61672882 83051172 1
61672882 83370872 3
61672882 83553392 2
63933422 64767312 1
63933422 65980422 2
63933422 71691832 1
63933422 72756122 2
63933422 73740162 2
63933422 74059682 1
63933422 75215242 2
63933422 75292382 1
63933422 76056402 2
63933422 80455462 2
63933422 82587882 2
63933422 82921062 2
63933422 83051172 1
63933422 83370872 2
63933422 83553392 2
64755892 64767312 1
64755892 65980422 1
64755892 71691832 1
64755892 72756122 1
64755892 73740162 1
64755892 74059682 1
64755892 75215242 1
64755892 75292382 1
64755892 76056402 1
64755892 80455462 1
64755892 82587882 1
64755892 82921062 1
64755892 83051172 1
64755892 83370872 1
64755892 83553392 1
64767312 71691832 1
64767312 72756122 1
64767312 73740162 1
64767312 74059682 1
64767312 75215242 1
64767312 75292382 1
64767312 76056402 1
64767312 80455462 1
64767312 82587882 1
64767312 82921062 1
64767312 83051172 1
64767312 83370872 1
64767312 83553392 1
65980422 72756122 2
65980422 73740162 2
65980422 75215242 2
65980422 75292382 1
65980422 76056402 2
65980422 80455462 4
65980422 82587882 2
65980422 82921062 4
65980422 83051172 1
65980422 83370872 4
65980422 83553392 2
71691832 72756122 1
71691832 73740162 1
71691832 75215242 1
71691832 75292382 1
71691832 76056402 1
71691832 80455462 1
71691832 82587882 1
71691832 82921062 1
71691832 83051172 1
71691832 83370872 1
71691832 83553392 1
72756122 73740162 2
72756122 74059682 1
72756122 75215242 2
72756122 75292382 1
72756122 76056402 2
72756122 80455462 2
72756122 82587882 2
72756122 82921062 2
72756122 83051172 1
72756122 83370872 2
72756122 83553392 2
73740162 74059682 1
73740162 75215242 2
73740162 75292382 1
73740162 76056402 2
73740162 80455462 2
73740162 82587882 2
73740162 82921062 2
73740162 83051172 1
73740162 83370872 2
73740162 83553392 2
74059682 75215242 1
74059682 75292382 1
74059682 76056402 1
74059682 80455462 3
74059682 82587882 1
74059682 82921062 3
74059682 83051172 1
74059682 83370872 3
74059682 83553392 1
75215242 75292382 1
75215242 76056402 2
75215242 80455462 2
75215242 82587882 2
75215242 82921062 2
75215242 83051172 1
75215242 83370872 2
75215242 83553392 2
75292382 76056402 1
75292382 80455462 1
75292382 82587882 1
75292382 82921062 1
75292382 83051172 1
75292382 83370872 1
75292382 83553392 1
76056402 80455462 2
76056402 82587882 2
76056402 82921062 2
76056402 83051172 1
76056402 83370872 2
76056402 83553392 2
80455462 82587882 2
80455462 82921062 4
80455462 83051172 1
80455462 83370872 4
80455462 83553392 2
82587882 82921062 2
82587882 83051172 1
82587882 83370872 2
82587882 83553392 3
82921062 83051172 1
82921062 83370872 4
82921062 83553392 2
83051172 83370872 1
83051172 83553392 1
83370872 83553392 2
3189918 7789556 1
3189918 10021340 1
3189918 10947900 1
3189918 13922037 1
3189918 14442952 1
3189918 21531341 1
3189918 30952512 1
3189918 38073202 1
3189918 39509692 1
3189918 39651602 1
3189918 42586652 1
3189918 51161272 1
3189918 53043862 1
3189918 59183762 1
3189918 60904932 1
3189918 68090302 1
3189918 86252612 1
3189918 86330202 1
3189918 87498492 1
3189918 87699592 1
7789556 10021340 1
7789556 10947900 1
7789556 13922037 1
7789556 14442952 1
7789556 21531341 1
7789556 37131772 1
7789556 38073202 1
7789556 39509692 1
7789556 42586652 1
7789556 52991712 1
7789556 53043862 1
7789556 59184202 1
7789556 60904932 1
7789556 63933422 1
7789556 72756122 1
7789556 73740162 1
7789556 75215242 1
7789556 76056402 1
7789556 80455462 1
7789556 82587882 1
7789556 82921062 1
7789556 83370872 1
7789556 83553392 1
7789556 86252612 1
7789556 86330202 1
7789556 87498492 1
7789556 87699592 1
10021340 10468724 1
10021340 10947900 1
10021340 13922037 1
10021340 14442952 1
10021340 20210801 1
10021340 21531341 1
10021340 27608222 2
10021340 30952512 1
10021340 37131772 1
10021340 38073202 1
10021340 39509692 2
10021340 39651602 1
10021340 42586652 1
10021340 51161272 1
10021340 52991712 1
10021340 53043862 2
10021340 56832962 1
10021340 59183762 1
10021340 59184202 1
10021340 60904932 1
10021340 61672882 1
10021340 63933422 1
10021340 65980422 1
10021340 68090302 1
10021340 72756122 1
10021340 73740162 1
10021340 75215242 1
10021340 76056402 1
10021340 80455462 1
10021340 82587882 2
10021340 82921062 1
10021340 83370872 1
10021340 83553392 2
10021340 86252612 1
10021340 86330202 2
10021340 87498492 1
10021340 87699592 1
10468724 10947900 1
10468724 13922037 2
10468724 14442952 1
10468724 21531341 1
10468724 38073202 2
10468724 39509692 1
10468724 42586652 1
10468724 53043862 1
10468724 60904932 2
10468724 86252612 1
10468724 86330202 1
10468724 87498492 2
10468724 87699592 1
10947900 13922037 1
10947900 14442952 1
10947900 20210801 1
10947900 21531341 1
10947900 27608222 1
10947900 30952512 1
10947900 37131772 1
10947900 38073202 1
10947900 39509692 1
10947900 39651602 1
10947900 42586652 1
10947900 51161272 1
10947900 52991712 1
10947900 53043862 1
10947900 56832962 1
10947900 59183762 1
10947900 59184202 1
10947900 60904932 1
10947900 61672882 1
10947900 63933422 1
10947900 65980422 1
10947900 68090302 1
10947900 72756122 1
10947900 73740162 1
10947900 75215242 1
10947900 76056402 1
10947900 80455462 1
10947900 82587882 1
10947900 82921062 1
10947900 83370872 1
10947900 83553392 1
10947900 86252612 1
10947900 86330202 1
10947900 87498492 1
10947900 87699592 1
13922037 14442952 1
13922037 20210801 2
13922037 21531341 1
13922037 27608222 2
13922037 30952512 1
13922037 37131772 1
13922037 38073202 2
13922037 39509692 1
13922037 39651602 1
13922037 42586652 1
13922037 51161272 1
13922037 52991712 2
13922037 53043862 1
13922037 56832962 1
13922037 59183762 1
13922037 59184202 1
13922037 60904932 2
13922037 61672882 2
13922037 63933422 1
13922037 65980422 2
13922037 68090302 1
13922037 72756122 1
13922037 73740162 1
13922037 75215242 1
13922037 76056402 1
13922037 80455462 2
13922037 82587882 1
13922037 82921062 2
13922037 83370872 2
13922037 83553392 1
13922037 86252612 1
13922037 86330202 1
13922037 87498492 2
13922037 87699592 1
14442952 20210801 1
14442952 21531341 1
14442952 27608222 1
14442952 30952512 1
14442952 37131772 1
14442952 38073202 1
14442952 39509692 1
14442952 39651602 1
14442952 42586652 1
14442952 51161272 1
14442952 52991712 1
14442952 53043862 1
14442952 56832962 1
14442952 59183762 1
14442952 59184202 1
14442952 60904932 1
14442952 61672882 1
14442952 63933422 1
14442952 65980422 1
14442952 68090302 1
14442952 72756122 1
14442952 73740162 1
14442952 75215242 1
14442952 76056402 1
14442952 80455462 1
14442952 82587882 1
14442952 82921062 1
14442952 83370872 1
14442952 83553392 1
14442952 86252612 1
14442952 86330202 1
14442952 87498492 1
14442952 87699592 1
20210801 21531341 1
20210801 38073202 2
20210801 39509692 1
20210801 42586652 1
20210801 53043862 1
20210801 60904932 2
20210801 86252612 1
20210801 86330202 1
20210801 87498492 2
20210801 87699592 1
21531341 27608222 1
21531341 30952512 1
21531341 37131772 1
21531341 38073202 1
21531341 39509692 1
21531341 39651602 1
21531341 42586652 1
21531341 51161272 1
21531341 52991712 1
21531341 53043862 1
21531341 56832962 1
21531341 59183762 1
21531341 59184202 1
21531341 60904932 1
21531341 61672882 1
21531341 63933422 1
21531341 65980422 1
21531341 68090302 1
21531341 72756122 1
21531341 73740162 1
21531341 75215242 1
21531341 76056402 1
21531341 80455462 1
21531341 82587882 1
21531341 82921062 1
21531341 83370872 1
21531341 83553392 1
21531341 86252612 1
21531341 86330202 1
21531341 87498492 1
21531341 87699592 1
27608222 38073202 2
27608222 39509692 3
27608222 42586652 1
27608222 53043862 2
27608222 60904932 3
27608222 86252612 1
27608222 86330202 2
27608222 87498492 2
27608222 87699592 1
30952512 37131772 1
30952512 38073202 1
30952512 39509692 1
30952512 42586652 1
30952512 52991712 1
30952512 53043862 1
30952512 59184202 1
30952512 60904932 1
30952512 63933422 1
30952512 72756122 1
30952512 73740162 1
30952512 75215242 1
30952512 76056402 1
30952512 80455462 1
30952512 82587882 1
30952512 82921062 1
30952512 83370872 1
30952512 83553392 1
30952512 86252612 1
30952512 86330202 1
30952512 87498492 1
30952512 87699592 1
37131772 38073202 1
37131772 39509692 2
37131772 39651602 1
37131772 42586652 1
37131772 51161272 2
37131772 53043862 1
37131772 59183762 1
37131772 60904932 1
37131772 68090302 2
37131772 86252612 1
37131772 86330202 1
37131772 87498492 1
37131772 87699592 1
38073202 39509692 1
38073202 39651602 1
38073202 42586652 1
38073202 51161272 1
38073202 52991712 2
38073202 53043862 1
38073202 56832962 1
38073202 59183762 1
38073202 59184202 1
38073202 60904932 2
38073202 61672882 2
38073202 63933422 1
38073202 65980422 2
38073202 68090302 1
38073202 72756122 1
38073202 73740162 1
38073202 75215242 1
38073202 76056402 1
38073202 80455462 2
38073202 82587882 1
38073202 82921062 2
38073202 83370872 2
38073202 83553392 1
38073202 86252612 1
38073202 86330202 1
38073202 87498492 2
38073202 87699592 1
39509692 39651602 1
39509692 42586652 1
39509692 51161272 2
39509692 52991712 1
39509692 53043862 2
39509692 56832962 1
39509692 59183762 1
39509692 59184202 1
39509692 60904932 1
39509692 61672882 1
39509692 63933422 1
39509692 65980422 1
39509692 68090302 2
39509692 72756122 1
39509692 73740162 1
39509692 75215242 1
39509692 76056402 1
39509692 80455462 1
39509692 82587882 2
39509692 82921062 1
39509692 83370872 1
39509692 83553392 2
39509692 86252612 1
39509692 86330202 2
39509692 87498492 1
39509692 87699592 1
39651602 42586652 1
39651602 53043862 1
39651602 59184202 1
39651602 60904932 1
39651602 63933422 1
39651602 72756122 1
39651602 73740162 1
39651602 75215242 1
39651602 76056402 1
39651602 80455462 1
39651602 82587882 1
39651602 82921062 1
39651602 83370872 1
39651602 83553392 1
39651602 86252612 1
39651602 86330202 1
39651602 87498492 1
39651602 87699592 1
42586652 51161272 1
42586652 52991712 1
42586652 53043862 1
42586652 56832962 1
42586652 59183762 1
42586652 59184202 1
42586652 60904932 1
42586652 61672882 1
42586652 63933422 1
42586652 65980422 1
42586652 68090302 1
42586652 72756122 1
42586652 73740162 1
42586652 75215242 1
42586652 76056402 1
42586652 80455462 1
42586652 82587882 1
42586652 82921062 1
42586652 83370872 1
42586652 83553392 1
42586652 86252612 1
42586652 86330202 1
42586652 87498492 1
42586652 87699592 1
51161272 53043862 1
51161272 59184202 1
51161272 60904932 1
51161272 63933422 1
51161272 72756122 1
51161272 73740162 1
51161272 75215242 1
51161272 76056402 1
51161272 80455462 1
51161272 82587882 1
51161272 82921062 1
51161272 83370872 1
51161272 83553392 1
51161272 86252612 1
51161272 86330202 1
51161272 87498492 1
51161272 87699592 1
52991712 53043862 1
52991712 59183762 1
52991712 60904932 2
52991712 68090302 1
52991712 86252612 1
52991712 86330202 1
52991712 87498492 2
52991712 87699592 1
53043862 56832962 1
53043862 59183762 1
53043862 59184202 1
53043862 60904932 1
53043862 61672882 1
53043862 63933422 1
53043862 65980422 1
53043862 68090302 1
53043862 72756122 1
53043862 73740162 1
53043862 75215242 1
53043862 76056402 1
53043862 80455462 1
53043862 82587882 2
53043862 82921062 1
53043862 83370872 1
53043862 83553392 2
53043862 86252612 1
53043862 86330202 2
53043862 87498492 1
53043862 87699592 1
56832962 60904932 1
56832962 86252612 1
56832962 86330202 1
56832962 87498492 1
56832962 87699592 1
59183762 59184202 1
59183762 60904932 1
59183762 63933422 1
59183762 72756122 1
59183762 73740162 1
59183762 75215242 1
59183762 76056402 1
59183762 80455462 1
59183762 82587882 1
59183762 82921062 1
59183762 83370872 1
59183762 83553392 1
59183762 86252612 1
59183762 86330202 1
59183762 87498492 1
59183762 87699592 1
59184202 60904932 2
59184202 68090302 1
59184202 86252612 1
59184202 86330202 1
59184202 87498492 1
59184202 87699592 1
60904932 61672882 2
60904932 63933422 1
60904932 65980422 3
60904932 68090302 1
60904932 72756122 1
60904932 73740162 1
60904932 75215242 1
60904932 76056402 1
60904932 80455462 3
60904932 82587882 1
60904932 82921062 3
60904932 83370872 3
60904932 83553392 1
60904932 86252612 1
60904932 86330202 1
60904932 87498492 2
60904932 87699592 1
61672882 86252612 1
61672882 86330202 1
61672882 87498492 2
61672882 87699592 1
63933422 68090302 1
63933422 86252612 1
63933422 86330202 1
63933422 87498492 1
63933422 87699592 1
65980422 86252612 1
65980422 86330202 1
65980422 87498492 2
65980422 87699592 1
68090302 72756122 1
68090302 73740162 1
68090302 75215242 1
68090302 76056402 1
68090302 80455462 1
68090302 82587882 1
68090302 82921062 1
68090302 83370872 1
68090302 83553392 1
68090302 86252612 1
68090302 86330202 1
68090302 87498492 1
68090302 87699592 1
72756122 86252612 1
72756122 86330202 1
72756122 87498492 1
72756122 87699592 1
73740162 86252612 1
73740162 86330202 1
73740162 87498492 1
73740162 87699592 1
75215242 86252612 1
75215242 86330202 1
75215242 87498492 1
75215242 87699592 1
76056402 86252612 1
76056402 86330202 1
76056402 87498492 1
76056402 87699592 1
80455462 86252612 1
80455462 86330202 1
80455462 87498492 2
80455462 87699592 1
82587882 86252612 1
82587882 86330202 2
82587882 87498492 1
82587882 87699592 1
82921062 86252612 1
82921062 86330202 1
82921062 87498492 2
82921062 87699592 1
83370872 86252612 1
83370872 86330202 1
83370872 87498492 2
83370872 87699592 1
83553392 86252612 1
83553392 86330202 2
83553392 87498492 1
83553392 87699592 1
86252612 86330202 1
86252612 87498492 1
86252612 87699592 1
86330202 87498492 1
86330202 87699592 1
87498492 87699592 1
12618393 12931462 1
12618393 27608222 2
12618393 34206712 1
12618393 35196552 1
12618393 37131772 1
12618393 39509692 2
12618393 51161272 1
12618393 68090302 1
12618393 83051172 1
12931462 27608222 1
12931462 34206712 1
12931462 35196552 1
12931462 37131772 1
12931462 39509692 1
12931462 51161272 1
12931462 68090302 1
12931462 83051172 1
27608222 34206712 1
34206712 35196552 1
34206712 37131772 1
34206712 39509692 1
34206712 51161272 1
34206712 68090302 1
34206712 83051172 1
35196552 39509692 1
35196552 68090302 1
39509692 83051172 1
51161272 83051172 1
68090302 83051172 1
6459313 10021340 1
6459313 11421698 1
6459313 12618393 1
6459313 14367531 1
6459313 16265731 1
6459313 27608222 1
6459313 31755072 1
6459313 39509692 1
6459313 53043862 1
6459313 53065662 1
6459313 62936582 1
6459313 65611132 1
6459313 82587882 1
6459313 83553392 1
6459313 85259892 1
6459313 86330202 1
6459313 90543812 1
10021340 11421698 1
10021340 12618393 1
10021340 14367531 1
10021340 16265731 1
10021340 31755072 1
10021340 53065662 1
10021340 62936582 1
10021340 65611132 1
10021340 85259892 1
10021340 90543812 1
11421698 12618393 1
11421698 14367531 1
11421698 16265731 1
11421698 27608222 1
11421698 31755072 1
11421698 39509692 1
11421698 53043862 1
11421698 53065662 1
11421698 62936582 1
11421698 65611132 1
11421698 82587882 1
11421698 83553392 1
11421698 85259892 1
11421698 86330202 1
11421698 90543812 1
12618393 14367531 1
12618393 16265731 1
12618393 31755072 1
12618393 53043862 1
12618393 53065662 1
12618393 62936582 1
12618393 65611132 1
12618393 82587882 1
12618393 83553392 1
12618393 85259892 1
12618393 86330202 1
12618393 90543812 1
14367531 16265731 1
14367531 39509692 1
14367531 53043862 1
14367531 53065662 1
14367531 65611132 1
14367531 82587882 1
14367531 83553392 1
14367531 85259892 1
14367531 86330202 1
14367531 90543812 1
16265731 27608222 2
16265731 31755072 1
16265731 39509692 1
16265731 53043862 1
16265731 53065662 1
16265731 62936582 1
16265731 65611132 1
16265731 82587882 1
16265731 83553392 1
16265731 85259892 1
16265731 86330202 1
16265731 90543812 1
27608222 53065662 1
27608222 65611132 1
27608222 85259892 2
27608222 90543812 1
31755072 39509692 1
31755072 53043862 1
31755072 53065662 1
31755072 65611132 1
31755072 85259892 2
31755072 86330202 1
31755072 90543812 1
39509692 53065662 1
39509692 62936582 1
39509692 65611132 1
39509692 85259892 1
39509692 90543812 1
53043862 53065662 1
53043862 62936582 1
53043862 65611132 1
53043862 85259892 1
53043862 90543812 1
53065662 62936582 1
53065662 65611132 1
53065662 82587882 1
53065662 83553392 1
53065662 85259892 1
53065662 86330202 1
53065662 90543812 1
62936582 65611132 1
62936582 82587882 1
62936582 83553392 1
62936582 85259892 1
62936582 86330202 1
62936582 90543812 1
65611132 82587882 1
65611132 83553392 1
65611132 85259892 1
65611132 86330202 1
65611132 90543812 1
82587882 85259892 1
82587882 90543812 1
83553392 85259892 1
83553392 90543812 1
85259892 86330202 1
85259892 90543812 1
86330202 90543812 1
8055655 10468724 1
8055655 11890896 1
8055655 13518671 1
8055655 16265731 1
8055655 24654042 1
8055655 27608222 1
8055655 61672882 1
10468724 11890896 1
10468724 13518671 1
10468724 16265731 1
10468724 24654042 1
11890896 13518671 1
11890896 16265731 1
11890896 24654042 1
11890896 27608222 1
11890896 61672882 1
13518671 16265731 1
13518671 24654042 1
13518671 61672882 1
16265731 24654042 1
16265731 61672882 1
24654042 27608222 2
24654042 61672882 1
10316063 10681507 1
10316063 11404559 1
10316063 12642781 1
10316063 13021216 1
10316063 13261761 1
10316063 13883122 1
10316063 14009750 1
10316063 14077879 1
10316063 20154081 1
10316063 21251031 1
10316063 24654042 1
10316063 27608222 1
10316063 30326952 1
10316063 31755072 1
10316063 35196552 1
10316063 59181852 1
10316063 59184202 1
10316063 60904932 1
10316063 65980422 1
10316063 74059682 1
10316063 80455462 1
10316063 82921062 1
10316063 83370872 1
10316063 83376032 1
10316063 85259892 1
10316063 88824752 1
10316063 95836742 1
10316063 97499072 1
10316063 100336402 1
10316063 100514302 1
10681507 11404559 1
10681507 12642781 1
10681507 13021216 1
10681507 13261761 1
10681507 13883122 1
10681507 14009750 1
10681507 14077879 1
10681507 20154081 1
10681507 21251031 1
10681507 24654042 1
10681507 27608222 1
10681507 30326952 1
10681507 31755072 1
10681507 35196552 1
10681507 59181852 1
10681507 59184202 1
10681507 60904932 1
10681507 65980422 1
10681507 74059682 1
10681507 80455462 1
10681507 82921062 1
10681507 83370872 1
10681507 83376032 1
10681507 85259892 1
10681507 88824752 1
10681507 95836742 1
10681507 97499072 1
10681507 100336402 1
10681507 100514302 1
11404559 12642781 1
11404559 13021216 1
11404559 13261761 1
11404559 13883122 1
11404559 14009750 1
11404559 14077879 1
11404559 20154081 1
11404559 21251031 1
11404559 24654042 1
11404559 27608222 1
11404559 30326952 1
11404559 31755072 1
11404559 35196552 1
11404559 59181852 1
11404559 59184202 1
11404559 60904932 1
11404559 65980422 1
11404559 74059682 1
11404559 80455462 1
11404559 82921062 1
11404559 83370872 1
11404559 83376032 1
11404559 85259892 1
11404559 88824752 1
11404559 95836742 1
11404559 97499072 1
11404559 100336402 1
11404559 100514302 1
12642781 13021216 1
12642781 13261761 1
12642781 13883122 1
12642781 21251031 1
12642781 24654042 1
12642781 30326952 1
12642781 60904932 1
12642781 83376032 1
12642781 85259892 1
12642781 88824752 1
12642781 95836742 1
12642781 97499072 1
12642781 100336402 1
12642781 100514302 1
13021216 13261761 1
13021216 14077879 1
13021216 21251031 1
13021216 24654042 1
13021216 30326952 1
13021216 59184202 1
13021216 60904932 1
13021216 80455462 1
13021216 82921062 1
13021216 83370872 1
13021216 83376032 1
13021216 85259892 1
13021216 88824752 1
13021216 95836742 1
13021216 97499072 1
13021216 100336402 1
13021216 100514302 1
13261761 13883122 2
13261761 14009750 1
13261761 14077879 1
13261761 20154081 1
13261761 21251031 1
13261761 24654042 1
13261761 27608222 2
13261761 30326952 2
13261761 31755072 1
13261761 35196552 1
13261761 59181852 2
13261761 59184202 1
13261761 60904932 2
13261761 65980422 2
13261761 74059682 2
13261761 80455462 2
13261761 82921062 2
13261761 83370872 2
13261761 83376032 1
13261761 85259892 1
13261761 88824752 1
13261761 95836742 2
13261761 97499072 1
13261761 100336402 1
13261761 100514302 1
13883122 14077879 1
13883122 21251031 1
13883122 24654042 1
13883122 30326952 2
13883122 59184202 1
13883122 60904932 2
13883122 80455462 2
13883122 82921062 2
13883122 83370872 2
13883122 83376032 1
13883122 85259892 1
13883122 88824752 1
13883122 95836742 2
13883122 97499072 1
13883122 100336402 1
13883122 100514302 1
14009750 21251031 1
14009750 24654042 1
14009750 30326952 1
14009750 60904932 1
14009750 83376032 1
14009750 85259892 1
14009750 88824752 1
14009750 95836742 1
14009750 97499072 1
14009750 100336402 1
14009750 100514302 1
14077879 21251031 1
14077879 24654042 1
14077879 30326952 1
14077879 60904932 1
14077879 83376032 1
14077879 85259892 1
14077879 88824752 1
14077879 95836742 1
14077879 97499072 1
14077879 100336402 1
14077879 100514302 1
20154081 21251031 1
20154081 24654042 1
20154081 30326952 1
20154081 60904932 1
20154081 83376032 1
20154081 85259892 1
20154081 88824752 1
20154081 95836742 1
20154081 97499072 1
20154081 100336402 1
20154081 100514302 1
21251031 24654042 1
21251031 27608222 1
21251031 30326952 1
21251031 31755072 1
21251031 35196552 1
21251031 59181852 1
21251031 59184202 1
21251031 60904932 1
21251031 65980422 1
21251031 74059682 1
21251031 80455462 1
21251031 82921062 1
21251031 83370872 1
21251031 83376032 1
21251031 85259892 1
21251031 88824752 1
21251031 95836742 1
21251031 97499072 1
21251031 100336402 1
21251031 100514302 1
24654042 30326952 1
24654042 31755072 1
24654042 35196552 1
24654042 59181852 1
24654042 59184202 1
24654042 60904932 1
24654042 65980422 1
24654042 74059682 1
24654042 80455462 1
24654042 82921062 1
24654042 83370872 1
24654042 83376032 1
24654042 85259892 1
24654042 88824752 1
24654042 95836742 1
24654042 97499072 1
24654042 100336402 1
24654042 100514302 1
27608222 30326952 2
27608222 83376032 1
27608222 88824752 1
27608222 95836742 2
27608222 97499072 1
27608222 100336402 1
27608222 100514302 1
30326952 31755072 1
30326952 35196552 1
30326952 59181852 2
30326952 59184202 1
30326952 60904932 2
30326952 65980422 2
30326952 74059682 2
30326952 80455462 2
30326952 82921062 2
30326952 83370872 2
30326952 83376032 1
30326952 85259892 1
30326952 88824752 1
30326952 95836742 2
30326952 97499072 1
30326952 100336402 1
30326952 100514302 1
31755072 60904932 1
31755072 83376032 1
31755072 88824752 1
31755072 95836742 1
31755072 97499072 1
31755072 100336402 1
31755072 100514302 1
35196552 60904932 1
35196552 83376032 1
35196552 85259892 1
35196552 88824752 1
35196552 95836742 1
35196552 97499072 1
35196552 100336402 1
35196552 100514302 1
59181852 60904932 2
59181852 83376032 1
59181852 85259892 1
59181852 88824752 1
59181852 95836742 2
59181852 97499072 1
59181852 100336402 1
59181852 100514302 1
59184202 83376032 1
59184202 85259892 1
59184202 88824752 1
59184202 95836742 1
59184202 97499072 1
59184202 100336402 1
59184202 100514302 1
60904932 74059682 2
60904932 83376032 1
60904932 85259892 1
60904932 88824752 1
60904932 95836742 2
60904932 97499072 1
60904932 100336402 1
60904932 100514302 1
65980422 83376032 1
65980422 85259892 1
65980422 88824752 1
65980422 95836742 2
65980422 97499072 1
65980422 100336402 1
65980422 100514302 1
74059682 83376032 1
74059682 85259892 1
74059682 88824752 1
74059682 95836742 2
74059682 97499072 1
74059682 100336402 1
74059682 100514302 1
80455462 83376032 1
80455462 85259892 1
80455462 88824752 1
80455462 95836742 2
80455462 97499072 1
80455462 100336402 1
80455462 100514302 1
82921062 83376032 1
82921062 85259892 1
82921062 88824752 1
82921062 95836742 2
82921062 97499072 1
82921062 100336402 1
82921062 100514302 1
83370872 83376032 1
83370872 85259892 1
83370872 88824752 1
83370872 95836742 2
83370872 97499072 1
83370872 100336402 1
83370872 100514302 1
83376032 85259892 1
83376032 88824752 1
83376032 95836742 1
83376032 97499072 1
83376032 100336402 1
83376032 100514302 1
85259892 88824752 1
85259892 95836742 1
85259892 97499072 1
85259892 100336402 1
85259892 100514302 1
88824752 95836742 1
88824752 97499072 1
88824752 100336402 1
88824752 100514302 1
95836742 97499072 1
95836742 100336402 1
95836742 100514302 1
97499072 100336402 1
97499072 100514302 1
100336402 100514302 1
8081990 8383565 1
8081990 9676277 1
8081990 10142304 1
8081990 11197675 1
8081990 13261761 1
8081990 13883122 1
8081990 13922037 1
8081990 28127542 1
8081990 30326952 1
8081990 30591762 1
8081990 38073202 1
8081990 51664582 1
8081990 60904932 1
8081990 71834592 1
8081990 86377132 1
8081990 87498492 1
8081990 95836742 1
8081990 100425682 1
8081990 103320872 1
8081990 104634952 1
8081990 104795212 1
8081990 104908252 1
8081990 105688632 1
8383565 9676277 1
8383565 10142304 1
8383565 10468724 1
8383565 11197675 1
8383565 13261761 1
8383565 13883122 1
8383565 13922037 1
8383565 20210801 1
8383565 23988912 1
8383565 27608222 1
8383565 28127542 1
8383565 30326952 1
8383565 30591762 1
8383565 38073202 1
8383565 51664582 1
8383565 52991712 1
8383565 59181852 1
8383565 60904932 1
8383565 61672882 1
8383565 65980422 1
8383565 71834592 1
8383565 74059682 1
8383565 80455462 1
8383565 82921062 1
8383565 83370872 1
8383565 86377132 1
8383565 87498492 1
8383565 95836742 1
8383565 100425682 1
8383565 103320872 1
8383565 104634952 1
8383565 104795212 1
8383565 104908252 1
8383565 105688632 1
9676277 10142304 1
9676277 10468724 1
9676277 11197675 1
9676277 13261761 1
9676277 13883122 1
9676277 13922037 1
9676277 20210801 1
9676277 23988912 1
9676277 27608222 1
9676277 28127542 1
9676277 30326952 1
9676277 30591762 1
9676277 38073202 1
9676277 51664582 1
9676277 52991712 1
9676277 59181852 1
9676277 60904932 1
9676277 61672882 1
9676277 65980422 1
9676277 71834592 1
9676277 74059682 1
9676277 80455462 1
9676277 82921062 1
9676277 83370872 1
9676277 86377132 1
9676277 87498492 1
9676277 95836742 1
9676277 100425682 1
9676277 103320872 1
9676277 104634952 1
9676277 104795212 1
9676277 104908252 1
9676277 105688632 1
10142304 10468724 1
10142304 11197675 1
10142304 13261761 1
10142304 13883122 1
10142304 13922037 1
10142304 20210801 1
10142304 23988912 1
10142304 27608222 1
10142304 28127542 1
10142304 30326952 1
10142304 30591762 1
10142304 38073202 1
10142304 51664582 1
10142304 52991712 1
10142304 59181852 1
10142304 60904932 1
10142304 61672882 1
10142304 65980422 1
10142304 71834592 1
10142304 74059682 1
10142304 80455462 1
10142304 82921062 1
10142304 83370872 1
10142304 86377132 1
10142304 87498492 1
10142304 95836742 1
10142304 100425682 1
10142304 103320872 1
10142304 104634952 1
10142304 104795212 1
10142304 104908252 1
10142304 105688632 1
10468724 11197675 1
10468724 13261761 1
10468724 28127542 1
10468724 30326952 1
10468724 30591762 1
10468724 51664582 1
10468724 71834592 1
10468724 86377132 1
10468724 95836742 1
10468724 100425682 1
10468724 103320872 1
10468724 104634952 1
10468724 104795212 1
10468724 104908252 1
10468724 105688632 1
11197675 13261761 1
11197675 13883122 1
11197675 13922037 1
11197675 20210801 1
11197675 23988912 1
11197675 27608222 1
11197675 28127542 1
11197675 30326952 1
11197675 30591762 1
11197675 38073202 1
11197675 51664582 1
11197675 52991712 1
11197675 59181852 1
11197675 60904932 1
11197675 61672882 1
11197675 65980422 1
11197675 71834592 1
11197675 74059682 1
11197675 80455462 1
11197675 82921062 1
11197675 83370872 1
11197675 86377132 1
11197675 87498492 1
11197675 95836742 1
11197675 100425682 1
11197675 103320872 1
11197675 104634952 1
11197675 104795212 1
11197675 104908252 1
11197675 105688632 1
13261761 13922037 1
13261761 20210801 1
13261761 23988912 1
13261761 28127542 1
13261761 30591762 1
13261761 38073202 1
13261761 51664582 1
13261761 52991712 1
13261761 61672882 1
13261761 71834592 1
13261761 86377132 1
13261761 87498492 1
13261761 100425682 1
13261761 103320872 1
13261761 104634952 1
13261761 104795212 1
13261761 104908252 1
13261761 105688632 1
13883122 13922037 1
13883122 23988912 1
13883122 28127542 1
13883122 30591762 1
13883122 38073202 1
13883122 51664582 1
13883122 71834592 1
13883122 86377132 1
13883122 87498492 1
13883122 100425682 1
13883122 103320872 1
13883122 104634952 1
13883122 104795212 1
13883122 104908252 1
13883122 105688632 1
13922037 23988912 1
13922037 28127542 1
13922037 30326952 1
13922037 30591762 1
13922037 51664582 1
13922037 59181852 1
13922037 71834592 1
13922037 74059682 1
13922037 86377132 1
13922037 95836742 1
13922037 100425682 1
13922037 103320872 1
13922037 104634952 1
13922037 104795212 1
13922037 104908252 1
13922037 105688632 1
20210801 28127542 1
20210801 30326952 1
20210801 30591762 1
20210801 51664582 1
20210801 71834592 1
20210801 86377132 1
20210801 95836742 1
20210801 100425682 1
20210801 103320872 1
20210801 104634952 1
20210801 104795212 1
20210801 104908252 1
20210801 105688632 1
23988912 28127542 1
23988912 30326952 1
23988912 30591762 1
23988912 38073202 1
23988912 51664582 1
23988912 60904932 1
23988912 71834592 1
23988912 86377132 1
23988912 87498492 1
23988912 95836742 1
23988912 100425682 1
23988912 103320872 1
23988912 104634952 1
23988912 104795212 1
23988912 104908252 1
23988912 105688632 1
27608222 28127542 1
27608222 30591762 1
27608222 51664582 1
27608222 71834592 1
27608222 86377132 1
27608222 100425682 1
27608222 103320872 1
27608222 104634952 1
27608222 104795212 1
27608222 104908252 1
27608222 105688632 1
28127542 30326952 1
28127542 30591762 1
28127542 38073202 1
28127542 51664582 1
28127542 52991712 1
28127542 59181852 1
28127542 60904932 1
28127542 61672882 1
28127542 65980422 1
28127542 71834592 1
28127542 74059682 1
28127542 80455462 1
28127542 82921062 1
28127542 83370872 1
28127542 86377132 1
28127542 87498492 1
28127542 95836742 1
28127542 100425682 1
28127542 103320872 1
28127542 104634952 1
28127542 104795212 1
28127542 104908252 1
28127542 105688632 1
30326952 30591762 1
30326952 38073202 1
30326952 51664582 1
30326952 52991712 1
30326952 61672882 1
30326952 71834592 1
30326952 86377132 1
30326952 87498492 1
30326952 100425682 1
30326952 103320872 1
30326952 104634952 1
30326952 104795212 1
30326952 104908252 1
30326952 105688632 1
30591762 38073202 1
30591762 51664582 1
30591762 52991712 1
30591762 59181852 1
30591762 60904932 1
30591762 61672882 1
30591762 65980422 1
30591762 71834592 1
30591762 74059682 1
30591762 80455462 1
30591762 82921062 1
30591762 83370872 1
30591762 86377132 1
30591762 87498492 1
30591762 95836742 1
30591762 100425682 1
30591762 103320872 1
30591762 104634952 1
30591762 104795212 1
30591762 104908252 1
30591762 105688632 1
38073202 51664582 1
38073202 59181852 1
38073202 71834592 1
38073202 74059682 1
38073202 86377132 1
38073202 95836742 1
38073202 100425682 1
38073202 103320872 1
38073202 104634952 1
38073202 104795212 1
38073202 104908252 1
38073202 105688632 1
51664582 52991712 1
51664582 59181852 1
51664582 60904932 1
51664582 61672882 1
51664582 65980422 1
51664582 71834592 1
51664582 74059682 1
51664582 80455462 1
51664582 82921062 1
51664582 83370872 1
51664582 86377132 1
51664582 87498492 1
51664582 95836742 1
51664582 100425682 1
51664582 103320872 1
51664582 104634952 1
51664582 104795212 1
51664582 104908252 1
51664582 105688632 1
52991712 71834592 1
52991712 86377132 1
52991712 95836742 1
52991712 100425682 1
52991712 103320872 1
52991712 104634952 1
52991712 104795212 1
52991712 104908252 1
52991712 105688632 1
59181852 71834592 1
59181852 86377132 1
59181852 87498492 1
59181852 100425682 1
59181852 103320872 1
59181852 104634952 1
59181852 104795212 1
59181852 104908252 1
59181852 105688632 1
60904932 71834592 1
60904932 86377132 1
60904932 100425682 1
60904932 103320872 1
60904932 104634952 1
60904932 104795212 1
60904932 104908252 1
60904932 105688632 1
61672882 71834592 1
61672882 86377132 1
61672882 95836742 1
61672882 100425682 1
61672882 103320872 1
61672882 104634952 1
61672882 104795212 1
61672882 104908252 1
61672882 105688632 1
65980422 71834592 1
65980422 86377132 1
65980422 100425682 1
65980422 103320872 1
65980422 104634952 1
65980422 104795212 1
65980422 104908252 1
65980422 105688632 1
71834592 74059682 1
71834592 80455462 1
71834592 82921062 1
71834592 83370872 1
71834592 86377132 1
71834592 87498492 1
71834592 95836742 1
71834592 100425682 1
71834592 103320872 1
71834592 104634952 1
71834592 104795212 1
71834592 104908252 1
71834592 105688632 1
74059682 86377132 1
74059682 87498492 1
74059682 100425682 1
74059682 103320872 1
74059682 104634952 1
74059682 104795212 1
74059682 104908252 1
74059682 105688632 1
80455462 86377132 1
80455462 100425682 1
80455462 103320872 1
80455462 104634952 1
80455462 104795212 1
80455462 104908252 1
80455462 105688632 1
82921062 86377132 1
82921062 100425682 1
82921062 103320872 1
82921062 104634952 1
82921062 104795212 1
82921062 104908252 1
82921062 105688632 1
83370872 86377132 1
83370872 100425682 1
83370872 103320872 1
83370872 104634952 1
83370872 104795212 1
83370872 104908252 1
83370872 105688632 1
86377132 87498492 1
86377132 95836742 1
86377132 100425682 1
86377132 103320872 1
86377132 104634952 1
86377132 104795212 1
86377132 104908252 1
86377132 105688632 1
87498492 95836742 1
87498492 100425682 1
87498492 103320872 1
87498492 104634952 1
87498492 104795212 1
87498492 104908252 1
87498492 105688632 1
95836742 100425682 1
95836742 103320872 1
95836742 104634952 1
95836742 104795212 1
95836742 104908252 1
95836742 105688632 1
100425682 103320872 1
100425682 104634952 1
100425682 104795212 1
100425682 104908252 1
100425682 105688632 1
103320872 104634952 1
103320872 104795212 1
103320872 104908252 1
103320872 105688632 1
104634952 104795212 1
104634952 104908252 1
104634952 105688632 1
104795212 104908252 1
104795212 105688632 1
104908252 105688632 1
