124537792 147980002 148477702 8560426 55645292 139372652 13194286 166658572 72470072 134968442 60796222
8560426 13194286 1
13194286 55645292 1
13194286 60796222 6
13194286 124537792 1
13194286 134968442 1
13194286 139372652 1
60796222 124537792 1
60796222 134968442 1
60796222 139372652 1
124537792 134968442 1
124537792 139372652 1
134968442 139372652 1
13194286 147980002 1
13194286 148477702 1
60796222 147980002 1
60796222 148477702 1
147980002 148477702 1
13194286 72470072 1
60796222 72470072 1
13194286 166658572 1
