4159233 5701640 6810380 5048337 4904982 2442778 2418971 3363233 3576739 4401321 6081709 3514031 3172146 5338931 3993780 3261121 6485829 4610120 2828105 5346890 3551691 1953228 5220179 4951766 5023836 4711011 4703209 5345906 5402612 3238646 3827966
3551691 3993780 1
3551691 4610120 1
3551691 4711011 1
3551691 4904982 3
3551691 4951766 2
3551691 5023836 4
3551691 5048337 1
3993780 4610120 1
3993780 4711011 1
3993780 4904982 1
3993780 4951766 1
3993780 5023836 1
3993780 5048337 1
4610120 4711011 1
4610120 4904982 2
4610120 4951766 1
4610120 5023836 3
4610120 5048337 2
4711011 4904982 1
4711011 4951766 1
4711011 5023836 1
4711011 5048337 1
4904982 4951766 2
4904982 5023836 4
4904982 5048337 1
4951766 5023836 2
4951766 5048337 1
5023836 5048337 2
3514031 3576739 1
3514031 5023836 1
3514031 5346890 1
3576739 5023836 3
3576739 5346890 2
5023836 5346890 5
3363233 3576739 1
3363233 5402612 1
3576739 5402612 1
3238646 4610120 1
3238646 4703209 1
3238646 4904982 2
3238646 5023836 4
3238646 5346890 2
4610120 4703209 1
4610120 5346890 1
4703209 4904982 1
4703209 5023836 1
4703209 5346890 1
4904982 5346890 3
1953228 3172146 2
1953228 3551691 2
1953228 4904982 2
1953228 4951766 1
1953228 5023836 3
1953228 5345906 2
1953228 5346890 2
1953228 5701640 2
3172146 3551691 1
3172146 4904982 1
3172146 4951766 1
3172146 5023836 3
3172146 5345906 1
3172146 5346890 2
3172146 5701640 3
3551691 5345906 2
3551691 5346890 2
3551691 5701640 1
4904982 5345906 2
4904982 5701640 1
4951766 5345906 1
4951766 5346890 1
4951766 5701640 1
5023836 5345906 2
5023836 5701640 3
5345906 5346890 2
5345906 5701640 1
5346890 5701640 2
2828105 3172146 1
2828105 3576739 1
2828105 4401321 1
2828105 5023836 1
2828105 5346890 1
2828105 5701640 1
3172146 3576739 1
3172146 4401321 1
3576739 4401321 1
3576739 5701640 1
4401321 5023836 1
4401321 5346890 1
4401321 5701640 1
1953228 3238646 2
1953228 3827966 2
1953228 6081709 2
3172146 3238646 1
3172146 3827966 1
3172146 6081709 1
3238646 3827966 3
3238646 5701640 1
3238646 6081709 3
3827966 5023836 3
3827966 5701640 1
3827966 6081709 3
5023836 6081709 3
5701640 6081709 1
3238646 3261121 1
3238646 3551691 2
3238646 3576739 1
3238646 4159233 2
3238646 5220179 1
3238646 5338931 1
3238646 6485829 2
3261121 3551691 1
3261121 3576739 1
3261121 3827966 1
3261121 4159233 1
3261121 5023836 1
3261121 5220179 1
3261121 5338931 1
3261121 6081709 1
3261121 6485829 1
3551691 3576739 1
3551691 3827966 2
3551691 4159233 2
3551691 5220179 1
3551691 5338931 1
3551691 6081709 2
3551691 6485829 2
3576739 3827966 1
3576739 4159233 1
3576739 5220179 1
3576739 5338931 1
3576739 6081709 1
3576739 6485829 1
3827966 4159233 2
3827966 5220179 1
3827966 5338931 1
3827966 6485829 2
4159233 5023836 2
4159233 5220179 1
4159233 5338931 1
4159233 6081709 2
4159233 6485829 2
5023836 5220179 1
5023836 5338931 1
5023836 6485829 2
5220179 5338931 1
5220179 6081709 1
5220179 6485829 1
5338931 6081709 1
5338931 6485829 1
6081709 6485829 2
1953228 2418971 1
1953228 2442778 1
1953228 4159233 1
1953228 6485829 1
1953228 6810380 1
2418971 2442778 1
2418971 3238646 1
2418971 3551691 1
2418971 3827966 1
2418971 4159233 1
2418971 4904982 1
2418971 5023836 1
2418971 5345906 1
2418971 5346890 1
2418971 6081709 1
2418971 6485829 1
2418971 6810380 1
2442778 3238646 1
2442778 3551691 1
2442778 3827966 1
2442778 4159233 1
2442778 4904982 1
2442778 5023836 1
2442778 5345906 1
2442778 5346890 1
2442778 6081709 1
2442778 6485829 1
2442778 6810380 1
3238646 5345906 1
3238646 6810380 1
3551691 6810380 1
3827966 4904982 1
3827966 5345906 1
3827966 5346890 1
3827966 6810380 1
4159233 4904982 1
4159233 5345906 1
4159233 5346890 1
4159233 6810380 1
4904982 6081709 1
4904982 6485829 1
4904982 6810380 1
5023836 6810380 1
5345906 6081709 1
5345906 6485829 1
5345906 6810380 1
5346890 6081709 1
5346890 6485829 1
5346890 6810380 1
6081709 6810380 1
6485829 6810380 1
