5287049 10486929 12716177 17508881 14632727 1067418 10094747 10793639 12321832 13771185 8082101 13722935 13863493 14261830 12705740 13247948 17015631 11276626 4201939 9630296 15468251 12768476 14606564 9196522 17724651 9398512 8578546 9724915 14543992 17714041 13641086 17733631
1067418 4201939 4
1067418 8578546 1
1067418 9398512 5
1067418 9724915 4
1067418 10793639 5
1067418 12705740 4
1067418 13641086 5
1067418 13863493 5
4201939 8578546 2
4201939 9398512 4
4201939 9724915 3
4201939 10793639 5
4201939 12705740 3
4201939 13641086 5
4201939 13863493 4
8578546 9398512 5
8578546 9724915 1
8578546 10793639 3
8578546 12705740 1
8578546 13641086 6
8578546 13863493 1
9398512 9724915 4
9398512 10793639 6
9398512 12705740 4
9398512 13641086 9
9398512 13863493 5
9724915 10793639 4
9724915 12705740 4
9724915 13641086 4
9724915 13863493 4
10793639 12705740 4
10793639 13641086 7
10793639 13863493 5
12705740 13641086 4
12705740 13863493 4
13641086 13863493 5
5287049 8578546 1
5287049 9196522 1
5287049 9398512 1
5287049 10486929 1
5287049 11276626 1
5287049 12321832 1
5287049 12716177 1
5287049 13247948 1
5287049 13641086 1
5287049 13771185 1
5287049 14543992 1
8578546 9196522 5
8578546 10486929 4
8578546 11276626 1
8578546 12321832 5
8578546 12716177 1
8578546 13247948 5
8578546 13771185 1
8578546 14543992 2
9196522 9398512 4
9196522 10486929 4
9196522 11276626 1
9196522 12321832 5
9196522 12716177 1
9196522 13247948 5
9196522 13641086 5
9196522 13771185 1
9196522 14543992 2
9398512 10486929 3
9398512 11276626 1
9398512 12321832 4
9398512 12716177 1
9398512 13247948 4
9398512 13771185 1
9398512 14543992 1
10486929 11276626 1
10486929 12321832 4
10486929 12716177 1
10486929 13247948 4
10486929 13641086 4
10486929 13771185 1
10486929 14543992 2
11276626 12321832 1
11276626 12716177 1
11276626 13247948 1
11276626 13641086 1
11276626 13771185 1
11276626 14543992 1
12321832 12716177 1
12321832 13247948 5
12321832 13641086 5
12321832 13771185 1
12321832 14543992 2
12716177 13247948 1
12716177 13641086 1
12716177 13771185 1
12716177 14543992 1
13247948 13641086 5
13247948 13771185 1
13247948 14543992 2
13641086 13771185 1
13641086 14543992 2
13771185 14543992 1
1067418 12768476 3
1067418 14261830 1
1067418 14632727 2
4201939 12768476 3
4201939 14261830 1
4201939 14632727 2
9398512 12768476 3
9398512 14261830 1
9398512 14632727 2
10793639 12768476 3
10793639 14261830 1
10793639 14632727 3
12768476 13641086 3
12768476 13863493 3
12768476 14261830 1
12768476 14632727 1
13641086 14261830 1
13641086 14632727 3
13863493 14261830 1
13863493 14632727 2
14261830 14632727 1
4201939 9196522 1
4201939 9630296 1
4201939 10486929 1
4201939 12321832 1
4201939 13247948 1
4201939 14543992 1
8578546 9630296 1
8578546 14632727 1
9196522 9630296 1
9196522 10793639 2
9196522 14632727 1
9630296 10486929 1
9630296 10793639 1
9630296 12321832 1
9630296 13247948 1
9630296 13641086 1
9630296 14543992 1
9630296 14632727 1
10486929 10793639 1
10486929 14632727 1
10793639 12321832 2
10793639 13247948 2
10793639 14543992 1
12321832 14632727 1
13247948 14632727 1
14543992 14632727 1
9724915 14632727 1
12705740 14632727 1
8578546 13722935 1
8578546 14606564 1
8578546 15468251 2
9196522 13722935 1
9196522 14606564 1
9196522 15468251 2
9398512 13722935 1
9398512 14606564 1
9398512 15468251 3
10486929 13722935 1
10486929 14606564 1
10486929 15468251 1
12321832 13722935 1
12321832 14606564 1
12321832 15468251 2
13247948 13722935 1
13247948 14606564 1
13247948 15468251 2
13641086 13722935 1
13641086 14606564 1
13641086 15468251 3
13722935 14606564 1
13722935 15468251 1
14606564 15468251 1
1067418 15468251 1
4201939 15468251 1
9724915 12768476 2
9724915 15468251 1
10793639 15468251 2
12705740 12768476 2
12705740 15468251 1
12768476 15468251 1
13863493 15468251 1
8082101 8578546 1
8082101 9196522 1
8082101 9398512 1
8082101 10486929 1
8082101 12321832 1
8082101 13247948 1
8082101 13641086 1
8082101 17015631 1
8578546 17015631 1
9196522 17015631 1
9398512 17015631 1
10486929 17015631 1
12321832 17015631 1
13247948 17015631 1
13641086 17015631 1
1067418 17508881 1
1067418 17724651 1
4201939 17508881 1
4201939 17724651 1
9398512 17508881 1
9398512 17724651 1
9724915 17508881 1
9724915 17724651 1
10793639 17508881 1
10793639 17724651 1
12705740 17508881 1
12705740 17724651 1
12768476 17508881 1
12768476 17724651 1
13641086 17508881 1
13641086 17724651 1
13863493 17508881 1
13863493 17724651 1
17508881 17724651 1
8578546 10094747 1
8578546 17714041 1
8578546 17733631 1
9196522 10094747 1
9196522 17714041 1
9196522 17733631 1
9398512 10094747 1
9398512 17714041 1
9398512 17733631 1
10094747 10793639 1
10094747 12321832 1
10094747 13247948 1
10094747 13641086 1
10094747 15468251 1
10094747 17714041 1
10094747 17733631 1
10793639 17714041 1
10793639 17733631 1
12321832 17714041 1
12321832 17733631 1
13247948 17714041 1
13247948 17733631 1
13641086 17714041 1
13641086 17733631 1
15468251 17714041 1
15468251 17733631 1
17714041 17733631 1
