150348412 141042562 47293702 133876492 107571472 47804052 92023832 1067418 119269662 105680292 2599972 89535142 10793639 12321832 64647472 155787312 10613299 129136892 153568822 41437112 103817402 149519682 107249092 13863493 22918601 149701202 4201939 9630296 87624922 12768476 435421 11158622 105180892 155200222 11653475 137120612 141189092 147887972 150251242 62757612 58055662 9724915 76366202 9045756 21387261 13641086
435421 1067418 4
435421 4201939 4
435421 10793639 4
435421 11653475 8
435421 12768476 1
435421 13641086 4
435421 13863493 4
435421 22918601 8
435421 62757612 5
435421 89535142 5
435421 105680292 5
435421 107249092 1
435421 133876492 3
1067418 4201939 3
1067418 10793639 3
1067418 11653475 4
1067418 12768476 1
1067418 13641086 3
1067418 13863493 3
1067418 22918601 4
1067418 62757612 4
1067418 89535142 4
1067418 105680292 4
1067418 107249092 1
1067418 133876492 3
4201939 10793639 3
4201939 11653475 4
4201939 12768476 1
4201939 13641086 3
4201939 13863493 3
4201939 22918601 4
4201939 62757612 4
4201939 89535142 4
4201939 105680292 4
4201939 107249092 1
4201939 133876492 2
10793639 11653475 4
10793639 12768476 1
10793639 13641086 3
10793639 13863493 4
10793639 22918601 4
10793639 62757612 4
10793639 89535142 4
10793639 105680292 4
10793639 107249092 1
10793639 133876492 3
11653475 12768476 1
11653475 13641086 4
11653475 13863493 4
11653475 22918601 10
11653475 62757612 5
11653475 89535142 5
11653475 105680292 5
11653475 107249092 1
11653475 133876492 4
12768476 13641086 1
12768476 13863493 1
12768476 22918601 1
12768476 62757612 1
12768476 89535142 1
12768476 105680292 1
12768476 107249092 1
12768476 133876492 1
13641086 13863493 3
13641086 22918601 4
13641086 62757612 4
13641086 89535142 4
13641086 105680292 4
13641086 107249092 1
13641086 133876492 2
13863493 22918601 4
13863493 62757612 4
13863493 89535142 4
13863493 105680292 4
13863493 107249092 1
13863493 133876492 3
22918601 62757612 5
22918601 89535142 5
22918601 105680292 5
22918601 107249092 1
22918601 133876492 4
62757612 89535142 5
62757612 105680292 5
62757612 107249092 1
62757612 133876492 3
89535142 105680292 5
89535142 107249092 1
89535142 133876492 3
105680292 107249092 1
105680292 133876492 3
107249092 133876492 1
435421 9045756 3
435421 11158622 3
435421 12321832 3
435421 21387261 1
435421 47804052 1
435421 119269662 1
435421 137120612 1
435421 141189092 2
435421 147887972 1
9045756 11158622 5
9045756 11653475 5
9045756 12321832 5
9045756 21387261 1
9045756 22918601 5
9045756 47804052 2
9045756 119269662 1
9045756 137120612 2
9045756 141189092 3
9045756 147887972 1
11158622 11653475 5
11158622 12321832 5
11158622 21387261 1
11158622 22918601 5
11158622 47804052 2
11158622 119269662 1
11158622 137120612 2
11158622 141189092 3
11158622 147887972 1
11653475 12321832 5
11653475 21387261 1
11653475 47804052 2
11653475 119269662 1
11653475 137120612 2
11653475 141189092 3
11653475 147887972 1
12321832 21387261 1
12321832 22918601 5
12321832 47804052 2
12321832 119269662 1
12321832 137120612 2
12321832 141189092 3
12321832 147887972 1
21387261 22918601 1
21387261 47804052 1
21387261 119269662 1
21387261 137120612 1
21387261 141189092 1
21387261 147887972 1
22918601 47804052 2
22918601 119269662 1
22918601 137120612 2
22918601 141189092 3
22918601 147887972 1
47804052 119269662 1
47804052 137120612 2
47804052 141189092 2
47804052 147887972 1
119269662 137120612 1
119269662 141189092 1
119269662 147887972 1
137120612 141189092 2
137120612 147887972 1
141189092 147887972 1
435421 9724915 4
435421 64647472 4
435421 105180892 1
435421 129136892 1
435421 149701202 2
1067418 9724915 3
1067418 64647472 3
1067418 105180892 1
1067418 129136892 1
1067418 149701202 1
9724915 10793639 3
9724915 11653475 4
9724915 13641086 3
9724915 13863493 3
9724915 22918601 4
9724915 62757612 4
9724915 64647472 4
9724915 89535142 4
9724915 105180892 1
9724915 105680292 4
9724915 129136892 1
9724915 133876492 2
9724915 149701202 1
10793639 64647472 3
10793639 105180892 1
10793639 129136892 1
10793639 149701202 1
11653475 64647472 4
11653475 105180892 1
11653475 129136892 1
11653475 149701202 2
13641086 64647472 3
13641086 105180892 1
13641086 129136892 1
13641086 149701202 1
13863493 64647472 3
13863493 105180892 1
13863493 129136892 1
13863493 149701202 1
22918601 64647472 4
22918601 105180892 1
22918601 129136892 1
22918601 149701202 2
62757612 64647472 4
62757612 105180892 1
62757612 129136892 1
62757612 149701202 1
64647472 89535142 4
64647472 105180892 1
64647472 105680292 4
64647472 129136892 1
64647472 133876492 2
64647472 149701202 1
89535142 105180892 1
89535142 129136892 1
89535142 149701202 1
105180892 105680292 1
105180892 129136892 1
105180892 133876492 1
105180892 149701202 1
105680292 129136892 1
105680292 149701202 1
129136892 133876492 1
129136892 149701202 1
133876492 149701202 1
9045756 9630296 1
9045756 10613299 1
9045756 133876492 1
9045756 149519682 1
9045756 150251242 1
9045756 150348412 1
9630296 10613299 1
9630296 11158622 1
9630296 11653475 1
9630296 12321832 1
9630296 22918601 1
9630296 47804052 1
9630296 133876492 1
9630296 137120612 1
9630296 141189092 1
9630296 149519682 1
9630296 150251242 1
9630296 150348412 1
10613299 11158622 1
10613299 11653475 1
10613299 12321832 1
10613299 22918601 1
10613299 47804052 1
10613299 133876492 1
10613299 137120612 1
10613299 141189092 1
10613299 149519682 1
10613299 150251242 1
10613299 150348412 1
11158622 133876492 1
11158622 149519682 1
11158622 150251242 1
11158622 150348412 1
11653475 149519682 1
11653475 150251242 1
11653475 150348412 1
12321832 133876492 1
12321832 149519682 1
12321832 150251242 1
12321832 150348412 1
22918601 149519682 1
22918601 150251242 1
22918601 150348412 1
47804052 133876492 1
47804052 149519682 1
47804052 150251242 1
47804052 150348412 1
133876492 137120612 1
133876492 141189092 1
133876492 149519682 1
133876492 150251242 1
133876492 150348412 1
137120612 149519682 1
137120612 150251242 1
137120612 150348412 1
141189092 149519682 1
141189092 150251242 1
141189092 150348412 1
149519682 150251242 1
149519682 150348412 1
150251242 150348412 1
4201939 9724915 3
4201939 64647472 3
435421 2599972 1
435421 107571472 1
2599972 9045756 1
2599972 11158622 1
2599972 11653475 1
2599972 12321832 1
2599972 22918601 1
2599972 107571472 1
2599972 141189092 1
2599972 149701202 1
9045756 107571472 1
9045756 149701202 1
11158622 107571472 1
11158622 149701202 1
11653475 107571472 1
12321832 107571472 1
12321832 149701202 1
22918601 107571472 1
107571472 141189092 1
107571472 149701202 1
141189092 149701202 1
435421 76366202 1
435421 153568822 2
4201939 76366202 1
4201939 153568822 1
9724915 76366202 1
9724915 153568822 1
10793639 76366202 1
10793639 153568822 1
11653475 76366202 2
11653475 153568822 2
13641086 76366202 1
13641086 153568822 1
13863493 76366202 1
13863493 153568822 1
22918601 76366202 2
22918601 153568822 2
62757612 76366202 1
62757612 153568822 1
64647472 76366202 1
64647472 153568822 1
76366202 89535142 1
76366202 105680292 1
76366202 153568822 1
89535142 153568822 1
105680292 153568822 1
9045756 76366202 1
9045756 87624922 2
9045756 92023832 1
11158622 76366202 1
11158622 87624922 2
11158622 92023832 1
11653475 87624922 2
11653475 92023832 1
12321832 76366202 1
12321832 87624922 2
12321832 92023832 1
22918601 87624922 2
22918601 92023832 1
76366202 87624922 1
76366202 92023832 1
87624922 92023832 1
435421 41437112 1
435421 103817402 2
435421 155787312 1
1067418 41437112 1
1067418 103817402 1
1067418 155787312 1
4201939 41437112 1
4201939 103817402 1
4201939 155787312 1
9724915 41437112 1
9724915 103817402 1
9724915 155787312 1
11653475 41437112 1
11653475 103817402 2
11653475 155787312 1
13641086 41437112 1
13641086 103817402 1
13641086 155787312 1
22918601 41437112 1
22918601 103817402 2
22918601 155787312 1
41437112 62757612 1
41437112 64647472 1
41437112 89535142 1
41437112 103817402 1
41437112 105680292 1
41437112 155787312 1
62757612 103817402 1
62757612 155787312 1
64647472 103817402 1
64647472 155787312 1
89535142 103817402 1
89535142 155787312 1
103817402 105680292 1
103817402 155787312 1
105680292 155787312 1
435421 47293702 1
435421 58055662 1
435421 87624922 1
435421 141042562 1
435421 155200222 1
9045756 47293702 1
9045756 58055662 1
9045756 103817402 1
9045756 141042562 1
9045756 153568822 1
9045756 155200222 1
11158622 47293702 1
11158622 58055662 1
11158622 103817402 1
11158622 141042562 1
11158622 153568822 1
11158622 155200222 1
11653475 47293702 1
11653475 58055662 1
11653475 141042562 1
11653475 155200222 1
12321832 47293702 1
12321832 58055662 1
12321832 103817402 1
12321832 141042562 1
12321832 153568822 1
12321832 155200222 1
22918601 47293702 1
22918601 58055662 1
22918601 141042562 1
22918601 155200222 1
47293702 58055662 1
47293702 87624922 1
47293702 103817402 1
47293702 141042562 1
47293702 153568822 1
47293702 155200222 1
58055662 87624922 1
58055662 103817402 1
58055662 141042562 1
58055662 153568822 1
58055662 155200222 1
87624922 103817402 1
87624922 141042562 1
87624922 153568822 1
87624922 155200222 1
103817402 141042562 1
103817402 153568822 1
103817402 155200222 1
141042562 153568822 1
141042562 155200222 1
153568822 155200222 1
