13592449 13609985 5287049 10486929 11036690 13331350 1067418 13061920 10793639 12321832 9649969 4503858 8082101 13722935 6925128 12705740 13247948 2609617 4201939 12736085 9630296 8574169 13470047 3505633 11486947 11347815 11433065 9196522 9398512 9724915 8893941 7325176 47741 13641086
5287049 9196522 3
5287049 9398512 4
5287049 9630296 4
5287049 10486929 3
5287049 11486947 2
5287049 12321832 4
5287049 12736085 1
5287049 13331350 1
9196522 9398512 4
9196522 9630296 4
9196522 10486929 5
9196522 11486947 4
9196522 12321832 4
9196522 12736085 2
9196522 13331350 2
9398512 9630296 6
9398512 10486929 6
9398512 11486947 4
9398512 12321832 5
9398512 12736085 2
9398512 13331350 2
9630296 10486929 7
9630296 11486947 3
9630296 12321832 6
9630296 12736085 3
9630296 13331350 1
10486929 11486947 4
10486929 12321832 6
10486929 12736085 3
10486929 13331350 2
11486947 12321832 3
11486947 12736085 2
11486947 13331350 2
12321832 12736085 3
12321832 13331350 1
12736085 13331350 1
1067418 4201939 5
1067418 9630296 5
1067418 9724915 5
1067418 10486929 4
1067418 10793639 5
1067418 12321832 3
1067418 12705740 5
1067418 12736085 1
1067418 13061920 3
4201939 9630296 5
4201939 9724915 5
4201939 10486929 4
4201939 10793639 5
4201939 12321832 4
4201939 12705740 5
4201939 12736085 1
4201939 13061920 4
9630296 9724915 5
9630296 10793639 5
9630296 12705740 6
9630296 13061920 4
9724915 10486929 4
9724915 10793639 5
9724915 12321832 3
9724915 12705740 5
9724915 12736085 1
9724915 13061920 3
10486929 10793639 4
10486929 12705740 5
10486929 13061920 4
10793639 12321832 3
10793639 12705740 5
10793639 12736085 1
10793639 13061920 3
12321832 12705740 4
12321832 13061920 4
12705740 12736085 2
12705740 13061920 3
12736085 13061920 1
2609617 3505633 2
2609617 9196522 2
2609617 9398512 2
2609617 9630296 1
2609617 10486929 2
2609617 11486947 2
2609617 12321832 1
2609617 12705740 1
2609617 12736085 1
3505633 9196522 3
3505633 9398512 4
3505633 9630296 3
3505633 10486929 4
3505633 11486947 3
3505633 12321832 3
3505633 12705740 2
3505633 12736085 1
9196522 12705740 2
9398512 12705740 4
11486947 12705740 1
1067418 5287049 2
1067418 8893941 1
1067418 9398512 3
1067418 13247948 1
1067418 13470047 1
4201939 5287049 3
4201939 8893941 1
4201939 9398512 3
4201939 13247948 1
4201939 13470047 2
5287049 8893941 1
5287049 9724915 2
5287049 10793639 2
5287049 12705740 2
5287049 13247948 1
5287049 13470047 3
8893941 9398512 1
8893941 9630296 1
8893941 9724915 1
8893941 10793639 1
8893941 12705740 1
8893941 13247948 1
8893941 13470047 1
9398512 9724915 3
9398512 10793639 3
9398512 13247948 1
9398512 13470047 3
9630296 13247948 1
9630296 13470047 2
9724915 13247948 1
9724915 13470047 1
10793639 13247948 1
10793639 13470047 1
12705740 13247948 1
12705740 13470047 1
13247948 13470047 1
2609617 9649969 1
2609617 13331350 1
2609617 13470047 1
3505633 9649969 1
3505633 13331350 1
3505633 13470047 2
9196522 9649969 1
9196522 13470047 3
9398512 9649969 1
9649969 10486929 1
9649969 11486947 1
9649969 13331350 1
9649969 13470047 1
10486929 13470047 2
11486947 13470047 2
13331350 13470047 1
1067418 11347815 1
4201939 11347815 1
9398512 11347815 1
9398512 13061920 2
9630296 11347815 1
9724915 11347815 1
10486929 11347815 1
10793639 11347815 1
11347815 12321832 1
11347815 12705740 1
11347815 13061920 1
3505633 5287049 2
3505633 7325176 1
3505633 13061920 1
3505633 13592449 1
5287049 7325176 2
5287049 13061920 2
5287049 13592449 1
7325176 9196522 2
7325176 9398512 1
7325176 9630296 1
7325176 10486929 1
7325176 11486947 1
7325176 12321832 2
7325176 13061920 2
7325176 13470047 2
7325176 13592449 1
9196522 13061920 3
9196522 13592449 1
9398512 13592449 1
9630296 13592449 1
10486929 13592449 1
11486947 13061920 1
11486947 13592449 1
12321832 13470047 2
12321832 13592449 1
13061920 13470047 2
13061920 13592449 1
13470047 13592449 1
47741 1067418 1
47741 4201939 1
47741 9196522 1
47741 9630296 1
47741 9724915 1
47741 10486929 1
47741 10793639 1
47741 11036690 1
47741 11433065 1
47741 12705740 1
47741 13061920 1
1067418 9196522 1
1067418 11036690 1
1067418 11433065 1
4201939 9196522 2
4201939 11036690 1
4201939 11433065 1
9196522 9724915 1
9196522 10793639 1
9196522 11036690 1
9196522 11433065 1
9630296 11036690 1
9630296 11433065 1
9724915 11036690 1
9724915 11433065 1
10486929 11036690 1
10486929 11433065 1
10793639 11036690 1
10793639 11433065 1
11036690 11433065 1
11036690 12705740 1
11036690 13061920 1
11433065 12705740 1
11433065 13061920 1
1067418 3505633 1
1067418 4503858 1
1067418 6925128 1
1067418 8574169 1
1067418 13609985 1
1067418 13641086 1
3505633 4201939 1
3505633 4503858 1
3505633 6925128 1
3505633 8574169 1
3505633 9724915 1
3505633 10793639 1
3505633 13609985 1
3505633 13641086 1
4201939 4503858 1
4201939 6925128 1
4201939 8574169 1
4201939 13609985 1
4201939 13641086 2
4503858 5287049 1
4503858 6925128 1
4503858 8574169 1
4503858 9398512 1
4503858 9630296 1
4503858 9724915 1
4503858 10486929 1
4503858 10793639 1
4503858 12321832 1
4503858 12705740 1
4503858 13609985 1
4503858 13641086 1
5287049 6925128 1
5287049 8574169 1
5287049 13609985 1
5287049 13641086 2
6925128 8574169 1
6925128 9398512 1
6925128 9630296 1
6925128 9724915 1
6925128 10486929 1
6925128 10793639 1
6925128 12321832 1
6925128 12705740 1
6925128 13609985 1
6925128 13641086 1
8574169 9398512 1
8574169 9630296 1
8574169 9724915 1
8574169 10486929 1
8574169 10793639 1
8574169 12321832 1
8574169 12705740 1
8574169 13609985 1
8574169 13641086 1
9398512 13609985 1
9398512 13641086 1
9630296 13609985 1
9630296 13641086 1
9724915 13609985 1
9724915 13641086 1
10486929 13609985 1
10486929 13641086 1
10793639 13609985 1
10793639 13641086 1
12321832 13609985 1
12321832 13641086 2
12705740 13609985 1
12705740 13641086 1
13609985 13641086 1
4201939 7325176 1
4201939 8082101 1
4201939 13722935 1
5287049 8082101 1
5287049 13722935 1
7325176 8082101 1
7325176 13641086 1
7325176 13722935 1
8082101 9196522 1
8082101 12321832 1
8082101 13061920 1
8082101 13470047 1
8082101 13641086 1
8082101 13722935 1
9196522 13641086 1
9196522 13722935 1
12321832 13722935 1
13061920 13641086 1
13061920 13722935 1
13470047 13641086 1
13470047 13722935 1
13641086 13722935 1
