3838982 2956298 10904077 8463893 6735900 5677084 5743135 7452193 9158693 5062693 10164781 3161145 5538362 8051772 11288637 422460 9214034 6950994 1828946 8440920 8509533 5969505 4458082 4979813 1190501 3828843 6132843 7569022 486530 9775751 5029006 7241370 4700315 5793948 4882078 2983079 6348970 9971371 5684399 3042488 5333176 10291897 9737405 6326974 6397637 10889422 9308879 9713368 4666072 7634140 9631453 9863901 10835174 10217704 3311851 10098416 8108278 6478074 9898748 8144637 9571582 11397374 6601989 1932550 8128775 11425048 9815844 2814764 10447353 3377971 8543558 2455882 6046031 3810131 4315989 1098584 1445725 8406880 11126625 10144099 10296677 1071981 10372475 1856384 5847428 4350348 1250191 6992271 8683922 5441427 10541467 6558633 8085932 5959088 3841978 3439609 10302403 10264012 7708116 10565596 10504167 3645934 10934255 3147255 11365369 3857915
1071981 2455882 2
1071981 2814764 3
1071981 3810131 4
1071981 4350348 1
1071981 4458082 3
1071981 4979813 3
1071981 5538362 1
1071981 6397637 2
1071981 6601989 1
1071981 6735900 1
1071981 7634140 3
1071981 8051772 1
1071981 8085932 1
1071981 8128775 1
1071981 8406880 2
1071981 8509533 1
1071981 9214034 4
1071981 9308879 1
1071981 9713368 2
1071981 9775751 2
1071981 10144099 2
1071981 10164781 5
1071981 10504167 2
1071981 10889422 4
1071981 10904077 4
1071981 11288637 1
2455882 2814764 1
2455882 3810131 2
2455882 4350348 1
2455882 4458082 2
2455882 4979813 2
2455882 5538362 1
2455882 6397637 2
2455882 6601989 1
2455882 6735900 1
2455882 7634140 2
2455882 8051772 1
2455882 8085932 1
2455882 8128775 1
2455882 8406880 1
2455882 8509533 1
2455882 9214034 2
2455882 9308879 1
2455882 9713368 2
2455882 9775751 1
2455882 10144099 1
2455882 10164781 2
2455882 10504167 1
2455882 10889422 2
2455882 10904077 2
2455882 11288637 1
2814764 3810131 2
2814764 4350348 1
2814764 4458082 1
2814764 4979813 2
2814764 5538362 1
2814764 6397637 1
2814764 6601989 1
2814764 6735900 1
2814764 7634140 2
2814764 8051772 1
2814764 8085932 1
2814764 8128775 1
2814764 8406880 2
2814764 8509533 1
2814764 9214034 2
2814764 9308879 1
2814764 9713368 1
2814764 9775751 3
2814764 10144099 2
2814764 10164781 4
2814764 10504167 2
2814764 10889422 3
2814764 10904077 4
2814764 11288637 1
3810131 4350348 2
3810131 4458082 3
3810131 4979813 3
3810131 5538362 1
3810131 6397637 2
3810131 6601989 1
3810131 6735900 1
3810131 7634140 3
3810131 8051772 1
3810131 8085932 1
3810131 8128775 1
3810131 8406880 2
3810131 8509533 1
3810131 9214034 5
3810131 9308879 3
3810131 9713368 2
3810131 9775751 2
3810131 10144099 3
3810131 10164781 6
3810131 10504167 1
3810131 10889422 5
3810131 10904077 6
3810131 11288637 1
4350348 4458082 1
4350348 4979813 1
4350348 5538362 1
4350348 6397637 1
4350348 6601989 1
4350348 6735900 1
4350348 7634140 1
4350348 8051772 1
4350348 8085932 1
4350348 8128775 1
4350348 8406880 1
4350348 8509533 1
4350348 9214034 2
4350348 9308879 2
4350348 9713368 1
4350348 9775751 1
4350348 10144099 1
4350348 10164781 2
4350348 10504167 1
4350348 10889422 2
4350348 10904077 2
4350348 11288637 1
4458082 4979813 2
4458082 5538362 1
4458082 6397637 2
4458082 6601989 1
4458082 6735900 1
4458082 7634140 2
4458082 8051772 1
4458082 8085932 1
4458082 8128775 1
4458082 8406880 1
4458082 8509533 1
4458082 9214034 3
4458082 9308879 1
4458082 9713368 2
4458082 9775751 1
4458082 10144099 1
4458082 10164781 3
4458082 10504167 1
4458082 10889422 2
4458082 10904077 2
4458082 11288637 1
4979813 5538362 1
4979813 6397637 2
4979813 6601989 1
4979813 6735900 1
4979813 7634140 3
4979813 8051772 1
4979813 8085932 1
4979813 8128775 1
4979813 8406880 1
4979813 8509533 1
4979813 9214034 3
4979813 9308879 1
4979813 9713368 2
4979813 9775751 2
4979813 10144099 2
4979813 10164781 3
4979813 10504167 1
4979813 10889422 3
4979813 10904077 3
4979813 11288637 1
5538362 6397637 1
5538362 6601989 1
5538362 6735900 1
5538362 7634140 1
5538362 8051772 1
5538362 8085932 1
5538362 8128775 1
5538362 8406880 1
5538362 8509533 1
5538362 9214034 1
5538362 9308879 1
5538362 9713368 1
5538362 9775751 1
5538362 10144099 1
5538362 10164781 1
5538362 10504167 1
5538362 10889422 1
5538362 10904077 1
5538362 11288637 1
6397637 6601989 1
6397637 6735900 1
6397637 7634140 2
6397637 8051772 1
6397637 8085932 1
6397637 8128775 1
6397637 8406880 1
6397637 8509533 1
6397637 9214034 2
6397637 9308879 1
6397637 9713368 2
6397637 9775751 1
6397637 10144099 1
6397637 10164781 2
6397637 10504167 1
6397637 10889422 2
6397637 10904077 2
6397637 11288637 1
6601989 6735900 1
6601989 7634140 1
6601989 8051772 1
6601989 8085932 1
6601989 8128775 1
6601989 8406880 1
6601989 8509533 1
6601989 9214034 1
6601989 9308879 1
6601989 9713368 1
6601989 9775751 1
6601989 10144099 1
6601989 10164781 1
6601989 10504167 1
6601989 10889422 1
6601989 10904077 1
6601989 11288637 1
6735900 7634140 1
6735900 8051772 1
6735900 8085932 1
6735900 8128775 1
6735900 8406880 1
6735900 8509533 1
6735900 9214034 1
6735900 9308879 1
6735900 9713368 1
6735900 9775751 1
6735900 10144099 1
6735900 10164781 1
6735900 10504167 1
6735900 10889422 1
6735900 10904077 1
6735900 11288637 1
7634140 8051772 1
7634140 8085932 1
7634140 8128775 1
7634140 8406880 1
7634140 8509533 1
7634140 9214034 3
7634140 9308879 1
7634140 9713368 2
7634140 9775751 2
7634140 10144099 2
7634140 10164781 3
7634140 10504167 1
7634140 10889422 3
7634140 10904077 3
7634140 11288637 1
8051772 8085932 1
8051772 8128775 1
8051772 8406880 1
8051772 8509533 1
8051772 9214034 1
8051772 9308879 1
8051772 9713368 1
8051772 9775751 1
8051772 10144099 1
8051772 10164781 1
8051772 10504167 1
8051772 10889422 1
8051772 10904077 1
8051772 11288637 1
8085932 8128775 1
8085932 8406880 1
8085932 8509533 1
8085932 9214034 1
8085932 9308879 1
8085932 9713368 1
8085932 9775751 1
8085932 10144099 1
8085932 10164781 1
8085932 10504167 1
8085932 10889422 1
8085932 10904077 1
8085932 11288637 1
8128775 8406880 1
8128775 8509533 1
8128775 9214034 1
8128775 9308879 1
8128775 9713368 1
8128775 9775751 1
8128775 10144099 1
8128775 10164781 1
8128775 10504167 1
8128775 10889422 1
8128775 10904077 1
8128775 11288637 1
8406880 8509533 1
8406880 9214034 1
8406880 9308879 2
8406880 9713368 1
8406880 9775751 1
8406880 10144099 2
8406880 10164781 3
8406880 10504167 2
8406880 10889422 3
8406880 10904077 3
8406880 11288637 1
8509533 9214034 1
8509533 9308879 1
8509533 9713368 1
8509533 9775751 1
8509533 10144099 1
8509533 10164781 1
8509533 10504167 1
8509533 10889422 1
8509533 10904077 1
8509533 11288637 1
9214034 9308879 2
9214034 9713368 2
9214034 9775751 2
9214034 10144099 2
9214034 10164781 6
9214034 10504167 1
9214034 10889422 5
9214034 10904077 5
9214034 11288637 1
9308879 9713368 1
9308879 9775751 1
9308879 10144099 2
9308879 10164781 3
9308879 10504167 1
9308879 10889422 3
9308879 10904077 3
9308879 11288637 1
9713368 9775751 1
9713368 10144099 1
9713368 10164781 2
9713368 10504167 1
9713368 10889422 2
9713368 10904077 2
9713368 11288637 1
9775751 10144099 2
9775751 10164781 3
9775751 10504167 1
9775751 10889422 2
9775751 10904077 3
9775751 11288637 1
10144099 10164781 3
10144099 10504167 1
10144099 10889422 3
10144099 10904077 3
10144099 11288637 1
10164781 10504167 2
10164781 10889422 7
10164781 10904077 8
10164781 11288637 1
10504167 10889422 2
10504167 10904077 2
10504167 11288637 1
10889422 10904077 7
10889422 11288637 1
10904077 11288637 1
1098584 1856384 2
1098584 3042488 1
1098584 4700315 2
1098584 9214034 2
1098584 9631453 2
1098584 9898748 2
1098584 10164781 2
1098584 10447353 2
1098584 10565596 2
1098584 10835174 2
1098584 10889422 2
1098584 10904077 2
1856384 3042488 1
1856384 4700315 2
1856384 9214034 3
1856384 9631453 3
1856384 9898748 2
1856384 10164781 3
1856384 10447353 2
1856384 10565596 2
1856384 10835174 3
1856384 10889422 3
1856384 10904077 3
3042488 4700315 1
3042488 9214034 1
3042488 9631453 1
3042488 9898748 1
3042488 10164781 1
3042488 10447353 1
3042488 10565596 1
3042488 10835174 1
3042488 10889422 1
3042488 10904077 1
4700315 9214034 3
4700315 9631453 3
4700315 9898748 4
4700315 10164781 5
4700315 10447353 4
4700315 10565596 4
4700315 10835174 4
4700315 10889422 4
4700315 10904077 6
9214034 9631453 3
9214034 9898748 2
9214034 10447353 2
9214034 10565596 3
9214034 10835174 3
9631453 9898748 4
9631453 10164781 5
9631453 10447353 2
9631453 10565596 4
9631453 10835174 5
9631453 10889422 4
9631453 10904077 5
9898748 10164781 5
9898748 10447353 3
9898748 10565596 4
9898748 10835174 5
9898748 10889422 4
9898748 10904077 5
10164781 10447353 3
10164781 10565596 5
10164781 10835174 6
10447353 10565596 2
10447353 10835174 3
10447353 10889422 3
10447353 10904077 4
10565596 10835174 4
10565596 10889422 4
10565596 10904077 5
10835174 10889422 5
10835174 10904077 6
1071981 1098584 1
1071981 1445725 1
1071981 1856384 1
1071981 1932550 1
1071981 3311851 1
1071981 3841978 1
1071981 3857915 1
1071981 4700315 2
1071981 6046031 1
1071981 6950994 2
1071981 7452193 1
1071981 8683922 1
1071981 9158693 1
1071981 9631453 2
1071981 9863901 1
1071981 9898748 2
1071981 10217704 2
1071981 10447353 1
1071981 10565596 3
1071981 10835174 2
1071981 11365369 1
1098584 1445725 1
1098584 1932550 1
1098584 2814764 1
1098584 3311851 1
1098584 3810131 1
1098584 3841978 1
1098584 3857915 1
1098584 4979813 1
1098584 6046031 1
1098584 6950994 1
1098584 7452193 1
1098584 7634140 1
1098584 8683922 1
1098584 9158693 1
1098584 9775751 1
1098584 9863901 1
1098584 10144099 1
1098584 10217704 1
1098584 11365369 1
1445725 1856384 1
1445725 1932550 1
1445725 2814764 1
1445725 3311851 1
1445725 3810131 1
1445725 3841978 1
1445725 3857915 1
1445725 4700315 1
1445725 4979813 1
1445725 6046031 1
1445725 6950994 1
1445725 7452193 1
1445725 7634140 1
1445725 8683922 1
1445725 9158693 1
1445725 9214034 1
1445725 9631453 1
1445725 9775751 1
1445725 9863901 1
1445725 9898748 1
1445725 10144099 1
1445725 10164781 1
1445725 10217704 1
1445725 10447353 1
1445725 10565596 1
1445725 10835174 1
1445725 10889422 1
1445725 10904077 1
1445725 11365369 1
1856384 1932550 1
1856384 2814764 1
1856384 3311851 1
1856384 3810131 2
1856384 3841978 1
1856384 3857915 1
1856384 4979813 1
1856384 6046031 1
1856384 6950994 1
1856384 7452193 1
1856384 7634140 1
1856384 8683922 1
1856384 9158693 1
1856384 9775751 1
1856384 9863901 1
1856384 10144099 1
1856384 10217704 1
1856384 11365369 1
1932550 2814764 1
1932550 3311851 1
1932550 3810131 1
1932550 3841978 1
1932550 3857915 1
1932550 4700315 1
1932550 4979813 1
1932550 6046031 1
1932550 6950994 1
1932550 7452193 1
1932550 7634140 1
1932550 8683922 1
1932550 9158693 1
1932550 9214034 1
1932550 9631453 1
1932550 9775751 1
1932550 9863901 1
1932550 9898748 1
1932550 10144099 1
1932550 10164781 1
1932550 10217704 1
1932550 10447353 1
1932550 10565596 1
1932550 10835174 1
1932550 10889422 1
1932550 10904077 1
1932550 11365369 1
2814764 3311851 1
2814764 3841978 1
2814764 3857915 1
2814764 4700315 2
2814764 6046031 1
2814764 6950994 2
2814764 7452193 1
2814764 8683922 1
2814764 9158693 1
2814764 9631453 3
2814764 9863901 1
2814764 9898748 3
2814764 10217704 1
2814764 10447353 1
2814764 10565596 3
2814764 10835174 3
2814764 11365369 1
3311851 3810131 1
3311851 3841978 1
3311851 3857915 1
3311851 4700315 1
3311851 4979813 1
3311851 6046031 1
3311851 6950994 1
3311851 7452193 1
3311851 7634140 1
3311851 8683922 1
3311851 9158693 1
3311851 9214034 1
3311851 9631453 1
3311851 9775751 1
3311851 9863901 1
3311851 9898748 1
3311851 10144099 1
3311851 10164781 1
3311851 10217704 1
3311851 10447353 1
3311851 10565596 1
3311851 10835174 1
3311851 10889422 1
3311851 10904077 1
3311851 11365369 1
3810131 3841978 1
3810131 3857915 1
3810131 4700315 4
3810131 6046031 1
3810131 6950994 1
3810131 7452193 2
3810131 8683922 1
3810131 9158693 1
3810131 9631453 2
3810131 9863901 1
3810131 9898748 2
3810131 10217704 2
3810131 10447353 3
3810131 10565596 2
3810131 10835174 3
3810131 11365369 1
3841978 3857915 1
3841978 4700315 1
3841978 4979813 1
3841978 6046031 1
3841978 6950994 1
3841978 7452193 1
3841978 7634140 1
3841978 8683922 1
3841978 9158693 1
3841978 9214034 1
3841978 9631453 1
3841978 9775751 1
3841978 9863901 1
3841978 9898748 1
3841978 10144099 1
3841978 10164781 1
3841978 10217704 1
3841978 10447353 1
3841978 10565596 1
3841978 10835174 1
3841978 10889422 1
3841978 10904077 1
3841978 11365369 1
3857915 4700315 1
3857915 4979813 1
3857915 6046031 1
3857915 6950994 1
3857915 7452193 1
3857915 7634140 1
3857915 8683922 1
3857915 9158693 1
3857915 9214034 1
3857915 9631453 1
3857915 9775751 1
3857915 9863901 1
3857915 9898748 1
3857915 10144099 1
3857915 10164781 1
3857915 10217704 1
3857915 10447353 1
3857915 10565596 1
3857915 10835174 1
3857915 10889422 1
3857915 10904077 1
3857915 11365369 1
4700315 4979813 2
4700315 6046031 1
4700315 6950994 1
4700315 7452193 2
4700315 7634140 2
4700315 8683922 1
4700315 9158693 1
4700315 9775751 2
4700315 9863901 1
4700315 10144099 2
4700315 10217704 2
4700315 11365369 1
4979813 6046031 1
4979813 6950994 1
4979813 7452193 1
4979813 8683922 1
4979813 9158693 1
4979813 9631453 1
4979813 9863901 1
4979813 9898748 1
4979813 10217704 2
4979813 10447353 1
4979813 10565596 2
4979813 10835174 1
4979813 11365369 1
6046031 6950994 1
6046031 7452193 1
6046031 7634140 1
6046031 8683922 1
6046031 9158693 1
6046031 9214034 1
6046031 9631453 1
6046031 9775751 1
6046031 9863901 1
6046031 9898748 1
6046031 10144099 1
6046031 10164781 1
6046031 10217704 1
6046031 10447353 1
6046031 10565596 1
6046031 10835174 1
6046031 10889422 1
6046031 10904077 1
6046031 11365369 1
6950994 7452193 1
6950994 7634140 1
6950994 8683922 1
6950994 9158693 1
6950994 9214034 1
6950994 9631453 2
6950994 9775751 1
6950994 9863901 1
6950994 9898748 2
6950994 10144099 1
6950994 10164781 2
6950994 10217704 1
6950994 10447353 1
6950994 10565596 2
6950994 10835174 2
6950994 10889422 2
6950994 10904077 2
6950994 11365369 1
7452193 7634140 1
7452193 8683922 1
7452193 9158693 1
7452193 9214034 1
7452193 9631453 1
7452193 9775751 1
7452193 9863901 1
7452193 9898748 2
7452193 10144099 2
7452193 10164781 2
7452193 10217704 1
7452193 10447353 2
7452193 10565596 1
7452193 10835174 2
7452193 10889422 2
7452193 10904077 2
7452193 11365369 1
7634140 8683922 1
7634140 9158693 1
7634140 9631453 1
7634140 9863901 1
7634140 9898748 1
7634140 10217704 2
7634140 10447353 1
7634140 10565596 2
7634140 10835174 1
7634140 11365369 1
8683922 9158693 1
8683922 9214034 1
8683922 9631453 1
8683922 9775751 1
8683922 9863901 1
8683922 9898748 1
8683922 10144099 1
8683922 10164781 1
8683922 10217704 1
8683922 10447353 1
8683922 10565596 1
8683922 10835174 1
8683922 10889422 1
8683922 10904077 1
8683922 11365369 1
9158693 9214034 1
9158693 9631453 1
9158693 9775751 1
9158693 9863901 1
9158693 9898748 1
9158693 10144099 1
9158693 10164781 1
9158693 10217704 1
9158693 10447353 1
9158693 10565596 1
9158693 10835174 1
9158693 10889422 1
9158693 10904077 1
9158693 11365369 1
9214034 9863901 1
9214034 10217704 2
9214034 11365369 1
9631453 9775751 2
9631453 9863901 1
9631453 10144099 1
9631453 10217704 1
9631453 11365369 1
9775751 9863901 1
9775751 9898748 2
9775751 10217704 1
9775751 10447353 1
9775751 10565596 2
9775751 10835174 2
9775751 11365369 1
9863901 9898748 1
9863901 10144099 1
9863901 10164781 1
9863901 10217704 1
9863901 10447353 1
9863901 10565596 1
9863901 10835174 1
9863901 10889422 1
9863901 10904077 1
9863901 11365369 1
9898748 10144099 2
9898748 10217704 1
9898748 11365369 1
10144099 10217704 1
10144099 10447353 2
10144099 10565596 1
10144099 10835174 2
10144099 11365369 1
10164781 10217704 2
10164781 11365369 1
10217704 10447353 1
10217704 10565596 2
10217704 10835174 1
10217704 10889422 2
10217704 10904077 2
10217704 11365369 1
10447353 11365369 1
10565596 11365369 1
10835174 11365369 1
10889422 11365369 1
10904077 11365369 1
1071981 3645934 2
1071981 5677084 1
1071981 5847428 1
1071981 6348970 1
1071981 6558633 1
1071981 7569022 1
1071981 7708116 1
1071981 9815844 2
1071981 10934255 1
2814764 3645934 1
2814764 5677084 2
2814764 5847428 1
2814764 6348970 1
2814764 6558633 1
2814764 7569022 1
2814764 7708116 1
2814764 9815844 1
2814764 10934255 1
3645934 5677084 1
3645934 5847428 1
3645934 6348970 1
3645934 6558633 1
3645934 6950994 1
3645934 7569022 1
3645934 7708116 1
3645934 8406880 1
3645934 9631453 1
3645934 9815844 2
3645934 9898748 1
3645934 10164781 2
3645934 10504167 1
3645934 10565596 2
3645934 10835174 1
3645934 10889422 2
3645934 10904077 2
3645934 10934255 1
5677084 5847428 1
5677084 6348970 1
5677084 6558633 1
5677084 6950994 1
5677084 7569022 1
5677084 7708116 1
5677084 8406880 1
5677084 9631453 2
5677084 9815844 1
5677084 9898748 2
5677084 10164781 2
5677084 10504167 1
5677084 10565596 2
5677084 10835174 2
5677084 10889422 1
5677084 10904077 2
5677084 10934255 1
5847428 6348970 2
5847428 6558633 1
5847428 6950994 1
5847428 7569022 2
5847428 7708116 1
5847428 8406880 1
5847428 9631453 2
5847428 9815844 1
5847428 9898748 1
5847428 10164781 2
5847428 10504167 1
5847428 10565596 1
5847428 10835174 2
5847428 10889422 2
5847428 10904077 2
5847428 10934255 1
6348970 6558633 1
6348970 6950994 1
6348970 7569022 2
6348970 7708116 1
6348970 8406880 1
6348970 9631453 2
6348970 9815844 1
6348970 9898748 1
6348970 10164781 2
6348970 10504167 1
6348970 10565596 1
6348970 10835174 2
6348970 10889422 2
6348970 10904077 3
6348970 10934255 1
6558633 6950994 1
6558633 7569022 1
6558633 7708116 1
6558633 8406880 1
6558633 9631453 1
6558633 9815844 1
6558633 9898748 1
6558633 10164781 1
6558633 10504167 1
6558633 10565596 1
6558633 10835174 1
6558633 10889422 1
6558633 10904077 1
6558633 10934255 1
6950994 7569022 1
6950994 7708116 1
6950994 8406880 1
6950994 9815844 1
6950994 10504167 1
6950994 10934255 1
7569022 7708116 1
7569022 8406880 1
7569022 9631453 2
7569022 9815844 1
7569022 9898748 1
7569022 10164781 2
7569022 10504167 1
7569022 10565596 1
7569022 10835174 2
7569022 10889422 2
7569022 10904077 2
7569022 10934255 1
7708116 8406880 1
7708116 9631453 1
7708116 9815844 1
7708116 9898748 1
7708116 10164781 1
7708116 10504167 1
7708116 10565596 1
7708116 10835174 1
7708116 10889422 1
7708116 10904077 1
7708116 10934255 1
8406880 9631453 1
8406880 9815844 1
8406880 9898748 2
8406880 10565596 1
8406880 10835174 2
8406880 10934255 1
9631453 9815844 1
9631453 10504167 1
9631453 10934255 1
9815844 9898748 1
9815844 10164781 2
9815844 10504167 1
9815844 10565596 2
9815844 10835174 1
9815844 10889422 2
9815844 10904077 2
9815844 10934255 1
9898748 10504167 1
9898748 10934255 1
10164781 10934255 1
10504167 10565596 1
10504167 10835174 1
10504167 10934255 1
10565596 10934255 1
10835174 10934255 1
10889422 10934255 1
10904077 10934255 1
1856384 3828843 1
1856384 4350348 1
1856384 5333176 1
1856384 5684399 1
1856384 5743135 1
1856384 5847428 1
1856384 6348970 1
1856384 7569022 1
1856384 9308879 1
1856384 10302403 1
3810131 3828843 2
3810131 5333176 1
3810131 5684399 1
3810131 5743135 1
3810131 5847428 1
3810131 6348970 2
3810131 7569022 1
3810131 10302403 3
3828843 4350348 1
3828843 5333176 1
3828843 5684399 1
3828843 5743135 1
3828843 5847428 1
3828843 6348970 1
3828843 7569022 1
3828843 9214034 2
3828843 9308879 1
3828843 9631453 1
3828843 10164781 2
3828843 10302403 1
3828843 10835174 1
3828843 10889422 1
3828843 10904077 1
4350348 5333176 1
4350348 5684399 1
4350348 5743135 1
4350348 5847428 1
4350348 6348970 1
4350348 7569022 1
4350348 9631453 1
4350348 10302403 1
4350348 10835174 1
5333176 5684399 1
5333176 5743135 1
5333176 5847428 1
5333176 6348970 1
5333176 7569022 1
5333176 9214034 1
5333176 9308879 1
5333176 9631453 1
5333176 10164781 1
5333176 10302403 1
5333176 10835174 1
5333176 10889422 1
5333176 10904077 1
5684399 5743135 1
5684399 5847428 1
5684399 6348970 1
5684399 7569022 1
5684399 9214034 1
5684399 9308879 1
5684399 9631453 1
5684399 10164781 1
5684399 10302403 1
5684399 10835174 1
5684399 10889422 1
5684399 10904077 1
5743135 5847428 1
5743135 6348970 1
5743135 7569022 1
5743135 9214034 1
5743135 9308879 1
5743135 9631453 1
5743135 10164781 1
5743135 10302403 1
5743135 10835174 1
5743135 10889422 1
5743135 10904077 1
5847428 9214034 1
5847428 9308879 1
5847428 10302403 1
6348970 9214034 1
6348970 9308879 1
6348970 10302403 1
7569022 9214034 1
7569022 9308879 1
7569022 10302403 1
9214034 10302403 2
9308879 9631453 1
9308879 10302403 2
9308879 10835174 2
9631453 10302403 1
10164781 10302403 3
10302403 10835174 2
10302403 10889422 3
10302403 10904077 3
422460 1071981 2
422460 3810131 2
422460 3828843 1
422460 4458082 2
422460 9214034 2
422460 10164781 2
422460 10372475 2
1071981 3828843 1
1071981 10372475 2
3810131 10372475 3
3828843 4458082 1
3828843 10372475 1
4458082 10372475 2
9214034 10372475 2
10164781 10372475 2
422460 486530 1
422460 1190501 1
422460 1250191 1
422460 2455882 1
422460 2956298 1
422460 2983079 1
422460 3147255 1
422460 3161145 1
422460 3439609 1
422460 3645934 1
422460 3838982 1
422460 4700315 1
422460 4882078 1
422460 4979813 1
422460 5029006 1
422460 5793948 1
422460 5959088 1
422460 5969505 1
422460 6397637 1
422460 6478074 1
422460 6992271 1
422460 7241370 1
422460 7634140 1
422460 8463893 1
422460 9571582 1
422460 9713368 1
422460 9815844 1
422460 10098416 1
422460 10217704 1
422460 10264012 1
422460 10302403 1
422460 10565596 1
422460 10889422 1
422460 10904077 1
422460 11126625 1
422460 11397374 1
422460 11425048 1
486530 1071981 1
486530 1190501 1
486530 1250191 1
486530 2455882 1
486530 2956298 1
486530 2983079 1
486530 3147255 1
486530 3161145 1
486530 3439609 1
486530 3645934 1
486530 3810131 1
486530 3838982 1
486530 4458082 1
486530 4700315 1
486530 4882078 1
486530 4979813 1
486530 5029006 1
486530 5793948 1
486530 5959088 1
486530 5969505 1
486530 6397637 1
486530 6478074 1
486530 6992271 1
486530 7241370 1
486530 7634140 1
486530 8463893 1
486530 9214034 1
486530 9571582 1
486530 9713368 1
486530 9815844 1
486530 10098416 1
486530 10164781 1
486530 10217704 1
486530 10264012 1
486530 10302403 1
486530 10372475 1
486530 10565596 1
486530 10889422 1
486530 10904077 1
486530 11126625 1
486530 11397374 1
486530 11425048 1
1071981 1190501 1
1071981 1250191 1
1071981 2956298 1
1071981 2983079 1
1071981 3147255 1
1071981 3161145 1
1071981 3439609 1
1071981 3838982 1
1071981 4882078 1
1071981 5029006 1
1071981 5793948 1
1071981 5959088 1
1071981 5969505 1
1071981 6478074 1
1071981 6992271 1
1071981 7241370 1
1071981 8463893 1
1071981 9571582 1
1071981 10098416 1
1071981 10264012 1
1071981 10302403 1
1071981 11126625 1
1071981 11397374 1
1071981 11425048 1
1190501 1250191 1
1190501 2455882 1
1190501 2956298 1
1190501 2983079 1
1190501 3147255 1
1190501 3161145 1
1190501 3439609 1
1190501 3645934 1
1190501 3810131 1
1190501 3838982 1
1190501 4458082 1
1190501 4700315 1
1190501 4882078 1
1190501 4979813 1
1190501 5029006 1
1190501 5793948 1
1190501 5959088 1
1190501 5969505 1
1190501 6397637 1
1190501 6478074 1
1190501 6992271 1
1190501 7241370 1
1190501 7634140 1
1190501 8463893 1
1190501 9214034 1
1190501 9571582 1
1190501 9713368 1
1190501 9815844 1
1190501 10098416 1
1190501 10164781 1
1190501 10217704 1
1190501 10264012 1
1190501 10302403 1
1190501 10372475 1
1190501 10565596 1
1190501 10889422 1
1190501 10904077 1
1190501 11126625 1
1190501 11397374 1
1190501 11425048 1
1250191 2455882 1
1250191 2956298 1
1250191 2983079 1
1250191 3147255 1
1250191 3161145 1
1250191 3439609 1
1250191 3645934 1
1250191 3810131 1
1250191 3838982 1
1250191 4458082 1
1250191 4700315 1
1250191 4882078 1
1250191 4979813 1
1250191 5029006 1
1250191 5793948 1
1250191 5959088 1
1250191 5969505 1
1250191 6397637 1
1250191 6478074 1
1250191 6992271 1
1250191 7241370 1
1250191 7634140 1
1250191 8463893 1
1250191 9214034 1
1250191 9571582 1
1250191 9713368 1
1250191 9815844 1
1250191 10098416 1
1250191 10164781 1
1250191 10217704 1
1250191 10264012 1
1250191 10302403 1
1250191 10372475 1
1250191 10565596 1
1250191 10889422 1
1250191 10904077 1
1250191 11126625 1
1250191 11397374 1
1250191 11425048 1
2455882 2956298 1
2455882 2983079 1
2455882 3147255 1
2455882 3161145 1
2455882 3439609 1
2455882 3645934 1
2455882 3838982 1
2455882 4700315 1
2455882 4882078 1
2455882 5029006 1
2455882 5793948 1
2455882 5959088 1
2455882 5969505 1
2455882 6478074 1
2455882 6992271 1
2455882 7241370 1
2455882 8463893 1
2455882 9571582 1
2455882 9815844 1
2455882 10098416 1
2455882 10217704 1
2455882 10264012 1
2455882 10302403 1
2455882 10372475 1
2455882 10565596 1
2455882 11126625 1
2455882 11397374 1
2455882 11425048 1
2956298 2983079 1
2956298 3147255 1
2956298 3161145 1
2956298 3439609 1
2956298 3645934 1
2956298 3810131 1
2956298 3838982 1
2956298 4458082 1
2956298 4700315 1
2956298 4882078 1
2956298 4979813 1
2956298 5029006 1
2956298 5793948 1
2956298 5959088 1
2956298 5969505 1
2956298 6397637 1
2956298 6478074 1
2956298 6992271 1
2956298 7241370 1
2956298 7634140 1
2956298 8463893 1
2956298 9214034 1
2956298 9571582 1
2956298 9713368 1
2956298 9815844 1
2956298 10098416 1
2956298 10164781 1
2956298 10217704 1
2956298 10264012 1
2956298 10302403 1
2956298 10372475 1
2956298 10565596 1
2956298 10889422 1
2956298 10904077 1
2956298 11126625 1
2956298 11397374 1
2956298 11425048 1
2983079 3147255 1
2983079 3161145 1
2983079 3439609 1
2983079 3645934 1
2983079 3810131 1
2983079 3838982 1
2983079 4458082 1
2983079 4700315 1
2983079 4882078 1
2983079 4979813 1
2983079 5029006 1
2983079 5793948 1
2983079 5959088 1
2983079 5969505 1
2983079 6397637 1
2983079 6478074 1
2983079 6992271 1
2983079 7241370 1
2983079 7634140 1
2983079 8463893 1
2983079 9214034 1
2983079 9571582 1
2983079 9713368 1
2983079 9815844 1
2983079 10098416 1
2983079 10164781 1
2983079 10217704 1
2983079 10264012 1
2983079 10302403 1
2983079 10372475 1
2983079 10565596 1
2983079 10889422 1
2983079 10904077 1
2983079 11126625 1
2983079 11397374 1
2983079 11425048 1
3147255 3161145 1
3147255 3439609 1
3147255 3645934 1
3147255 3810131 1
3147255 3838982 1
3147255 4458082 1
3147255 4700315 1
3147255 4882078 1
3147255 4979813 1
3147255 5029006 1
3147255 5793948 1
3147255 5959088 1
3147255 5969505 1
3147255 6397637 1
3147255 6478074 1
3147255 6992271 1
3147255 7241370 1
3147255 7634140 1
3147255 8463893 1
3147255 9214034 1
3147255 9571582 1
3147255 9713368 1
3147255 9815844 1
3147255 10098416 1
3147255 10164781 1
3147255 10217704 1
3147255 10264012 1
3147255 10302403 1
3147255 10372475 1
3147255 10565596 1
3147255 10889422 1
3147255 10904077 1
3147255 11126625 1
3147255 11397374 1
3147255 11425048 1
3161145 3439609 1
3161145 3645934 1
3161145 3810131 1
3161145 3838982 1
3161145 4458082 1
3161145 4700315 1
3161145 4882078 1
3161145 4979813 1
3161145 5029006 1
3161145 5793948 1
3161145 5959088 1
3161145 5969505 1
3161145 6397637 1
3161145 6478074 1
3161145 6992271 1
3161145 7241370 1
3161145 7634140 1
3161145 8463893 1
3161145 9214034 1
3161145 9571582 1
3161145 9713368 1
3161145 9815844 1
3161145 10098416 1
3161145 10164781 1
3161145 10217704 1
3161145 10264012 1
3161145 10302403 1
3161145 10372475 1
3161145 10565596 1
3161145 10889422 1
3161145 10904077 1
3161145 11126625 1
3161145 11397374 1
3161145 11425048 1
3439609 3645934 1
3439609 3810131 1
3439609 3838982 1
3439609 4458082 1
3439609 4700315 1
3439609 4882078 1
3439609 4979813 1
3439609 5029006 1
3439609 5793948 1
3439609 5959088 1
3439609 5969505 1
3439609 6397637 1
3439609 6478074 1
3439609 6992271 1
3439609 7241370 1
3439609 7634140 1
3439609 8463893 1
3439609 9214034 1
3439609 9571582 1
3439609 9713368 1
3439609 9815844 1
3439609 10098416 1
3439609 10164781 1
3439609 10217704 1
3439609 10264012 1
3439609 10302403 1
3439609 10372475 1
3439609 10565596 1
3439609 10889422 1
3439609 10904077 1
3439609 11126625 1
3439609 11397374 1
3439609 11425048 1
3645934 3810131 1
3645934 3838982 1
3645934 4458082 1
3645934 4700315 1
3645934 4882078 1
3645934 4979813 1
3645934 5029006 1
3645934 5793948 1
3645934 5959088 1
3645934 5969505 1
3645934 6397637 1
3645934 6478074 1
3645934 6992271 1
3645934 7241370 1
3645934 7634140 1
3645934 8463893 1
3645934 9214034 1
3645934 9571582 1
3645934 9713368 1
3645934 10098416 1
3645934 10217704 1
3645934 10264012 1
3645934 10302403 1
3645934 10372475 1
3645934 11126625 1
3645934 11397374 1
3645934 11425048 1
3810131 3838982 1
3810131 4882078 1
3810131 5029006 1
3810131 5793948 1
3810131 5959088 1
3810131 5969505 1
3810131 6478074 2
3810131 6992271 1
3810131 7241370 2
3810131 8463893 1
3810131 9571582 1
3810131 9815844 1
3810131 10098416 2
3810131 10264012 1
3810131 11126625 3
3810131 11397374 1
3810131 11425048 2
3838982 4458082 1
3838982 4700315 1
3838982 4882078 1
3838982 4979813 1
3838982 5029006 1
3838982 5793948 1
3838982 5959088 1
3838982 5969505 1
3838982 6397637 1
3838982 6478074 1
3838982 6992271 1
3838982 7241370 1
3838982 7634140 1
3838982 8463893 1
3838982 9214034 1
3838982 9571582 1
3838982 9713368 1
3838982 9815844 1
3838982 10098416 1
3838982 10164781 1
3838982 10217704 1
3838982 10264012 1
3838982 10302403 1
3838982 10372475 1
3838982 10565596 1
3838982 10889422 1
3838982 10904077 1
3838982 11126625 1
3838982 11397374 1
3838982 11425048 1
4458082 4700315 1
4458082 4882078 1
4458082 5029006 1
4458082 5793948 1
4458082 5959088 1
4458082 5969505 1
4458082 6478074 1
4458082 6992271 1
4458082 7241370 1
4458082 8463893 1
4458082 9571582 1
4458082 9815844 1
4458082 10098416 1
4458082 10217704 1
4458082 10264012 1
4458082 10302403 1
4458082 10565596 1
4458082 11126625 1
4458082 11397374 1
4458082 11425048 1
4700315 4882078 1
4700315 5029006 1
4700315 5793948 1
4700315 5959088 1
4700315 5969505 1
4700315 6397637 1
4700315 6478074 2
4700315 6992271 1
4700315 7241370 2
4700315 8463893 1
4700315 9571582 1
4700315 9713368 1
4700315 9815844 1
4700315 10098416 2
4700315 10264012 1
4700315 10302403 2
4700315 10372475 2
4700315 11126625 3
4700315 11397374 1
4700315 11425048 2
4882078 4979813 1
4882078 5029006 1
4882078 5793948 1
4882078 5959088 1
4882078 5969505 1
4882078 6397637 1
4882078 6478074 1
4882078 6992271 1
4882078 7241370 1
4882078 7634140 1
4882078 8463893 1
4882078 9214034 1
4882078 9571582 1
4882078 9713368 1
4882078 9815844 1
4882078 10098416 1
4882078 10164781 1
4882078 10217704 1
4882078 10264012 1
4882078 10302403 1
4882078 10372475 1
4882078 10565596 1
4882078 10889422 1
4882078 10904077 1
4882078 11126625 1
4882078 11397374 1
4882078 11425048 1
4979813 5029006 1
4979813 5793948 1
4979813 5959088 1
4979813 5969505 1
4979813 6478074 1
4979813 6992271 1
4979813 7241370 1
4979813 8463893 1
4979813 9571582 1
4979813 9815844 1
4979813 10098416 1
4979813 10264012 1
4979813 10302403 1
4979813 10372475 1
4979813 11126625 1
4979813 11397374 1
4979813 11425048 1
5029006 5793948 1
5029006 5959088 1
5029006 5969505 1
5029006 6397637 1
5029006 6478074 1
5029006 6992271 1
5029006 7241370 1
5029006 7634140 1
5029006 8463893 1
5029006 9214034 1
5029006 9571582 1
5029006 9713368 1
5029006 9815844 1
5029006 10098416 1
5029006 10164781 1
5029006 10217704 1
5029006 10264012 1
5029006 10302403 1
5029006 10372475 1
5029006 10565596 1
5029006 10889422 1
5029006 10904077 1
5029006 11126625 1
5029006 11397374 1
5029006 11425048 1
5793948 5959088 1
5793948 5969505 1
5793948 6397637 1
5793948 6478074 1
5793948 6992271 1
5793948 7241370 1
5793948 7634140 1
5793948 8463893 1
5793948 9214034 1
5793948 9571582 1
5793948 9713368 1
5793948 9815844 1
5793948 10098416 1
5793948 10164781 1
5793948 10217704 1
5793948 10264012 1
5793948 10302403 1
5793948 10372475 1
5793948 10565596 1
5793948 10889422 1
5793948 10904077 1
5793948 11126625 1
5793948 11397374 1
5793948 11425048 1
5959088 5969505 1
5959088 6397637 1
5959088 6478074 1
5959088 6992271 1
5959088 7241370 1
5959088 7634140 1
5959088 8463893 1
5959088 9214034 1
5959088 9571582 1
5959088 9713368 1
5959088 9815844 1
5959088 10098416 1
5959088 10164781 1
5959088 10217704 1
5959088 10264012 1
5959088 10302403 1
5959088 10372475 1
5959088 10565596 1
5959088 10889422 1
5959088 10904077 1
5959088 11126625 1
5959088 11397374 1
5959088 11425048 1
5969505 6397637 1
5969505 6478074 1
5969505 6992271 1
5969505 7241370 1
5969505 7634140 1
5969505 8463893 1
5969505 9214034 1
5969505 9571582 1
5969505 9713368 1
5969505 9815844 1
5969505 10098416 1
5969505 10164781 1
5969505 10217704 1
5969505 10264012 1
5969505 10302403 1
5969505 10372475 1
5969505 10565596 1
5969505 10889422 1
5969505 10904077 1
5969505 11126625 1
5969505 11397374 1
5969505 11425048 1
6397637 6478074 1
6397637 6992271 1
6397637 7241370 1
6397637 8463893 1
6397637 9571582 1
6397637 9815844 1
6397637 10098416 1
6397637 10217704 1
6397637 10264012 1
6397637 10302403 1
6397637 10372475 1
6397637 10565596 1
6397637 11126625 1
6397637 11397374 1
6397637 11425048 1
6478074 6992271 1
6478074 7241370 1
6478074 7634140 1
6478074 8463893 1
6478074 9214034 1
6478074 9571582 1
6478074 9713368 1
6478074 9815844 1
6478074 10098416 2
6478074 10164781 1
6478074 10217704 1
6478074 10264012 1
6478074 10302403 1
6478074 10372475 2
6478074 10565596 1
6478074 10889422 1
6478074 10904077 2
6478074 11126625 2
6478074 11397374 1
6478074 11425048 1
6992271 7241370 1
6992271 7634140 1
6992271 8463893 1
6992271 9214034 1
6992271 9571582 1
6992271 9713368 1
6992271 9815844 1
6992271 10098416 1
6992271 10164781 1
6992271 10217704 1
6992271 10264012 1
6992271 10302403 1
6992271 10372475 1
6992271 10565596 1
6992271 10889422 1
6992271 10904077 1
6992271 11126625 1
6992271 11397374 1
6992271 11425048 1
7241370 7634140 1
7241370 8463893 1
7241370 9214034 1
7241370 9571582 1
7241370 9713368 1
7241370 9815844 1
7241370 10098416 1
7241370 10164781 2
7241370 10217704 1
7241370 10264012 1
7241370 10302403 2
7241370 10372475 1
7241370 10565596 1
7241370 10889422 2
7241370 10904077 2
7241370 11126625 2
7241370 11397374 1
7241370 11425048 2
7634140 8463893 1
7634140 9571582 1
7634140 9815844 1
7634140 10098416 1
7634140 10264012 1
7634140 10302403 1
7634140 10372475 1
7634140 11126625 1
7634140 11397374 1
7634140 11425048 1
8463893 9214034 1
8463893 9571582 1
8463893 9713368 1
8463893 9815844 1
8463893 10098416 1
8463893 10164781 1
8463893 10217704 1
8463893 10264012 1
8463893 10302403 1
8463893 10372475 1
8463893 10565596 1
8463893 10889422 1
8463893 10904077 1
8463893 11126625 1
8463893 11397374 1
8463893 11425048 1
9214034 9571582 1
9214034 9815844 1
9214034 10098416 1
9214034 10264012 1
9214034 11126625 1
9214034 11397374 1
9214034 11425048 1
9571582 9713368 1
9571582 9815844 1
9571582 10098416 1
9571582 10164781 1
9571582 10217704 1
9571582 10264012 1
9571582 10302403 1
9571582 10372475 1
9571582 10565596 1
9571582 10889422 1
9571582 10904077 1
9571582 11126625 1
9571582 11397374 1
9571582 11425048 1
9713368 9815844 1
9713368 10098416 1
9713368 10217704 1
9713368 10264012 1
9713368 10302403 1
9713368 10372475 1
9713368 10565596 1
9713368 11126625 1
9713368 11397374 1
9713368 11425048 1
9815844 10098416 1
9815844 10217704 1
9815844 10264012 1
9815844 10302403 1
9815844 10372475 1
9815844 11126625 1
9815844 11397374 1
9815844 11425048 1
10098416 10164781 1
10098416 10217704 1
10098416 10264012 1
10098416 10302403 1
10098416 10372475 2
10098416 10565596 1
10098416 10889422 1
10098416 10904077 2
10098416 11126625 2
10098416 11397374 1
10098416 11425048 1
10164781 10264012 1
10164781 11126625 2
10164781 11397374 1
10164781 11425048 2
10217704 10264012 1
10217704 10302403 1
10217704 10372475 1
10217704 11126625 1
10217704 11397374 1
10217704 11425048 1
10264012 10302403 1
10264012 10372475 1
10264012 10565596 1
10264012 10889422 1
10264012 10904077 1
10264012 11126625 1
10264012 11397374 1
10264012 11425048 1
10302403 10372475 1
10302403 10565596 1
10302403 11126625 2
10302403 11397374 1
10302403 11425048 2
10372475 10565596 1
10372475 10889422 1
10372475 10904077 2
10372475 11126625 2
10372475 11397374 1
10372475 11425048 1
10565596 11126625 1
10565596 11397374 1
10565596 11425048 1
10889422 11126625 2
10889422 11397374 1
10889422 11425048 2
10904077 11126625 3
10904077 11397374 1
10904077 11425048 2
11126625 11397374 1
11126625 11425048 2
11397374 11425048 1
3377971 3810131 1
3377971 4700315 1
3377971 7241370 1
3377971 7452193 1
3377971 8406880 1
3377971 9308879 1
3377971 9737405 1
3377971 9898748 1
3377971 10144099 1
3377971 10164781 1
3377971 10302403 1
3377971 10447353 1
3377971 10835174 1
3377971 10889422 1
3377971 10904077 1
3377971 11126625 1
3377971 11425048 1
3810131 9737405 1
4700315 8406880 1
4700315 9308879 1
4700315 9737405 1
7241370 7452193 1
7241370 8406880 1
7241370 9308879 1
7241370 9737405 1
7241370 9898748 1
7241370 10144099 1
7241370 10447353 1
7241370 10835174 1
7452193 8406880 1
7452193 9308879 1
7452193 9737405 1
7452193 10302403 1
7452193 11126625 1
7452193 11425048 1
8406880 9737405 1
8406880 10302403 1
8406880 10447353 1
8406880 11126625 1
8406880 11425048 1
9308879 9737405 1
9308879 9898748 1
9308879 10447353 1
9308879 11126625 1
9308879 11425048 1
9737405 9898748 1
9737405 10144099 1
9737405 10164781 1
9737405 10302403 1
9737405 10447353 1
9737405 10835174 1
9737405 10889422 1
9737405 10904077 1
9737405 11126625 1
9737405 11425048 1
9898748 10302403 1
9898748 11126625 1
9898748 11425048 1
10144099 10302403 1
10144099 11126625 1
10144099 11425048 1
10302403 10447353 1
10447353 11126625 2
10447353 11425048 1
10835174 11126625 1
10835174 11425048 1
2814764 8108278 1
2814764 9971371 1
2814764 10541467 1
4700315 5677084 1
4700315 8108278 1
4700315 9971371 1
4700315 10541467 1
5677084 8108278 1
5677084 9775751 1
5677084 9971371 1
5677084 10541467 1
8108278 9631453 1
8108278 9775751 1
8108278 9898748 1
8108278 9971371 1
8108278 10164781 1
8108278 10541467 1
8108278 10565596 1
8108278 10835174 1
8108278 10904077 1
9631453 9971371 1
9631453 10541467 1
9775751 9971371 1
9775751 10541467 1
9898748 9971371 1
9898748 10541467 1
9971371 10164781 1
9971371 10541467 1
9971371 10565596 1
9971371 10835174 1
9971371 10904077 1
10164781 10541467 1
10541467 10565596 1
10541467 10835174 1
10541467 10904077 1
1828946 3810131 1
1828946 4315989 1
1828946 4666072 1
1828946 4700315 1
1828946 5062693 1
1828946 5441427 1
1828946 6132843 1
1828946 6326974 1
1828946 6348970 1
1828946 6478074 1
1828946 8144637 1
1828946 8440920 1
1828946 8543558 1
1828946 10098416 1
1828946 10291897 1
1828946 10296677 1
1828946 10372475 1
1828946 10447353 1
1828946 10904077 1
1828946 11126625 1
3810131 4315989 1
3810131 4666072 1
3810131 5062693 1
3810131 5441427 1
3810131 6132843 1
3810131 6326974 1
3810131 8144637 1
3810131 8440920 1
3810131 8543558 1
3810131 10291897 1
3810131 10296677 1
4315989 4666072 1
4315989 4700315 1
4315989 5062693 1
4315989 5441427 1
4315989 6132843 1
4315989 6326974 1
4315989 6348970 1
4315989 6478074 1
4315989 8144637 1
4315989 8440920 1
4315989 8543558 1
4315989 10098416 1
4315989 10291897 1
4315989 10296677 1
4315989 10372475 1
4315989 10447353 1
4315989 10904077 1
4315989 11126625 1
4666072 4700315 1
4666072 5062693 1
4666072 5441427 1
4666072 6132843 1
4666072 6326974 1
4666072 6348970 1
4666072 6478074 1
4666072 8144637 1
4666072 8440920 1
4666072 8543558 1
4666072 10098416 1
4666072 10291897 1
4666072 10296677 1
4666072 10372475 1
4666072 10447353 1
4666072 10904077 1
4666072 11126625 1
4700315 5062693 1
4700315 5441427 1
4700315 6132843 1
4700315 6326974 1
4700315 6348970 1
4700315 8144637 1
4700315 8440920 1
4700315 8543558 1
4700315 10291897 1
4700315 10296677 1
5062693 5441427 1
5062693 6132843 1
5062693 6326974 1
5062693 6348970 1
5062693 6478074 1
5062693 8144637 1
5062693 8440920 1
5062693 8543558 1
5062693 10098416 1
5062693 10291897 1
5062693 10296677 1
5062693 10372475 1
5062693 10447353 1
5062693 10904077 1
5062693 11126625 1
5441427 6132843 1
5441427 6326974 1
5441427 6348970 1
5441427 6478074 1
5441427 8144637 1
5441427 8440920 1
5441427 8543558 1
5441427 10098416 1
5441427 10291897 1
5441427 10296677 1
5441427 10372475 1
5441427 10447353 1
5441427 10904077 1
5441427 11126625 1
6132843 6326974 1
6132843 6348970 1
6132843 6478074 1
6132843 8144637 1
6132843 8440920 1
6132843 8543558 1
6132843 10098416 1
6132843 10291897 1
6132843 10296677 1
6132843 10372475 1
6132843 10447353 1
6132843 10904077 1
6132843 11126625 1
6326974 6348970 1
6326974 6478074 1
6326974 8144637 1
6326974 8440920 1
6326974 8543558 1
6326974 10098416 1
6326974 10291897 1
6326974 10296677 1
6326974 10372475 1
6326974 10447353 1
6326974 10904077 1
6326974 11126625 1
6348970 6478074 1
6348970 8144637 1
6348970 8440920 1
6348970 8543558 1
6348970 10098416 1
6348970 10291897 1
6348970 10296677 1
6348970 10372475 1
6348970 10447353 1
6348970 11126625 1
6478074 8144637 1
6478074 8440920 1
6478074 8543558 1
6478074 10291897 1
6478074 10296677 1
6478074 10447353 1
8144637 8440920 1
8144637 8543558 1
8144637 10098416 1
8144637 10291897 1
8144637 10296677 1
8144637 10372475 1
8144637 10447353 1
8144637 10904077 1
8144637 11126625 1
8440920 8543558 1
8440920 10098416 1
8440920 10291897 1
8440920 10296677 1
8440920 10372475 1
8440920 10447353 1
8440920 10904077 1
8440920 11126625 1
8543558 10098416 1
8543558 10291897 1
8543558 10296677 1
8543558 10372475 1
8543558 10447353 1
8543558 10904077 1
8543558 11126625 1
10098416 10291897 1
10098416 10296677 1
10098416 10447353 1
10291897 10296677 1
10291897 10372475 1
10291897 10447353 1
10291897 10904077 1
10291897 11126625 1
10296677 10372475 1
10296677 10447353 1
10296677 10904077 1
10296677 11126625 1
10372475 10447353 1
