6996483 13681157 7874056 32399372 10904077 8476185 6735900 1678913 13771854 10904659 2828893 8603241 12288105 13773931 36072042 6465645 9600125 10807953 28075172 6348970 5684399 12653236 11097783 14325432 36077762 6221510 13423316 9713368 30004442 9631453 2977508 10066663 37959912 10473715 9162488 38623482 4112638 33767182 640298 2814764 4459311 14576432 28443962 5380923 9100602 10934082 38426442 10641227 9726283 43018062 3810131 2677084 27290462 6088550 8122872 39224682 35809132 5014381 1071981 10372475 2668929 43841412 4350348 8816016 3108249 13236131 6999461 13348777 40324012 12633006 41862062 8274869 38971322 20832191 8073670 14547404 36594132 34239452 15177181 12012001 9448422 3769323 43289072 36568562 37309942 5048824 14162939
640298 1678913 1
640298 2977508 1
640298 3810131 1
640298 6735900 1
640298 6999461 1
640298 7874056 1
640298 8122872 1
640298 8603241 1
640298 10066663 1
640298 10904077 1
640298 10904659 1
640298 10934082 1
640298 12633006 1
640298 13773931 1
640298 14325432 1
640298 15177181 1
640298 28075172 1
640298 28443962 1
640298 33767182 1
640298 36568562 1
640298 37959912 1
640298 38426442 1
640298 38623482 1
1678913 2977508 1
1678913 3810131 1
1678913 6735900 1
1678913 6999461 1
1678913 7874056 1
1678913 8122872 1
1678913 8603241 1
1678913 10066663 1
1678913 10904077 1
1678913 10904659 1
1678913 10934082 1
1678913 12633006 1
1678913 13773931 1
1678913 14325432 1
1678913 15177181 1
1678913 28075172 1
1678913 28443962 1
1678913 33767182 1
1678913 36568562 1
1678913 37959912 1
1678913 38426442 1
1678913 38623482 1
2977508 3810131 3
2977508 6735900 1
2977508 6999461 2
2977508 7874056 1
2977508 8122872 1
2977508 8603241 1
2977508 10066663 2
2977508 10904077 3
2977508 10904659 3
2977508 10934082 1
2977508 12633006 1
2977508 13773931 1
2977508 14325432 1
2977508 15177181 3
2977508 28075172 1
2977508 28443962 3
2977508 33767182 1
2977508 36568562 1
2977508 37959912 1
2977508 38426442 3
2977508 38623482 1
3810131 6735900 1
3810131 6999461 2
3810131 7874056 1
3810131 8122872 1
3810131 8603241 1
3810131 10066663 2
3810131 10904077 3
3810131 10904659 3
3810131 10934082 1
3810131 12633006 1
3810131 13773931 1
3810131 14325432 1
3810131 15177181 3
3810131 28075172 1
3810131 28443962 3
3810131 33767182 1
3810131 36568562 1
3810131 37959912 1
3810131 38426442 3
3810131 38623482 1
6735900 6999461 1
6735900 7874056 1
6735900 8122872 1
6735900 8603241 1
6735900 10066663 1
6735900 10904077 1
6735900 10904659 1
6735900 10934082 1
6735900 12633006 1
6735900 13773931 1
6735900 14325432 1
6735900 15177181 1
6735900 28075172 1
6735900 28443962 1
6735900 33767182 1
6735900 36568562 1
6735900 37959912 1
6735900 38426442 1
6735900 38623482 1
6999461 7874056 2
6999461 8122872 1
6999461 8603241 1
6999461 10066663 2
6999461 10904077 3
6999461 10904659 3
6999461 10934082 1
6999461 12633006 1
6999461 13773931 1
6999461 14325432 1
6999461 15177181 4
6999461 28075172 1
6999461 28443962 4
6999461 33767182 1
6999461 36568562 1
6999461 37959912 1
6999461 38426442 3
6999461 38623482 1
7874056 8122872 1
7874056 8603241 1
7874056 10066663 2
7874056 10904077 3
7874056 10904659 3
7874056 10934082 1
7874056 12633006 1
7874056 13773931 2
7874056 14325432 1
7874056 15177181 3
7874056 28075172 1
7874056 28443962 3
7874056 33767182 1
7874056 36568562 1
7874056 37959912 1
7874056 38426442 2
7874056 38623482 2
8122872 8603241 1
8122872 10066663 1
8122872 10904077 1
8122872 10904659 1
8122872 10934082 1
8122872 12633006 1
8122872 13773931 1
8122872 14325432 1
8122872 15177181 1
8122872 28075172 1
8122872 28443962 1
8122872 33767182 1
8122872 36568562 1
8122872 37959912 1
8122872 38426442 1
8122872 38623482 1
8603241 10066663 1
8603241 10904077 1
8603241 10904659 1
8603241 10934082 1
8603241 12633006 1
8603241 13773931 1
8603241 14325432 1
8603241 15177181 1
8603241 28075172 1
8603241 28443962 1
8603241 33767182 1
8603241 36568562 1
8603241 37959912 1
8603241 38426442 1
8603241 38623482 1
10066663 10904077 6
10066663 10904659 5
10066663 10934082 1
10066663 12633006 1
10066663 13773931 2
10066663 14325432 1
10066663 15177181 6
10066663 28075172 1
10066663 28443962 6
10066663 33767182 1
10066663 36568562 1
10066663 37959912 1
10066663 38426442 6
10066663 38623482 2
10904077 10904659 8
10904077 10934082 1
10904077 12633006 1
10904077 13773931 2
10904077 14325432 1
10904077 15177181 9
10904077 28075172 1
10904077 28443962 8
10904077 33767182 1
10904077 36568562 1
10904077 37959912 1
10904077 38426442 7
10904077 38623482 2
10904659 10934082 1
10904659 12633006 1
10904659 13773931 2
10904659 14325432 1
10904659 15177181 8
10904659 28075172 1
10904659 28443962 7
10904659 33767182 1
10904659 36568562 1
10904659 37959912 1
10904659 38426442 6
10904659 38623482 2
10934082 12633006 1
10934082 13773931 1
10934082 14325432 1
10934082 15177181 1
10934082 28075172 1
10934082 28443962 1
10934082 33767182 1
10934082 36568562 1
10934082 37959912 1
10934082 38426442 1
10934082 38623482 1
12633006 13773931 1
12633006 14325432 1
12633006 15177181 1
12633006 28075172 1
12633006 28443962 1
12633006 33767182 1
12633006 36568562 1
12633006 37959912 1
12633006 38426442 1
12633006 38623482 1
13773931 14325432 1
13773931 15177181 2
13773931 28075172 1
13773931 28443962 2
13773931 33767182 1
13773931 36568562 1
13773931 37959912 1
13773931 38426442 2
13773931 38623482 2
14325432 15177181 1
14325432 28075172 1
14325432 28443962 1
14325432 33767182 1
14325432 36568562 1
14325432 37959912 1
14325432 38426442 1
14325432 38623482 1
15177181 28075172 1
15177181 28443962 9
15177181 33767182 1
15177181 36568562 1
15177181 37959912 1
15177181 38426442 8
15177181 38623482 2
28075172 28443962 1
28075172 33767182 1
28075172 36568562 1
28075172 37959912 1
28075172 38426442 1
28075172 38623482 1
28443962 33767182 1
28443962 36568562 1
28443962 37959912 1
28443962 38426442 8
28443962 38623482 2
33767182 36568562 1
33767182 37959912 1
33767182 38426442 1
33767182 38623482 1
36568562 37959912 1
36568562 38426442 1
36568562 38623482 1
37959912 38426442 1
37959912 38623482 1
38426442 38623482 2
4459311 5380923 1
4459311 6465645 1
4459311 7874056 1
4459311 9162488 1
4459311 9631453 1
4459311 9713368 1
4459311 10066663 1
4459311 10641227 1
4459311 10807953 1
4459311 10904077 1
4459311 10904659 1
4459311 11097783 1
4459311 12288105 1
4459311 12653236 1
4459311 13236131 1
4459311 13773931 1
4459311 14547404 1
4459311 15177181 1
4459311 27290462 1
4459311 28443962 1
4459311 36072042 1
4459311 38426442 1
4459311 38623482 1
4459311 38971322 1
5380923 6465645 1
5380923 7874056 1
5380923 9162488 1
5380923 9631453 1
5380923 9713368 1
5380923 10066663 1
5380923 10641227 1
5380923 10807953 1
5380923 10904077 1
5380923 10904659 1
5380923 11097783 1
5380923 12288105 1
5380923 12653236 1
5380923 13236131 1
5380923 13773931 1
5380923 14547404 1
5380923 15177181 1
5380923 27290462 1
5380923 28443962 1
5380923 36072042 1
5380923 38426442 1
5380923 38623482 1
5380923 38971322 1
6465645 7874056 1
6465645 9162488 1
6465645 9631453 1
6465645 9713368 1
6465645 10066663 1
6465645 10641227 1
6465645 10807953 1
6465645 10904077 1
6465645 10904659 1
6465645 11097783 1
6465645 12288105 1
6465645 12653236 1
6465645 13236131 1
6465645 13773931 1
6465645 14547404 1
6465645 15177181 1
6465645 27290462 1
6465645 28443962 1
6465645 36072042 1
6465645 38426442 1
6465645 38623482 1
6465645 38971322 1
7874056 9162488 1
7874056 9631453 1
7874056 9713368 1
7874056 10641227 1
7874056 10807953 1
7874056 11097783 1
7874056 12288105 1
7874056 12653236 1
7874056 13236131 2
7874056 14547404 1
7874056 27290462 1
7874056 36072042 1
7874056 38971322 1
9162488 9631453 1
9162488 9713368 1
9162488 10066663 1
9162488 10641227 1
9162488 10807953 1
9162488 10904077 2
9162488 10904659 2
9162488 11097783 1
9162488 12288105 1
9162488 12653236 1
9162488 13236131 1
9162488 13773931 1
9162488 14547404 1
9162488 15177181 2
9162488 27290462 1
9162488 28443962 1
9162488 36072042 1
9162488 38426442 1
9162488 38623482 1
9162488 38971322 1
9631453 9713368 1
9631453 10066663 3
9631453 10641227 1
9631453 10807953 1
9631453 10904077 3
9631453 10904659 3
9631453 11097783 1
9631453 12288105 1
9631453 12653236 1
9631453 13236131 1
9631453 13773931 1
9631453 14547404 1
9631453 15177181 3
9631453 27290462 1
9631453 28443962 3
9631453 36072042 2
9631453 38426442 3
9631453 38623482 1
9631453 38971322 1
9713368 10066663 1
9713368 10641227 1
9713368 10807953 1
9713368 10904077 1
9713368 10904659 1
9713368 11097783 1
9713368 12288105 1
9713368 12653236 1
9713368 13236131 1
9713368 13773931 1
9713368 14547404 1
9713368 15177181 1
9713368 27290462 1
9713368 28443962 1
9713368 36072042 1
9713368 38426442 1
9713368 38623482 1
9713368 38971322 1
10066663 10641227 1
10066663 10807953 1
10066663 11097783 1
10066663 12288105 1
10066663 12653236 1
10066663 13236131 1
10066663 14547404 2
10066663 27290462 1
10066663 36072042 2
10066663 38971322 1
10641227 10807953 1
10641227 10904077 1
10641227 10904659 1
10641227 11097783 1
10641227 12288105 1
10641227 12653236 1
10641227 13236131 1
10641227 13773931 1
10641227 14547404 1
10641227 15177181 1
10641227 27290462 1
10641227 28443962 1
10641227 36072042 1
10641227 38426442 1
10641227 38623482 1
10641227 38971322 1
10807953 10904077 1
10807953 10904659 1
10807953 11097783 1
10807953 12288105 1
10807953 12653236 1
10807953 13236131 1
10807953 13773931 1
10807953 14547404 1
10807953 15177181 1
10807953 27290462 1
10807953 28443962 1
10807953 36072042 1
10807953 38426442 1
10807953 38623482 1
10807953 38971322 1
10904077 11097783 1
10904077 12288105 1
10904077 12653236 1
10904077 13236131 2
10904077 14547404 2
10904077 27290462 1
10904077 36072042 2
10904077 38971322 1
10904659 11097783 1
10904659 12288105 1
10904659 12653236 1
10904659 13236131 2
10904659 14547404 2
10904659 27290462 1
10904659 36072042 2
10904659 38971322 1
11097783 12288105 1
11097783 12653236 1
11097783 13236131 1
11097783 13773931 1
11097783 14547404 1
11097783 15177181 1
11097783 27290462 1
11097783 28443962 1
11097783 36072042 1
11097783 38426442 1
11097783 38623482 1
11097783 38971322 1
12288105 12653236 1
12288105 13236131 1
12288105 13773931 1
12288105 14547404 1
12288105 15177181 1
12288105 27290462 1
12288105 28443962 1
12288105 36072042 1
12288105 38426442 1
12288105 38623482 1
12288105 38971322 1
12653236 13236131 1
12653236 13773931 1
12653236 14547404 1
12653236 15177181 1
12653236 27290462 1
12653236 28443962 1
12653236 36072042 1
12653236 38426442 1
12653236 38623482 1
12653236 38971322 1
13236131 13773931 1
13236131 14547404 1
13236131 15177181 2
13236131 27290462 1
13236131 28443962 2
13236131 36072042 1
13236131 38426442 1
13236131 38623482 1
13236131 38971322 1
13773931 14547404 1
13773931 27290462 1
13773931 36072042 1
13773931 38971322 1
14547404 15177181 2
14547404 27290462 1
14547404 28443962 2
14547404 36072042 1
14547404 38426442 2
14547404 38623482 1
14547404 38971322 1
15177181 27290462 1
15177181 36072042 2
15177181 38971322 1
27290462 28443962 1
27290462 36072042 1
27290462 38426442 1
27290462 38623482 1
27290462 38971322 1
28443962 36072042 2
28443962 38971322 1
36072042 38426442 2
36072042 38623482 1
36072042 38971322 1
38426442 38971322 1
38623482 38971322 1
4112638 4350348 1
4112638 6999461 1
4112638 9726283 1
4112638 14576432 1
4112638 15177181 1
4112638 28443962 1
4112638 34239452 1
4112638 38426442 1
4112638 40324012 1
4350348 6999461 1
4350348 9726283 1
4350348 14576432 2
4350348 15177181 3
4350348 28443962 2
4350348 34239452 1
4350348 38426442 2
4350348 40324012 1
6999461 9726283 1
6999461 14576432 2
6999461 34239452 1
6999461 40324012 1
9726283 14576432 1
9726283 15177181 1
9726283 28443962 1
9726283 34239452 1
9726283 38426442 1
9726283 40324012 1
14576432 15177181 3
14576432 28443962 3
14576432 34239452 1
14576432 38426442 2
14576432 40324012 1
15177181 34239452 1
15177181 40324012 1
28443962 34239452 1
28443962 40324012 1
34239452 38426442 1
34239452 40324012 1
38426442 40324012 1
2814764 2977508 1
2814764 3810131 1
2814764 5014381 1
2814764 8073670 1
2814764 9100602 1
2814764 10904077 1
2814764 10904659 1
2814764 13681157 1
2814764 15177181 1
2814764 28443962 1
2814764 35809132 1
2814764 38426442 1
2977508 5014381 1
2977508 8073670 1
2977508 9100602 1
2977508 13681157 1
2977508 35809132 1
3810131 5014381 1
3810131 8073670 1
3810131 9100602 1
3810131 13681157 1
3810131 35809132 1
5014381 8073670 1
5014381 9100602 1
5014381 10904077 1
5014381 10904659 1
5014381 13681157 1
5014381 15177181 1
5014381 28443962 1
5014381 35809132 1
5014381 38426442 1
8073670 9100602 1
8073670 10904077 2
8073670 10904659 2
8073670 13681157 1
8073670 15177181 2
8073670 28443962 2
8073670 35809132 1
8073670 38426442 1
9100602 10904077 3
9100602 10904659 2
9100602 13681157 1
9100602 15177181 3
9100602 28443962 3
9100602 35809132 1
9100602 38426442 3
10904077 13681157 2
10904077 35809132 1
10904659 13681157 2
10904659 35809132 1
13681157 15177181 2
13681157 28443962 1
13681157 35809132 1
13681157 38426442 1
15177181 35809132 1
28443962 35809132 1
35809132 38426442 1
2668929 3108249 1
2668929 3769323 1
2668929 9100602 1
2668929 9600125 1
2668929 10066663 1
2668929 10904077 1
2668929 10904659 1
2668929 13423316 1
2668929 14162939 1
2668929 14547404 1
2668929 15177181 1
2668929 28443962 1
2668929 32399372 1
2668929 38426442 1
2668929 41862062 1
2668929 43289072 1
3108249 3769323 1
3108249 9100602 1
3108249 9600125 1
3108249 10066663 1
3108249 10904077 1
3108249 10904659 1
3108249 13423316 1
3108249 14162939 1
3108249 14547404 1
3108249 15177181 1
3108249 28443962 1
3108249 32399372 1
3108249 38426442 1
3108249 41862062 1
3108249 43289072 1
3769323 9100602 1
3769323 9600125 1
3769323 10066663 1
3769323 10904077 1
3769323 10904659 1
3769323 13423316 1
3769323 14162939 1
3769323 14547404 1
3769323 15177181 1
3769323 28443962 1
3769323 32399372 1
3769323 38426442 1
3769323 41862062 1
3769323 43289072 1
9100602 9600125 1
9100602 10066663 2
9100602 13423316 1
9100602 14162939 1
9100602 14547404 1
9100602 32399372 1
9100602 41862062 1
9100602 43289072 1
9600125 10066663 1
9600125 10904077 1
9600125 10904659 1
9600125 13423316 1
9600125 14162939 1
9600125 14547404 1
9600125 15177181 1
9600125 28443962 1
9600125 32399372 1
9600125 38426442 1
9600125 41862062 1
9600125 43289072 1
10066663 13423316 1
10066663 14162939 1
10066663 32399372 2
10066663 41862062 1
10066663 43289072 1
10904077 13423316 1
10904077 14162939 2
10904077 32399372 3
10904077 41862062 1
10904077 43289072 1
10904659 13423316 1
10904659 14162939 2
10904659 32399372 3
10904659 41862062 1
10904659 43289072 1
13423316 14162939 1
13423316 14547404 1
13423316 15177181 1
13423316 28443962 1
13423316 32399372 1
13423316 38426442 1
13423316 41862062 1
13423316 43289072 1
14162939 14547404 1
14162939 15177181 2
14162939 28443962 1
14162939 32399372 1
14162939 38426442 1
14162939 41862062 1
14162939 43289072 1
14547404 32399372 1
14547404 41862062 1
14547404 43289072 1
15177181 32399372 3
15177181 41862062 1
15177181 43289072 1
28443962 32399372 3
28443962 41862062 1
28443962 43289072 1
32399372 38426442 2
32399372 41862062 1
32399372 43289072 1
38426442 41862062 1
38426442 43289072 1
41862062 43289072 1
4350348 9162488 1
4350348 10904077 2
4350348 10904659 1
4350348 12012001 1
4350348 13681157 1
4350348 14162939 1
9162488 12012001 1
9162488 13681157 1
9162488 14162939 1
10904077 12012001 1
10904659 12012001 1
12012001 13681157 1
12012001 14162939 1
12012001 15177181 1
13681157 14162939 1
5048824 6221510 1
5048824 6999461 1
5048824 7874056 1
5048824 8073670 1
5048824 8274869 1
5048824 8816016 1
5048824 10372475 1
5048824 10904077 1
5048824 10904659 1
5048824 13236131 1
5048824 14576432 1
5048824 15177181 1
5048824 28443962 1
5048824 32399372 1
5048824 36594132 1
5048824 37309942 1
5048824 43018062 1
6221510 6999461 1
6221510 7874056 1
6221510 8073670 1
6221510 8274869 1
6221510 8816016 1
6221510 10372475 1
6221510 10904077 1
6221510 10904659 1
6221510 13236131 1
6221510 14576432 1
6221510 15177181 1
6221510 28443962 1
6221510 32399372 1
6221510 36594132 1
6221510 37309942 1
6221510 43018062 1
6999461 8073670 1
6999461 8274869 1
6999461 8816016 1
6999461 10372475 1
6999461 13236131 1
6999461 32399372 2
6999461 36594132 1
6999461 37309942 1
6999461 43018062 1
7874056 8073670 1
7874056 8274869 1
7874056 8816016 1
7874056 10372475 1
7874056 14576432 1
7874056 32399372 1
7874056 36594132 1
7874056 37309942 1
7874056 43018062 1
8073670 8274869 1
8073670 8816016 1
8073670 10372475 1
8073670 13236131 1
8073670 14576432 1
8073670 32399372 1
8073670 36594132 1
8073670 37309942 1
8073670 43018062 1
8274869 8816016 1
8274869 10372475 1
8274869 10904077 1
8274869 10904659 1
8274869 13236131 1
8274869 14576432 1
8274869 15177181 1
8274869 28443962 1
8274869 32399372 1
8274869 36594132 1
8274869 37309942 1
8274869 43018062 1
8816016 10372475 1
8816016 10904077 1
8816016 10904659 1
8816016 13236131 1
8816016 14576432 1
8816016 15177181 1
8816016 28443962 1
8816016 32399372 1
8816016 36594132 1
8816016 37309942 1
8816016 43018062 1
10372475 10904077 1
10372475 10904659 1
10372475 13236131 1
10372475 14576432 1
10372475 15177181 1
10372475 28443962 1
10372475 32399372 1
10372475 36594132 1
10372475 37309942 1
10372475 43018062 1
10904077 14576432 2
10904077 36594132 1
10904077 37309942 1
10904077 43018062 1
10904659 14576432 1
10904659 36594132 1
10904659 37309942 1
10904659 43018062 1
13236131 14576432 1
13236131 32399372 1
13236131 36594132 1
13236131 37309942 1
13236131 43018062 1
14576432 32399372 1
14576432 36594132 1
14576432 37309942 1
14576432 43018062 1
15177181 36594132 1
15177181 37309942 1
15177181 43018062 1
28443962 36594132 1
28443962 37309942 1
28443962 43018062 1
32399372 36594132 1
32399372 37309942 1
32399372 43018062 1
36594132 37309942 1
36594132 43018062 1
37309942 43018062 1
1071981 8476185 1
1071981 9448422 1
1071981 9631453 2
1071981 10066663 2
1071981 10904077 2
1071981 10904659 2
1071981 15177181 2
1071981 28443962 2
1071981 38426442 2
1071981 43841412 2
8476185 9448422 1
8476185 9631453 1
8476185 10066663 1
8476185 10904077 1
8476185 10904659 1
8476185 15177181 1
8476185 28443962 1
8476185 38426442 1
8476185 43841412 1
9448422 9631453 1
9448422 10066663 1
9448422 10904077 1
9448422 10904659 1
9448422 15177181 1
9448422 28443962 1
9448422 38426442 1
9448422 43841412 1
9631453 43841412 2
10066663 43841412 2
10904077 43841412 2
10904659 43841412 2
15177181 43841412 2
28443962 43841412 2
38426442 43841412 2
1071981 2677084 1
1071981 2828893 1
1071981 2977508 1
1071981 3810131 1
1071981 5684399 1
1071981 6088550 1
1071981 6348970 1
1071981 6996483 1
1071981 6999461 1
1071981 10473715 1
1071981 13348777 1
1071981 13771854 1
1071981 20832191 1
1071981 30004442 1
1071981 32399372 1
1071981 36072042 1
1071981 36077762 1
1071981 39224682 1
2677084 2828893 1
2677084 2977508 1
2677084 3810131 1
2677084 5684399 1
2677084 6088550 1
2677084 6348970 1
2677084 6996483 1
2677084 6999461 1
2677084 9631453 1
2677084 10066663 1
2677084 10473715 1
2677084 10904077 1
2677084 10904659 1
2677084 13348777 1
2677084 13771854 1
2677084 15177181 1
2677084 20832191 1
2677084 28443962 1
2677084 30004442 1
2677084 32399372 1
2677084 36072042 1
2677084 36077762 1
2677084 38426442 1
2677084 39224682 1
2677084 43841412 1
2828893 2977508 1
2828893 3810131 1
2828893 5684399 1
2828893 6088550 1
2828893 6348970 1
2828893 6996483 1
2828893 6999461 1
2828893 9631453 1
2828893 10066663 1
2828893 10473715 1
2828893 10904077 1
2828893 10904659 1
2828893 13348777 1
2828893 13771854 1
2828893 15177181 1
2828893 20832191 1
2828893 28443962 1
2828893 30004442 1
2828893 32399372 1
2828893 36072042 1
2828893 36077762 1
2828893 38426442 1
2828893 39224682 1
2828893 43841412 1
2977508 5684399 1
2977508 6088550 1
2977508 6348970 1
2977508 6996483 1
2977508 9631453 1
2977508 10473715 1
2977508 13348777 1
2977508 13771854 1
2977508 20832191 1
2977508 30004442 1
2977508 32399372 1
2977508 36072042 1
2977508 36077762 1
2977508 39224682 1
2977508 43841412 1
3810131 5684399 1
3810131 6088550 1
3810131 6348970 1
3810131 6996483 1
3810131 9631453 1
3810131 10473715 1
3810131 13348777 1
3810131 13771854 1
3810131 20832191 1
3810131 30004442 1
3810131 32399372 1
3810131 36072042 1
3810131 36077762 1
3810131 39224682 1
3810131 43841412 1
5684399 6088550 1
5684399 6348970 1
5684399 6996483 1
5684399 6999461 1
5684399 9631453 1
5684399 10066663 1
5684399 10473715 1
5684399 10904077 1
5684399 10904659 1
5684399 13348777 1
5684399 13771854 1
5684399 15177181 1
5684399 20832191 1
5684399 28443962 1
5684399 30004442 1
5684399 32399372 1
5684399 36072042 1
5684399 36077762 1
5684399 38426442 1
5684399 39224682 1
5684399 43841412 1
6088550 6348970 1
6088550 6996483 1
6088550 6999461 1
6088550 9631453 1
6088550 10066663 1
6088550 10473715 1
6088550 10904077 1
6088550 10904659 1
6088550 13348777 1
6088550 13771854 1
6088550 15177181 1
6088550 20832191 1
6088550 28443962 1
6088550 30004442 1
6088550 32399372 1
6088550 36072042 1
6088550 36077762 1
6088550 38426442 1
6088550 39224682 1
6088550 43841412 1
6348970 6996483 1
6348970 6999461 1
6348970 9631453 1
6348970 10066663 1
6348970 10473715 1
6348970 10904077 1
6348970 10904659 1
6348970 13348777 1
6348970 13771854 1
6348970 15177181 1
6348970 20832191 1
6348970 28443962 1
6348970 30004442 1
6348970 32399372 1
6348970 36072042 1
6348970 36077762 1
6348970 38426442 1
6348970 39224682 1
6348970 43841412 1
6996483 6999461 1
6996483 9631453 1
6996483 10066663 1
6996483 10473715 1
6996483 10904077 1
6996483 10904659 1
6996483 13348777 1
6996483 13771854 1
6996483 15177181 1
6996483 20832191 1
6996483 28443962 1
6996483 30004442 1
6996483 32399372 1
6996483 36072042 1
6996483 36077762 1
6996483 38426442 1
6996483 39224682 1
6996483 43841412 1
6999461 9631453 1
6999461 10473715 1
6999461 13348777 1
6999461 13771854 1
6999461 20832191 1
6999461 30004442 1
6999461 36072042 1
6999461 36077762 1
6999461 39224682 1
6999461 43841412 1
9631453 10473715 1
9631453 13348777 1
9631453 13771854 1
9631453 20832191 1
9631453 30004442 1
9631453 32399372 1
9631453 36077762 1
9631453 39224682 1
10066663 10473715 1
10066663 13348777 2
10066663 13771854 1
10066663 20832191 1
10066663 30004442 2
10066663 36077762 1
10066663 39224682 2
10473715 10904077 1
10473715 10904659 1
10473715 13348777 1
10473715 13771854 1
10473715 15177181 1
10473715 20832191 1
10473715 28443962 1
10473715 30004442 1
10473715 32399372 1
10473715 36072042 1
10473715 36077762 1
10473715 38426442 1
10473715 39224682 1
10473715 43841412 1
10904077 13348777 2
10904077 13771854 1
10904077 20832191 1
10904077 30004442 2
10904077 36077762 1
10904077 39224682 2
10904659 13348777 1
10904659 13771854 1
10904659 20832191 1
10904659 30004442 1
10904659 36077762 1
10904659 39224682 1
13348777 13771854 1
13348777 15177181 2
13348777 20832191 1
13348777 28443962 2
13348777 30004442 2
13348777 32399372 1
13348777 36072042 1
13348777 36077762 1
13348777 38426442 2
13348777 39224682 2
13348777 43841412 1
13771854 15177181 1
13771854 20832191 1
13771854 28443962 1
13771854 30004442 1
13771854 32399372 1
13771854 36072042 1
13771854 36077762 1
13771854 38426442 1
13771854 39224682 1
13771854 43841412 1
15177181 20832191 1
15177181 30004442 2
15177181 36077762 1
15177181 39224682 2
20832191 28443962 1
20832191 30004442 1
20832191 32399372 1
20832191 36072042 1
20832191 36077762 1
20832191 38426442 1
20832191 39224682 1
20832191 43841412 1
28443962 30004442 2
28443962 36077762 1
28443962 39224682 2
30004442 32399372 1
30004442 36072042 1
30004442 36077762 1
30004442 38426442 2
30004442 39224682 2
30004442 43841412 1
32399372 36072042 1
32399372 36077762 1
32399372 39224682 1
32399372 43841412 1
36072042 36077762 1
36072042 39224682 1
36072042 43841412 1
36077762 38426442 1
36077762 39224682 1
36077762 43841412 1
38426442 39224682 2
39224682 43841412 1
4350348 9100602 1
4350348 10066663 1
4350348 13348777 1
4350348 30004442 1
4350348 39224682 1
9100602 13348777 1
9100602 14576432 1
9100602 30004442 1
9100602 39224682 1
10066663 14576432 1
13348777 14576432 1
14576432 30004442 1
14576432 39224682 1
