13681157 3838982 7874056 32399372 10904077 35329042 6735900 35963432 5048824 16334891 10846271 1678913 8061001 9214034 10904659 2828893 4979813 8603241 36072042 13773931 12288105 6465645 10143861 12454518 9600125 10807953 7142563 28075172 6348970 12653236 14402229 11097783 14325432 36077762 6221510 13423316 36838102 4666072 9713368 3998426 9631453 2977508 10066663 37959912 10473715 35983092 8108278 13186294 9162488 7084282 38623482 4112638 18937101 27026702 36112142 33767182 38877472 640298 2814764 4459311 14576432 28443962 5380923 9100602 10934082 38426442 9726283 10641227 6046031 3344209 3810131 4315989 41861462 2677084 27290462 33630562 6088550 42706282 11812715 35809132 1071981 5014381 31389552 13254001 10372475 2668929 13400458 4350348 8816016 13607828 3108249 13043106 13236131 6999461 26207142 13348777 40324012 32956332 27492782 41862062 12633006 3841978 38971322 8073670 14547404 3613138 34239452 15177181 13853662 16737761 9448422 3769323 3645934 27258352 43289072 36568562 8122872 10268666 14162939
2677084 3810131 3
2677084 6046031 2
2677084 9448422 2
2677084 10904077 2
2677084 10904659 3
2677084 13043106 1
2677084 13236131 2
2677084 13423316 1
2677084 15177181 3
2677084 28075172 1
2677084 28443962 3
2677084 33630562 3
2677084 35329042 3
2677084 38426442 3
3810131 6046031 2
3810131 9448422 2
3810131 10904077 4
3810131 10904659 6
3810131 13043106 1
3810131 13236131 3
3810131 13423316 1
3810131 15177181 6
3810131 28075172 2
3810131 28443962 6
3810131 33630562 3
3810131 35329042 3
3810131 38426442 6
6046031 9448422 2
6046031 10904077 2
6046031 10904659 2
6046031 13043106 1
6046031 13236131 1
6046031 13423316 1
6046031 15177181 2
6046031 28075172 1
6046031 28443962 2
6046031 33630562 2
6046031 35329042 2
6046031 38426442 2
9448422 10904077 2
9448422 10904659 2
9448422 13043106 1
9448422 13236131 1
9448422 13423316 1
9448422 15177181 2
9448422 28075172 1
9448422 28443962 2
9448422 33630562 2
9448422 35329042 2
9448422 38426442 2
10904077 10904659 6
10904077 13043106 1
10904077 13236131 3
10904077 13423316 2
10904077 15177181 7
10904077 28075172 2
10904077 28443962 7
10904077 33630562 2
10904077 35329042 2
10904077 38426442 7
10904659 13043106 1
10904659 13236131 4
10904659 13423316 2
10904659 15177181 8
10904659 28075172 2
10904659 28443962 8
10904659 33630562 3
10904659 35329042 3
10904659 38426442 8
13043106 13236131 1
13043106 13423316 1
13043106 15177181 1
13043106 28075172 1
13043106 28443962 1
13043106 33630562 1
13043106 35329042 1
13043106 38426442 1
13236131 13423316 1
13236131 15177181 5
13236131 28075172 1
13236131 28443962 5
13236131 33630562 2
13236131 35329042 2
13236131 38426442 5
13423316 15177181 2
13423316 28075172 1
13423316 28443962 2
13423316 33630562 1
13423316 35329042 1
13423316 38426442 2
15177181 28075172 2
15177181 28443962 10
15177181 33630562 3
15177181 35329042 3
15177181 38426442 10
28075172 28443962 2
28075172 33630562 1
28075172 35329042 1
28075172 38426442 2
28443962 33630562 3
28443962 35329042 3
28443962 38426442 10
33630562 35329042 3
33630562 38426442 3
35329042 38426442 3
2677084 2814764 1
2677084 2828893 1
2677084 2977508 2
2677084 3344209 1
2677084 3613138 1
2677084 3645934 1
2677084 4350348 1
2677084 4979813 1
2677084 6088550 2
2677084 7084282 1
2677084 7142563 2
2677084 7874056 2
2677084 8061001 2
2677084 8122872 1
2677084 9162488 1
2677084 9631453 2
2677084 9726283 2
2677084 10066663 2
2677084 10143861 1
2677084 10372475 1
2677084 10473715 2
2677084 10846271 1
2677084 13254001 1
2677084 13400458 2
2677084 13607828 1
2677084 13853662 1
2677084 16334891 2
2677084 18937101 1
2677084 27026702 1
2677084 27258352 1
2677084 27290462 1
2677084 27492782 1
2677084 35963432 1
2677084 36077762 1
2677084 36112142 1
2677084 41862062 1
2814764 2828893 1
2814764 2977508 2
2814764 3344209 1
2814764 3613138 1
2814764 3645934 1
2814764 3810131 2
2814764 4350348 1
2814764 4979813 1
2814764 6088550 1
2814764 7084282 1
2814764 7142563 1
2814764 7874056 1
2814764 8061001 1
2814764 8122872 1
2814764 9162488 1
2814764 9631453 1
2814764 9726283 1
2814764 10066663 1
2814764 10143861 1
2814764 10372475 1
2814764 10473715 1
2814764 10846271 1
2814764 10904659 2
2814764 13236131 1
2814764 13254001 1
2814764 13400458 1
2814764 13607828 1
2814764 13853662 1
2814764 15177181 2
2814764 16334891 1
2814764 18937101 1
2814764 27026702 1
2814764 27258352 1
2814764 27290462 1
2814764 27492782 1
2814764 28443962 2
2814764 33630562 1
2814764 35329042 1
2814764 35963432 1
2814764 36077762 1
2814764 36112142 1
2814764 38426442 2
2814764 41862062 1
2828893 2977508 1
2828893 3344209 1
2828893 3613138 1
2828893 3645934 1
2828893 3810131 1
2828893 4350348 1
2828893 4979813 1
2828893 6088550 1
2828893 7084282 1
2828893 7142563 1
2828893 7874056 1
2828893 8061001 1
2828893 8122872 1
2828893 9162488 1
2828893 9631453 1
2828893 9726283 1
2828893 10066663 1
2828893 10143861 1
2828893 10372475 1
2828893 10473715 1
2828893 10846271 1
2828893 10904659 1
2828893 13236131 1
2828893 13254001 1
2828893 13400458 1
2828893 13607828 1
2828893 13853662 1
2828893 15177181 1
2828893 16334891 1
2828893 18937101 1
2828893 27026702 1
2828893 27258352 1
2828893 27290462 1
2828893 27492782 1
2828893 28443962 1
2828893 33630562 1
2828893 35329042 1
2828893 35963432 1
2828893 36077762 1
2828893 36112142 1
2828893 38426442 1
2828893 41862062 1
2977508 3344209 1
2977508 3613138 1
2977508 3645934 1
2977508 3810131 4
2977508 4350348 1
2977508 4979813 1
2977508 6088550 2
2977508 7084282 1
2977508 7142563 2
2977508 7874056 3
2977508 8061001 2
2977508 8122872 2
2977508 9162488 1
2977508 9631453 2
2977508 9726283 2
2977508 10066663 3
2977508 10143861 1
2977508 10372475 1
2977508 10473715 2
2977508 10846271 1
2977508 10904659 4
2977508 13236131 1
2977508 13254001 1
2977508 13400458 2
2977508 13607828 1
2977508 13853662 1
2977508 15177181 4
2977508 16334891 2
2977508 18937101 1
2977508 27026702 1
2977508 27258352 1
2977508 27290462 1
2977508 27492782 1
2977508 28443962 4
2977508 33630562 2
2977508 35329042 2
2977508 35963432 1
2977508 36077762 1
2977508 36112142 1
2977508 38426442 4
2977508 41862062 1
3344209 3613138 1
3344209 3645934 1
3344209 3810131 1
3344209 4350348 1
3344209 4979813 1
3344209 6088550 1
3344209 7084282 1
3344209 7142563 1
3344209 7874056 1
3344209 8061001 1
3344209 8122872 1
3344209 9162488 1
3344209 9631453 1
3344209 9726283 1
3344209 10066663 1
3344209 10143861 1
3344209 10372475 1
3344209 10473715 1
3344209 10846271 1
3344209 10904659 1
3344209 13236131 1
3344209 13254001 1
3344209 13400458 1
3344209 13607828 1
3344209 13853662 1
3344209 15177181 1
3344209 16334891 1
3344209 18937101 1
3344209 27026702 1
3344209 27258352 1
3344209 27290462 1
3344209 27492782 1
3344209 28443962 1
3344209 33630562 1
3344209 35329042 1
3344209 35963432 1
3344209 36077762 1
3344209 36112142 1
3344209 38426442 1
3344209 41862062 1
3613138 3645934 1
3613138 3810131 1
3613138 4350348 1
3613138 4979813 1
3613138 6088550 1
3613138 7084282 1
3613138 7142563 1
3613138 7874056 1
3613138 8061001 1
3613138 8122872 1
3613138 9162488 1
3613138 9631453 1
3613138 9726283 1
3613138 10066663 1
3613138 10143861 1
3613138 10372475 1
3613138 10473715 1
3613138 10846271 1
3613138 10904659 1
3613138 13236131 1
3613138 13254001 1
3613138 13400458 1
3613138 13607828 1
3613138 13853662 1
3613138 15177181 1
3613138 16334891 1
3613138 18937101 1
3613138 27026702 1
3613138 27258352 1
3613138 27290462 1
3613138 27492782 1
3613138 28443962 1
3613138 33630562 1
3613138 35329042 1
3613138 35963432 1
3613138 36077762 1
3613138 36112142 1
3613138 38426442 1
3613138 41862062 1
3645934 3810131 1
3645934 4350348 1
3645934 4979813 1
3645934 6088550 1
3645934 7084282 1
3645934 7142563 1
3645934 7874056 1
3645934 8061001 1
3645934 8122872 1
3645934 9162488 1
3645934 9631453 1
3645934 9726283 1
3645934 10066663 1
3645934 10143861 1
3645934 10372475 1
3645934 10473715 1
3645934 10846271 1
3645934 10904659 1
3645934 13236131 1
3645934 13254001 1
3645934 13400458 1
3645934 13607828 1
3645934 13853662 1
3645934 15177181 1
3645934 16334891 1
3645934 18937101 1
3645934 27026702 1
3645934 27258352 1
3645934 27290462 1
3645934 27492782 1
3645934 28443962 1
3645934 33630562 1
3645934 35329042 1
3645934 35963432 1
3645934 36077762 1
3645934 36112142 1
3645934 38426442 1
3645934 41862062 1
3810131 4350348 1
3810131 4979813 2
3810131 6088550 3
3810131 7084282 1
3810131 7142563 3
3810131 7874056 3
3810131 8061001 2
3810131 8122872 2
3810131 9162488 1
3810131 9631453 3
3810131 9726283 2
3810131 10066663 4
3810131 10143861 1
3810131 10372475 2
3810131 10473715 2
3810131 10846271 1
3810131 13254001 1
3810131 13400458 2
3810131 13607828 1
3810131 13853662 1
3810131 16334891 2
3810131 18937101 1
3810131 27026702 1
3810131 27258352 1
3810131 27290462 1
3810131 27492782 1
3810131 35963432 1
3810131 36077762 2
3810131 36112142 1
3810131 41862062 2
4350348 4979813 1
4350348 6088550 1
4350348 7084282 1
4350348 7142563 1
4350348 7874056 1
4350348 8061001 1
4350348 8122872 1
4350348 9162488 1
4350348 9631453 1
4350348 9726283 2
4350348 10066663 1
4350348 10143861 1
4350348 10372475 1
4350348 10473715 1
4350348 10846271 1
4350348 10904659 1
4350348 13236131 1
4350348 13254001 1
4350348 13400458 1
4350348 13607828 1
4350348 13853662 1
4350348 15177181 2
4350348 16334891 1
4350348 18937101 1
4350348 27026702 1
4350348 27258352 1
4350348 27290462 1
4350348 27492782 1
4350348 28443962 2
4350348 33630562 1
4350348 35329042 1
4350348 35963432 1
4350348 36077762 1
4350348 36112142 1
4350348 38426442 2
4350348 41862062 1
4979813 6088550 2
4979813 7084282 1
4979813 7142563 2
4979813 7874056 1
4979813 8061001 1
4979813 8122872 1
4979813 9162488 1
4979813 9631453 2
4979813 9726283 1
4979813 10066663 2
4979813 10143861 1
4979813 10372475 2
4979813 10473715 1
4979813 10846271 1
4979813 10904659 2
4979813 13236131 2
4979813 13254001 1
4979813 13400458 1
4979813 13607828 1
4979813 13853662 1
4979813 15177181 2
4979813 16334891 1
4979813 18937101 1
4979813 27026702 1
4979813 27258352 1
4979813 27290462 1
4979813 27492782 1
4979813 28443962 2
4979813 33630562 1
4979813 35329042 1
4979813 35963432 1
4979813 36077762 2
4979813 36112142 1
4979813 38426442 2
4979813 41862062 2
6088550 7084282 1
6088550 7142563 3
6088550 7874056 2
6088550 8061001 2
6088550 8122872 1
6088550 9162488 1
6088550 9631453 3
6088550 9726283 2
6088550 10066663 3
6088550 10143861 1
6088550 10372475 2
6088550 10473715 2
6088550 10846271 1
6088550 10904659 3
6088550 13236131 2
6088550 13254001 1
6088550 13400458 2
6088550 13607828 1
6088550 13853662 1
6088550 15177181 3
6088550 16334891 2
6088550 18937101 1
6088550 27026702 1
6088550 27258352 1
6088550 27290462 1
6088550 27492782 1
6088550 28443962 3
6088550 33630562 2
6088550 35329042 2
6088550 35963432 1
6088550 36077762 2
6088550 36112142 1
6088550 38426442 3
6088550 41862062 2
7084282 7142563 1
7084282 7874056 1
7084282 8061001 1
7084282 8122872 1
7084282 9162488 1
7084282 9631453 1
7084282 9726283 1
7084282 10066663 1
7084282 10143861 1
7084282 10372475 1
7084282 10473715 1
7084282 10846271 1
7084282 10904659 1
7084282 13236131 1
7084282 13254001 1
7084282 13400458 1
7084282 13607828 1
7084282 13853662 1
7084282 15177181 1
7084282 16334891 1
7084282 18937101 1
7084282 27026702 1
7084282 27258352 1
7084282 27290462 1
7084282 27492782 1
7084282 28443962 1
7084282 33630562 1
7084282 35329042 1
7084282 35963432 1
7084282 36077762 1
7084282 36112142 1
7084282 38426442 1
7084282 41862062 1
7142563 7874056 2
7142563 8061001 2
7142563 8122872 1
7142563 9162488 1
7142563 9631453 3
7142563 9726283 2
7142563 10066663 3
7142563 10143861 1
7142563 10372475 2
7142563 10473715 2
7142563 10846271 1
7142563 10904659 3
7142563 13236131 3
7142563 13254001 1
7142563 13400458 2
7142563 13607828 1
7142563 13853662 1
7142563 15177181 4
7142563 16334891 2
7142563 18937101 1
7142563 27026702 1
7142563 27258352 1
7142563 27290462 1
7142563 27492782 1
7142563 28443962 4
7142563 33630562 2
7142563 35329042 2
7142563 35963432 1
7142563 36077762 2
7142563 36112142 1
7142563 38426442 4
7142563 41862062 2
7874056 8061001 2
7874056 8122872 2
7874056 9162488 2
7874056 9631453 3
7874056 9726283 2
7874056 10066663 4
7874056 10143861 1
7874056 10372475 1
7874056 10473715 2
7874056 10846271 1
7874056 10904659 4
7874056 13236131 2
7874056 13254001 1
7874056 13400458 2
7874056 13607828 1
7874056 13853662 1
7874056 15177181 4
7874056 16334891 2
7874056 18937101 1
7874056 27026702 1
7874056 27258352 1
7874056 27290462 2
7874056 27492782 1
7874056 28443962 4
7874056 33630562 2
7874056 35329042 2
7874056 35963432 1
7874056 36077762 1
7874056 36112142 1
7874056 38426442 4
7874056 41862062 1
8061001 8122872 1
8061001 9162488 1
8061001 9631453 2
8061001 9726283 2
8061001 10066663 2
8061001 10143861 1
8061001 10372475 1
8061001 10473715 2
8061001 10846271 1
8061001 10904659 2
8061001 13236131 1
8061001 13254001 1
8061001 13400458 2
8061001 13607828 1
8061001 13853662 1
8061001 15177181 2
8061001 16334891 2
8061001 18937101 1
8061001 27026702 1
8061001 27258352 1
8061001 27290462 1
8061001 27492782 1
8061001 28443962 2
8061001 33630562 2
8061001 35329042 2
8061001 35963432 1
8061001 36077762 1
8061001 36112142 1
8061001 38426442 2
8061001 41862062 1
8122872 9162488 1
8122872 9631453 1
8122872 9726283 1
8122872 10066663 2
8122872 10143861 1
8122872 10372475 1
8122872 10473715 1
8122872 10846271 1
8122872 10904659 2
8122872 13236131 1
8122872 13254001 1
8122872 13400458 1
8122872 13607828 1
8122872 13853662 1
8122872 15177181 2
8122872 16334891 1
8122872 18937101 1
8122872 27026702 1
8122872 27258352 1
8122872 27290462 1
8122872 27492782 1
8122872 28443962 2
8122872 33630562 1
8122872 35329042 1
8122872 35963432 1
8122872 36077762 1
8122872 36112142 1
8122872 38426442 2
8122872 41862062 1
9162488 9631453 2
9162488 9726283 1
9162488 10066663 2
9162488 10143861 1
9162488 10372475 1
9162488 10473715 1
9162488 10846271 1
9162488 10904659 2
9162488 13236131 2
9162488 13254001 1
9162488 13400458 1
9162488 13607828 1
9162488 13853662 1
9162488 15177181 2
9162488 16334891 1
9162488 18937101 1
9162488 27026702 1
9162488 27258352 1
9162488 27290462 2
9162488 27492782 1
9162488 28443962 2
9162488 33630562 1
9162488 35329042 1
9162488 35963432 1
9162488 36077762 1
9162488 36112142 1
9162488 38426442 2
9162488 41862062 1
9631453 9726283 2
9631453 10066663 4
9631453 10143861 1
9631453 10372475 2
9631453 10473715 2
9631453 10846271 1
9631453 10904659 4
9631453 13236131 3
9631453 13254001 1
9631453 13400458 2
9631453 13607828 1
9631453 13853662 1
9631453 15177181 4
9631453 16334891 2
9631453 18937101 1
9631453 27026702 1
9631453 27258352 1
9631453 27290462 2
9631453 27492782 1
9631453 28443962 4
9631453 33630562 2
9631453 35329042 2
9631453 35963432 1
9631453 36077762 2
9631453 36112142 1
9631453 38426442 4
9631453 41862062 2
9726283 10066663 2
9726283 10143861 1
9726283 10372475 1
9726283 10473715 2
9726283 10846271 1
9726283 10904659 2
9726283 13236131 1
9726283 13254001 1
9726283 13400458 2
9726283 13607828 1
9726283 13853662 1
9726283 15177181 3
9726283 16334891 2
9726283 18937101 1
9726283 27026702 1
9726283 27258352 1
9726283 27290462 1
9726283 27492782 1
9726283 28443962 3
9726283 33630562 2
9726283 35329042 2
9726283 35963432 1
9726283 36077762 1
9726283 36112142 1
9726283 38426442 3
9726283 41862062 1
10066663 10143861 1
10066663 10372475 2
10066663 10473715 2
10066663 10846271 1
10066663 10904659 6
10066663 13236131 3
10066663 13254001 1
10066663 13400458 2
10066663 13607828 1
10066663 13853662 1
10066663 15177181 6
10066663 16334891 2
10066663 18937101 1
10066663 27026702 1
10066663 27258352 1
10066663 27290462 2
10066663 27492782 1
10066663 28443962 6
10066663 33630562 2
10066663 35329042 2
10066663 35963432 1
10066663 36077762 2
10066663 36112142 1
10066663 38426442 6
10066663 41862062 3
10143861 10372475 1
10143861 10473715 1
10143861 10846271 1
10143861 10904659 1
10143861 13236131 1
10143861 13254001 1
10143861 13400458 1
10143861 13607828 1
10143861 13853662 1
10143861 15177181 1
10143861 16334891 1
10143861 18937101 1
10143861 27026702 1
10143861 27258352 1
10143861 27290462 1
10143861 27492782 1
10143861 28443962 1
10143861 33630562 1
10143861 35329042 1
10143861 35963432 1
10143861 36077762 1
10143861 36112142 1
10143861 38426442 1
10143861 41862062 1
10372475 10473715 1
10372475 10846271 1
10372475 10904659 2
10372475 13236131 2
10372475 13254001 1
10372475 13400458 1
10372475 13607828 1
10372475 13853662 1
10372475 15177181 2
10372475 16334891 1
10372475 18937101 1
10372475 27026702 1
10372475 27258352 1
10372475 27290462 1
10372475 27492782 1
10372475 28443962 2
10372475 33630562 1
10372475 35329042 1
10372475 35963432 1
10372475 36077762 2
10372475 36112142 1
10372475 38426442 2
10372475 41862062 2
10473715 10846271 1
10473715 10904659 2
10473715 13236131 1
10473715 13254001 1
10473715 13400458 2
10473715 13607828 1
10473715 13853662 1
10473715 15177181 2
10473715 16334891 2
10473715 18937101 1
10473715 27026702 1
10473715 27258352 1
10473715 27290462 1
10473715 27492782 1
10473715 28443962 2
10473715 33630562 2
10473715 35329042 2
10473715 35963432 1
10473715 36077762 1
10473715 36112142 1
10473715 38426442 2
10473715 41862062 1
10846271 10904659 1
10846271 13236131 1
10846271 13254001 1
10846271 13400458 1
10846271 13607828 1
10846271 13853662 1
10846271 15177181 1
10846271 16334891 1
10846271 18937101 1
10846271 27026702 1
10846271 27258352 1
10846271 27290462 1
10846271 27492782 1
10846271 28443962 1
10846271 33630562 1
10846271 35329042 1
10846271 35963432 1
10846271 36077762 1
10846271 36112142 1
10846271 38426442 1
10846271 41862062 1
10904659 13254001 1
10904659 13400458 2
10904659 13607828 1
10904659 13853662 1
10904659 16334891 2
10904659 18937101 1
10904659 27026702 1
10904659 27258352 1
10904659 27290462 2
10904659 27492782 1
10904659 35963432 1
10904659 36077762 2
10904659 36112142 1
10904659 41862062 3
13236131 13254001 1
13236131 13400458 1
13236131 13607828 1
13236131 13853662 1
13236131 16334891 1
13236131 18937101 1
13236131 27026702 1
13236131 27258352 1
13236131 27290462 2
13236131 27492782 1
13236131 35963432 1
13236131 36077762 2
13236131 36112142 1
13236131 41862062 2
13254001 13400458 1
13254001 13607828 1
13254001 13853662 1
13254001 15177181 1
13254001 16334891 1
13254001 18937101 1
13254001 27026702 1
13254001 27258352 1
13254001 27290462 1
13254001 27492782 1
13254001 28443962 1
13254001 33630562 1
13254001 35329042 1
13254001 35963432 1
13254001 36077762 1
13254001 36112142 1
13254001 38426442 1
13254001 41862062 1
13400458 13607828 1
13400458 13853662 1
13400458 15177181 2
13400458 16334891 2
13400458 18937101 1
13400458 27026702 1
13400458 27258352 1
13400458 27290462 1
13400458 27492782 1
13400458 28443962 2
13400458 33630562 2
13400458 35329042 2
13400458 35963432 1
13400458 36077762 1
13400458 36112142 1
13400458 38426442 2
13400458 41862062 1
13607828 13853662 1
13607828 15177181 1
13607828 16334891 1
13607828 18937101 1
13607828 27026702 1
13607828 27258352 1
13607828 27290462 1
13607828 27492782 1
13607828 28443962 1
13607828 33630562 1
13607828 35329042 1
13607828 35963432 1
13607828 36077762 1
13607828 36112142 1
13607828 38426442 1
13607828 41862062 1
13853662 15177181 1
13853662 16334891 1
13853662 18937101 1
13853662 27026702 1
13853662 27258352 1
13853662 27290462 1
13853662 27492782 1
13853662 28443962 1
13853662 33630562 1
13853662 35329042 1
13853662 35963432 1
13853662 36077762 1
13853662 36112142 1
13853662 38426442 1
13853662 41862062 1
15177181 16334891 2
15177181 18937101 1
15177181 27026702 1
15177181 27258352 1
15177181 27290462 2
15177181 27492782 1
15177181 35963432 1
15177181 36077762 2
15177181 36112142 1
15177181 41862062 3
16334891 18937101 1
16334891 27026702 1
16334891 27258352 1
16334891 27290462 1
16334891 27492782 1
16334891 28443962 2
16334891 33630562 2
16334891 35329042 2
16334891 35963432 1
16334891 36077762 1
16334891 36112142 1
16334891 38426442 2
16334891 41862062 1
18937101 27026702 1
18937101 27258352 1
18937101 27290462 1
18937101 27492782 1
18937101 28443962 1
18937101 33630562 1
18937101 35329042 1
18937101 35963432 1
18937101 36077762 1
18937101 36112142 1
18937101 38426442 1
18937101 41862062 1
27026702 27258352 1
27026702 27290462 1
27026702 27492782 1
27026702 28443962 1
27026702 33630562 1
27026702 35329042 1
27026702 35963432 1
27026702 36077762 1
27026702 36112142 1
27026702 38426442 1
27026702 41862062 1
27258352 27290462 1
27258352 27492782 1
27258352 28443962 1
27258352 33630562 1
27258352 35329042 1
27258352 35963432 1
27258352 36077762 1
27258352 36112142 1
27258352 38426442 1
27258352 41862062 1
27290462 27492782 1
27290462 28443962 2
27290462 33630562 1
27290462 35329042 1
27290462 35963432 1
27290462 36077762 1
27290462 36112142 1
27290462 38426442 2
27290462 41862062 1
27492782 28443962 1
27492782 33630562 1
27492782 35329042 1
27492782 35963432 1
27492782 36077762 1
27492782 36112142 1
27492782 38426442 1
27492782 41862062 1
28443962 35963432 1
28443962 36077762 2
28443962 36112142 1
28443962 41862062 3
33630562 35963432 1
33630562 36077762 1
33630562 36112142 1
33630562 41862062 1
35329042 35963432 1
35329042 36077762 1
35329042 36112142 1
35329042 41862062 1
35963432 36077762 1
35963432 36112142 1
35963432 38426442 1
35963432 41862062 1
36077762 36112142 1
36077762 38426442 2
36077762 41862062 2
36112142 38426442 1
36112142 41862062 1
38426442 41862062 3
3810131 4666072 1
3810131 6999461 2
3810131 35983092 2
3810131 40324012 1
4666072 4979813 1
4666072 6088550 1
4666072 6999461 1
4666072 7142563 1
4666072 9631453 1
4666072 10066663 1
4666072 10372475 1
4666072 10904659 1
4666072 13236131 1
4666072 15177181 1
4666072 28443962 1
4666072 35983092 1
4666072 36077762 1
4666072 38426442 1
4666072 40324012 1
4666072 41862062 1
4979813 6999461 1
4979813 35983092 1
4979813 40324012 1
6088550 6999461 1
6088550 35983092 2
6088550 40324012 1
6999461 7142563 1
6999461 9631453 1
6999461 10066663 2
6999461 10372475 1
6999461 10904659 2
6999461 13236131 1
6999461 15177181 3
6999461 28443962 3
6999461 35983092 1
6999461 36077762 1
6999461 38426442 3
6999461 40324012 2
6999461 41862062 1
7142563 35983092 2
7142563 40324012 1
9631453 35983092 2
9631453 40324012 1
10066663 35983092 2
10066663 40324012 1
10372475 35983092 1
10372475 40324012 1
10904659 35983092 2
10904659 40324012 1
13236131 35983092 1
13236131 40324012 1
15177181 35983092 2
15177181 40324012 2
28443962 35983092 2
28443962 40324012 2
35983092 36077762 1
35983092 38426442 2
35983092 40324012 1
35983092 41862062 1
36077762 40324012 1
38426442 40324012 2
40324012 41862062 1
1071981 2677084 1
1071981 2977508 1
1071981 3769323 1
1071981 3810131 1
1071981 3838982 1
1071981 3841978 1
1071981 3998426 1
1071981 4315989 1
1071981 6046031 1
1071981 6088550 1
1071981 6221510 1
1071981 6348970 1
1071981 7142563 1
1071981 7874056 1
1071981 8061001 1
1071981 8108278 1
1071981 8816016 1
1071981 9214034 1
1071981 9448422 1
1071981 9631453 1
1071981 9726283 1
1071981 10066663 1
1071981 10473715 1
1071981 10904077 1
1071981 10904659 1
1071981 11812715 1
1071981 12454518 1
1071981 12633006 1
1071981 13186294 1
1071981 13348777 1
1071981 13400458 1
1071981 14325432 1
1071981 14402229 1
1071981 15177181 1
1071981 16334891 1
1071981 16737761 1
1071981 26207142 1
1071981 28443962 1
1071981 31389552 1
1071981 32956332 1
1071981 33630562 1
1071981 35329042 1
1071981 35983092 1
1071981 36568562 1
1071981 36838102 1
1071981 38426442 1
1071981 38623482 1
1071981 38877472 1
1071981 42706282 1
2677084 3769323 1
2677084 3838982 1
2677084 3841978 1
2677084 3998426 1
2677084 4315989 1
2677084 6221510 1
2677084 6348970 1
2677084 8108278 1
2677084 8816016 1
2677084 9214034 1
2677084 11812715 1
2677084 12454518 1
2677084 12633006 1
2677084 13186294 1
2677084 13348777 1
2677084 14325432 1
2677084 14402229 1
2677084 16737761 1
2677084 26207142 1
2677084 31389552 1
2677084 32956332 1
2677084 35983092 1
2677084 36568562 1
2677084 36838102 1
2677084 38623482 1
2677084 38877472 1
2677084 42706282 1
2977508 3769323 1
2977508 3838982 1
2977508 3841978 1
2977508 3998426 1
2977508 4315989 1
2977508 6046031 1
2977508 6221510 1
2977508 6348970 1
2977508 8108278 1
2977508 8816016 1
2977508 9214034 1
2977508 9448422 1
2977508 10904077 3
2977508 11812715 1
2977508 12454518 1
2977508 12633006 2
2977508 13186294 1
2977508 13348777 1
2977508 14325432 2
2977508 14402229 1
2977508 16737761 1
2977508 26207142 1
2977508 31389552 1
2977508 32956332 1
2977508 35983092 1
2977508 36568562 2
2977508 36838102 1
2977508 38623482 2
2977508 38877472 1
2977508 42706282 1
3769323 3810131 1
3769323 3838982 1
3769323 3841978 1
3769323 3998426 1
3769323 4315989 1
3769323 6046031 1
3769323 6088550 1
3769323 6221510 1
3769323 6348970 1
3769323 7142563 1
3769323 7874056 1
3769323 8061001 1
3769323 8108278 1
3769323 8816016 1
3769323 9214034 1
3769323 9448422 1
3769323 9631453 1
3769323 9726283 1
3769323 10066663 2
3769323 10473715 1
3769323 10904077 2
3769323 10904659 2
3769323 11812715 1
3769323 12454518 1
3769323 12633006 1
3769323 13186294 1
3769323 13348777 1
3769323 13400458 1
3769323 14325432 1
3769323 14402229 1
3769323 15177181 2
3769323 16334891 1
3769323 16737761 1
3769323 26207142 1
3769323 28443962 2
3769323 31389552 1
3769323 32956332 1
3769323 33630562 1
3769323 35329042 1
3769323 35983092 1
3769323 36568562 1
3769323 36838102 1
3769323 38426442 2
3769323 38623482 1
3769323 38877472 1
3769323 42706282 1
3810131 3838982 1
3810131 3841978 1
3810131 3998426 1
3810131 4315989 1
3810131 6221510 1
3810131 6348970 1
3810131 8108278 1
3810131 8816016 1
3810131 9214034 1
3810131 11812715 1
3810131 12454518 1
3810131 12633006 2
3810131 13186294 1
3810131 13348777 1
3810131 14325432 2
3810131 14402229 1
3810131 16737761 1
3810131 26207142 1
3810131 31389552 1
3810131 32956332 1
3810131 36568562 2
3810131 36838102 1
3810131 38623482 2
3810131 38877472 1
3810131 42706282 1
3838982 3841978 1
3838982 3998426 1
3838982 4315989 1
3838982 6046031 1
3838982 6088550 1
3838982 6221510 1
3838982 6348970 1
3838982 7142563 1
3838982 7874056 1
3838982 8061001 1
3838982 8108278 1
3838982 8816016 1
3838982 9214034 1
3838982 9448422 1
3838982 9631453 1
3838982 9726283 1
3838982 10066663 1
3838982 10473715 1
3838982 10904077 1
3838982 10904659 1
3838982 11812715 1
3838982 12454518 1
3838982 12633006 1
3838982 13186294 1
3838982 13348777 1
3838982 13400458 1
3838982 14325432 1
3838982 14402229 1
3838982 15177181 1
3838982 16334891 1
3838982 16737761 1
3838982 26207142 1
3838982 28443962 1
3838982 31389552 1
3838982 32956332 1
3838982 33630562 1
3838982 35329042 1
3838982 35983092 1
3838982 36568562 1
3838982 36838102 1
3838982 38426442 1
3838982 38623482 1
3838982 38877472 1
3838982 42706282 1
3841978 3998426 1
3841978 4315989 1
3841978 6046031 1
3841978 6088550 1
3841978 6221510 1
3841978 6348970 1
3841978 7142563 1
3841978 7874056 1
3841978 8061001 1
3841978 8108278 1
3841978 8816016 1
3841978 9214034 1
3841978 9448422 1
3841978 9631453 1
3841978 9726283 1
3841978 10066663 1
3841978 10473715 1
3841978 10904077 1
3841978 10904659 1
3841978 11812715 1
3841978 12454518 1
3841978 12633006 1
3841978 13186294 1
3841978 13348777 1
3841978 13400458 1
3841978 14325432 1
3841978 14402229 1
3841978 15177181 1
3841978 16334891 1
3841978 16737761 1
3841978 26207142 1
3841978 28443962 1
3841978 31389552 1
3841978 32956332 1
3841978 33630562 1
3841978 35329042 1
3841978 35983092 1
3841978 36568562 1
3841978 36838102 1
3841978 38426442 1
3841978 38623482 1
3841978 38877472 1
3841978 42706282 1
3998426 4315989 1
3998426 6046031 1
3998426 6088550 1
3998426 6221510 1
3998426 6348970 1
3998426 7142563 1
3998426 7874056 1
3998426 8061001 1
3998426 8108278 1
3998426 8816016 1
3998426 9214034 1
3998426 9448422 1
3998426 9631453 1
3998426 9726283 1
3998426 10066663 1
3998426 10473715 1
3998426 10904077 1
3998426 10904659 1
3998426 11812715 1
3998426 12454518 1
3998426 12633006 1
3998426 13186294 1
3998426 13348777 1
3998426 13400458 1
3998426 14325432 1
3998426 14402229 1
3998426 15177181 1
3998426 16334891 1
3998426 16737761 1
3998426 26207142 1
3998426 28443962 1
3998426 31389552 1
3998426 32956332 1
3998426 33630562 1
3998426 35329042 1
3998426 35983092 1
3998426 36568562 1
3998426 36838102 1
3998426 38426442 1
3998426 38623482 1
3998426 38877472 1
3998426 42706282 1
4315989 6046031 1
4315989 6088550 1
4315989 6221510 1
4315989 6348970 1
4315989 7142563 1
4315989 7874056 1
4315989 8061001 1
4315989 8108278 1
4315989 8816016 1
4315989 9214034 1
4315989 9448422 1
4315989 9631453 1
4315989 9726283 1
4315989 10066663 1
4315989 10473715 1
4315989 10904077 1
4315989 10904659 1
4315989 11812715 1
4315989 12454518 1
4315989 12633006 1
4315989 13186294 1
4315989 13348777 1
4315989 13400458 1
4315989 14325432 1
4315989 14402229 1
4315989 15177181 1
4315989 16334891 1
4315989 16737761 1
4315989 26207142 1
4315989 28443962 1
4315989 31389552 1
4315989 32956332 1
4315989 33630562 1
4315989 35329042 1
4315989 35983092 1
4315989 36568562 1
4315989 36838102 1
4315989 38426442 1
4315989 38623482 1
4315989 38877472 1
4315989 42706282 1
6046031 6088550 1
6046031 6221510 1
6046031 6348970 1
6046031 7142563 1
6046031 7874056 1
6046031 8061001 1
6046031 8108278 1
6046031 8816016 1
6046031 9214034 1
6046031 9631453 1
6046031 9726283 1
6046031 10066663 1
6046031 10473715 1
6046031 11812715 1
6046031 12454518 1
6046031 12633006 1
6046031 13186294 1
6046031 13348777 1
6046031 13400458 1
6046031 14325432 1
6046031 14402229 1
6046031 16334891 1
6046031 16737761 1
6046031 26207142 1
6046031 31389552 1
6046031 32956332 1
6046031 35983092 1
6046031 36568562 1
6046031 36838102 1
6046031 38623482 1
6046031 38877472 1
6046031 42706282 1
6088550 6221510 1
6088550 6348970 1
6088550 8108278 1
6088550 8816016 1
6088550 9214034 1
6088550 9448422 1
6088550 10904077 1
6088550 11812715 1
6088550 12454518 1
6088550 12633006 1
6088550 13186294 1
6088550 13348777 1
6088550 14325432 1
6088550 14402229 1
6088550 16737761 1
6088550 26207142 1
6088550 31389552 1
6088550 32956332 1
6088550 36568562 1
6088550 36838102 1
6088550 38623482 1
6088550 38877472 1
6088550 42706282 1
6221510 6348970 1
6221510 7142563 1
6221510 7874056 1
6221510 8061001 1
6221510 8108278 1
6221510 8816016 1
6221510 9214034 1
6221510 9448422 1
6221510 9631453 1
6221510 9726283 1
6221510 10066663 1
6221510 10473715 1
6221510 10904077 1
6221510 10904659 1
6221510 11812715 1
6221510 12454518 1
6221510 12633006 1
6221510 13186294 1
6221510 13348777 1
6221510 13400458 1
6221510 14325432 1
6221510 14402229 1
6221510 15177181 1
6221510 16334891 1
6221510 16737761 1
6221510 26207142 1
6221510 28443962 1
6221510 31389552 1
6221510 32956332 1
6221510 33630562 1
6221510 35329042 1
6221510 35983092 1
6221510 36568562 1
6221510 36838102 1
6221510 38426442 1
6221510 38623482 1
6221510 38877472 1
6221510 42706282 1
6348970 7142563 1
6348970 7874056 1
6348970 8061001 1
6348970 8108278 1
6348970 8816016 1
6348970 9214034 1
6348970 9448422 1
6348970 9631453 1
6348970 9726283 1
6348970 10066663 1
6348970 10473715 1
6348970 10904077 1
6348970 10904659 1
6348970 11812715 1
6348970 12454518 1
6348970 12633006 1
6348970 13186294 1
6348970 13348777 1
6348970 13400458 1
6348970 14325432 1
6348970 14402229 1
6348970 15177181 1
6348970 16334891 1
6348970 16737761 1
6348970 26207142 1
6348970 28443962 1
6348970 31389552 1
6348970 32956332 1
6348970 33630562 1
6348970 35329042 1
6348970 35983092 1
6348970 36568562 1
6348970 36838102 1
6348970 38426442 1
6348970 38623482 1
6348970 38877472 1
6348970 42706282 1
7142563 8108278 1
7142563 8816016 1
7142563 9214034 1
7142563 9448422 1
7142563 10904077 2
7142563 11812715 1
7142563 12454518 1
7142563 12633006 1
7142563 13186294 1
7142563 13348777 1
7142563 14325432 1
7142563 14402229 1
7142563 16737761 1
7142563 26207142 1
7142563 31389552 1
7142563 32956332 1
7142563 36568562 1
7142563 36838102 1
7142563 38623482 1
7142563 38877472 1
7142563 42706282 1
7874056 8108278 1
7874056 8816016 1
7874056 9214034 1
7874056 9448422 1
7874056 10904077 3
7874056 11812715 1
7874056 12454518 1
7874056 12633006 2
7874056 13186294 1
7874056 13348777 1
7874056 14325432 2
7874056 14402229 1
7874056 16737761 1
7874056 26207142 1
7874056 31389552 1
7874056 32956332 1
7874056 35983092 1
7874056 36568562 2
7874056 36838102 1
7874056 38623482 3
7874056 38877472 1
7874056 42706282 1
8061001 8108278 1
8061001 8816016 1
8061001 9214034 1
8061001 9448422 1
8061001 10904077 1
8061001 11812715 1
8061001 12454518 1
8061001 12633006 1
8061001 13186294 1
8061001 13348777 1
8061001 14325432 1
8061001 14402229 1
8061001 16737761 1
8061001 26207142 1
8061001 31389552 1
8061001 32956332 1
8061001 35983092 1
8061001 36568562 1
8061001 36838102 1
8061001 38623482 1
8061001 38877472 1
8061001 42706282 1
8108278 8816016 1
8108278 9214034 1
8108278 9448422 1
8108278 9631453 1
8108278 9726283 1
8108278 10066663 1
8108278 10473715 1
8108278 10904077 1
8108278 10904659 1
8108278 11812715 1
8108278 12454518 1
8108278 12633006 1
8108278 13186294 1
8108278 13348777 1
8108278 13400458 1
8108278 14325432 1
8108278 14402229 1
8108278 15177181 1
8108278 16334891 1
8108278 16737761 1
8108278 26207142 1
8108278 28443962 1
8108278 31389552 1
8108278 32956332 1
8108278 33630562 1
8108278 35329042 1
8108278 35983092 1
8108278 36568562 1
8108278 36838102 1
8108278 38426442 1
8108278 38623482 1
8108278 38877472 1
8108278 42706282 1
8816016 9214034 1
8816016 9448422 1
8816016 9631453 1
8816016 9726283 1
8816016 10066663 1
8816016 10473715 1
8816016 10904077 1
8816016 10904659 1
8816016 11812715 1
8816016 12454518 1
8816016 12633006 1
8816016 13186294 1
8816016 13348777 1
8816016 13400458 1
8816016 14325432 1
8816016 14402229 1
8816016 15177181 1
8816016 16334891 1
8816016 16737761 1
8816016 26207142 1
8816016 28443962 1
8816016 31389552 1
8816016 32956332 1
8816016 33630562 1
8816016 35329042 1
8816016 35983092 1
8816016 36568562 1
8816016 36838102 1
8816016 38426442 1
8816016 38623482 1
8816016 38877472 1
8816016 42706282 1
9214034 9448422 1
9214034 9631453 1
9214034 9726283 1
9214034 10066663 1
9214034 10473715 1
9214034 10904077 1
9214034 10904659 1
9214034 11812715 1
9214034 12454518 1
9214034 12633006 1
9214034 13186294 1
9214034 13348777 1
9214034 13400458 1
9214034 14325432 1
9214034 14402229 1
9214034 15177181 1
9214034 16334891 1
9214034 16737761 1
9214034 26207142 1
9214034 28443962 1
9214034 31389552 1
9214034 32956332 1
9214034 33630562 1
9214034 35329042 1
9214034 35983092 1
9214034 36568562 1
9214034 36838102 1
9214034 38426442 1
9214034 38623482 1
9214034 38877472 1
9214034 42706282 1
9448422 9631453 1
9448422 9726283 1
9448422 10066663 1
9448422 10473715 1
9448422 11812715 1
9448422 12454518 1
9448422 12633006 1
9448422 13186294 1
9448422 13348777 1
9448422 13400458 1
9448422 14325432 1
9448422 14402229 1
9448422 16334891 1
9448422 16737761 1
9448422 26207142 1
9448422 31389552 1
9448422 32956332 1
9448422 35983092 1
9448422 36568562 1
9448422 36838102 1
9448422 38623482 1
9448422 38877472 1
9448422 42706282 1
9631453 10904077 2
9631453 11812715 1
9631453 12454518 1
9631453 12633006 1
9631453 13186294 1
9631453 13348777 1
9631453 14325432 1
9631453 14402229 1
9631453 16737761 1
9631453 26207142 1
9631453 31389552 1
9631453 32956332 1
9631453 36568562 1
9631453 36838102 1
9631453 38623482 2
9631453 38877472 1
9631453 42706282 1
9726283 10904077 1
9726283 11812715 1
9726283 12454518 1
9726283 12633006 1
9726283 13186294 1
9726283 13348777 1
9726283 14325432 1
9726283 14402229 1
9726283 16737761 1
9726283 26207142 1
9726283 31389552 1
9726283 32956332 1
9726283 35983092 1
9726283 36568562 1
9726283 36838102 1
9726283 38623482 1
9726283 38877472 1
9726283 42706282 1
10066663 10904077 4
10066663 11812715 1
10066663 12454518 1
10066663 12633006 2
10066663 13186294 1
10066663 13348777 1
10066663 14325432 2
10066663 14402229 1
10066663 16737761 1
10066663 26207142 1
10066663 31389552 1
10066663 32956332 1
10066663 36568562 2
10066663 36838102 1
10066663 38623482 3
10066663 38877472 1
10066663 42706282 1
10473715 10904077 1
10473715 11812715 1
10473715 12454518 1
10473715 12633006 1
10473715 13186294 1
10473715 13348777 1
10473715 14325432 1
10473715 14402229 1
10473715 16737761 1
10473715 26207142 1
10473715 31389552 1
10473715 32956332 1
10473715 35983092 1
10473715 36568562 1
10473715 36838102 1
10473715 38623482 1
10473715 38877472 1
10473715 42706282 1
10904077 11812715 1
10904077 12454518 1
10904077 12633006 2
10904077 13186294 1
10904077 13348777 1
10904077 13400458 1
10904077 14325432 2
10904077 14402229 1
10904077 16334891 1
10904077 16737761 1
10904077 26207142 1
10904077 31389552 1
10904077 32956332 1
10904077 35983092 1
10904077 36568562 2
10904077 36838102 1
10904077 38623482 3
10904077 38877472 1
10904077 42706282 1
10904659 11812715 1
10904659 12454518 1
10904659 12633006 2
10904659 13186294 1
10904659 13348777 1
10904659 14325432 2
10904659 14402229 1
10904659 16737761 1
10904659 26207142 1
10904659 31389552 1
10904659 32956332 1
10904659 36568562 2
10904659 36838102 1
10904659 38623482 3
10904659 38877472 1
10904659 42706282 1
11812715 12454518 1
11812715 12633006 1
11812715 13186294 1
11812715 13348777 1
11812715 13400458 1
11812715 14325432 1
11812715 14402229 1
11812715 15177181 1
11812715 16334891 1
11812715 16737761 1
11812715 26207142 1
11812715 28443962 1
11812715 31389552 1
11812715 32956332 1
11812715 33630562 1
11812715 35329042 1
11812715 35983092 1
11812715 36568562 1
11812715 36838102 1
11812715 38426442 1
11812715 38623482 1
11812715 38877472 1
11812715 42706282 1
12454518 12633006 1
12454518 13186294 1
12454518 13348777 1
12454518 13400458 1
12454518 14325432 1
12454518 14402229 1
12454518 15177181 1
12454518 16334891 1
12454518 16737761 1
12454518 26207142 1
12454518 28443962 1
12454518 31389552 1
12454518 32956332 1
12454518 33630562 1
12454518 35329042 1
12454518 35983092 1
12454518 36568562 1
12454518 36838102 1
12454518 38426442 1
12454518 38623482 1
12454518 38877472 1
12454518 42706282 1
12633006 13186294 1
12633006 13348777 1
12633006 13400458 1
12633006 14325432 2
12633006 14402229 1
12633006 15177181 2
12633006 16334891 1
12633006 16737761 1
12633006 26207142 1
12633006 28443962 2
12633006 31389552 1
12633006 32956332 1
12633006 33630562 1
12633006 35329042 1
12633006 35983092 1
12633006 36568562 2
12633006 36838102 1
12633006 38426442 2
12633006 38623482 2
12633006 38877472 1
12633006 42706282 1
13186294 13348777 1
13186294 13400458 1
13186294 14325432 1
13186294 14402229 1
13186294 15177181 1
13186294 16334891 1
13186294 16737761 1
13186294 26207142 1
13186294 28443962 1
13186294 31389552 1
13186294 32956332 1
13186294 33630562 1
13186294 35329042 1
13186294 35983092 1
13186294 36568562 1
13186294 36838102 1
13186294 38426442 1
13186294 38623482 1
13186294 38877472 1
13186294 42706282 1
13348777 13400458 1
13348777 14325432 1
13348777 14402229 1
13348777 15177181 1
13348777 16334891 1
13348777 16737761 1
13348777 26207142 1
13348777 28443962 1
13348777 31389552 1
13348777 32956332 1
13348777 33630562 1
13348777 35329042 1
13348777 35983092 1
13348777 36568562 1
13348777 36838102 1
13348777 38426442 1
13348777 38623482 1
13348777 38877472 1
13348777 42706282 1
13400458 14325432 1
13400458 14402229 1
13400458 16737761 1
13400458 26207142 1
13400458 31389552 1
13400458 32956332 1
13400458 35983092 1
13400458 36568562 1
13400458 36838102 1
13400458 38623482 1
13400458 38877472 1
13400458 42706282 1
14325432 14402229 1
14325432 15177181 2
14325432 16334891 1
14325432 16737761 1
14325432 26207142 1
14325432 28443962 2
14325432 31389552 1
14325432 32956332 1
14325432 33630562 1
14325432 35329042 1
14325432 35983092 1
14325432 36568562 2
14325432 36838102 1
14325432 38426442 2
14325432 38623482 2
14325432 38877472 1
14325432 42706282 1
14402229 15177181 1
14402229 16334891 1
14402229 16737761 1
14402229 26207142 1
14402229 28443962 1
14402229 31389552 1
14402229 32956332 1
14402229 33630562 1
14402229 35329042 1
14402229 35983092 1
14402229 36568562 1
14402229 36838102 1
14402229 38426442 1
14402229 38623482 1
14402229 38877472 1
14402229 42706282 1
15177181 16737761 1
15177181 26207142 1
15177181 31389552 1
15177181 32956332 1
15177181 36568562 2
15177181 36838102 1
15177181 38623482 3
15177181 38877472 1
15177181 42706282 1
16334891 16737761 1
16334891 26207142 1
16334891 31389552 1
16334891 32956332 1
16334891 35983092 1
16334891 36568562 1
16334891 36838102 1
16334891 38623482 1
16334891 38877472 1
16334891 42706282 1
16737761 26207142 1
16737761 28443962 1
16737761 31389552 1
16737761 32956332 1
16737761 33630562 1
16737761 35329042 1
16737761 35983092 1
16737761 36568562 1
16737761 36838102 1
16737761 38426442 1
16737761 38623482 1
16737761 38877472 1
16737761 42706282 1
26207142 28443962 1
26207142 31389552 1
26207142 32956332 1
26207142 33630562 1
26207142 35329042 1
26207142 35983092 1
26207142 36568562 1
26207142 36838102 1
26207142 38426442 1
26207142 38623482 1
26207142 38877472 1
26207142 42706282 1
28443962 31389552 1
28443962 32956332 1
28443962 36568562 2
28443962 36838102 1
28443962 38623482 3
28443962 38877472 1
28443962 42706282 1
31389552 32956332 1
31389552 33630562 1
31389552 35329042 1
31389552 35983092 1
31389552 36568562 1
31389552 36838102 1
31389552 38426442 1
31389552 38623482 1
31389552 38877472 1
31389552 42706282 1
32956332 33630562 1
32956332 35329042 1
32956332 35983092 1
32956332 36568562 1
32956332 36838102 1
32956332 38426442 1
32956332 38623482 1
32956332 38877472 1
32956332 42706282 1
33630562 35983092 1
33630562 36568562 1
33630562 36838102 1
33630562 38623482 1
33630562 38877472 1
33630562 42706282 1
35329042 35983092 1
35329042 36568562 1
35329042 36838102 1
35329042 38623482 1
35329042 38877472 1
35329042 42706282 1
35983092 36568562 1
35983092 36838102 1
35983092 38623482 1
35983092 38877472 1
35983092 42706282 1
36568562 36838102 1
36568562 38426442 2
36568562 38623482 2
36568562 38877472 1
36568562 42706282 1
36838102 38426442 1
36838102 38623482 1
36838102 38877472 1
36838102 42706282 1
38426442 38623482 3
38426442 38877472 1
38426442 42706282 1
38623482 38877472 1
38623482 42706282 1
38877472 42706282 1
5048824 7142563 1
5048824 10268666 1
5048824 10904077 1
5048824 13236131 1
5048824 15177181 1
5048824 28443962 1
5048824 36072042 1
5048824 38426442 1
5048824 41861462 1
7142563 10268666 1
7142563 36072042 1
7142563 41861462 1
10268666 10904077 1
10268666 13236131 1
10268666 15177181 1
10268666 28443962 1
10268666 36072042 1
10268666 38426442 1
10268666 41861462 1
10904077 36072042 2
10904077 41861462 1
13236131 36072042 2
13236131 41861462 1
15177181 36072042 2
15177181 41861462 1
28443962 36072042 2
28443962 41861462 1
36072042 38426442 2
36072042 41861462 1
38426442 41861462 1
640298 1678913 1
640298 2977508 1
640298 3810131 1
640298 6735900 1
640298 6999461 1
640298 7874056 1
640298 8122872 1
640298 8603241 1
640298 10066663 1
640298 10904077 1
640298 10904659 1
640298 10934082 1
640298 12633006 1
640298 13773931 1
640298 14325432 1
640298 15177181 1
640298 28075172 1
640298 28443962 1
640298 33767182 1
640298 36568562 1
640298 37959912 1
640298 38426442 1
640298 38623482 1
1678913 2977508 1
1678913 3810131 1
1678913 6735900 1
1678913 6999461 1
1678913 7874056 1
1678913 8122872 1
1678913 8603241 1
1678913 10066663 1
1678913 10904077 1
1678913 10904659 1
1678913 10934082 1
1678913 12633006 1
1678913 13773931 1
1678913 14325432 1
1678913 15177181 1
1678913 28075172 1
1678913 28443962 1
1678913 33767182 1
1678913 36568562 1
1678913 37959912 1
1678913 38426442 1
1678913 38623482 1
2977508 6735900 1
2977508 6999461 1
2977508 8603241 1
2977508 10934082 1
2977508 13773931 1
2977508 28075172 1
2977508 33767182 1
2977508 37959912 1
3810131 6735900 1
3810131 8603241 1
3810131 10934082 1
3810131 13773931 1
3810131 33767182 1
3810131 37959912 1
6735900 6999461 1
6735900 7874056 1
6735900 8122872 1
6735900 8603241 1
6735900 10066663 1
6735900 10904077 1
6735900 10904659 1
6735900 10934082 1
6735900 12633006 1
6735900 13773931 1
6735900 14325432 1
6735900 15177181 1
6735900 28075172 1
6735900 28443962 1
6735900 33767182 1
6735900 36568562 1
6735900 37959912 1
6735900 38426442 1
6735900 38623482 1
6999461 7874056 1
6999461 8122872 1
6999461 8603241 1
6999461 10904077 1
6999461 10934082 1
6999461 12633006 1
6999461 13773931 1
6999461 14325432 1
6999461 28075172 1
6999461 33767182 1
6999461 36568562 1
6999461 37959912 1
6999461 38623482 1
7874056 8603241 1
7874056 10934082 1
7874056 13773931 2
7874056 28075172 1
7874056 33767182 1
7874056 37959912 1
8122872 8603241 1
8122872 10904077 1
8122872 10934082 1
8122872 12633006 1
8122872 13773931 1
8122872 14325432 1
8122872 28075172 1
8122872 33767182 1
8122872 36568562 1
8122872 37959912 1
8122872 38623482 1
8603241 10066663 1
8603241 10904077 1
8603241 10904659 1
8603241 10934082 1
8603241 12633006 1
8603241 13773931 1
8603241 14325432 1
8603241 15177181 1
8603241 28075172 1
8603241 28443962 1
8603241 33767182 1
8603241 36568562 1
8603241 37959912 1
8603241 38426442 1
8603241 38623482 1
10066663 10934082 1
10066663 13773931 2
10066663 28075172 1
10066663 33767182 1
10066663 37959912 1
10904077 10934082 1
10904077 13773931 2
10904077 33767182 1
10904077 37959912 1
10904659 10934082 1
10904659 13773931 2
10904659 33767182 1
10904659 37959912 1
10934082 12633006 1
10934082 13773931 1
10934082 14325432 1
10934082 15177181 1
10934082 28075172 1
10934082 28443962 1
10934082 33767182 1
10934082 36568562 1
10934082 37959912 1
10934082 38426442 1
10934082 38623482 1
12633006 13773931 1
12633006 28075172 1
12633006 33767182 1
12633006 37959912 1
13773931 14325432 1
13773931 15177181 2
13773931 28075172 1
13773931 28443962 2
13773931 33767182 1
13773931 36568562 1
13773931 37959912 1
13773931 38426442 2
13773931 38623482 2
14325432 28075172 1
14325432 33767182 1
14325432 37959912 1
15177181 33767182 1
15177181 37959912 1
28075172 33767182 1
28075172 36568562 1
28075172 37959912 1
28075172 38623482 1
28443962 33767182 1
28443962 37959912 1
33767182 36568562 1
33767182 37959912 1
33767182 38426442 1
33767182 38623482 1
36568562 37959912 1
37959912 38426442 1
37959912 38623482 1
4459311 5380923 1
4459311 6465645 1
4459311 7874056 1
4459311 9162488 1
4459311 9631453 1
4459311 9713368 1
4459311 10066663 1
4459311 10641227 1
4459311 10807953 1
4459311 10904077 1
4459311 10904659 1
4459311 11097783 1
4459311 12288105 1
4459311 12653236 1
4459311 13236131 1
4459311 13773931 1
4459311 14547404 1
4459311 15177181 1
4459311 27290462 1
4459311 28443962 1
4459311 36072042 1
4459311 38426442 1
4459311 38623482 1
4459311 38971322 1
5380923 6465645 1
5380923 7874056 1
5380923 9162488 1
5380923 9631453 1
5380923 9713368 1
5380923 10066663 1
5380923 10641227 1
5380923 10807953 1
5380923 10904077 1
5380923 10904659 1
5380923 11097783 1
5380923 12288105 1
5380923 12653236 1
5380923 13236131 1
5380923 13773931 1
5380923 14547404 1
5380923 15177181 1
5380923 27290462 1
5380923 28443962 1
5380923 36072042 1
5380923 38426442 1
5380923 38623482 1
5380923 38971322 1
6465645 7874056 1
6465645 9162488 1
6465645 9631453 1
6465645 9713368 1
6465645 10066663 1
6465645 10641227 1
6465645 10807953 1
6465645 10904077 1
6465645 10904659 1
6465645 11097783 1
6465645 12288105 1
6465645 12653236 1
6465645 13236131 1
6465645 13773931 1
6465645 14547404 1
6465645 15177181 1
6465645 27290462 1
6465645 28443962 1
6465645 36072042 1
6465645 38426442 1
6465645 38623482 1
6465645 38971322 1
7874056 9713368 1
7874056 10641227 1
7874056 10807953 1
7874056 11097783 1
7874056 12288105 1
7874056 12653236 1
7874056 14547404 1
7874056 36072042 1
7874056 38971322 1
9162488 9713368 1
9162488 10641227 1
9162488 10807953 1
9162488 10904077 1
9162488 11097783 1
9162488 12288105 1
9162488 12653236 1
9162488 13773931 1
9162488 14547404 1
9162488 36072042 1
9162488 38623482 1
9162488 38971322 1
9631453 9713368 1
9631453 10641227 1
9631453 10807953 1
9631453 11097783 1
9631453 12288105 1
9631453 12653236 1
9631453 13773931 1
9631453 14547404 1
9631453 36072042 1
9631453 38971322 1
9713368 10066663 1
9713368 10641227 1
9713368 10807953 1
9713368 10904077 1
9713368 10904659 1
9713368 11097783 1
9713368 12288105 1
9713368 12653236 1
9713368 13236131 1
9713368 13773931 1
9713368 14547404 1
9713368 15177181 1
9713368 27290462 1
9713368 28443962 1
9713368 36072042 1
9713368 38426442 1
9713368 38623482 1
9713368 38971322 1
10066663 10641227 1
10066663 10807953 1
10066663 11097783 1
10066663 12288105 1
10066663 12653236 1
10066663 14547404 2
10066663 36072042 1
10066663 38971322 1
10641227 10807953 1
10641227 10904077 1
10641227 10904659 1
10641227 11097783 1
10641227 12288105 1
10641227 12653236 1
10641227 13236131 1
10641227 13773931 1
10641227 14547404 1
10641227 15177181 1
10641227 27290462 1
10641227 28443962 1
10641227 36072042 1
10641227 38426442 1
10641227 38623482 1
10641227 38971322 1
10807953 10904077 1
10807953 10904659 1
10807953 11097783 1
10807953 12288105 1
10807953 12653236 1
10807953 13236131 1
10807953 13773931 1
10807953 14547404 1
10807953 15177181 1
10807953 27290462 1
10807953 28443962 1
10807953 36072042 1
10807953 38426442 1
10807953 38623482 1
10807953 38971322 1
10904077 11097783 1
10904077 12288105 1
10904077 12653236 1
10904077 14547404 2
10904077 27290462 1
10904077 38971322 1
10904659 11097783 1
10904659 12288105 1
10904659 12653236 1
10904659 14547404 2
10904659 36072042 1
10904659 38971322 1
11097783 12288105 1
11097783 12653236 1
11097783 13236131 1
11097783 13773931 1
11097783 14547404 1
11097783 15177181 1
11097783 27290462 1
11097783 28443962 1
11097783 36072042 1
11097783 38426442 1
11097783 38623482 1
11097783 38971322 1
12288105 12653236 1
12288105 13236131 1
12288105 13773931 1
12288105 14547404 1
12288105 15177181 1
12288105 27290462 1
12288105 28443962 1
12288105 36072042 1
12288105 38426442 1
12288105 38623482 1
12288105 38971322 1
12653236 13236131 1
12653236 13773931 1
12653236 14547404 1
12653236 15177181 1
12653236 27290462 1
12653236 28443962 1
12653236 36072042 1
12653236 38426442 1
12653236 38623482 1
12653236 38971322 1
13236131 13773931 1
13236131 14547404 1
13236131 38623482 1
13236131 38971322 1
13773931 14547404 1
13773931 27290462 1
13773931 36072042 1
13773931 38971322 1
14547404 15177181 2
14547404 27290462 1
14547404 28443962 2
14547404 36072042 1
14547404 38426442 2
14547404 38623482 1
14547404 38971322 1
15177181 38971322 1
27290462 36072042 1
27290462 38623482 1
27290462 38971322 1
28443962 38971322 1
36072042 38623482 1
36072042 38971322 1
38426442 38971322 1
38623482 38971322 1
4112638 4350348 1
4112638 6999461 1
4112638 9726283 1
4112638 14576432 1
4112638 15177181 1
4112638 28443962 1
4112638 34239452 1
4112638 38426442 1
4112638 40324012 1
4350348 6999461 1
4350348 14576432 1
4350348 34239452 1
4350348 40324012 1
6999461 9726283 1
6999461 14576432 1
6999461 34239452 1
9726283 14576432 1
9726283 34239452 1
9726283 40324012 1
14576432 15177181 1
14576432 28443962 1
14576432 34239452 1
14576432 38426442 1
14576432 40324012 1
15177181 34239452 1
28443962 34239452 1
34239452 38426442 1
34239452 40324012 1
2814764 5014381 1
2814764 8073670 1
2814764 9100602 1
2814764 10904077 1
2814764 13681157 1
2814764 35809132 1
2977508 5014381 1
2977508 8073670 1
2977508 9100602 1
2977508 13681157 1
2977508 35809132 1
3810131 5014381 1
3810131 8073670 1
3810131 9100602 1
3810131 13681157 1
3810131 35809132 1
5014381 8073670 1
5014381 9100602 1
5014381 10904077 1
5014381 10904659 1
5014381 13681157 1
5014381 15177181 1
5014381 28443962 1
5014381 35809132 1
5014381 38426442 1
8073670 9100602 1
8073670 10904077 1
8073670 10904659 1
8073670 13681157 1
8073670 15177181 1
8073670 28443962 1
8073670 35809132 1
8073670 38426442 1
9100602 10904077 2
9100602 10904659 2
9100602 13681157 1
9100602 15177181 2
9100602 28443962 2
9100602 35809132 1
9100602 38426442 2
10904077 13681157 1
10904077 35809132 1
10904659 13681157 1
10904659 35809132 1
13681157 15177181 1
13681157 28443962 1
13681157 35809132 1
13681157 38426442 1
15177181 35809132 1
28443962 35809132 1
35809132 38426442 1
2668929 3108249 1
2668929 3769323 1
2668929 9100602 1
2668929 9600125 1
2668929 10066663 1
2668929 10904077 1
2668929 10904659 1
2668929 13423316 1
2668929 14162939 1
2668929 14547404 1
2668929 15177181 1
2668929 28443962 1
2668929 32399372 1
2668929 38426442 1
2668929 41862062 1
2668929 43289072 1
3108249 3769323 1
3108249 9100602 1
3108249 9600125 1
3108249 10066663 1
3108249 10904077 1
3108249 10904659 1
3108249 13423316 1
3108249 14162939 1
3108249 14547404 1
3108249 15177181 1
3108249 28443962 1
3108249 32399372 1
3108249 38426442 1
3108249 41862062 1
3108249 43289072 1
3769323 9100602 1
3769323 9600125 1
3769323 13423316 1
3769323 14162939 1
3769323 14547404 1
3769323 32399372 1
3769323 41862062 1
3769323 43289072 1
9100602 9600125 1
9100602 10066663 1
9100602 13423316 1
9100602 14162939 1
9100602 14547404 1
9100602 32399372 1
9100602 41862062 1
9100602 43289072 1
9600125 10066663 1
9600125 10904077 1
9600125 10904659 1
9600125 13423316 1
9600125 14162939 1
9600125 14547404 1
9600125 15177181 1
9600125 28443962 1
9600125 32399372 1
9600125 38426442 1
9600125 41862062 1
9600125 43289072 1
10066663 13423316 1
10066663 14162939 1
10066663 32399372 1
10066663 43289072 1
10904077 14162939 1
10904077 32399372 1
10904077 41862062 1
10904077 43289072 1
10904659 14162939 1
10904659 32399372 1
10904659 43289072 1
13423316 14162939 1
13423316 14547404 1
13423316 32399372 1
13423316 41862062 1
13423316 43289072 1
14162939 14547404 1
14162939 15177181 1
14162939 28443962 1
14162939 32399372 1
14162939 38426442 1
14162939 41862062 1
14162939 43289072 1
14547404 32399372 1
14547404 41862062 1
14547404 43289072 1
15177181 32399372 1
15177181 43289072 1
28443962 32399372 1
28443962 43289072 1
32399372 38426442 1
32399372 41862062 1
32399372 43289072 1
38426442 43289072 1
41862062 43289072 1
