104851872 4069505 48125062 38068232 190715851 186319821 189623642 2660205 186972890 188969983
4069505 188969983 10
4069505 48125062 4
4069505 186972890 1
48125062 186972890 1
48125062 188969983 4
186972890 188969983 1
4069505 186319821 2
48125062 186319821 1
186319821 188969983 2
4069505 189623642 2
48125062 189623642 1
188969983 189623642 2
2660205 4069505 1
2660205 38068232 1
2660205 186319821 1
2660205 188969983 1
2660205 189623642 1
4069505 38068232 1
38068232 186319821 1
38068232 188969983 1
38068232 189623642 1
186319821 189623642 1
4069505 104851872 1
4069505 190715851 1
48125062 104851872 1
48125062 190715851 1
104851872 188969983 1
104851872 190715851 1
188969983 190715851 1
