12984962 19341701 126560522 10641804 57282572 8691986 112134162 67352212 42051222 2507671 132459032 3415066 10437540 6400554 21767211 84284462 35825342 56235072 26844352 11770564 54352452 3871942 94510412 12066638 5687247 26192722 48567642 61195742 94437342 48868452 5921508 10759398 7922665 36191722 49776362 4545386 2607982 4848884
2507671 3415066 2
2507671 3871942 1
2507671 5687247 1
2507671 7922665 1
2507671 11770564 1
2507671 12984962 1
2507671 36191722 1
2507671 48868452 1
2507671 56235072 1
2507671 61195742 1
3415066 3871942 1
3415066 5687247 1
3415066 7922665 1
3415066 11770564 1
3415066 12984962 1
3415066 36191722 1
3415066 48868452 1
3415066 56235072 1
3415066 61195742 1
3871942 5687247 1
3871942 7922665 1
3871942 11770564 1
3871942 12984962 1
3871942 36191722 1
3871942 48868452 1
3871942 56235072 1
3871942 61195742 1
5687247 7922665 1
5687247 11770564 1
5687247 12984962 1
5687247 36191722 1
5687247 48868452 1
5687247 56235072 1
5687247 61195742 1
7922665 11770564 1
7922665 12984962 1
7922665 36191722 1
7922665 48868452 1
7922665 56235072 1
7922665 61195742 1
11770564 12984962 1
11770564 36191722 1
11770564 48868452 1
11770564 56235072 1
11770564 61195742 1
12984962 36191722 1
12984962 48868452 1
12984962 56235072 1
12984962 61195742 1
36191722 48868452 1
36191722 56235072 1
36191722 61195742 1
48868452 56235072 1
48868452 61195742 1
56235072 61195742 1
2507671 8691986 1
2507671 19341701 1
2507671 21767211 1
2507671 49776362 1
2507671 112134162 1
3415066 8691986 3
3415066 19341701 2
3415066 21767211 1
3415066 49776362 1
3415066 112134162 1
8691986 19341701 2
8691986 21767211 1
8691986 49776362 1
8691986 112134162 1
19341701 21767211 1
19341701 49776362 1
19341701 112134162 1
21767211 49776362 1
21767211 112134162 1
49776362 112134162 1
3415066 10437540 1
3415066 10641804 2
3415066 10759398 1
3415066 54352452 1
3415066 94437342 1
3415066 94510412 1
8691986 10437540 1
8691986 10641804 2
8691986 10759398 1
8691986 54352452 1
8691986 94437342 1
8691986 94510412 1
10437540 10641804 1
10437540 10759398 1
10437540 54352452 1
10437540 94437342 1
10437540 94510412 1
10641804 10759398 1
10641804 54352452 1
10641804 94437342 1
10641804 94510412 1
10759398 54352452 1
10759398 94437342 1
10759398 94510412 1
54352452 94437342 1
54352452 94510412 1
94437342 94510412 1
3415066 4545386 1
3415066 4848884 1
3415066 12066638 1
3415066 26192722 1
3415066 35825342 1
3415066 42051222 1
3415066 57282572 1
3415066 67352212 1
3415066 84284462 1
3415066 126560522 1
3415066 132459032 1
4545386 4848884 1
4545386 8691986 1
4545386 10641804 1
4545386 12066638 1
4545386 19341701 1
4545386 26192722 1
4545386 35825342 1
4545386 42051222 1
4545386 57282572 1
4545386 67352212 1
4545386 84284462 1
4545386 126560522 1
4545386 132459032 1
4848884 8691986 1
4848884 10641804 1
4848884 12066638 1
4848884 19341701 1
4848884 26192722 1
4848884 35825342 1
4848884 42051222 1
4848884 57282572 1
4848884 67352212 1
4848884 84284462 1
4848884 126560522 1
4848884 132459032 1
8691986 12066638 1
8691986 26192722 1
8691986 35825342 1
8691986 42051222 1
8691986 57282572 1
8691986 67352212 1
8691986 84284462 1
8691986 126560522 1
8691986 132459032 1
10641804 12066638 1
10641804 19341701 1
10641804 26192722 1
10641804 35825342 1
10641804 42051222 1
10641804 57282572 1
10641804 67352212 1
10641804 84284462 1
10641804 126560522 1
10641804 132459032 1
12066638 19341701 1
12066638 26192722 1
12066638 35825342 1
12066638 42051222 1
12066638 57282572 1
12066638 67352212 1
12066638 84284462 1
12066638 126560522 1
12066638 132459032 1
19341701 26192722 1
19341701 35825342 1
19341701 42051222 1
19341701 57282572 1
19341701 67352212 1
19341701 84284462 1
19341701 126560522 1
19341701 132459032 1
26192722 35825342 1
26192722 42051222 1
26192722 57282572 1
26192722 67352212 1
26192722 84284462 1
26192722 126560522 1
26192722 132459032 1
35825342 42051222 1
35825342 57282572 1
35825342 67352212 1
35825342 84284462 1
35825342 126560522 1
35825342 132459032 1
42051222 57282572 1
42051222 67352212 1
42051222 84284462 1
42051222 126560522 1
42051222 132459032 1
57282572 67352212 1
57282572 84284462 1
57282572 126560522 1
57282572 132459032 1
67352212 84284462 1
67352212 126560522 1
67352212 132459032 1
84284462 126560522 1
84284462 132459032 1
126560522 132459032 1
5921508 6400554 1
5921508 8691986 1
5921508 26844352 1
6400554 8691986 1
6400554 26844352 1
8691986 26844352 2
2607982 48567642 1
