9861889 12043906 7718244 3871942 7922665 6400554 9712106 6874829 2595088 8429233 4818419 6922324 3415066
6400554 6874829 1
6400554 9712106 1
6400554 9861889 1
6874829 9712106 1
6874829 9861889 1
9712106 9861889 1
3415066 3871942 1
3415066 6922324 1
3415066 7922665 1
3871942 6922324 1
3871942 7922665 1
6922324 7922665 1
3415066 4818419 1
3415066 6874829 1
4818419 6874829 1
2595088 3415066 1
2595088 7718244 1
2595088 8429233 1
2595088 12043906 1
3415066 7718244 1
3415066 8429233 1
3415066 12043906 1
7718244 8429233 1
7718244 12043906 1
8429233 12043906 1
