6391681 7606287 3794576 2595088 6266007 3415066 3245979 4850461 4186408 6400554 9295741 3871942 6888009 3820749 9156686 5687247 3344209 4354517 4493666 6632942 5692921 7993085
3415066 3794576 1
3415066 6888009 4
3415066 9295741 2
3794576 6888009 1
3794576 9295741 1
6888009 9295741 2
3415066 3820749 1
3415066 5687247 1
3415066 5692921 1
3415066 6632942 1
3820749 5687247 1
3820749 5692921 1
3820749 6632942 1
5687247 5692921 1
5687247 6632942 1
5692921 6632942 1
2595088 3344209 2
2595088 6400554 1
3344209 6400554 1
2595088 3245979 1
2595088 3415066 1
2595088 3871942 1
2595088 4850461 1
2595088 6391681 1
2595088 6888009 1
2595088 7606287 1
2595088 7993085 1
2595088 9156686 1
3245979 3344209 1
3245979 3415066 2
3245979 3871942 2
3245979 4850461 1
3245979 6391681 1
3245979 6888009 2
3245979 7606287 1
3245979 7993085 2
3245979 9156686 1
3344209 3415066 1
3344209 3871942 1
3344209 4850461 1
3344209 6391681 1
3344209 6888009 1
3344209 7606287 1
3344209 7993085 1
3344209 9156686 1
3415066 3871942 2
3415066 4850461 2
3415066 6391681 1
3415066 7606287 2
3415066 7993085 2
3415066 9156686 1
3871942 4850461 1
3871942 6391681 1
3871942 6888009 2
3871942 7606287 1
3871942 7993085 2
3871942 9156686 1
4850461 6391681 1
4850461 6888009 1
4850461 7606287 2
4850461 7993085 1
4850461 9156686 1
6391681 6888009 1
6391681 7606287 1
6391681 7993085 1
6391681 9156686 1
6888009 7606287 1
6888009 7993085 2
6888009 9156686 1
7606287 7993085 1
7606287 9156686 1
7993085 9156686 1
2595088 6266007 1
4186408 4354517 1
4186408 6632942 1
4354517 6632942 1
3245979 4493666 1
3245979 9295741 1
3415066 4493666 1
3871942 4493666 1
3871942 9295741 1
4493666 6888009 1
4493666 7993085 1
4493666 9295741 1
7993085 9295741 1
