6132803 7951237 7602502 3871942 6632942 5687247 3794576 2595088 7539704 6922324 7330196 4594487 6266007 3415066 719099 492251
3415066 3794576 3
3415066 4594487 4
3794576 4594487 1
3415066 5687247 2
3415066 6632942 4
3415066 6922324 2
3415066 7602502 1
4594487 5687247 1
4594487 6632942 1
4594487 6922324 1
4594487 7602502 1
5687247 6632942 2
5687247 6922324 1
5687247 7602502 1
6632942 6922324 2
6632942 7602502 1
6922324 7602502 1
2595088 3415066 5
2595088 4594487 1
719099 3415066 2
492251 2595088 2
492251 3415066 2
492251 3794576 1
492251 6632942 1
492251 6922324 1
2595088 3794576 1
2595088 6632942 3
2595088 6922324 1
3794576 6632942 1
3794576 6922324 1
719099 2595088 1
719099 6132803 1
719099 6632942 1
719099 7330196 1
2595088 6132803 1
2595088 7330196 1
3415066 6132803 1
3415066 7330196 1
6132803 6632942 1
6132803 7330196 1
6632942 7330196 1
2595088 3871942 1
2595088 5687247 1
2595088 6266007 1
2595088 7539704 1
2595088 7951237 1
3415066 3871942 1
3415066 6266007 1
3415066 7539704 1
3415066 7951237 1
3871942 5687247 1
3871942 6266007 1
3871942 6632942 1
3871942 7539704 1
3871942 7951237 1
5687247 6266007 1
5687247 7539704 1
5687247 7951237 1
6266007 6632942 1
6266007 7539704 1
6266007 7951237 1
6632942 7539704 1
6632942 7951237 1
7539704 7951237 1
