89976322 126560522 13532939 10641804 57282572 9478158 8691986 67352212 14505622 3415066 11354525 9641254 37887792 10051760 14615091 26844352 54352452 9823432 5687247 87063252 48567642 59552612 88634212 10759398 6002279 2607982
3415066 8691986 1
3415066 9641254 2
3415066 10641804 2
3415066 37887792 1
3415066 89976322 3
3415066 126560522 2
8691986 9641254 1
8691986 10641804 1
8691986 37887792 1
8691986 89976322 1
8691986 126560522 1
9641254 10641804 1
9641254 37887792 1
9641254 89976322 2
9641254 126560522 1
10641804 37887792 1
10641804 89976322 2
10641804 126560522 2
37887792 89976322 1
37887792 126560522 1
89976322 126560522 2
8691986 13532939 1
8691986 26844352 1
13532939 26844352 1
3415066 9478158 1
3415066 9823432 2
3415066 10759398 1
3415066 11354525 1
3415066 57282572 1
3415066 59552612 1
3415066 67352212 1
3415066 87063252 1
3415066 88634212 1
9478158 9641254 1
9478158 9823432 1
9478158 10759398 1
9478158 11354525 1
9478158 57282572 1
9478158 59552612 1
9478158 67352212 1
9478158 87063252 1
9478158 88634212 1
9478158 89976322 1
9641254 9823432 1
9641254 10759398 1
9641254 11354525 1
9641254 57282572 1
9641254 59552612 1
9641254 67352212 1
9641254 87063252 1
9641254 88634212 1
9823432 10759398 1
9823432 11354525 1
9823432 57282572 1
9823432 59552612 1
9823432 67352212 1
9823432 87063252 1
9823432 88634212 1
9823432 89976322 2
10759398 11354525 1
10759398 57282572 1
10759398 59552612 1
10759398 67352212 1
10759398 87063252 1
10759398 88634212 1
10759398 89976322 1
11354525 57282572 1
11354525 59552612 1
11354525 67352212 1
11354525 87063252 1
11354525 88634212 1
11354525 89976322 1
57282572 59552612 1
57282572 67352212 1
57282572 87063252 1
57282572 88634212 1
57282572 89976322 1
59552612 67352212 1
59552612 87063252 1
59552612 88634212 1
59552612 89976322 1
67352212 87063252 1
67352212 88634212 1
67352212 89976322 1
87063252 88634212 1
87063252 89976322 1
88634212 89976322 1
2607982 14615091 1
48567642 54352452 1
26844352 89976322 1
3415066 5687247 1
3415066 6002279 1
3415066 10051760 1
3415066 14505622 1
5687247 6002279 1
5687247 9823432 1
5687247 10051760 1
5687247 10641804 1
5687247 14505622 1
5687247 89976322 1
5687247 126560522 1
6002279 9823432 1
6002279 10051760 1
6002279 10641804 1
6002279 14505622 1
6002279 89976322 1
6002279 126560522 1
9823432 10051760 1
9823432 10641804 1
9823432 14505622 1
9823432 126560522 1
10051760 10641804 1
10051760 14505622 1
10051760 89976322 1
10051760 126560522 1
10641804 14505622 1
14505622 89976322 1
14505622 126560522 1
