64146722 10437540 3733924 3871942 73837372 3066792 6400554 36191722 3742892 8429233 3233394 9366484 58251092 3415066 3245979 8932412 4069695
3415066 9366484 1
3415066 10437540 1
9366484 10437540 3
3233394 9366484 1
3233394 10437540 1
3066792 3415066 1
3066792 3733924 1
3066792 8429233 1
3066792 8932412 1
3066792 64146722 1
3415066 3733924 1
3415066 8429233 1
3415066 8932412 1
3415066 64146722 1
3733924 8429233 1
3733924 8932412 1
3733924 64146722 1
8429233 8932412 1
8429233 64146722 1
8932412 64146722 1
4069695 64146722 1
6400554 58251092 1
3245979 3415066 1
3245979 3742892 1
3245979 3871942 1
3245979 36191722 1
3245979 73837372 1
3415066 3742892 1
3415066 3871942 1
3415066 36191722 1
3415066 73837372 1
3742892 3871942 1
3742892 36191722 1
3742892 73837372 1
3871942 36191722 1
3871942 73837372 1
36191722 73837372 1
