12984962 19341701 13060489 8691986 2076691 61541012 161782292 2507671 136359192 3415066 86510242 186470824 183219500 5286957 3742892 5180463 56967472 8429233 10051760 100775602 1828022 186241473 3871942 139449542 190274251 11189707 188078927 36328272 192818514 6922324 184927828 102009172 6432348 148073052 161470942 193091294 191179616 46709092 109592292 71544292 45005672 7922665 188989054 4870510 4818419 181999092 44602612 13451766 8798718
3415066 6432348 1
3415066 6922324 1
3415066 8429233 1
3415066 36328272 4
3415066 86510242 5
3415066 181999092 1
3415066 184927828 6
3415066 186470824 1
6432348 6922324 1
6432348 8429233 1
6432348 36328272 1
6432348 86510242 1
6432348 181999092 1
6432348 184927828 1
6432348 186470824 1
6922324 8429233 1
6922324 36328272 1
6922324 86510242 1
6922324 181999092 1
6922324 184927828 1
6922324 186470824 1
8429233 36328272 1
8429233 86510242 1
8429233 181999092 1
8429233 184927828 1
8429233 186470824 1
36328272 86510242 3
36328272 181999092 1
36328272 184927828 4
36328272 186470824 1
86510242 181999092 1
86510242 184927828 4
86510242 186470824 1
181999092 184927828 1
181999092 186470824 1
184927828 186470824 1
2507671 3415066 3
2507671 3871942 2
2507671 8691986 3
2507671 148073052 2
2507671 191179616 1
3415066 3871942 3
3415066 8691986 4
3415066 148073052 3
3415066 191179616 1
3871942 8691986 3
3871942 148073052 2
3871942 191179616 1
8691986 148073052 3
8691986 191179616 1
148073052 191179616 1
3415066 13060489 1
3415066 44602612 3
3415066 46709092 1
3415066 56967472 2
3415066 61541012 5
13060489 36328272 1
13060489 44602612 1
13060489 46709092 1
13060489 56967472 1
13060489 61541012 1
13060489 86510242 1
13060489 184927828 1
36328272 44602612 3
36328272 46709092 1
36328272 56967472 2
36328272 61541012 1
44602612 46709092 1
44602612 56967472 2
44602612 61541012 1
44602612 86510242 2
44602612 184927828 3
46709092 56967472 1
46709092 61541012 1
46709092 86510242 1
46709092 184927828 1
56967472 61541012 1
56967472 86510242 2
56967472 184927828 2
61541012 86510242 3
61541012 184927828 3
3415066 8798718 1
3415066 10051760 1
3415066 109592292 1
8798718 10051760 1
8798718 61541012 1
8798718 86510242 1
8798718 109592292 1
10051760 61541012 1
10051760 86510242 1
10051760 109592292 1
61541012 109592292 1
86510242 109592292 1
3415066 5286957 1
3415066 161470942 3
3415066 183219500 1
5286957 61541012 1
5286957 86510242 1
5286957 161470942 1
5286957 183219500 1
5286957 184927828 1
61541012 161470942 1
61541012 183219500 1
86510242 161470942 1
86510242 183219500 1
161470942 183219500 1
161470942 184927828 2
183219500 184927828 1
2076691 2507671 1
2076691 3415066 1
2076691 7922665 1
2076691 8691986 1
2076691 19341701 1
2076691 61541012 1
2076691 100775602 1
2076691 102009172 1
2076691 136359192 1
2076691 148073052 1
2076691 186241473 1
2076691 188078927 1
2076691 190274251 1
2507671 7922665 1
2507671 19341701 1
2507671 61541012 2
2507671 100775602 1
2507671 102009172 1
2507671 136359192 1
2507671 186241473 1
2507671 188078927 1
2507671 190274251 1
3415066 7922665 1
3415066 19341701 1
3415066 100775602 1
3415066 102009172 1
3415066 136359192 1
3415066 186241473 1
3415066 188078927 1
3415066 190274251 1
7922665 8691986 1
7922665 19341701 1
7922665 61541012 1
7922665 100775602 1
7922665 102009172 1
7922665 136359192 1
7922665 148073052 1
7922665 186241473 1
7922665 188078927 1
7922665 190274251 1
8691986 19341701 1
8691986 61541012 2
8691986 100775602 1
8691986 102009172 1
8691986 136359192 1
8691986 186241473 1
8691986 188078927 1
8691986 190274251 1
19341701 61541012 1
19341701 100775602 1
19341701 102009172 1
19341701 136359192 1
19341701 148073052 1
19341701 186241473 1
19341701 188078927 1
19341701 190274251 1
61541012 100775602 1
61541012 102009172 1
61541012 136359192 1
61541012 148073052 1
61541012 186241473 1
61541012 188078927 1
61541012 190274251 1
100775602 102009172 1
100775602 136359192 1
100775602 148073052 1
100775602 186241473 1
100775602 188078927 1
100775602 190274251 1
102009172 136359192 1
102009172 148073052 1
102009172 186241473 1
102009172 188078927 1
102009172 190274251 1
136359192 148073052 1
136359192 186241473 1
136359192 188078927 1
136359192 190274251 1
148073052 186241473 1
148073052 188078927 1
148073052 190274251 1
186241473 188078927 1
186241473 190274251 1
188078927 190274251 1
2507671 3742892 1
2507671 4818419 1
2507671 5180463 1
2507671 13451766 1
2507671 45005672 1
2507671 139449542 1
2507671 184927828 1
3415066 3742892 1
3415066 4818419 1
3415066 5180463 1
3415066 13451766 1
3415066 45005672 1
3415066 139449542 1
3742892 3871942 1
3742892 4818419 1
3742892 5180463 1
3742892 8691986 1
3742892 13451766 1
3742892 45005672 1
3742892 61541012 1
3742892 139449542 1
3742892 184927828 1
3871942 4818419 1
3871942 5180463 1
3871942 13451766 1
3871942 45005672 1
3871942 61541012 1
3871942 139449542 1
3871942 184927828 1
4818419 5180463 1
4818419 8691986 1
4818419 13451766 1
4818419 45005672 1
4818419 61541012 1
4818419 139449542 1
4818419 184927828 1
5180463 8691986 1
5180463 13451766 1
5180463 45005672 1
5180463 61541012 1
5180463 139449542 1
5180463 184927828 1
8691986 13451766 1
8691986 45005672 1
8691986 139449542 1
8691986 184927828 1
13451766 45005672 1
13451766 61541012 1
13451766 139449542 1
13451766 184927828 1
45005672 61541012 1
45005672 139449542 1
45005672 184927828 1
61541012 139449542 1
139449542 184927828 1
3415066 11189707 1
3415066 192818514 1
11189707 36328272 1
11189707 44602612 1
11189707 161470942 1
11189707 184927828 1
11189707 192818514 1
36328272 161470942 1
36328272 192818514 1
44602612 161470942 1
44602612 192818514 1
161470942 192818514 1
184927828 192818514 1
3415066 12984962 2
3415066 193091294 1
3871942 12984962 1
3871942 161470942 1
3871942 193091294 1
8691986 12984962 1
8691986 161470942 1
8691986 193091294 1
12984962 148073052 1
12984962 161470942 1
12984962 193091294 1
148073052 161470942 1
148073052 193091294 1
161470942 193091294 1
1828022 3415066 1
1828022 4870510 1
1828022 12984962 1
1828022 36328272 1
1828022 44602612 1
1828022 56967472 1
1828022 71544292 1
1828022 86510242 1
1828022 161782292 1
1828022 184927828 1
1828022 188989054 1
3415066 4870510 1
3415066 71544292 1
3415066 161782292 1
3415066 188989054 1
4870510 12984962 1
4870510 36328272 1
4870510 44602612 1
4870510 56967472 1
4870510 71544292 1
4870510 86510242 1
4870510 161782292 1
4870510 184927828 1
4870510 188989054 1
12984962 36328272 1
12984962 44602612 1
12984962 56967472 1
12984962 71544292 1
12984962 86510242 1
12984962 161782292 1
12984962 184927828 1
12984962 188989054 1
36328272 71544292 1
36328272 161782292 1
36328272 188989054 1
44602612 71544292 1
44602612 161782292 1
44602612 188989054 1
56967472 71544292 1
56967472 161782292 1
56967472 188989054 1
71544292 86510242 1
71544292 161782292 1
71544292 184927828 1
71544292 188989054 1
86510242 161782292 1
86510242 188989054 1
161782292 184927828 1
161782292 188989054 1
184927828 188989054 1
