8034944 7526273 3600002 6449031 4835212 9473805 4628890 7629467 8504349 4222623 8373795 4303652 4584102 4605993 9669163 5102641 5989177 8479677 3387838 3015490 9439171 8554309 6309708 9308879 5846755 7034860 7655789 3360749 7782134 4673399 1347065 326011 8501501
3015490 3600002 2
3015490 4222623 2
3015490 4605993 1
3015490 7655789 2
3015490 8479677 2
3600002 4222623 3
3600002 4605993 1
3600002 7655789 2
3600002 8479677 2
4222623 4605993 5
4222623 7655789 6
4222623 8479677 4
4605993 7655789 5
4605993 8479677 3
7655789 8479677 3
4222623 5846755 4
4222623 6309708 6
4222623 8373795 1
4222623 8501501 1
4605993 5846755 3
4605993 6309708 5
4605993 8373795 1
4605993 8501501 1
5846755 6309708 4
5846755 7655789 3
5846755 8373795 1
5846755 8501501 1
6309708 7655789 5
6309708 8373795 1
6309708 8501501 1
7655789 8373795 1
7655789 8501501 1
8373795 8501501 1
326011 1347065 1
326011 3387838 1
326011 4222623 6
326011 4303652 5
326011 4628890 7
326011 5102641 3
326011 5846755 4
326011 6309708 6
326011 7034860 2
326011 7526273 3
326011 7629467 2
326011 8479677 4
326011 8504349 1
326011 9439171 3
326011 9473805 8
1347065 3387838 1
1347065 4222623 1
1347065 4303652 1
1347065 4628890 1
1347065 5102641 1
1347065 5846755 1
1347065 6309708 1
1347065 7034860 1
1347065 7526273 1
1347065 7629467 1
1347065 8479677 1
1347065 8504349 1
1347065 9439171 1
1347065 9473805 1
3387838 4222623 1
3387838 4303652 1
3387838 4628890 1
3387838 5102641 1
3387838 5846755 1
3387838 6309708 1
3387838 7034860 1
3387838 7526273 1
3387838 7629467 1
3387838 8479677 1
3387838 8504349 1
3387838 9439171 1
3387838 9473805 1
4222623 4303652 4
4222623 4628890 6
4222623 5102641 3
4222623 7034860 2
4222623 7526273 3
4222623 7629467 2
4222623 8504349 1
4222623 9439171 2
4222623 9473805 6
4303652 4628890 4
4303652 5102641 3
4303652 5846755 3
4303652 6309708 3
4303652 7034860 2
4303652 7526273 3
4303652 7629467 2
4303652 8479677 2
4303652 8504349 1
4303652 9439171 3
4303652 9473805 5
4628890 5102641 3
4628890 5846755 3
4628890 6309708 6
4628890 7034860 2
4628890 7526273 3
4628890 7629467 2
4628890 8479677 4
4628890 8504349 1
4628890 9439171 2
4628890 9473805 7
5102641 5846755 1
5102641 6309708 2
5102641 7034860 1
5102641 7526273 3
5102641 7629467 2
5102641 8479677 2
5102641 8504349 1
5102641 9439171 1
5102641 9473805 3
5846755 7034860 2
5846755 7526273 1
5846755 7629467 1
5846755 8479677 2
5846755 8504349 1
5846755 9439171 3
5846755 9473805 4
6309708 7034860 2
6309708 7526273 2
6309708 7629467 2
6309708 8479677 4
6309708 8504349 1
6309708 9439171 2
6309708 9473805 6
7034860 7526273 1
7034860 7629467 1
7034860 8479677 1
7034860 8504349 1
7034860 9439171 2
7034860 9473805 2
7526273 7629467 2
7526273 8479677 2
7526273 8504349 1
7526273 9439171 1
7526273 9473805 3
7629467 8479677 2
7629467 8504349 1
7629467 9439171 1
7629467 9473805 2
8479677 8504349 1
8479677 9439171 1
8479677 9473805 4
8504349 9439171 1
8504349 9473805 1
9439171 9473805 3
326011 8034944 1
326011 9308879 2
326011 9669163 1
4303652 8034944 1
4303652 9308879 2
4303652 9669163 1
5846755 8034944 1
5846755 9308879 1
5846755 9669163 1
8034944 9308879 1
8034944 9439171 1
8034944 9473805 1
8034944 9669163 1
9308879 9439171 1
9308879 9473805 2
9308879 9669163 1
9439171 9669163 1
9473805 9669163 1
326011 3015490 1
326011 3600002 2
326011 7655789 4
3015490 4303652 1
3015490 4628890 1
3015490 5102641 1
3015490 6309708 1
3015490 7526273 1
3015490 7629467 1
3015490 9308879 1
3015490 9473805 1
3600002 4303652 2
3600002 4628890 2
3600002 5102641 2
3600002 6309708 1
3600002 7526273 2
3600002 7629467 1
3600002 9308879 1
3600002 9473805 2
4222623 9308879 1
4303652 7655789 2
4628890 7655789 4
4628890 9308879 1
5102641 7655789 1
5102641 9308879 1
6309708 9308879 1
7526273 7655789 1
7526273 9308879 1
7629467 7655789 1
7629467 9308879 1
7655789 9308879 1
7655789 9473805 4
8479677 9308879 1
326011 7782134 1
3600002 7782134 1
4222623 7782134 1
4303652 7782134 1
4628890 7782134 1
5102641 7782134 1
7526273 7782134 1
7782134 9473805 1
326011 4605993 4
326011 4673399 2
326011 5989177 1
326011 6449031 1
326011 8554309 3
4222623 4673399 2
4222623 5989177 1
4222623 6449031 1
4222623 8554309 2
4303652 4605993 1
4303652 4673399 1
4303652 5989177 1
4303652 6449031 1
4303652 8554309 1
4605993 4628890 4
4605993 4673399 2
4605993 5989177 1
4605993 6449031 1
4605993 7034860 1
4605993 8554309 3
4605993 9439171 1
4605993 9473805 4
4628890 4673399 2
4628890 5989177 1
4628890 6449031 1
4628890 8554309 3
4673399 5846755 2
4673399 5989177 1
4673399 6309708 2
4673399 6449031 1
4673399 7034860 1
4673399 7655789 2
4673399 8554309 2
4673399 9439171 1
4673399 9473805 2
5846755 5989177 1
5846755 6449031 1
5846755 8554309 2
5989177 6309708 1
5989177 6449031 1
5989177 7034860 1
5989177 7655789 1
5989177 8554309 1
5989177 9439171 1
5989177 9473805 1
6309708 6449031 1
6309708 8554309 3
6449031 7034860 1
6449031 7655789 1
6449031 8554309 1
6449031 9439171 1
6449031 9473805 1
7034860 7655789 1
7034860 8554309 1
7655789 8554309 2
7655789 9439171 1
8554309 9439171 1
8554309 9473805 3
326011 4584102 3
4584102 4605993 3
4584102 4628890 3
4584102 6309708 3
4584102 8479677 2
4584102 8554309 2
4584102 9473805 3
8479677 8554309 2
326011 4835212 2
4222623 4584102 2
4222623 4835212 2
4584102 4673399 1
4584102 4835212 2
4584102 5846755 1
4584102 7655789 2
4605993 4835212 2
4628890 4835212 2
4673399 4835212 1
4673399 8479677 1
4835212 5846755 1
4835212 6309708 2
4835212 7655789 2
4835212 8479677 1
4835212 8554309 1
4835212 9473805 2
326011 3360749 1
3360749 4222623 1
3360749 4584102 1
3360749 4605993 1
3360749 4628890 1
3360749 4835212 1
3360749 6309708 1
3360749 7655789 1
3360749 9473805 1
