192509317 45818502 151429522 161251602 7419028 191883158 192245403 190178845 3947683 189817512 4885240 187972273 153506482 14325432 9100602 161121852 192045247 6883903 12402113 191330881 188562936 10529993 190923467 116086992 6536785 190732754 191024211 187160917 14482136 43183192 88160732 109335782 4852584 192759784 102166122 131093742 183412078 10046320 191677684 98941302 190301430 5048824 166516222
4885240 5048824 1
4885240 7419028 2
4885240 98941302 1
4885240 109335782 2
4885240 153506482 1
4885240 161121852 2
4885240 187160917 1
4885240 189817512 1
4885240 190178845 2
5048824 7419028 1
5048824 98941302 1
5048824 109335782 1
5048824 153506482 1
5048824 161121852 1
5048824 187160917 4
5048824 189817512 1
5048824 190178845 1
7419028 98941302 1
7419028 109335782 2
7419028 153506482 1
7419028 161121852 2
7419028 187160917 1
7419028 189817512 1
7419028 190178845 2
98941302 109335782 1
98941302 153506482 1
98941302 161121852 1
98941302 187160917 1
98941302 189817512 1
98941302 190178845 1
109335782 153506482 1
109335782 161121852 2
109335782 187160917 1
109335782 189817512 1
109335782 190178845 2
153506482 161121852 1
153506482 187160917 1
153506482 189817512 1
153506482 190178845 1
161121852 187160917 1
161121852 189817512 1
161121852 190178845 2
187160917 189817512 1
187160917 190178845 1
189817512 190178845 1
3947683 4885240 1
3947683 7419028 1
3947683 109335782 1
3947683 116086992 1
3947683 151429522 2
3947683 161121852 1
3947683 190178845 1
4885240 116086992 1
4885240 151429522 1
7419028 116086992 1
7419028 151429522 1
109335782 116086992 1
109335782 151429522 1
116086992 151429522 1
116086992 161121852 1
116086992 190178845 1
151429522 161121852 1
151429522 190178845 1
3947683 188562936 1
151429522 188562936 1
5048824 9100602 1
5048824 161251602 1
5048824 190301430 1
9100602 161251602 1
9100602 190301430 1
161251602 190301430 1
5048824 151429522 1
5048824 190923467 2
5048824 191883158 1
151429522 187160917 1
151429522 190923467 1
151429522 191883158 1
187160917 190923467 2
187160917 191883158 1
190923467 191883158 1
4852584 10529993 1
4852584 45818502 1
4852584 102166122 1
10529993 45818502 1
10529993 102166122 1
45818502 102166122 1
5048824 12402113 1
12402113 187160917 1
12402113 190923467 1
5048824 88160732 1
5048824 131093742 1
5048824 166516222 1
5048824 190732754 1
5048824 191024211 2
5048824 191330881 1
5048824 191677684 1
5048824 192045247 1
88160732 131093742 1
88160732 166516222 1
88160732 187160917 1
88160732 190732754 1
88160732 191024211 1
88160732 191330881 1
88160732 191677684 1
88160732 192045247 1
131093742 166516222 1
131093742 187160917 1
131093742 190732754 1
131093742 191024211 1
131093742 191330881 1
131093742 191677684 1
131093742 192045247 1
166516222 187160917 1
166516222 190732754 1
166516222 191024211 1
166516222 191330881 1
166516222 191677684 1
166516222 192045247 1
187160917 190732754 1
187160917 191024211 1
187160917 191330881 1
187160917 191677684 1
187160917 192045247 1
190732754 191024211 1
190732754 191330881 1
190732754 191677684 1
190732754 192045247 1
191024211 191330881 1
191024211 191677684 1
191024211 192045247 1
191330881 191677684 1
191330881 192045247 1
191677684 192045247 1
5048824 14482136 1
5048824 187972273 1
5048824 192245403 1
14482136 187972273 1
14482136 191024211 1
14482136 192245403 1
187972273 191024211 1
187972273 192245403 1
191024211 192245403 2
3947683 6536785 1
3947683 6883903 1
3947683 10046320 1
3947683 14325432 1
3947683 43183192 1
3947683 102166122 1
3947683 183412078 1
3947683 191024211 1
3947683 192245403 1
3947683 192509317 1
3947683 192759784 1
6536785 6883903 1
6536785 10046320 1
6536785 14325432 1
6536785 43183192 1
6536785 102166122 1
6536785 183412078 1
6536785 191024211 1
6536785 192245403 1
6536785 192509317 1
6536785 192759784 1
6883903 10046320 1
6883903 14325432 1
6883903 43183192 1
6883903 102166122 1
6883903 183412078 1
6883903 191024211 1
6883903 192245403 1
6883903 192509317 1
6883903 192759784 1
10046320 14325432 1
10046320 43183192 1
10046320 102166122 1
10046320 183412078 1
10046320 191024211 1
10046320 192245403 1
10046320 192509317 1
10046320 192759784 1
14325432 43183192 1
14325432 102166122 1
14325432 183412078 1
14325432 191024211 1
14325432 192245403 1
14325432 192509317 1
14325432 192759784 1
43183192 102166122 1
43183192 183412078 1
43183192 191024211 1
43183192 192245403 1
43183192 192509317 1
43183192 192759784 1
102166122 183412078 1
102166122 191024211 1
102166122 192245403 1
102166122 192509317 1
102166122 192759784 1
183412078 191024211 1
183412078 192245403 1
183412078 192509317 1
183412078 192759784 1
191024211 192509317 1
191024211 192759784 1
192245403 192509317 1
192245403 192759784 1
192509317 192759784 1
