62084352 62418112 81915172 62220932 61945062 91412952 94152072 94491112 61948042 10489670 74801322 95002992 74774002 3618132 94464372 88958232 53436762 62178492
53436762 61945062 5
53436762 61948042 5
53436762 62084352 5
53436762 62178492 3
53436762 81915172 1
53436762 88958232 2
61945062 61948042 8
61945062 62084352 8
61945062 62178492 3
61945062 81915172 1
61945062 88958232 2
61948042 62084352 10
61948042 62178492 4
61948042 81915172 1
61948042 88958232 3
62084352 62178492 4
62084352 81915172 1
62084352 88958232 3
62178492 81915172 1
62178492 88958232 2
81915172 88958232 1
61948042 62418112 1
61948042 91412952 1
62084352 62418112 1
62084352 91412952 1
62418112 88958232 1
62418112 91412952 1
88958232 91412952 1
3618132 53436762 4
3618132 61945062 6
3618132 61948042 6
3618132 62084352 6
3618132 62178492 2
3618132 62220932 4
53436762 62220932 3
61945062 62220932 4
61948042 62220932 4
62084352 62220932 4
62178492 62220932 2
3618132 88958232 1
62220932 88958232 1
3618132 94152072 2
3618132 94491112 3
53436762 94152072 1
53436762 94491112 1
61945062 94152072 2
61945062 94491112 4
61948042 94152072 2
61948042 94491112 4
62084352 94152072 2
62084352 94491112 4
62220932 94152072 1
62220932 94491112 2
94152072 94491112 2
3618132 10489670 2
3618132 74774002 1
3618132 74801322 1
3618132 94464372 1
10489670 53436762 1
10489670 61945062 2
10489670 61948042 2
10489670 62084352 2
10489670 74774002 1
10489670 74801322 1
10489670 94464372 1
53436762 74774002 1
53436762 74801322 1
53436762 94464372 1
61945062 74774002 1
61945062 74801322 1
61945062 94464372 1
61948042 74774002 1
61948042 74801322 1
61948042 94464372 1
62084352 74774002 1
62084352 74801322 1
62084352 94464372 1
74774002 74801322 1
74774002 94464372 1
74801322 94464372 1
3618132 95002992 1
10489670 94152072 1
10489670 94491112 1
10489670 95002992 1
61945062 95002992 2
61948042 95002992 2
62084352 95002992 2
94152072 95002992 1
94491112 95002992 2
