10148608 9942915 4076430 5029006 8940559 8705045 2706967 9777047 8164378 4362651 8410143 4119330 2505769 4021161 1991724 8397486 2308546 7602502 10175323 8074077 8814820 9475812 7990503 8773096 8117739 5677550 3590129 5105266 8290289 501364 7795956 1204216 719099 10489981
719099 1204216 1
719099 2505769 1
719099 3590129 1
719099 4076430 2
719099 4119330 2
719099 5105266 1
719099 7990503 1
719099 8117739 1
719099 8164378 1
1204216 2505769 2
1204216 3590129 1
1204216 4076430 2
1204216 4119330 3
1204216 5105266 1
1204216 7990503 1
1204216 8117739 1
1204216 8164378 1
2505769 3590129 1
2505769 4076430 1
2505769 4119330 2
2505769 5105266 1
2505769 7990503 1
2505769 8117739 1
2505769 8164378 1
3590129 4076430 1
3590129 4119330 1
3590129 5105266 1
3590129 7990503 1
3590129 8117739 1
3590129 8164378 1
4076430 4119330 9
4076430 5105266 1
4076430 7990503 1
4076430 8117739 1
4076430 8164378 1
4119330 5105266 1
4119330 7990503 1
4119330 8117739 1
4119330 8164378 1
5105266 7990503 1
5105266 8117739 1
5105266 8164378 1
7990503 8117739 1
7990503 8164378 1
8117739 8164378 1
1204216 8290289 2
2505769 8290289 1
4119330 8290289 2
501364 1204216 1
501364 2706967 1
501364 4076430 2
501364 4119330 2
501364 7602502 1
501364 7795956 1
501364 8290289 1
1204216 2706967 1
1204216 7602502 1
1204216 7795956 1
2706967 4076430 1
2706967 4119330 1
2706967 7602502 1
2706967 7795956 1
2706967 8290289 1
4076430 7602502 1
4076430 7795956 2
4076430 8290289 1
4119330 7602502 1
4119330 7795956 2
7602502 7795956 1
7602502 8290289 1
7795956 8290289 1
501364 5029006 1
501364 5677550 1
4076430 5029006 1
4076430 5677550 2
4119330 5029006 1
4119330 5677550 2
5029006 5677550 1
2308546 4076430 1
2308546 4119330 1
2308546 4362651 1
2308546 5677550 1
4076430 4362651 1
4119330 4362651 1
4362651 5677550 1
4076430 8397486 1
4076430 8773096 2
4076430 8940559 3
4119330 8397486 1
4119330 8773096 2
4119330 8940559 3
7795956 8397486 1
7795956 8773096 1
7795956 8940559 1
8397486 8773096 1
8397486 8940559 1
8773096 8940559 2
719099 8814820 1
719099 8940559 1
4076430 8814820 4
4119330 8814820 4
8814820 8940559 2
4021161 4076430 3
4021161 4119330 3
4021161 8074077 3
4021161 8814820 3
4021161 9475812 3
4021161 9777047 1
4076430 8074077 3
4076430 9475812 3
4076430 9777047 1
4119330 8074077 3
4119330 9475812 3
4119330 9777047 1
8074077 8814820 3
8074077 9475812 3
8074077 9777047 1
8814820 9475812 3
8814820 9777047 1
9475812 9777047 1
1991724 4021161 1
1991724 4076430 1
1991724 4119330 1
1991724 8074077 1
1991724 8410143 1
1991724 8705045 1
1991724 8773096 1
1991724 8814820 1
1991724 8940559 1
1991724 9475812 1
1991724 9942915 1
1991724 10148608 1
1991724 10175323 1
4021161 8410143 1
4021161 8705045 1
4021161 8773096 1
4021161 8940559 1
4021161 9942915 1
4021161 10148608 1
4021161 10175323 1
4076430 8410143 1
4076430 8705045 1
4076430 9942915 1
4076430 10148608 1
4076430 10175323 1
4119330 8410143 1
4119330 8705045 1
4119330 9942915 1
4119330 10148608 1
4119330 10175323 1
8074077 8410143 1
8074077 8705045 1
8074077 8773096 1
8074077 8940559 1
8074077 9942915 1
8074077 10148608 1
8074077 10175323 1
8410143 8705045 1
8410143 8773096 1
8410143 8814820 1
8410143 8940559 1
8410143 9475812 1
8410143 9942915 1
8410143 10148608 1
8410143 10175323 1
8705045 8773096 1
8705045 8814820 1
8705045 8940559 1
8705045 9475812 1
8705045 9942915 1
8705045 10148608 1
8705045 10175323 1
8773096 8814820 1
8773096 9475812 1
8773096 9942915 1
8773096 10148608 1
8773096 10175323 1
8814820 9942915 1
8814820 10148608 1
8814820 10175323 1
8940559 9475812 1
8940559 9942915 1
8940559 10148608 1
8940559 10175323 1
9475812 9942915 1
9475812 10148608 1
9475812 10175323 1
9942915 10148608 1
9942915 10175323 1
10148608 10175323 1
4021161 10489981 1
4076430 10489981 1
4119330 10489981 1
8074077 10489981 1
8814820 10489981 1
9475812 10489981 1
