11810945 24808452 144770572 2894483 173459092 183167508 5770389 10694938 137843612 184579356 3497500 183079202 136705572 11931301 67976102 5459112 162388472 6348970 99040682 179155242 13698607 182198322 183769524 166744632 12827961 75091642 145246782 187571774 79493312 104562752 186655042 295493 9620039 28707272 72326472 10096075 125488972 11280717 157513552 152496082 182597203 14076628 139007062 56289112 74903002 37736542 14394846 181961182 14115169 9575650 132455392 184892254 178199392 185831800 177276392 184040811 87576812 190237420 12808174 171535342 8118261 36345462 41101942 11260664 103787772 186624126 21711231
295493 2894483 7
295493 6348970 6
295493 8118261 3
295493 9575650 1
295493 10694938 1
295493 11280717 4
295493 11931301 1
295493 12808174 4
295493 13698607 4
295493 14115169 1
295493 14394846 7
295493 36345462 7
295493 37736542 7
295493 75091642 5
295493 99040682 1
295493 125488972 7
295493 137843612 3
295493 152496082 5
295493 157513552 1
295493 166744632 6
295493 171535342 2
295493 177276392 1
2894483 6348970 8
2894483 8118261 4
2894483 9575650 3
2894483 10694938 2
2894483 11280717 5
2894483 11931301 2
2894483 12808174 7
2894483 13698607 6
2894483 14115169 1
2894483 14394846 10
2894483 36345462 9
2894483 37736542 10
2894483 75091642 7
2894483 99040682 1
2894483 125488972 10
2894483 137843612 3
2894483 152496082 8
2894483 157513552 1
2894483 166744632 6
2894483 171535342 2
2894483 177276392 1
6348970 8118261 4
6348970 9575650 2
6348970 10694938 2
6348970 11280717 5
6348970 11931301 2
6348970 12808174 6
6348970 13698607 5
6348970 14115169 1
6348970 14394846 8
6348970 36345462 7
6348970 37736542 8
6348970 75091642 6
6348970 99040682 1
6348970 125488972 8
6348970 137843612 3
6348970 152496082 7
6348970 157513552 1
6348970 166744632 6
6348970 171535342 2
6348970 177276392 1
8118261 9575650 2
8118261 10694938 2
8118261 11280717 4
8118261 11931301 2
8118261 12808174 4
8118261 13698607 4
8118261 14115169 1
8118261 14394846 4
8118261 36345462 4
8118261 37736542 4
8118261 75091642 3
8118261 99040682 1
8118261 125488972 4
8118261 137843612 2
8118261 152496082 4
8118261 157513552 1
8118261 166744632 3
8118261 171535342 2
8118261 177276392 1
9575650 10694938 2
9575650 11280717 2
9575650 11931301 2
9575650 12808174 3
9575650 13698607 3
9575650 14115169 1
9575650 14394846 3
9575650 36345462 3
9575650 37736542 3
9575650 75091642 2
9575650 99040682 1
9575650 125488972 3
9575650 137843612 1
9575650 152496082 3
9575650 157513552 1
9575650 166744632 1
9575650 171535342 1
9575650 177276392 1
10694938 11280717 2
10694938 11931301 2
10694938 12808174 2
10694938 13698607 2
10694938 14115169 1
10694938 14394846 2
10694938 36345462 2
10694938 37736542 2
10694938 75091642 2
10694938 99040682 1
10694938 125488972 2
10694938 137843612 1
10694938 152496082 2
10694938 157513552 1
10694938 166744632 1
10694938 171535342 1
10694938 177276392 1
11280717 11931301 2
11280717 12808174 4
11280717 13698607 4
11280717 14115169 1
11280717 14394846 5
11280717 36345462 5
11280717 37736542 5
11280717 75091642 4
11280717 99040682 1
11280717 125488972 5
11280717 137843612 2
11280717 152496082 4
11280717 157513552 1
11280717 166744632 4
11280717 171535342 2
11280717 177276392 1
11931301 12808174 2
11931301 13698607 2
11931301 14115169 1
11931301 14394846 2
11931301 36345462 2
11931301 37736542 2
11931301 75091642 2
11931301 99040682 1
11931301 125488972 2
11931301 137843612 1
11931301 152496082 2
11931301 157513552 1
11931301 166744632 1
11931301 171535342 1
11931301 177276392 1
12808174 13698607 6
12808174 14115169 1
12808174 14394846 7
12808174 36345462 6
12808174 37736542 7
12808174 75091642 5
12808174 99040682 1
12808174 125488972 7
12808174 137843612 3
12808174 152496082 7
12808174 157513552 1
12808174 166744632 4
12808174 171535342 2
12808174 177276392 1
13698607 14115169 1
13698607 14394846 6
13698607 36345462 6
13698607 37736542 6
13698607 75091642 4
13698607 99040682 1
13698607 125488972 6
13698607 137843612 3
13698607 152496082 6
13698607 157513552 1
13698607 166744632 4
13698607 171535342 2
13698607 177276392 1
14115169 14394846 1
14115169 36345462 1
14115169 37736542 1
14115169 75091642 1
14115169 99040682 1
14115169 125488972 1
14115169 137843612 1
14115169 152496082 1
14115169 157513552 1
14115169 166744632 1
14115169 171535342 1
14115169 177276392 1
14394846 36345462 9
14394846 37736542 10
14394846 75091642 7
14394846 99040682 1
14394846 125488972 10
14394846 137843612 3
14394846 152496082 8
14394846 157513552 1
14394846 166744632 6
14394846 171535342 2
14394846 177276392 1
36345462 37736542 9
36345462 75091642 6
36345462 99040682 1
36345462 125488972 9
36345462 137843612 3
36345462 152496082 7
36345462 157513552 1
36345462 166744632 6
36345462 171535342 2
36345462 177276392 1
37736542 75091642 7
37736542 99040682 1
37736542 125488972 10
37736542 137843612 3
37736542 152496082 8
37736542 157513552 1
37736542 166744632 6
37736542 171535342 2
37736542 177276392 1
75091642 99040682 1
75091642 125488972 7
75091642 137843612 3
75091642 152496082 5
75091642 157513552 1
75091642 166744632 4
75091642 171535342 2
75091642 177276392 1
99040682 125488972 1
99040682 137843612 1
99040682 152496082 1
99040682 157513552 1
99040682 166744632 1
99040682 171535342 1
99040682 177276392 1
125488972 137843612 3
125488972 152496082 8
125488972 157513552 1
125488972 166744632 6
125488972 171535342 2
125488972 177276392 1
137843612 152496082 3
137843612 157513552 1
137843612 166744632 3
137843612 171535342 2
137843612 177276392 1
152496082 157513552 1
152496082 166744632 5
152496082 171535342 2
152496082 177276392 1
157513552 166744632 1
157513552 171535342 1
157513552 177276392 1
166744632 171535342 2
166744632 177276392 1
171535342 177276392 1
295493 136705572 1
295493 179155242 1
2894483 136705572 1
2894483 179155242 1
6348970 136705572 1
6348970 179155242 1
8118261 136705572 1
8118261 179155242 1
11280717 136705572 1
11280717 179155242 1
12808174 136705572 1
12808174 179155242 1
13698607 136705572 1
13698607 179155242 1
14394846 136705572 1
14394846 179155242 1
36345462 136705572 1
36345462 179155242 1
37736542 136705572 1
37736542 179155242 1
125488972 136705572 1
125488972 179155242 1
136705572 152496082 1
136705572 166744632 1
136705572 179155242 1
152496082 179155242 1
166744632 179155242 1
2894483 5459112 1
2894483 10096075 6
2894483 21711231 1
2894483 41101942 2
2894483 67976102 1
2894483 181961182 2
2894483 182198322 1
2894483 182597203 2
5459112 6348970 1
5459112 8118261 1
5459112 9575650 1
5459112 10096075 1
5459112 10694938 1
5459112 11280717 1
5459112 11931301 1
5459112 12808174 1
5459112 13698607 1
5459112 14394846 1
5459112 21711231 1
5459112 36345462 1
5459112 37736542 1
5459112 41101942 1
5459112 67976102 1
5459112 75091642 1
5459112 125488972 1
5459112 152496082 1
5459112 181961182 1
5459112 182198322 1
5459112 182597203 1
6348970 10096075 5
6348970 21711231 1
6348970 41101942 2
6348970 67976102 1
6348970 181961182 2
6348970 182198322 1
6348970 182597203 1
8118261 10096075 2
8118261 21711231 1
8118261 41101942 1
8118261 67976102 1
8118261 181961182 1
8118261 182198322 1
8118261 182597203 1
9575650 10096075 2
9575650 21711231 1
9575650 41101942 1
9575650 67976102 1
9575650 181961182 1
9575650 182198322 1
9575650 182597203 2
10096075 10694938 1
10096075 11280717 3
10096075 11931301 1
10096075 12808174 4
10096075 13698607 4
10096075 14394846 6
10096075 21711231 1
10096075 36345462 6
10096075 37736542 6
10096075 41101942 2
10096075 67976102 1
10096075 75091642 4
10096075 125488972 6
10096075 152496082 5
10096075 181961182 2
10096075 182198322 1
10096075 182597203 2
10694938 21711231 1
10694938 41101942 1
10694938 67976102 1
10694938 181961182 1
10694938 182198322 1
10694938 182597203 1
11280717 21711231 1
11280717 41101942 1
11280717 67976102 1
11280717 181961182 2
11280717 182198322 1
11280717 182597203 1
11931301 21711231 1
11931301 41101942 1
11931301 67976102 1
11931301 181961182 1
11931301 182198322 1
11931301 182597203 1
12808174 21711231 1
12808174 41101942 2
12808174 67976102 1
12808174 181961182 1
12808174 182198322 1
12808174 182597203 2
13698607 21711231 1
13698607 41101942 2
13698607 67976102 1
13698607 181961182 1
13698607 182198322 1
13698607 182597203 2
14394846 21711231 1
14394846 41101942 2
14394846 67976102 1
14394846 181961182 2
14394846 182198322 1
14394846 182597203 2
21711231 36345462 1
21711231 37736542 1
21711231 41101942 1
21711231 67976102 1
21711231 75091642 1
21711231 125488972 1
21711231 152496082 1
21711231 181961182 1
21711231 182198322 1
21711231 182597203 1
36345462 41101942 2
36345462 67976102 1
36345462 181961182 2
36345462 182198322 1
36345462 182597203 2
37736542 41101942 2
37736542 67976102 1
37736542 181961182 2
37736542 182198322 1
37736542 182597203 2
41101942 67976102 1
41101942 75091642 2
41101942 125488972 2
41101942 152496082 2
41101942 181961182 1
41101942 182198322 1
41101942 182597203 1
67976102 75091642 1
67976102 125488972 1
67976102 152496082 1
67976102 181961182 1
67976102 182198322 1
67976102 182597203 1
75091642 181961182 2
75091642 182198322 1
75091642 182597203 1
125488972 181961182 2
125488972 182198322 1
125488972 182597203 2
152496082 181961182 1
152496082 182198322 1
152496082 182597203 2
181961182 182198322 1
181961182 182597203 1
182198322 182597203 1
2894483 24808452 1
2894483 132455392 2
9575650 24808452 1
9575650 132455392 1
10096075 24808452 1
10096075 132455392 2
12808174 24808452 1
12808174 132455392 2
13698607 24808452 1
13698607 132455392 2
14394846 24808452 1
14394846 132455392 2
24808452 36345462 1
24808452 37736542 1
24808452 125488972 1
24808452 132455392 1
24808452 152496082 1
24808452 182597203 1
36345462 132455392 2
37736542 132455392 2
125488972 132455392 2
132455392 152496082 2
132455392 182597203 1
295493 10096075 4
295493 11260664 1
295493 12827961 1
295493 28707272 1
295493 41101942 1
295493 79493312 1
295493 103787772 2
295493 132455392 1
295493 183769524 1
295493 184579356 2
295493 184892254 1
2894483 11260664 1
2894483 12827961 1
2894483 28707272 1
2894483 79493312 1
2894483 103787772 2
2894483 183769524 1
2894483 184579356 2
2894483 184892254 1
6348970 11260664 1
6348970 12827961 1
6348970 28707272 1
6348970 79493312 1
6348970 103787772 1
6348970 132455392 1
6348970 183769524 1
6348970 184579356 2
6348970 184892254 1
10096075 11260664 1
10096075 12827961 1
10096075 28707272 1
10096075 79493312 1
10096075 103787772 1
10096075 137843612 2
10096075 166744632 4
10096075 183769524 1
10096075 184579356 2
10096075 184892254 1
11260664 12808174 1
11260664 12827961 1
11260664 13698607 1
11260664 14394846 1
11260664 28707272 1
11260664 36345462 1
11260664 37736542 1
11260664 41101942 1
11260664 75091642 1
11260664 79493312 1
11260664 103787772 1
11260664 125488972 1
11260664 132455392 1
11260664 137843612 1
11260664 152496082 1
11260664 166744632 1
11260664 183769524 1
11260664 184579356 1
11260664 184892254 1
12808174 12827961 1
12808174 28707272 1
12808174 79493312 1
12808174 103787772 1
12808174 183769524 1
12808174 184579356 1
12808174 184892254 1
12827961 13698607 1
12827961 14394846 1
12827961 28707272 1
12827961 36345462 1
12827961 37736542 1
12827961 41101942 1
12827961 75091642 1
12827961 79493312 1
12827961 103787772 1
12827961 125488972 1
12827961 132455392 1
12827961 137843612 1
12827961 152496082 1
12827961 166744632 1
12827961 183769524 1
12827961 184579356 1
12827961 184892254 1
13698607 28707272 1
13698607 79493312 1
13698607 103787772 1
13698607 183769524 1
13698607 184579356 1
13698607 184892254 1
14394846 28707272 1
14394846 79493312 1
14394846 103787772 2
14394846 183769524 1
14394846 184579356 2
14394846 184892254 1
28707272 36345462 1
28707272 37736542 1
28707272 41101942 1
28707272 75091642 1
28707272 79493312 1
28707272 103787772 1
28707272 125488972 1
28707272 132455392 1
28707272 137843612 1
28707272 152496082 1
28707272 166744632 1
28707272 183769524 1
28707272 184579356 1
28707272 184892254 1
36345462 79493312 1
36345462 103787772 2
36345462 183769524 1
36345462 184579356 2
36345462 184892254 1
37736542 79493312 1
37736542 103787772 2
37736542 183769524 1
37736542 184579356 2
37736542 184892254 1
41101942 79493312 1
41101942 103787772 1
41101942 132455392 1
41101942 137843612 1
41101942 166744632 1
41101942 183769524 1
41101942 184579356 1
41101942 184892254 1
75091642 79493312 1
75091642 103787772 2
75091642 132455392 1
75091642 183769524 1
75091642 184579356 1
75091642 184892254 1
79493312 103787772 1
79493312 125488972 1
79493312 132455392 1
79493312 137843612 1
79493312 152496082 1
79493312 166744632 1
79493312 183769524 1
79493312 184579356 1
79493312 184892254 1
103787772 125488972 2
103787772 132455392 1
103787772 137843612 1
103787772 152496082 1
103787772 166744632 1
103787772 183769524 1
103787772 184579356 1
103787772 184892254 1
125488972 183769524 1
125488972 184579356 2
125488972 184892254 1
132455392 137843612 1
132455392 166744632 1
132455392 183769524 1
132455392 184579356 1
132455392 184892254 1
137843612 183769524 1
137843612 184579356 1
137843612 184892254 1
152496082 183769524 1
152496082 184579356 2
152496082 184892254 1
166744632 183769524 1
166744632 184579356 2
166744632 184892254 1
183769524 184579356 1
183769524 184892254 1
184579356 184892254 1
295493 11810945 1
295493 72326472 1
295493 139007062 1
295493 145246782 1
295493 173459092 2
295493 178199392 1
295493 183079202 3
2894483 11810945 1
2894483 72326472 2
2894483 139007062 1
2894483 145246782 2
2894483 173459092 2
2894483 178199392 1
2894483 183079202 4
6348970 11810945 1
6348970 72326472 2
6348970 139007062 1
6348970 145246782 2
6348970 173459092 2
6348970 178199392 1
6348970 183079202 3
8118261 11810945 1
8118261 72326472 1
8118261 139007062 1
8118261 145246782 1
8118261 173459092 1
8118261 178199392 1
8118261 183079202 1
10096075 11810945 1
10096075 72326472 1
10096075 139007062 1
10096075 145246782 1
10096075 171535342 1
10096075 173459092 2
10096075 178199392 1
10096075 183079202 2
11280717 11810945 1
11280717 72326472 1
11280717 139007062 1
11280717 145246782 1
11280717 173459092 1
11280717 178199392 1
11280717 183079202 1
11810945 12808174 1
11810945 13698607 1
11810945 14394846 1
11810945 36345462 1
11810945 37736542 1
11810945 72326472 1
11810945 75091642 1
11810945 125488972 1
11810945 137843612 1
11810945 139007062 1
11810945 145246782 1
11810945 152496082 1
11810945 166744632 1
11810945 171535342 1
11810945 173459092 1
11810945 178199392 1
11810945 183079202 1
12808174 72326472 2
12808174 139007062 1
12808174 145246782 2
12808174 173459092 1
12808174 178199392 1
12808174 183079202 2
13698607 72326472 1
13698607 139007062 1
13698607 145246782 1
13698607 173459092 1
13698607 178199392 1
13698607 183079202 1
14394846 72326472 2
14394846 139007062 1
14394846 145246782 2
14394846 173459092 2
14394846 178199392 1
14394846 183079202 4
36345462 72326472 1
36345462 139007062 1
36345462 145246782 1
36345462 173459092 2
36345462 178199392 1
36345462 183079202 3
37736542 72326472 2
37736542 139007062 1
37736542 145246782 2
37736542 173459092 2
37736542 178199392 1
37736542 183079202 4
72326472 75091642 2
72326472 125488972 2
72326472 137843612 1
72326472 139007062 1
72326472 145246782 2
72326472 152496082 2
72326472 166744632 1
72326472 171535342 1
72326472 173459092 1
72326472 178199392 1
72326472 183079202 2
75091642 139007062 1
75091642 145246782 2
75091642 173459092 1
75091642 178199392 1
75091642 183079202 3
125488972 139007062 1
125488972 145246782 2
125488972 173459092 2
125488972 178199392 1
125488972 183079202 4
137843612 139007062 1
137843612 145246782 1
137843612 173459092 1
137843612 178199392 1
137843612 183079202 1
139007062 145246782 1
139007062 152496082 1
139007062 166744632 1
139007062 171535342 1
139007062 173459092 1
139007062 178199392 1
139007062 183079202 1
145246782 152496082 2
145246782 166744632 1
145246782 171535342 1
145246782 173459092 1
145246782 178199392 1
145246782 183079202 2
152496082 173459092 2
152496082 178199392 1
152496082 183079202 3
166744632 173459092 2
166744632 178199392 1
166744632 183079202 2
171535342 173459092 1
171535342 178199392 1
171535342 183079202 1
173459092 178199392 1
173459092 183079202 2
178199392 183079202 1
2894483 184040811 2
2894483 186624126 2
6348970 184040811 2
6348970 186624126 2
12808174 184040811 1
12808174 186624126 1
14394846 184040811 2
14394846 186624126 2
37736542 184040811 2
37736542 186624126 2
72326472 184040811 1
72326472 186624126 1
75091642 184040811 2
75091642 186624126 2
125488972 184040811 2
125488972 186624126 2
145246782 184040811 1
145246782 186624126 1
152496082 184040811 1
152496082 186624126 1
183079202 184040811 1
183079202 186624126 1
184040811 186624126 2
295493 3497500 2
295493 9620039 2
295493 14076628 1
295493 56289112 1
295493 104562752 1
295493 144770572 1
295493 162388472 1
295493 181961182 1
295493 183167508 1
295493 184040811 1
295493 185831800 1
295493 186624126 1
295493 187571774 1
2894483 3497500 2
2894483 9620039 2
2894483 14076628 1
2894483 56289112 1
2894483 104562752 1
2894483 144770572 1
2894483 162388472 1
2894483 183167508 1
2894483 185831800 1
2894483 187571774 1
3497500 6348970 2
3497500 9620039 1
3497500 10096075 2
3497500 11280717 1
3497500 14076628 1
3497500 14394846 2
3497500 36345462 2
3497500 37736542 2
3497500 56289112 1
3497500 75091642 1
3497500 104562752 1
3497500 125488972 2
3497500 144770572 1
3497500 162388472 1
3497500 166744632 2
3497500 181961182 1
3497500 183167508 1
3497500 184040811 1
3497500 185831800 1
3497500 186624126 1
3497500 187571774 1
6348970 9620039 1
6348970 14076628 1
6348970 56289112 1
6348970 104562752 1
6348970 144770572 1
6348970 162388472 1
6348970 183167508 1
6348970 185831800 1
6348970 187571774 1
9620039 10096075 1
9620039 11280717 1
9620039 14076628 1
9620039 14394846 2
9620039 36345462 2
9620039 37736542 2
9620039 56289112 1
9620039 75091642 2
9620039 104562752 1
9620039 125488972 2
9620039 144770572 1
9620039 162388472 1
9620039 166744632 1
9620039 181961182 1
9620039 183167508 1
9620039 184040811 1
9620039 185831800 1
9620039 186624126 1
9620039 187571774 1
10096075 14076628 1
10096075 56289112 1
10096075 104562752 1
10096075 144770572 1
10096075 162388472 1
10096075 183167508 1
10096075 184040811 1
10096075 185831800 1
10096075 186624126 1
10096075 187571774 1
11280717 14076628 1
11280717 56289112 1
11280717 104562752 1
11280717 144770572 1
11280717 162388472 1
11280717 183167508 1
11280717 184040811 1
11280717 185831800 1
11280717 186624126 1
11280717 187571774 1
14076628 14394846 1
14076628 36345462 1
14076628 37736542 1
14076628 56289112 1
14076628 75091642 1
14076628 104562752 1
14076628 125488972 1
14076628 144770572 1
14076628 162388472 1
14076628 166744632 1
14076628 181961182 1
14076628 183167508 1
14076628 184040811 1
14076628 185831800 1
14076628 186624126 1
14076628 187571774 1
14394846 56289112 1
14394846 104562752 1
14394846 144770572 1
14394846 162388472 1
14394846 183167508 1
14394846 185831800 1
14394846 187571774 1
36345462 56289112 1
36345462 104562752 1
36345462 144770572 1
36345462 162388472 1
36345462 183167508 1
36345462 184040811 1
36345462 185831800 1
36345462 186624126 1
36345462 187571774 1
37736542 56289112 1
37736542 104562752 1
37736542 144770572 1
37736542 162388472 1
37736542 183167508 1
37736542 185831800 1
37736542 187571774 1
56289112 75091642 1
56289112 104562752 1
56289112 125488972 1
56289112 144770572 1
56289112 162388472 1
56289112 166744632 1
56289112 181961182 1
56289112 183167508 1
56289112 184040811 1
56289112 185831800 1
56289112 186624126 1
56289112 187571774 1
75091642 104562752 1
75091642 144770572 1
75091642 162388472 1
75091642 183167508 1
75091642 185831800 1
75091642 187571774 1
104562752 125488972 1
104562752 144770572 1
104562752 162388472 1
104562752 166744632 1
104562752 181961182 1
104562752 183167508 1
104562752 184040811 1
104562752 185831800 1
104562752 186624126 1
104562752 187571774 1
125488972 144770572 1
125488972 162388472 1
125488972 183167508 1
125488972 185831800 1
125488972 187571774 1
144770572 162388472 1
144770572 166744632 1
144770572 181961182 1
144770572 183167508 1
144770572 184040811 1
144770572 185831800 1
144770572 186624126 1
144770572 187571774 1
162388472 166744632 1
162388472 181961182 1
162388472 183167508 1
162388472 184040811 1
162388472 185831800 1
162388472 186624126 1
162388472 187571774 1
166744632 181961182 1
166744632 183167508 1
166744632 184040811 1
166744632 185831800 1
166744632 186624126 1
166744632 187571774 1
181961182 183167508 1
181961182 184040811 1
181961182 185831800 1
181961182 186624126 1
181961182 187571774 1
183167508 184040811 1
183167508 185831800 1
183167508 186624126 1
183167508 187571774 1
184040811 185831800 1
184040811 187571774 1
185831800 186624126 1
185831800 187571774 1
186624126 187571774 1
295493 186655042 1
2894483 186655042 1
3497500 152496082 1
3497500 173459092 1
3497500 183079202 1
3497500 184579356 1
3497500 186655042 1
6348970 186655042 1
10096075 186655042 1
14394846 186655042 1
36345462 186655042 1
37736542 186655042 1
125488972 186655042 1
152496082 186655042 1
166744632 186655042 1
173459092 184579356 1
173459092 186655042 1
183079202 184579356 1
183079202 186655042 1
184579356 186655042 1
295493 5770389 1
295493 74903002 1
295493 87576812 1
295493 190237420 1
2894483 5770389 1
2894483 74903002 1
2894483 87576812 1
2894483 190237420 1
5770389 9620039 1
5770389 14394846 1
5770389 36345462 1
5770389 37736542 1
5770389 74903002 1
5770389 75091642 1
5770389 87576812 1
5770389 103787772 1
5770389 125488972 1
5770389 183079202 1
5770389 190237420 1
9620039 74903002 1
9620039 87576812 1
9620039 103787772 1
9620039 183079202 1
9620039 190237420 1
14394846 74903002 1
14394846 87576812 1
14394846 190237420 1
36345462 74903002 1
36345462 87576812 1
36345462 190237420 1
37736542 74903002 1
37736542 87576812 1
37736542 190237420 1
74903002 75091642 1
74903002 87576812 1
74903002 103787772 1
74903002 125488972 1
74903002 183079202 1
74903002 190237420 1
75091642 87576812 1
75091642 190237420 1
87576812 103787772 1
87576812 125488972 1
87576812 183079202 1
87576812 190237420 1
103787772 183079202 1
103787772 190237420 1
125488972 190237420 1
183079202 190237420 1
