7975434 12251408 10504084 10324247 2493081 11401497 12444188 12130846 8023457 12075553 7717410 1342245 4146853 10005035 14585139 3829429 15232071 11024715 10936280 10959721 4545386 11230953 3055855 13837809 27383292
1342245 4146853 1
1342245 8023457 1
1342245 10324247 1
1342245 10959721 1
1342245 12075553 1
4146853 8023457 4
4146853 10324247 2
4146853 10959721 1
4146853 12075553 2
8023457 10324247 2
8023457 10959721 1
8023457 12075553 3
10324247 10959721 1
10324247 12075553 1
10959721 12075553 1
8023457 10936280 4
8023457 11401497 1
8023457 13837809 1
10936280 11401497 1
10936280 13837809 1
11401497 13837809 1
4545386 8023457 1
4545386 12075553 1
4545386 12251408 1
8023457 12251408 1
12075553 12251408 1
8023457 11024715 1
8023457 12444188 1
10936280 11024715 1
10936280 12444188 1
11024715 12444188 1
3055855 4146853 2
3055855 7975434 2
3055855 8023457 2
3055855 10005035 1
3055855 10324247 1
3055855 10504084 1
3055855 10936280 1
3055855 11230953 2
4146853 7975434 2
4146853 10005035 1
4146853 10504084 1
4146853 10936280 1
4146853 11230953 3
7975434 8023457 3
7975434 10005035 1
7975434 10324247 1
7975434 10504084 1
7975434 10936280 2
7975434 11230953 2
8023457 10005035 1
8023457 10504084 1
8023457 11230953 3
10005035 10324247 1
10005035 10504084 1
10005035 10936280 1
10005035 11230953 1
10324247 10504084 1
10324247 10936280 1
10324247 11230953 1
10504084 10936280 1
10504084 11230953 1
10936280 11230953 1
2493081 3055855 1
2493081 3829429 1
2493081 4146853 1
2493081 7975434 1
2493081 8023457 1
2493081 11230953 1
2493081 12130846 1
3055855 3829429 1
3055855 12130846 1
3829429 4146853 2
3829429 7975434 1
3829429 8023457 3
3829429 11230953 2
3829429 12130846 1
4146853 12130846 1
7975434 12130846 1
8023457 12130846 1
11230953 12130846 1
3829429 12075553 1
3829429 15232071 1
4146853 15232071 1
8023457 15232071 1
11230953 12075553 1
11230953 15232071 1
12075553 15232071 1
7717410 8023457 1
7717410 14585139 1
8023457 14585139 1
7975434 27383292 1
8023457 27383292 1
10936280 27383292 1
