10634246 8969225 3133453 10808333 10049552 7985168 6735900 9799197 6887968 8616996 4143660 10164781 10269749 8399416 11291198 10923079 10885201 9536594 11718743 11885660 10842717 12307047 6563433 11125871 10245234 7635059 8932979 7832693 3678841 3834492 6892171 10801297 10474137 5793948 6732957 1856674 4255908 6348970 8493248 4002500 11013834 11950795 10889422 9308879 8327379 8876759 11316951 7561950 5339878 9246443 5537523 8434420 8108278 4885240 8717562 5054214 11661066 3797780 12126491 11346723 11995430 9572139 5959468 4459311 6220603 7787325 4061507 4611397 9891653 6485829 12056902 7518540 6046031 5456720 10766162 10645845 6253909 7314776 11126625 8329062 7081319 11388778 11054957 9231217 5279090 6411645 10243967 2578305 6056835 10633612 5715852 6992271 8816016 12044179 9875353 11049378 10904994 7028648 8938409 11685804 1302957 3280819 8213431 3841978 7254972 6804925 10121663 10317253 10829254 7059398 12157390 12188118 8356329 10105836 3645934 5612015 12181486 10268666
3280819 3645934 3
3280819 3797780 4
3280819 5339878 1
3280819 6046031 1
3280819 6563433 3
3280819 6732957 1
3280819 6735900 1
3280819 6887968 4
3280819 6892171 1
3280819 7081319 1
3280819 7254972 4
3280819 7518540 4
3280819 7561950 4
3280819 7832693 1
3280819 8399416 2
3280819 8816016 2
3280819 8876759 1
3280819 8969225 2
3280819 9875353 2
3280819 10049552 1
3280819 10801297 1
3280819 10885201 4
3280819 10889422 2
3280819 10923079 3
3280819 11049378 2
3280819 11125871 1
3280819 11126625 4
3280819 11346723 2
3280819 11388778 1
3280819 11661066 4
3280819 11718743 4
3280819 11995430 2
3280819 12126491 2
3645934 3797780 7
3645934 5339878 1
3645934 6046031 2
3645934 6563433 6
3645934 6732957 1
3645934 6735900 1
3645934 6887968 7
3645934 6892171 2
3645934 7081319 1
3645934 7254972 7
3645934 7518540 7
3645934 7561950 5
3645934 7832693 2
3645934 8399416 2
3645934 8816016 2
3645934 8876759 1
3645934 8969225 2
3645934 9875353 1
3645934 10049552 1
3645934 10801297 2
3645934 10885201 7
3645934 10889422 4
3645934 10923079 5
3645934 11049378 3
3645934 11125871 2
3645934 11126625 7
3645934 11346723 4
3645934 11388778 3
3645934 11661066 7
3645934 11718743 7
3645934 11995430 4
3645934 12126491 3
3797780 5339878 1
3797780 6046031 2
3797780 6563433 8
3797780 6732957 1
3797780 6735900 1
3797780 6887968 10
3797780 6892171 2
3797780 7081319 1
3797780 7254972 9
3797780 7518540 10
3797780 7561950 8
3797780 7832693 2
3797780 8399416 2
3797780 8816016 2
3797780 8876759 1
3797780 8969225 2
3797780 9875353 3
3797780 10049552 1
3797780 10801297 2
3797780 10885201 9
3797780 10889422 5
3797780 10923079 5
3797780 11049378 3
3797780 11125871 2
3797780 11126625 9
3797780 11346723 4
3797780 11388778 4
3797780 11661066 9
3797780 11718743 10
3797780 11995430 5
3797780 12126491 3
5339878 6046031 1
5339878 6563433 1
5339878 6732957 1
5339878 6735900 1
5339878 6887968 1
5339878 6892171 1
5339878 7081319 1
5339878 7254972 1
5339878 7518540 1
5339878 7561950 1
5339878 7832693 1
5339878 8399416 1
5339878 8816016 1
5339878 8876759 1
5339878 8969225 1
5339878 9875353 1
5339878 10049552 1
5339878 10801297 1
5339878 10885201 1
5339878 10889422 1
5339878 10923079 1
5339878 11049378 1
5339878 11125871 1
5339878 11126625 1
5339878 11346723 1
5339878 11388778 1
5339878 11661066 1
5339878 11718743 1
5339878 11995430 1
5339878 12126491 1
6046031 6563433 1
6046031 6732957 1
6046031 6735900 1
6046031 6887968 2
6046031 6892171 1
6046031 7081319 1
6046031 7254972 2
6046031 7518540 2
6046031 7561950 1
6046031 7832693 1
6046031 8399416 1
6046031 8816016 1
6046031 8876759 1
6046031 8969225 1
6046031 9875353 1
6046031 10049552 1
6046031 10801297 1
6046031 10885201 2
6046031 10889422 1
6046031 10923079 2
6046031 11049378 1
6046031 11125871 1
6046031 11126625 2
6046031 11346723 1
6046031 11388778 1
6046031 11661066 2
6046031 11718743 2
6046031 11995430 2
6046031 12126491 2
6563433 6732957 1
6563433 6735900 1
6563433 6887968 8
6563433 6892171 2
6563433 7081319 1
6563433 7254972 7
6563433 7518540 8
6563433 7561950 7
6563433 7832693 2
6563433 8399416 2
6563433 8816016 2
6563433 8876759 1
6563433 8969225 2
6563433 9875353 2
6563433 10049552 1
6563433 10801297 2
6563433 10885201 7
6563433 10889422 5
6563433 10923079 4
6563433 11049378 3
6563433 11125871 2
6563433 11126625 7
6563433 11346723 4
6563433 11388778 4
6563433 11661066 7
6563433 11718743 8
6563433 11995430 4
6563433 12126491 2
6732957 6735900 1
6732957 6887968 1
6732957 6892171 1
6732957 7081319 1
6732957 7254972 1
6732957 7518540 1
6732957 7561950 1
6732957 7832693 1
6732957 8399416 1
6732957 8816016 1
6732957 8876759 1
6732957 8969225 1
6732957 9875353 1
6732957 10049552 1
6732957 10801297 1
6732957 10885201 1
6732957 10889422 1
6732957 10923079 1
6732957 11049378 1
6732957 11125871 1
6732957 11126625 1
6732957 11346723 1
6732957 11388778 1
6732957 11661066 1
6732957 11718743 1
6732957 11995430 1
6732957 12126491 1
6735900 6887968 1
6735900 6892171 1
6735900 7081319 1
6735900 7254972 1
6735900 7518540 1
6735900 7561950 1
6735900 7832693 1
6735900 8399416 1
6735900 8816016 1
6735900 8876759 1
6735900 8969225 1
6735900 9875353 1
6735900 10049552 1
6735900 10801297 1
6735900 10885201 1
6735900 10889422 1
6735900 10923079 1
6735900 11049378 1
6735900 11125871 1
6735900 11126625 1
6735900 11346723 1
6735900 11388778 1
6735900 11661066 1
6735900 11718743 1
6735900 11995430 1
6735900 12126491 1
6887968 6892171 2
6887968 7081319 1
6887968 7254972 9
6887968 7518540 10
6887968 7561950 8
6887968 7832693 2
6887968 8399416 2
6887968 8816016 2
6887968 8876759 1
6887968 8969225 2
6887968 9875353 3
6887968 10049552 1
6887968 10801297 2
6887968 10885201 9
6887968 10889422 5
6887968 10923079 5
6887968 11049378 3
6887968 11125871 2
6887968 11126625 9
6887968 11346723 4
6887968 11388778 4
6887968 11661066 9
6887968 11718743 10
6887968 11995430 5
6887968 12126491 3
6892171 7081319 1
6892171 7254972 2
6892171 7518540 2
6892171 7561950 1
6892171 7832693 2
6892171 8399416 1
6892171 8816016 1
6892171 8876759 1
6892171 8969225 1
6892171 9875353 1
6892171 10049552 1
6892171 10801297 2
6892171 10885201 2
6892171 10889422 1
6892171 10923079 1
6892171 11049378 1
6892171 11125871 1
6892171 11126625 2
6892171 11346723 2
6892171 11388778 2
6892171 11661066 2
6892171 11718743 2
6892171 11995430 2
6892171 12126491 1
7081319 7254972 1
7081319 7518540 1
7081319 7561950 1
7081319 7832693 1
7081319 8399416 1
7081319 8816016 1
7081319 8876759 1
7081319 8969225 1
7081319 9875353 1
7081319 10049552 1
7081319 10801297 1
7081319 10885201 1
7081319 10889422 1
7081319 10923079 1
7081319 11049378 1
7081319 11125871 1
7081319 11126625 1
7081319 11346723 1
7081319 11388778 1
7081319 11661066 1
7081319 11718743 1
7081319 11995430 1
7081319 12126491 1
7254972 7518540 9
7254972 7561950 7
7254972 7832693 2
7254972 8399416 2
7254972 8816016 2
7254972 8876759 1
7254972 8969225 2
7254972 9875353 2
7254972 10049552 1
7254972 10801297 2
7254972 10885201 9
7254972 10889422 4
7254972 10923079 5
7254972 11049378 3
7254972 11125871 2
7254972 11126625 9
7254972 11346723 4
7254972 11388778 4
7254972 11661066 9
7254972 11718743 9
7254972 11995430 5
7254972 12126491 3
7518540 7561950 8
7518540 7832693 2
7518540 8399416 2
7518540 8816016 2
7518540 8876759 1
7518540 8969225 2
7518540 9875353 3
7518540 10049552 1
7518540 10801297 2
7518540 10885201 9
7518540 10889422 5
7518540 10923079 5
7518540 11049378 3
7518540 11125871 2
7518540 11126625 9
7518540 11346723 4
7518540 11388778 4
7518540 11661066 9
7518540 11718743 10
7518540 11995430 5
7518540 12126491 3
7561950 7832693 1
7561950 8399416 2
7561950 8816016 2
7561950 8876759 1
7561950 8969225 2
7561950 9875353 3
7561950 10049552 1
7561950 10801297 1
7561950 10885201 7
7561950 10889422 5
7561950 10923079 4
7561950 11049378 3
7561950 11125871 2
7561950 11126625 7
7561950 11346723 3
7561950 11388778 3
7561950 11661066 7
7561950 11718743 8
7561950 11995430 3
7561950 12126491 2
7832693 8399416 1
7832693 8816016 1
7832693 8876759 1
7832693 8969225 1
7832693 9875353 1
7832693 10049552 1
7832693 10801297 2
7832693 10885201 2
7832693 10889422 1
7832693 10923079 1
7832693 11049378 1
7832693 11125871 1
7832693 11126625 2
7832693 11346723 2
7832693 11388778 2
7832693 11661066 2
7832693 11718743 2
7832693 11995430 2
7832693 12126491 1
8399416 8816016 2
8399416 8876759 1
8399416 8969225 2
8399416 9875353 1
8399416 10049552 1
8399416 10801297 1
8399416 10885201 2
8399416 10889422 2
8399416 10923079 2
8399416 11049378 2
8399416 11125871 1
8399416 11126625 2
8399416 11346723 1
8399416 11388778 1
8399416 11661066 2
8399416 11718743 2
8399416 11995430 2
8399416 12126491 1
8816016 8876759 1
8816016 8969225 2
8816016 9875353 1
8816016 10049552 1
8816016 10801297 1
8816016 10885201 2
8816016 10889422 2
8816016 10923079 2
8816016 11049378 2
8816016 11125871 1
8816016 11126625 2
8816016 11346723 1
8816016 11388778 1
8816016 11661066 2
8816016 11718743 2
8816016 11995430 2
8816016 12126491 1
8876759 8969225 1
8876759 9875353 1
8876759 10049552 1
8876759 10801297 1
8876759 10885201 1
8876759 10889422 1
8876759 10923079 1
8876759 11049378 1
8876759 11125871 1
8876759 11126625 1
8876759 11346723 1
8876759 11388778 1
8876759 11661066 1
8876759 11718743 1
8876759 11995430 1
8876759 12126491 1
8969225 9875353 1
8969225 10049552 1
8969225 10801297 1
8969225 10885201 2
8969225 10889422 2
8969225 10923079 2
8969225 11049378 2
8969225 11125871 1
8969225 11126625 2
8969225 11346723 1
8969225 11388778 1
8969225 11661066 2
8969225 11718743 2
8969225 11995430 2
8969225 12126491 1
9875353 10049552 1
9875353 10801297 1
9875353 10885201 2
9875353 10889422 2
9875353 10923079 1
9875353 11049378 1
9875353 11125871 1
9875353 11126625 2
9875353 11346723 1
9875353 11388778 1
9875353 11661066 2
9875353 11718743 3
9875353 11995430 1
9875353 12126491 1
10049552 10801297 1
10049552 10885201 1
10049552 10889422 1
10049552 10923079 1
10049552 11049378 1
10049552 11125871 1
10049552 11126625 1
10049552 11346723 1
10049552 11388778 1
10049552 11661066 1
10049552 11718743 1
10049552 11995430 1
10049552 12126491 1
10801297 10885201 2
10801297 10889422 1
10801297 10923079 1
10801297 11049378 1
10801297 11125871 1
10801297 11126625 2
10801297 11346723 2
10801297 11388778 2
10801297 11661066 2
10801297 11718743 2
10801297 11995430 2
10801297 12126491 1
10885201 10889422 4
10885201 10923079 5
10885201 11049378 3
10885201 11125871 2
10885201 11126625 9
10885201 11346723 4
10885201 11388778 4
10885201 11661066 9
10885201 11718743 9
10885201 11995430 5
10885201 12126491 3
10889422 10923079 3
10889422 11049378 3
10889422 11125871 2
10889422 11126625 4
10889422 11346723 2
10889422 11388778 2
10889422 11661066 4
10889422 11718743 5
10889422 11995430 2
10889422 12126491 1
10923079 11049378 2
10923079 11125871 1
10923079 11126625 5
10923079 11346723 3
10923079 11388778 1
10923079 11661066 5
10923079 11718743 5
10923079 11995430 3
10923079 12126491 3
11049378 11125871 2
11049378 11126625 3
11049378 11346723 1
11049378 11388778 2
11049378 11661066 3
11049378 11718743 3
11049378 11995430 2
11049378 12126491 1
11125871 11126625 2
11125871 11346723 1
11125871 11388778 2
11125871 11661066 2
11125871 11718743 2
11125871 11995430 1
11125871 12126491 1
11126625 11346723 4
11126625 11388778 4
11126625 11661066 9
11126625 11718743 9
11126625 11995430 5
11126625 12126491 3
11346723 11388778 2
11346723 11661066 4
11346723 11718743 4
11346723 11995430 2
11346723 12126491 2
11388778 11661066 4
11388778 11718743 4
11388778 11995430 3
11388778 12126491 1
11661066 11718743 9
11661066 11995430 5
11661066 12126491 3
11718743 11995430 5
11718743 12126491 3
11995430 12126491 2
3645934 4611397 2
3645934 5612015 4
3645934 8616996 5
3645934 10645845 2
3645934 10829254 1
3645934 12044179 2
3797780 4611397 2
3797780 5612015 5
3797780 8616996 6
3797780 10645845 2
3797780 10829254 1
3797780 12044179 2
4611397 5612015 2
4611397 6563433 2
4611397 6887968 2
4611397 7254972 2
4611397 7518540 2
4611397 7561950 2
4611397 8616996 2
4611397 10645845 1
4611397 10829254 1
4611397 10885201 2
4611397 10889422 2
4611397 10923079 2
4611397 11126625 2
4611397 11346723 1
4611397 11661066 2
4611397 11718743 2
4611397 12044179 1
5612015 6563433 5
5612015 6887968 5
5612015 7254972 5
5612015 7518540 5
5612015 7561950 4
5612015 8616996 4
5612015 10645845 1
5612015 10829254 1
5612015 10885201 5
5612015 10889422 2
5612015 10923079 3
5612015 11126625 5
5612015 11346723 3
5612015 11661066 5
5612015 11718743 5
5612015 12044179 1
6563433 8616996 6
6563433 10645845 2
6563433 10829254 1
6563433 12044179 2
6887968 8616996 6
6887968 10645845 2
6887968 10829254 1
6887968 12044179 2
7254972 8616996 5
7254972 10645845 2
7254972 10829254 1
7254972 12044179 2
7518540 8616996 6
7518540 10645845 2
7518540 10829254 1
7518540 12044179 2
7561950 8616996 5
7561950 10645845 2
7561950 10829254 1
7561950 12044179 2
8616996 10645845 2
8616996 10829254 1
8616996 10885201 5
8616996 10889422 4
8616996 10923079 3
8616996 11126625 5
8616996 11346723 3
8616996 11661066 5
8616996 11718743 6
8616996 12044179 2
10645845 10829254 1
10645845 10885201 2
10645845 10889422 2
10645845 10923079 1
10645845 11126625 2
10645845 11346723 1
10645845 11661066 2
10645845 11718743 2
10645845 12044179 2
10829254 10885201 1
10829254 10889422 1
10829254 10923079 1
10829254 11126625 1
10829254 11346723 1
10829254 11661066 1
10829254 11718743 1
10829254 12044179 1
10885201 12044179 2
10889422 12044179 2
10923079 12044179 1
11126625 12044179 2
11346723 12044179 1
11661066 12044179 2
11718743 12044179 2
3280819 5612015 2
3280819 8616996 2
3280819 10842717 2
3280819 11316951 1
3645934 10842717 2
3645934 11316951 1
3797780 10842717 3
3797780 11316951 1
5612015 10842717 3
5612015 11316951 1
5612015 12126491 1
6563433 10842717 3
6563433 11316951 1
6887968 10842717 3
6887968 11316951 1
7254972 10842717 3
7254972 11316951 1
7518540 10842717 3
7518540 11316951 1
7561950 10842717 3
7561950 11316951 1
8616996 10842717 2
8616996 11316951 1
8616996 12126491 1
10842717 10885201 3
10842717 10923079 2
10842717 11126625 3
10842717 11316951 1
10842717 11346723 1
10842717 11661066 3
10842717 11718743 3
10842717 12126491 1
10885201 11316951 1
10923079 11316951 1
11126625 11316951 1
11316951 11346723 1
11316951 11661066 1
11316951 11718743 1
11316951 12126491 1
3280819 3834492 1
3280819 4143660 1
3280819 9536594 2
3280819 11950795 1
3797780 3834492 1
3797780 4143660 1
3797780 9536594 6
3797780 11950795 1
3834492 4143660 1
3834492 6887968 1
3834492 7254972 1
3834492 7518540 1
3834492 7561950 1
3834492 9536594 1
3834492 9875353 1
3834492 10885201 1
3834492 11126625 1
3834492 11661066 1
3834492 11718743 1
3834492 11950795 1
4143660 6887968 1
4143660 7254972 1
4143660 7518540 1
4143660 7561950 1
4143660 9536594 1
4143660 9875353 1
4143660 10885201 1
4143660 11126625 1
4143660 11661066 1
4143660 11718743 1
4143660 11950795 1
6887968 9536594 6
6887968 11950795 1
7254972 9536594 6
7254972 11950795 1
7518540 9536594 6
7518540 11950795 1
7561950 9536594 4
7561950 11950795 1
9536594 9875353 1
9536594 10885201 6
9536594 11126625 6
9536594 11661066 6
9536594 11718743 6
9536594 11950795 1
9875353 11950795 1
10885201 11950795 1
11126625 11950795 1
11661066 11950795 1
11718743 11950795 1
1856674 2578305 1
1856674 3280819 1
1856674 3645934 1
1856674 3797780 1
1856674 4255908 1
1856674 4611397 1
1856674 5279090 1
1856674 5537523 1
1856674 5612015 1
1856674 6253909 1
1856674 6348970 1
1856674 6563433 1
1856674 6887968 1
1856674 6992271 1
1856674 7254972 1
1856674 7518540 1
1856674 7561950 1
1856674 7635059 1
1856674 8108278 1
1856674 8399416 1
1856674 8616996 1
1856674 8816016 1
1856674 8932979 1
1856674 8969225 1
1856674 9308879 1
1856674 9536594 1
1856674 9891653 1
1856674 10243967 1
1856674 10633612 1
1856674 10842717 1
1856674 10885201 1
1856674 10889422 1
1856674 10904994 1
1856674 10923079 1
1856674 11049378 1
1856674 11126625 1
1856674 11661066 1
1856674 11685804 1
1856674 11718743 1
1856674 11885660 1
1856674 11995430 1
1856674 12181486 1
2578305 3280819 1
2578305 3645934 2
2578305 3797780 2
2578305 4255908 2
2578305 4611397 1
2578305 5279090 1
2578305 5537523 1
2578305 5612015 1
2578305 6253909 1
2578305 6348970 1
2578305 6563433 1
2578305 6887968 2
2578305 6992271 1
2578305 7254972 2
2578305 7518540 2
2578305 7561950 1
2578305 7635059 1
2578305 8108278 1
2578305 8399416 1
2578305 8616996 1
2578305 8816016 1
2578305 8932979 2
2578305 8969225 1
2578305 9308879 1
2578305 9536594 2
2578305 9891653 1
2578305 10243967 1
2578305 10633612 1
2578305 10842717 1
2578305 10885201 2
2578305 10889422 1
2578305 10904994 1
2578305 10923079 2
2578305 11049378 1
2578305 11126625 2
2578305 11661066 2
2578305 11685804 1
2578305 11718743 2
2578305 11885660 2
2578305 11995430 2
2578305 12181486 1
3280819 4255908 1
3280819 4611397 1
3280819 5279090 1
3280819 5537523 1
3280819 6253909 1
3280819 6348970 1
3280819 6992271 1
3280819 7635059 1
3280819 8108278 1
3280819 8932979 1
3280819 9308879 1
3280819 9891653 1
3280819 10243967 1
3280819 10633612 1
3280819 10904994 1
3280819 11685804 1
3280819 11885660 1
3280819 12181486 1
3645934 4255908 3
3645934 5279090 1
3645934 5537523 2
3645934 6253909 1
3645934 6348970 2
3645934 6992271 1
3645934 7635059 1
3645934 8108278 1
3645934 8932979 3
3645934 9308879 2
3645934 9536594 4
3645934 9891653 2
3645934 10243967 2
3645934 10633612 1
3645934 10904994 1
3645934 11685804 1
3645934 11885660 2
3645934 12181486 2
3797780 4255908 5
3797780 5279090 1
3797780 5537523 2
3797780 6253909 1
3797780 6348970 2
3797780 6992271 1
3797780 7635059 1
3797780 8108278 1
3797780 8932979 3
3797780 9308879 2
3797780 9891653 3
3797780 10243967 3
3797780 10633612 1
3797780 10904994 1
3797780 11685804 1
3797780 11885660 3
3797780 12181486 3
4255908 4611397 1
4255908 5279090 1
4255908 5537523 2
4255908 5612015 2
4255908 6253909 1
4255908 6348970 2
4255908 6563433 4
4255908 6887968 5
4255908 6992271 1
4255908 7254972 4
4255908 7518540 5
4255908 7561950 4
4255908 7635059 1
4255908 8108278 1
4255908 8399416 1
4255908 8616996 3
4255908 8816016 1
4255908 8932979 3
4255908 8969225 1
4255908 9308879 2
4255908 9536594 4
4255908 9891653 2
4255908 10243967 3
4255908 10633612 1
4255908 10842717 2
4255908 10885201 4
4255908 10889422 3
4255908 10904994 1
4255908 10923079 2
4255908 11049378 2
4255908 11126625 4
4255908 11661066 4
4255908 11685804 1
4255908 11718743 5
4255908 11885660 3
4255908 11995430 3
4255908 12181486 2
4611397 5279090 1
4611397 5537523 1
4611397 6253909 1
4611397 6348970 1
4611397 6992271 1
4611397 7635059 1
4611397 8108278 1
4611397 8399416 1
4611397 8816016 1
4611397 8932979 1
4611397 8969225 1
4611397 9308879 1
4611397 9536594 1
4611397 9891653 1
4611397 10243967 1
4611397 10633612 1
4611397 10842717 1
4611397 10904994 1
4611397 11049378 1
4611397 11685804 1
4611397 11885660 1
4611397 11995430 1
4611397 12181486 1
5279090 5537523 1
5279090 5612015 1
5279090 6253909 1
5279090 6348970 1
5279090 6563433 1
5279090 6887968 1
5279090 6992271 1
5279090 7254972 1
5279090 7518540 1
5279090 7561950 1
5279090 7635059 1
5279090 8108278 1
5279090 8399416 1
5279090 8616996 1
5279090 8816016 1
5279090 8932979 1
5279090 8969225 1
5279090 9308879 1
5279090 9536594 1
5279090 9891653 1
5279090 10243967 1
5279090 10633612 1
5279090 10842717 1
5279090 10885201 1
5279090 10889422 1
5279090 10904994 1
5279090 10923079 1
5279090 11049378 1
5279090 11126625 1
5279090 11661066 1
5279090 11685804 1
5279090 11718743 1
5279090 11885660 1
5279090 11995430 1
5279090 12181486 1
5537523 5612015 1
5537523 6253909 1
5537523 6348970 2
5537523 6563433 2
5537523 6887968 2
5537523 6992271 1
5537523 7254972 2
5537523 7518540 2
5537523 7561950 2
5537523 7635059 1
5537523 8108278 1
5537523 8399416 1
5537523 8616996 2
5537523 8816016 1
5537523 8932979 2
5537523 8969225 1
5537523 9308879 2
5537523 9536594 2
5537523 9891653 1
5537523 10243967 2
5537523 10633612 1
5537523 10842717 1
5537523 10885201 2
5537523 10889422 2
5537523 10904994 1
5537523 10923079 1
5537523 11049378 2
5537523 11126625 2
5537523 11661066 2
5537523 11685804 1
5537523 11718743 2
5537523 11885660 1
5537523 11995430 1
5537523 12181486 1
5612015 6253909 1
5612015 6348970 1
5612015 6992271 1
5612015 7635059 1
5612015 8108278 1
5612015 8399416 1
5612015 8816016 1
5612015 8932979 1
5612015 8969225 1
5612015 9308879 1
5612015 9536594 3
5612015 9891653 3
5612015 10243967 1
5612015 10633612 1
5612015 10904994 1
5612015 11049378 1
5612015 11685804 1
5612015 11885660 1
5612015 11995430 3
5612015 12181486 3
6253909 6348970 1
6253909 6563433 1
6253909 6887968 1
6253909 6992271 1
6253909 7254972 1
6253909 7518540 1
6253909 7561950 1
6253909 7635059 1
6253909 8108278 1
6253909 8399416 1
6253909 8616996 1
6253909 8816016 1
6253909 8932979 1
6253909 8969225 1
6253909 9308879 1
6253909 9536594 1
6253909 9891653 1
6253909 10243967 1
6253909 10633612 1
6253909 10842717 1
6253909 10885201 1
6253909 10889422 1
6253909 10904994 1
6253909 10923079 1
6253909 11049378 1
6253909 11126625 1
6253909 11661066 1
6253909 11685804 1
6253909 11718743 1
6253909 11885660 1
6253909 11995430 1
6253909 12181486 1
6348970 6563433 2
6348970 6887968 2
6348970 6992271 1
6348970 7254972 2
6348970 7518540 2
6348970 7561950 2
6348970 7635059 1
6348970 8108278 1
6348970 8399416 1
6348970 8616996 2
6348970 8816016 1
6348970 8932979 2
6348970 8969225 1
6348970 9308879 2
6348970 9536594 2
6348970 9891653 1
6348970 10243967 2
6348970 10633612 1
6348970 10842717 1
6348970 10885201 2
6348970 10889422 2
6348970 10904994 1
6348970 10923079 1
6348970 11049378 2
6348970 11126625 2
6348970 11661066 2
6348970 11685804 1
6348970 11718743 2
6348970 11885660 1
6348970 11995430 1
6348970 12181486 1
6563433 6992271 1
6563433 7635059 1
6563433 8108278 1
6563433 8932979 2
6563433 9308879 2
6563433 9536594 4
6563433 9891653 3
6563433 10243967 3
6563433 10633612 1
6563433 10904994 1
6563433 11685804 1
6563433 11885660 2
6563433 12181486 3
6887968 6992271 1
6887968 7635059 1
6887968 8108278 1
6887968 8932979 3
6887968 9308879 2
6887968 9891653 3
6887968 10243967 3
6887968 10633612 1
6887968 10904994 1
6887968 11685804 1
6887968 11885660 3
6887968 12181486 3
6992271 7254972 1
6992271 7518540 1
6992271 7561950 1
6992271 7635059 1
6992271 8108278 1
6992271 8399416 1
6992271 8616996 1
6992271 8816016 1
6992271 8932979 1
6992271 8969225 1
6992271 9308879 1
6992271 9536594 1
6992271 9891653 1
6992271 10243967 1
6992271 10633612 1
6992271 10842717 1
6992271 10885201 1
6992271 10889422 1
6992271 10904994 1
6992271 10923079 1
6992271 11049378 1
6992271 11126625 1
6992271 11661066 1
6992271 11685804 1
6992271 11718743 1
6992271 11885660 1
6992271 11995430 1
6992271 12181486 1
7254972 7635059 1
7254972 8108278 1
7254972 8932979 3
7254972 9308879 2
7254972 9891653 3
7254972 10243967 2
7254972 10633612 1
7254972 10904994 1
7254972 11685804 1
7254972 11885660 2
7254972 12181486 3
7518540 7635059 1
7518540 8108278 1
7518540 8932979 3
7518540 9308879 2
7518540 9891653 3
7518540 10243967 3
7518540 10633612 1
7518540 10904994 1
7518540 11685804 1
7518540 11885660 3
7518540 12181486 3
7561950 7635059 1
7561950 8108278 1
7561950 8932979 2
7561950 9308879 2
7561950 9891653 2
7561950 10243967 3
7561950 10633612 1
7561950 10904994 1
7561950 11685804 1
7561950 11885660 2
7561950 12181486 2
7635059 8108278 1
7635059 8399416 1
7635059 8616996 1
7635059 8816016 1
7635059 8932979 1
7635059 8969225 1
7635059 9308879 1
7635059 9536594 1
7635059 9891653 1
7635059 10243967 1
7635059 10633612 1
7635059 10842717 1
7635059 10885201 1
7635059 10889422 1
7635059 10904994 1
7635059 10923079 1
7635059 11049378 1
7635059 11126625 1
7635059 11661066 1
7635059 11685804 1
7635059 11718743 1
7635059 11885660 1
7635059 11995430 1
7635059 12181486 1
8108278 8399416 1
8108278 8616996 1
8108278 8816016 1
8108278 8932979 1
8108278 8969225 1
8108278 9308879 1
8108278 9536594 1
8108278 9891653 1
8108278 10243967 1
8108278 10633612 1
8108278 10842717 1
8108278 10885201 1
8108278 10889422 1
8108278 10904994 1
8108278 10923079 1
8108278 11049378 1
8108278 11126625 1
8108278 11661066 1
8108278 11685804 1
8108278 11718743 1
8108278 11885660 1
8108278 11995430 1
8108278 12181486 1
8399416 8616996 1
8399416 8932979 1
8399416 9308879 1
8399416 9536594 1
8399416 9891653 1
8399416 10243967 1
8399416 10633612 1
8399416 10842717 1
8399416 10904994 1
8399416 11685804 1
8399416 11885660 1
8399416 12181486 1
8616996 8816016 1
8616996 8932979 2
8616996 8969225 1
8616996 9308879 2
8616996 9536594 3
8616996 9891653 2
8616996 10243967 3
8616996 10633612 1
8616996 10904994 1
8616996 11049378 2
8616996 11685804 1
8616996 11885660 2
8616996 11995430 2
8616996 12181486 2
8816016 8932979 1
8816016 9308879 1
8816016 9536594 1
8816016 9891653 1
8816016 10243967 1
8816016 10633612 1
8816016 10842717 1
8816016 10904994 1
8816016 11685804 1
8816016 11885660 1
8816016 12181486 1
8932979 8969225 1
8932979 9308879 2
8932979 9536594 3
8932979 9891653 1
8932979 10243967 2
8932979 10633612 1
8932979 10842717 1
8932979 10885201 3
8932979 10889422 2
8932979 10904994 1
8932979 10923079 2
8932979 11049378 2
8932979 11126625 3
8932979 11661066 3
8932979 11685804 1
8932979 11718743 3
8932979 11885660 2
8932979 11995430 2
8932979 12181486 1
8969225 9308879 1
8969225 9536594 1
8969225 9891653 1
8969225 10243967 1
8969225 10633612 1
8969225 10842717 1
8969225 10904994 1
8969225 11685804 1
8969225 11885660 1
8969225 12181486 1
9308879 9536594 2
9308879 9891653 1
9308879 10243967 2
9308879 10633612 1
9308879 10842717 1
9308879 10885201 2
9308879 10889422 2
9308879 10904994 1
9308879 10923079 1
9308879 11049378 2
9308879 11126625 2
9308879 11661066 2
9308879 11685804 1
9308879 11718743 2
9308879 11885660 1
9308879 11995430 1
9308879 12181486 1
9536594 9891653 3
9536594 10243967 2
9536594 10633612 1
9536594 10842717 2
9536594 10889422 2
9536594 10904994 1
9536594 10923079 2
9536594 11049378 2
9536594 11685804 1
9536594 11885660 2
9536594 11995430 4
9536594 12181486 3
9891653 10243967 1
9891653 10633612 1
9891653 10842717 2
9891653 10885201 3
9891653 10889422 1
9891653 10904994 1
9891653 10923079 1
9891653 11049378 1
9891653 11126625 3
9891653 11661066 3
9891653 11685804 1
9891653 11718743 3
9891653 11885660 1
9891653 11995430 3
9891653 12181486 3
10243967 10633612 1
10243967 10842717 1
10243967 10885201 2
10243967 10889422 3
10243967 10904994 1
10243967 10923079 1
10243967 11049378 2
10243967 11126625 2
10243967 11661066 2
10243967 11685804 1
10243967 11718743 3
10243967 11885660 2
10243967 11995430 1
10243967 12181486 1
10633612 10842717 1
10633612 10885201 1
10633612 10889422 1
10633612 10904994 1
10633612 10923079 1
10633612 11049378 1
10633612 11126625 1
10633612 11661066 1
10633612 11685804 1
10633612 11718743 1
10633612 11885660 1
10633612 11995430 1
10633612 12181486 1
10842717 10889422 1
10842717 10904994 1
10842717 11049378 1
10842717 11685804 1
10842717 11885660 1
10842717 11995430 2
10842717 12181486 2
10885201 10904994 1
10885201 11685804 1
10885201 11885660 2
10885201 12181486 3
10889422 10904994 1
10889422 11685804 1
10889422 11885660 2
10889422 12181486 1
10904994 10923079 1
10904994 11049378 1
10904994 11126625 1
10904994 11661066 1
10904994 11685804 1
10904994 11718743 1
10904994 11885660 1
10904994 11995430 1
10904994 12181486 1
10923079 11685804 1
10923079 11885660 2
10923079 12181486 1
11049378 11685804 1
11049378 11885660 1
11049378 12181486 1
11126625 11685804 1
11126625 11885660 2
11126625 12181486 3
11661066 11685804 1
11661066 11885660 2
11661066 12181486 3
11685804 11718743 1
11685804 11885660 1
11685804 11995430 1
11685804 12181486 1
11718743 11885660 3
11718743 12181486 3
11885660 11995430 2
11885660 12181486 1
11995430 12181486 3
3797780 4002500 2
3797780 5959468 1
3797780 6056835 1
3797780 7059398 1
3797780 7314776 2
3797780 8213431 1
3797780 8329062 1
4002500 4255908 2
4002500 5959468 1
4002500 6056835 1
4002500 6563433 1
4002500 6887968 2
4002500 7059398 1
4002500 7314776 1
4002500 7518540 2
4002500 7561950 1
4002500 8213431 1
4002500 8329062 1
4002500 8616996 1
4002500 9875353 1
4002500 10243967 1
4002500 10889422 1
4002500 11718743 2
4002500 11885660 2
4255908 5959468 1
4255908 6056835 1
4255908 7059398 1
4255908 7314776 2
4255908 8213431 1
4255908 8329062 1
4255908 9875353 1
5959468 6056835 1
5959468 6563433 1
5959468 6887968 1
5959468 7059398 1
5959468 7314776 1
5959468 7518540 1
5959468 7561950 1
5959468 8213431 1
5959468 8329062 1
5959468 8616996 1
5959468 9875353 1
5959468 10243967 1
5959468 10889422 1
5959468 11718743 1
5959468 11885660 1
6056835 6563433 1
6056835 6887968 1
6056835 7059398 1
6056835 7314776 1
6056835 7518540 1
6056835 7561950 1
6056835 8213431 1
6056835 8329062 1
6056835 8616996 1
6056835 9875353 1
6056835 10243967 1
6056835 10889422 1
6056835 11718743 1
6056835 11885660 1
6563433 7059398 1
6563433 7314776 2
6563433 8213431 1
6563433 8329062 1
6887968 7059398 1
6887968 7314776 2
6887968 8213431 1
6887968 8329062 1
7059398 7314776 1
7059398 7518540 1
7059398 7561950 1
7059398 8213431 1
7059398 8329062 1
7059398 8616996 1
7059398 9875353 1
7059398 10243967 1
7059398 10889422 1
7059398 11718743 1
7059398 11885660 1
7314776 7518540 2
7314776 7561950 2
7314776 8213431 1
7314776 8329062 1
7314776 8616996 1
7314776 9875353 1
7314776 10243967 1
7314776 10889422 1
7314776 11718743 2
7314776 11885660 1
7518540 8213431 1
7518540 8329062 1
7561950 8213431 1
7561950 8329062 1
8213431 8329062 1
8213431 8616996 1
8213431 9875353 1
8213431 10243967 1
8213431 10889422 1
8213431 11718743 1
8213431 11885660 1
8329062 8616996 1
8329062 9875353 1
8329062 10243967 1
8329062 10889422 1
8329062 11718743 1
8329062 11885660 1
8616996 9875353 1
9875353 10243967 1
9875353 11885660 1
3133453 3645934 1
3133453 3797780 1
3133453 3841978 1
3133453 4255908 1
3133453 5456720 1
3133453 5537523 1
3133453 5793948 1
3133453 6348970 1
3133453 6411645 1
3133453 6485829 1
3133453 6563433 1
3133453 6887968 1
3133453 7028648 1
3133453 7254972 1
3133453 7518540 1
3133453 7561950 1
3133453 8327379 1
3133453 8356329 1
3133453 8616996 1
3133453 8717562 1
3133453 8932979 1
3133453 8938409 1
3133453 9246443 1
3133453 9308879 1
3133453 9536594 1
3133453 9799197 1
3133453 10105836 1
3133453 10164781 1
3133453 10243967 1
3133453 10245234 1
3133453 10268666 1
3133453 10269749 1
3133453 10317253 1
3133453 10645845 1
3133453 10766162 1
3133453 10808333 1
3133453 10885201 1
3133453 10889422 1
3133453 11013834 1
3133453 11049378 1
3133453 11125871 1
3133453 11126625 1
3133453 11388778 1
3133453 11661066 1
3133453 11718743 1
3133453 12044179 1
3133453 12056902 1
3133453 12157390 1
3645934 3841978 1
3645934 5456720 1
3645934 5793948 1
3645934 6411645 1
3645934 6485829 1
3645934 7028648 2
3645934 8327379 1
3645934 8356329 1
3645934 8717562 1
3645934 8938409 1
3645934 9246443 1
3645934 9799197 1
3645934 10105836 1
3645934 10164781 2
3645934 10245234 1
3645934 10268666 2
3645934 10269749 1
3645934 10317253 1
3645934 10766162 1
3645934 10808333 1
3645934 11013834 1
3645934 12056902 2
3645934 12157390 1
3797780 3841978 1
3797780 5456720 1
3797780 5793948 1
3797780 6411645 1
3797780 6485829 1
3797780 7028648 3
3797780 8327379 1
3797780 8356329 1
3797780 8717562 1
3797780 8938409 1
3797780 9246443 1
3797780 9799197 1
3797780 10105836 1
3797780 10164781 2
3797780 10245234 1
3797780 10268666 3
3797780 10269749 1
3797780 10317253 1
3797780 10766162 1
3797780 10808333 1
3797780 11013834 1
3797780 12056902 2
3797780 12157390 1
3841978 4255908 1
3841978 5456720 1
3841978 5537523 1
3841978 5793948 1
3841978 6348970 1
3841978 6411645 1
3841978 6485829 1
3841978 6563433 1
3841978 6887968 1
3841978 7028648 1
3841978 7254972 1
3841978 7518540 1
3841978 7561950 1
3841978 8327379 1
3841978 8356329 1
3841978 8616996 1
3841978 8717562 1
3841978 8932979 1
3841978 8938409 1
3841978 9246443 1
3841978 9308879 1
3841978 9536594 1
3841978 9799197 1
3841978 10105836 1
3841978 10164781 1
3841978 10243967 1
3841978 10245234 1
3841978 10268666 1
3841978 10269749 1
3841978 10317253 1
3841978 10645845 1
3841978 10766162 1
3841978 10808333 1
3841978 10885201 1
3841978 10889422 1
3841978 11013834 1
3841978 11049378 1
3841978 11125871 1
3841978 11126625 1
3841978 11388778 1
3841978 11661066 1
3841978 11718743 1
3841978 12044179 1
3841978 12056902 1
3841978 12157390 1
4255908 5456720 1
4255908 5793948 1
4255908 6411645 1
4255908 6485829 1
4255908 7028648 2
4255908 8327379 1
4255908 8356329 1
4255908 8717562 1
4255908 8938409 1
4255908 9246443 1
4255908 9799197 1
4255908 10105836 1
4255908 10164781 1
4255908 10245234 1
4255908 10268666 2
4255908 10269749 1
4255908 10317253 1
4255908 10645845 1
4255908 10766162 1
4255908 10808333 1
4255908 11013834 1
4255908 11125871 1
4255908 11388778 2
4255908 12044179 1
4255908 12056902 2
4255908 12157390 1
5456720 5537523 1
5456720 5793948 1
5456720 6348970 1
5456720 6411645 1
5456720 6485829 1
5456720 6563433 1
5456720 6887968 1
5456720 7028648 1
5456720 7254972 1
5456720 7518540 1
5456720 7561950 1
5456720 8327379 1
5456720 8356329 1
5456720 8616996 1
5456720 8717562 1
5456720 8932979 1
5456720 8938409 1
5456720 9246443 1
5456720 9308879 1
5456720 9536594 1
5456720 9799197 1
5456720 10105836 1
5456720 10164781 1
5456720 10243967 1
5456720 10245234 1
5456720 10268666 1
5456720 10269749 1
5456720 10317253 1
5456720 10645845 1
5456720 10766162 1
5456720 10808333 1
5456720 10885201 1
5456720 10889422 1
5456720 11013834 1
5456720 11049378 1
5456720 11125871 1
5456720 11126625 1
5456720 11388778 1
5456720 11661066 1
5456720 11718743 1
5456720 12044179 1
5456720 12056902 1
5456720 12157390 1
5537523 5793948 1
5537523 6411645 1
5537523 6485829 1
5537523 7028648 1
5537523 8327379 1
5537523 8356329 1
5537523 8717562 1
5537523 8938409 1
5537523 9246443 1
5537523 9799197 1
5537523 10105836 1
5537523 10164781 1
5537523 10245234 1
5537523 10268666 1
5537523 10269749 1
5537523 10317253 1
5537523 10645845 1
5537523 10766162 1
5537523 10808333 1
5537523 11013834 1
5537523 11125871 1
5537523 11388778 1
5537523 12044179 1
5537523 12056902 1
5537523 12157390 1
5793948 6348970 1
5793948 6411645 1
5793948 6485829 1
5793948 6563433 1
5793948 6887968 1
5793948 7028648 1
5793948 7254972 1
5793948 7518540 1
5793948 7561950 1
5793948 8327379 1
5793948 8356329 1
5793948 8616996 1
5793948 8717562 1
5793948 8932979 1
5793948 8938409 1
5793948 9246443 1
5793948 9308879 1
5793948 9536594 1
5793948 9799197 1
5793948 10105836 1
5793948 10164781 1
5793948 10243967 1
5793948 10245234 1
5793948 10268666 1
5793948 10269749 1
5793948 10317253 1
5793948 10645845 1
5793948 10766162 1
5793948 10808333 1
5793948 10885201 1
5793948 10889422 1
5793948 11013834 1
5793948 11049378 1
5793948 11125871 1
5793948 11126625 1
5793948 11388778 1
5793948 11661066 1
5793948 11718743 1
5793948 12044179 1
5793948 12056902 1
5793948 12157390 1
6348970 6411645 1
6348970 6485829 1
6348970 7028648 1
6348970 8327379 1
6348970 8356329 1
6348970 8717562 1
6348970 8938409 1
6348970 9246443 1
6348970 9799197 1
6348970 10105836 1
6348970 10164781 1
6348970 10245234 1
6348970 10268666 1
6348970 10269749 1
6348970 10317253 1
6348970 10645845 1
6348970 10766162 1
6348970 10808333 1
6348970 11013834 1
6348970 11125871 1
6348970 11388778 1
6348970 12044179 1
6348970 12056902 1
6348970 12157390 1
6411645 6485829 1
6411645 6563433 1
6411645 6887968 1
6411645 7028648 1
6411645 7254972 1
6411645 7518540 1
6411645 7561950 1
6411645 8327379 1
6411645 8356329 1
6411645 8616996 1
6411645 8717562 1
6411645 8932979 1
6411645 8938409 1
6411645 9246443 1
6411645 9308879 1
6411645 9536594 1
6411645 9799197 1
6411645 10105836 1
6411645 10164781 1
6411645 10243967 1
6411645 10245234 1
6411645 10268666 1
6411645 10269749 1
6411645 10317253 1
6411645 10645845 1
6411645 10766162 1
6411645 10808333 1
6411645 10885201 1
6411645 10889422 1
6411645 11013834 1
6411645 11049378 1
6411645 11125871 1
6411645 11126625 1
6411645 11388778 1
6411645 11661066 1
6411645 11718743 1
6411645 12044179 1
6411645 12056902 1
6411645 12157390 1
6485829 6563433 1
6485829 6887968 1
6485829 7028648 1
6485829 7254972 1
6485829 7518540 1
6485829 7561950 1
6485829 8327379 1
6485829 8356329 1
6485829 8616996 1
6485829 8717562 1
6485829 8932979 1
6485829 8938409 1
6485829 9246443 1
6485829 9308879 1
6485829 9536594 1
6485829 9799197 1
6485829 10105836 1
6485829 10164781 1
6485829 10243967 1
6485829 10245234 1
6485829 10268666 1
6485829 10269749 1
6485829 10317253 1
6485829 10645845 1
6485829 10766162 1
6485829 10808333 1
6485829 10885201 1
6485829 10889422 1
6485829 11013834 1
6485829 11049378 1
6485829 11125871 1
6485829 11126625 1
6485829 11388778 1
6485829 11661066 1
6485829 11718743 1
6485829 12044179 1
6485829 12056902 1
6485829 12157390 1
6563433 7028648 3
6563433 8327379 1
6563433 8356329 1
6563433 8717562 1
6563433 8938409 1
6563433 9246443 1
6563433 9799197 1
6563433 10105836 1
6563433 10164781 2
6563433 10245234 1
6563433 10268666 3
6563433 10269749 1
6563433 10317253 1
6563433 10766162 1
6563433 10808333 1
6563433 11013834 1
6563433 12056902 1
6563433 12157390 1
6887968 7028648 3
6887968 8327379 1
6887968 8356329 1
6887968 8717562 1
6887968 8938409 1
6887968 9246443 1
6887968 9799197 1
6887968 10105836 1
6887968 10164781 2
6887968 10245234 1
6887968 10268666 3
6887968 10269749 1
6887968 10317253 1
6887968 10766162 1
6887968 10808333 1
6887968 11013834 1
6887968 12056902 2
6887968 12157390 1
7028648 7254972 3
7028648 7518540 3
7028648 7561950 2
7028648 8327379 1
7028648 8356329 1
7028648 8616996 2
7028648 8717562 1
7028648 8932979 1
7028648 8938409 1
7028648 9246443 1
7028648 9308879 1
7028648 9536594 3
7028648 9799197 1
7028648 10105836 1
7028648 10164781 2
7028648 10243967 1
7028648 10245234 1
7028648 10268666 3
7028648 10269749 1
7028648 10317253 1
7028648 10645845 1
7028648 10766162 1
7028648 10808333 1
7028648 10885201 3
7028648 10889422 1
7028648 11013834 1
7028648 11049378 1
7028648 11125871 1
7028648 11126625 3
7028648 11388778 3
7028648 11661066 3
7028648 11718743 3
7028648 12044179 1
7028648 12056902 1
7028648 12157390 1
7254972 8327379 1
7254972 8356329 1
7254972 8717562 1
7254972 8938409 1
7254972 9246443 1
7254972 9799197 1
7254972 10105836 1
7254972 10164781 2
7254972 10245234 1
7254972 10268666 3
7254972 10269749 1
7254972 10317253 1
7254972 10766162 1
7254972 10808333 1
7254972 11013834 1
7254972 12056902 2
7254972 12157390 1
7518540 8327379 1
7518540 8356329 1
7518540 8717562 1
7518540 8938409 1
7518540 9246443 1
7518540 9799197 1
7518540 10105836 1
7518540 10164781 2
7518540 10245234 1
7518540 10268666 3
7518540 10269749 1
7518540 10317253 1
7518540 10766162 1
7518540 10808333 1
7518540 11013834 1
7518540 12056902 2
7518540 12157390 1
7561950 8327379 1
7561950 8356329 1
7561950 8717562 1
7561950 8938409 1
7561950 9246443 1
7561950 9799197 1
7561950 10105836 1
7561950 10164781 1
7561950 10245234 1
7561950 10268666 2
7561950 10269749 1
7561950 10317253 1
7561950 10766162 1
7561950 10808333 1
7561950 11013834 1
7561950 12056902 1
7561950 12157390 1
8327379 8356329 1
8327379 8616996 1
8327379 8717562 1
8327379 8932979 1
8327379 8938409 1
8327379 9246443 1
8327379 9308879 1
8327379 9536594 1
8327379 9799197 1
8327379 10105836 1
8327379 10164781 1
8327379 10243967 1
8327379 10245234 1
8327379 10268666 1
8327379 10269749 1
8327379 10317253 1
8327379 10645845 1
8327379 10766162 1
8327379 10808333 1
8327379 10885201 1
8327379 10889422 1
8327379 11013834 1
8327379 11049378 1
8327379 11125871 1
8327379 11126625 1
8327379 11388778 1
8327379 11661066 1
8327379 11718743 1
8327379 12044179 1
8327379 12056902 1
8327379 12157390 1
8356329 8616996 1
8356329 8717562 1
8356329 8932979 1
8356329 8938409 1
8356329 9246443 1
8356329 9308879 1
8356329 9536594 1
8356329 9799197 1
8356329 10105836 1
8356329 10164781 1
8356329 10243967 1
8356329 10245234 1
8356329 10268666 1
8356329 10269749 1
8356329 10317253 1
8356329 10645845 1
8356329 10766162 1
8356329 10808333 1
8356329 10885201 1
8356329 10889422 1
8356329 11013834 1
8356329 11049378 1
8356329 11125871 1
8356329 11126625 1
8356329 11388778 1
8356329 11661066 1
8356329 11718743 1
8356329 12044179 1
8356329 12056902 1
8356329 12157390 1
8616996 8717562 1
8616996 8938409 1
8616996 9246443 1
8616996 9799197 1
8616996 10105836 1
8616996 10164781 2
8616996 10245234 1
8616996 10268666 2
8616996 10269749 1
8616996 10317253 1
8616996 10766162 1
8616996 10808333 1
8616996 11013834 1
8616996 11125871 1
8616996 11388778 2
8616996 12056902 1
8616996 12157390 1
8717562 8932979 1
8717562 8938409 1
8717562 9246443 1
8717562 9308879 1
8717562 9536594 1
8717562 9799197 1
8717562 10105836 1
8717562 10164781 1
8717562 10243967 1
8717562 10245234 1
8717562 10268666 1
8717562 10269749 1
8717562 10317253 1
8717562 10645845 1
8717562 10766162 1
8717562 10808333 1
8717562 10885201 1
8717562 10889422 1
8717562 11013834 1
8717562 11049378 1
8717562 11125871 1
8717562 11126625 1
8717562 11388778 1
8717562 11661066 1
8717562 11718743 1
8717562 12044179 1
8717562 12056902 1
8717562 12157390 1
8932979 8938409 1
8932979 9246443 1
8932979 9799197 1
8932979 10105836 1
8932979 10164781 1
8932979 10245234 1
8932979 10268666 1
8932979 10269749 1
8932979 10317253 1
8932979 10645845 1
8932979 10766162 1
8932979 10808333 1
8932979 11013834 1
8932979 11125871 1
8932979 11388778 1
8932979 12044179 1
8932979 12056902 2
8932979 12157390 1
8938409 9246443 1
8938409 9308879 1
8938409 9536594 1
8938409 9799197 1
8938409 10105836 1
8938409 10164781 1
8938409 10243967 1
8938409 10245234 1
8938409 10268666 1
8938409 10269749 1
8938409 10317253 1
8938409 10645845 1
8938409 10766162 1
8938409 10808333 1
8938409 10885201 1
8938409 10889422 1
8938409 11013834 1
8938409 11049378 1
8938409 11125871 1
8938409 11126625 1
8938409 11388778 1
8938409 11661066 1
8938409 11718743 1
8938409 12044179 1
8938409 12056902 1
8938409 12157390 1
9246443 9308879 1
9246443 9536594 1
9246443 9799197 1
9246443 10105836 1
9246443 10164781 1
9246443 10243967 1
9246443 10245234 1
9246443 10268666 1
9246443 10269749 1
9246443 10317253 1
9246443 10645845 1
9246443 10766162 1
9246443 10808333 1
9246443 10885201 1
9246443 10889422 1
9246443 11013834 1
9246443 11049378 1
9246443 11125871 1
9246443 11126625 1
9246443 11388778 1
9246443 11661066 1
9246443 11718743 1
9246443 12044179 1
9246443 12056902 1
9246443 12157390 1
9308879 9799197 1
9308879 10105836 1
9308879 10164781 1
9308879 10245234 1
9308879 10268666 1
9308879 10269749 1
9308879 10317253 1
9308879 10645845 1
9308879 10766162 1
9308879 10808333 1
9308879 11013834 1
9308879 11125871 1
9308879 11388778 1
9308879 12044179 1
9308879 12056902 1
9308879 12157390 1
9536594 9799197 1
9536594 10105836 1
9536594 10164781 2
9536594 10245234 1
9536594 10268666 3
9536594 10269749 1
9536594 10317253 1
9536594 10645845 1
9536594 10766162 1
9536594 10808333 1
9536594 11013834 1
9536594 11125871 1
9536594 11388778 3
9536594 12044179 1
9536594 12056902 2
9536594 12157390 1
9799197 10105836 1
9799197 10164781 1
9799197 10243967 1
9799197 10245234 1
9799197 10268666 1
9799197 10269749 1
9799197 10317253 1
9799197 10645845 1
9799197 10766162 1
9799197 10808333 1
9799197 10885201 1
9799197 10889422 1
9799197 11013834 1
9799197 11049378 1
9799197 11125871 1
9799197 11126625 1
9799197 11388778 1
9799197 11661066 1
9799197 11718743 1
9799197 12044179 1
9799197 12056902 1
9799197 12157390 1
10105836 10164781 1
10105836 10243967 1
10105836 10245234 1
10105836 10268666 1
10105836 10269749 1
10105836 10317253 1
10105836 10645845 1
10105836 10766162 1
10105836 10808333 1
10105836 10885201 1
10105836 10889422 1
10105836 11013834 1
10105836 11049378 1
10105836 11125871 1
10105836 11126625 1
10105836 11388778 1
10105836 11661066 1
10105836 11718743 1
10105836 12044179 1
10105836 12056902 1
10105836 12157390 1
10164781 10243967 1
10164781 10245234 1
10164781 10268666 2
10164781 10269749 1
10164781 10317253 1
10164781 10645845 1
10164781 10766162 1
10164781 10808333 1
10164781 10885201 2
10164781 10889422 1
10164781 11013834 1
10164781 11049378 1
10164781 11125871 1
10164781 11126625 2
10164781 11388778 2
10164781 11661066 2
10164781 11718743 2
10164781 12044179 1
10164781 12056902 1
10164781 12157390 1
10243967 10245234 1
10243967 10268666 1
10243967 10269749 1
10243967 10317253 1
10243967 10645845 1
10243967 10766162 1
10243967 10808333 1
10243967 11013834 1
10243967 11125871 1
10243967 11388778 1
10243967 12044179 1
10243967 12056902 1
10243967 12157390 1
10245234 10268666 1
10245234 10269749 1
10245234 10317253 1
10245234 10645845 1
10245234 10766162 1
10245234 10808333 1
10245234 10885201 1
10245234 10889422 1
10245234 11013834 1
10245234 11049378 1
10245234 11125871 1
10245234 11126625 1
10245234 11388778 1
10245234 11661066 1
10245234 11718743 1
10245234 12044179 1
10245234 12056902 1
10245234 12157390 1
10268666 10269749 1
10268666 10317253 1
10268666 10645845 1
10268666 10766162 1
10268666 10808333 1
10268666 10885201 3
10268666 10889422 1
10268666 11013834 1
10268666 11049378 1
10268666 11125871 1
10268666 11126625 3
10268666 11388778 3
10268666 11661066 3
10268666 11718743 3
10268666 12044179 1
10268666 12056902 1
10268666 12157390 1
10269749 10317253 1
10269749 10645845 1
10269749 10766162 1
10269749 10808333 1
10269749 10885201 1
10269749 10889422 1
10269749 11013834 1
10269749 11049378 1
10269749 11125871 1
10269749 11126625 1
10269749 11388778 1
10269749 11661066 1
10269749 11718743 1
10269749 12044179 1
10269749 12056902 1
10269749 12157390 1
10317253 10645845 1
10317253 10766162 1
10317253 10808333 1
10317253 10885201 1
10317253 10889422 1
10317253 11013834 1
10317253 11049378 1
10317253 11125871 1
10317253 11126625 1
10317253 11388778 1
10317253 11661066 1
10317253 11718743 1
10317253 12044179 1
10317253 12056902 1
10317253 12157390 1
10645845 10766162 1
10645845 10808333 1
10645845 11013834 1
10645845 11049378 1
10645845 11125871 1
10645845 11388778 1
10645845 12056902 1
10645845 12157390 1
10766162 10808333 1
10766162 10885201 1
10766162 10889422 1
10766162 11013834 1
10766162 11049378 1
10766162 11125871 1
10766162 11126625 1
10766162 11388778 1
10766162 11661066 1
10766162 11718743 1
10766162 12044179 1
10766162 12056902 1
10766162 12157390 1
10808333 10885201 1
10808333 10889422 1
10808333 11013834 1
10808333 11049378 1
10808333 11125871 1
10808333 11126625 1
10808333 11388778 1
10808333 11661066 1
10808333 11718743 1
10808333 12044179 1
10808333 12056902 1
10808333 12157390 1
10885201 11013834 1
10885201 12056902 2
10885201 12157390 1
10889422 11013834 1
10889422 12056902 1
10889422 12157390 1
11013834 11049378 1
11013834 11125871 1
11013834 11126625 1
11013834 11388778 1
11013834 11661066 1
11013834 11718743 1
11013834 12044179 1
11013834 12056902 1
11013834 12157390 1
11049378 12044179 1
11049378 12056902 1
11049378 12157390 1
11125871 12044179 1
11125871 12056902 1
11125871 12157390 1
11126625 12056902 2
11126625 12157390 1
11388778 12044179 1
11388778 12056902 1
11388778 12157390 1
11661066 12056902 2
11661066 12157390 1
11718743 12056902 2
11718743 12157390 1
12044179 12056902 1
12044179 12157390 1
12056902 12157390 1
1302957 2578305 1
1302957 3645934 1
1302957 3678841 1
1302957 3797780 1
1302957 4002500 1
1302957 4255908 1
1302957 4885240 1
1302957 5054214 1
1302957 6046031 1
1302957 6220603 1
1302957 6887968 1
1302957 7254972 1
1302957 7518540 1
1302957 7985168 1
1302957 8434420 1
1302957 8932979 1
1302957 9536594 1
1302957 10474137 1
1302957 10885201 1
1302957 10923079 1
1302957 11126625 1
1302957 11291198 1
1302957 11661066 1
1302957 11718743 1
1302957 11885660 1
1302957 11995430 1
1302957 12056902 1
1302957 12126491 1
2578305 3678841 1
2578305 4002500 1
2578305 4885240 1
2578305 5054214 1
2578305 6046031 1
2578305 6220603 1
2578305 7985168 1
2578305 8434420 1
2578305 10474137 1
2578305 11291198 1
2578305 12056902 1
2578305 12126491 1
3645934 3678841 1
3645934 4002500 1
3645934 4885240 1
3645934 5054214 1
3645934 6220603 1
3645934 7985168 1
3645934 8434420 1
3645934 10474137 1
3645934 11291198 1
3678841 3797780 1
3678841 4002500 1
3678841 4255908 1
3678841 4885240 1
3678841 5054214 1
3678841 6046031 1
3678841 6220603 1
3678841 6887968 1
3678841 7254972 1
3678841 7518540 1
3678841 7985168 1
3678841 8434420 1
3678841 8932979 1
3678841 9536594 1
3678841 10474137 1
3678841 10885201 1
3678841 10923079 1
3678841 11126625 1
3678841 11291198 1
3678841 11661066 1
3678841 11718743 1
3678841 11885660 1
3678841 11995430 1
3678841 12056902 1
3678841 12126491 1
3797780 4885240 1
3797780 5054214 1
3797780 6220603 1
3797780 7985168 1
3797780 8434420 1
3797780 10474137 1
3797780 11291198 2
4002500 4885240 1
4002500 5054214 1
4002500 6046031 1
4002500 6220603 1
4002500 7254972 1
4002500 7985168 1
4002500 8434420 1
4002500 8932979 1
4002500 9536594 1
4002500 10474137 1
4002500 10885201 1
4002500 10923079 1
4002500 11126625 1
4002500 11291198 1
4002500 11661066 1
4002500 11995430 1
4002500 12056902 1
4002500 12126491 1
4255908 4885240 1
4255908 5054214 1
4255908 6046031 1
4255908 6220603 1
4255908 7985168 1
4255908 8434420 1
4255908 10474137 1
4255908 11291198 2
4255908 12126491 1
4885240 5054214 1
4885240 6046031 1
4885240 6220603 1
4885240 6887968 1
4885240 7254972 1
4885240 7518540 1
4885240 7985168 1
4885240 8434420 1
4885240 8932979 1
4885240 9536594 1
4885240 10474137 1
4885240 10885201 1
4885240 10923079 1
4885240 11126625 1
4885240 11291198 1
4885240 11661066 1
4885240 11718743 1
4885240 11885660 1
4885240 11995430 1
4885240 12056902 1
4885240 12126491 1
5054214 6046031 1
5054214 6220603 1
5054214 6887968 1
5054214 7254972 1
5054214 7518540 1
5054214 7985168 1
5054214 8434420 1
5054214 8932979 1
5054214 9536594 1
5054214 10474137 1
5054214 10885201 1
5054214 10923079 1
5054214 11126625 1
5054214 11291198 1
5054214 11661066 1
5054214 11718743 1
5054214 11885660 1
5054214 11995430 1
5054214 12056902 1
5054214 12126491 1
6046031 6220603 1
6046031 7985168 1
6046031 8434420 1
6046031 8932979 1
6046031 9536594 1
6046031 10474137 1
6046031 11291198 1
6046031 11885660 1
6046031 12056902 1
6220603 6887968 1
6220603 7254972 1
6220603 7518540 1
6220603 7985168 1
6220603 8434420 1
6220603 8932979 1
6220603 9536594 1
6220603 10474137 1
6220603 10885201 1
6220603 10923079 1
6220603 11126625 1
6220603 11291198 1
6220603 11661066 1
6220603 11718743 1
6220603 11885660 1
6220603 11995430 1
6220603 12056902 1
6220603 12126491 1
6887968 7985168 1
6887968 8434420 1
6887968 10474137 1
6887968 11291198 2
7254972 7985168 1
7254972 8434420 1
7254972 10474137 1
7254972 11291198 2
7518540 7985168 1
7518540 8434420 1
7518540 10474137 1
7518540 11291198 2
7985168 8434420 1
7985168 8932979 1
7985168 9536594 1
7985168 10474137 1
7985168 10885201 1
7985168 10923079 1
7985168 11126625 1
7985168 11291198 1
7985168 11661066 1
7985168 11718743 1
7985168 11885660 1
7985168 11995430 1
7985168 12056902 1
7985168 12126491 1
8434420 8932979 1
8434420 9536594 1
8434420 10474137 1
8434420 10885201 1
8434420 10923079 1
8434420 11126625 1
8434420 11291198 1
8434420 11661066 1
8434420 11718743 1
8434420 11885660 1
8434420 11995430 1
8434420 12056902 1
8434420 12126491 1
8932979 10474137 1
8932979 11291198 1
8932979 12126491 1
9536594 10474137 1
9536594 11291198 2
9536594 12126491 1
10474137 10885201 1
10474137 10923079 1
10474137 11126625 1
10474137 11291198 1
10474137 11661066 1
10474137 11718743 1
10474137 11885660 1
10474137 11995430 1
10474137 12056902 1
10474137 12126491 1
10885201 11291198 2
10923079 11291198 1
10923079 12056902 1
11126625 11291198 2
11291198 11661066 2
11291198 11718743 2
11291198 11885660 1
11291198 11995430 2
11291198 12056902 1
11291198 12126491 1
11885660 12056902 1
11885660 12126491 1
11995430 12056902 1
12056902 12126491 1
3645934 4061507 1
3645934 7787325 1
3645934 9231217 1
3645934 9572139 1
3645934 10634246 1
3645934 11054957 1
3645934 12188118 1
3645934 12307047 1
3797780 4061507 1
3797780 7787325 1
3797780 9231217 1
3797780 9572139 1
3797780 10634246 2
3797780 11054957 1
3797780 12188118 1
3797780 12307047 2
4061507 5612015 1
4061507 6563433 1
4061507 6887968 1
4061507 6892171 1
4061507 7028648 1
4061507 7254972 1
4061507 7518540 1
4061507 7787325 1
4061507 7832693 1
4061507 8616996 1
4061507 9231217 1
4061507 9536594 1
4061507 9572139 1
4061507 9891653 1
4061507 10164781 1
4061507 10268666 1
4061507 10634246 1
4061507 10801297 1
4061507 10885201 1
4061507 11054957 1
4061507 11126625 1
4061507 11346723 1
4061507 11388778 1
4061507 11661066 1
4061507 11718743 1
4061507 11995430 1
4061507 12181486 1
4061507 12188118 1
4061507 12307047 1
5612015 6892171 1
5612015 7028648 2
5612015 7787325 1
5612015 7832693 1
5612015 9231217 1
5612015 9572139 1
5612015 10164781 1
5612015 10268666 2
5612015 10634246 2
5612015 10801297 1
5612015 11054957 1
5612015 11388778 2
5612015 12188118 1
5612015 12307047 2
6563433 7787325 1
6563433 9231217 1
6563433 9572139 1
6563433 10634246 2
6563433 11054957 1
6563433 12188118 1
6563433 12307047 2
6887968 7787325 1
6887968 9231217 1
6887968 9572139 1
6887968 10634246 2
6887968 11054957 1
6887968 12188118 1
6887968 12307047 2
6892171 7028648 1
6892171 7787325 1
6892171 8616996 1
6892171 9231217 1
6892171 9536594 1
6892171 9572139 1
6892171 9891653 1
6892171 10164781 1
6892171 10268666 1
6892171 10634246 1
6892171 11054957 1
6892171 12181486 1
6892171 12188118 1
6892171 12307047 1
7028648 7787325 1
7028648 7832693 1
7028648 9231217 1
7028648 9572139 1
7028648 9891653 2
7028648 10634246 2
7028648 10801297 1
7028648 11054957 1
7028648 11346723 1
7028648 11995430 2
7028648 12181486 2
7028648 12188118 1
7028648 12307047 2
7254972 7787325 1
7254972 9231217 1
7254972 9572139 1
7254972 10634246 2
7254972 11054957 1
7254972 12188118 1
7254972 12307047 2
7518540 7787325 1
7518540 9231217 1
7518540 9572139 1
7518540 10634246 2
7518540 11054957 1
7518540 12188118 1
7518540 12307047 2
7787325 7832693 1
7787325 8616996 1
7787325 9231217 1
7787325 9536594 1
7787325 9572139 1
7787325 9891653 1
7787325 10164781 1
7787325 10268666 1
7787325 10634246 1
7787325 10801297 1
7787325 10885201 1
7787325 11054957 1
7787325 11126625 1
7787325 11346723 1
7787325 11388778 1
7787325 11661066 1
7787325 11718743 1
7787325 11995430 1
7787325 12181486 1
7787325 12188118 1
7787325 12307047 1
7832693 8616996 1
7832693 9231217 1
7832693 9536594 1
7832693 9572139 1
7832693 9891653 1
7832693 10164781 1
7832693 10268666 1
7832693 10634246 1
7832693 11054957 1
7832693 12181486 1
7832693 12188118 1
7832693 12307047 1
8616996 9231217 1
8616996 9572139 1
8616996 10634246 1
8616996 10801297 1
8616996 11054957 1
8616996 12188118 1
8616996 12307047 1
9231217 9536594 1
9231217 9572139 1
9231217 9891653 1
9231217 10164781 1
9231217 10268666 1
9231217 10634246 1
9231217 10801297 1
9231217 10885201 1
9231217 11054957 1
9231217 11126625 1
9231217 11346723 1
9231217 11388778 1
9231217 11661066 1
9231217 11718743 1
9231217 11995430 1
9231217 12181486 1
9231217 12188118 1
9231217 12307047 1
9536594 9572139 1
9536594 10634246 2
9536594 10801297 1
9536594 11054957 1
9536594 11346723 1
9536594 12188118 1
9536594 12307047 2
9572139 9891653 1
9572139 10164781 1
9572139 10268666 1
9572139 10634246 1
9572139 10801297 1
9572139 10885201 1
9572139 11054957 1
9572139 11126625 1
9572139 11346723 1
9572139 11388778 1
9572139 11661066 1
9572139 11718743 1
9572139 11995430 1
9572139 12181486 1
9572139 12188118 1
9572139 12307047 1
9891653 10164781 1
9891653 10268666 2
9891653 10634246 2
9891653 10801297 1
9891653 11054957 1
9891653 11346723 1
9891653 11388778 2
9891653 12188118 1
9891653 12307047 2
10164781 10634246 1
10164781 10801297 1
10164781 11054957 1
10164781 11346723 1
10164781 11995430 1
10164781 12181486 1
10164781 12188118 1
10164781 12307047 1
10268666 10634246 2
10268666 10801297 1
10268666 11054957 1
10268666 11346723 1
10268666 11995430 2
10268666 12181486 2
10268666 12188118 1
10268666 12307047 2
10634246 10801297 1
10634246 10885201 2
10634246 11054957 1
10634246 11126625 2
10634246 11346723 1
10634246 11388778 2
10634246 11661066 2
10634246 11718743 2
10634246 11995430 2
10634246 12181486 2
10634246 12188118 1
10634246 12307047 2
10801297 11054957 1
10801297 12181486 1
10801297 12188118 1
10801297 12307047 1
10885201 11054957 1
10885201 12188118 1
10885201 12307047 2
11054957 11126625 1
11054957 11346723 1
11054957 11388778 1
11054957 11661066 1
11054957 11718743 1
11054957 11995430 1
11054957 12181486 1
11054957 12188118 1
11054957 12307047 1
11126625 12188118 1
11126625 12307047 2
11346723 12181486 1
11346723 12188118 1
11346723 12307047 1
11388778 12181486 2
11388778 12188118 1
11388778 12307047 2
11661066 12188118 1
11661066 12307047 2
11718743 12188118 1
11718743 12307047 2
11995430 12188118 1
11995430 12307047 2
12181486 12188118 1
12181486 12307047 2
12188118 12307047 1
3797780 4459311 1
3797780 5715852 1
3797780 6804925 1
3797780 8493248 1
3797780 10121663 1
4255908 4459311 1
4255908 5715852 1
4255908 6804925 1
4255908 8493248 1
4255908 10121663 1
4255908 10634246 1
4255908 12307047 1
4459311 5612015 1
4459311 5715852 1
4459311 6563433 1
4459311 6804925 1
4459311 6887968 1
4459311 7028648 1
4459311 7254972 1
4459311 7314776 1
4459311 7518540 1
4459311 7561950 1
4459311 8493248 1
4459311 9536594 1
4459311 9891653 1
4459311 10121663 1
4459311 10268666 1
4459311 10634246 1
4459311 10842717 1
4459311 10885201 1
4459311 11126625 1
4459311 11291198 1
4459311 11388778 1
4459311 11661066 1
4459311 11718743 1
4459311 11995430 1
4459311 12181486 1
4459311 12307047 1
5612015 5715852 1
5612015 6804925 1
5612015 7314776 1
5612015 8493248 1
5612015 10121663 1
5612015 11291198 1
5715852 6563433 1
5715852 6804925 1
5715852 6887968 1
5715852 7028648 1
5715852 7254972 1
5715852 7314776 1
5715852 7518540 1
5715852 7561950 1
5715852 8493248 1
5715852 9536594 1
5715852 9891653 1
5715852 10121663 1
5715852 10268666 1
5715852 10634246 1
5715852 10842717 1
5715852 10885201 1
5715852 11126625 1
5715852 11291198 1
5715852 11388778 1
5715852 11661066 1
5715852 11718743 1
5715852 11995430 1
5715852 12181486 1
5715852 12307047 1
6563433 6804925 1
6563433 8493248 1
6563433 10121663 1
6563433 11291198 1
6804925 6887968 1
6804925 7028648 1
6804925 7254972 1
6804925 7314776 1
6804925 7518540 1
6804925 7561950 1
6804925 8493248 1
6804925 9536594 1
6804925 9891653 1
6804925 10121663 1
6804925 10268666 1
6804925 10634246 1
6804925 10842717 1
6804925 10885201 1
6804925 11126625 1
6804925 11291198 1
6804925 11388778 1
6804925 11661066 1
6804925 11718743 1
6804925 11995430 1
6804925 12181486 1
6804925 12307047 1
6887968 8493248 1
6887968 10121663 1
7028648 7314776 1
7028648 8493248 1
7028648 10121663 1
7028648 10842717 1
7028648 11291198 1
7254972 7314776 1
7254972 8493248 1
7254972 10121663 1
7314776 8493248 1
7314776 9536594 1
7314776 9891653 1
7314776 10121663 1
7314776 10268666 1
7314776 10634246 1
7314776 10842717 1
7314776 10885201 1
7314776 11126625 1
7314776 11291198 1
7314776 11388778 1
7314776 11661066 1
7314776 11995430 1
7314776 12181486 1
7314776 12307047 1
7518540 8493248 1
7518540 10121663 1
7561950 8493248 1
7561950 10121663 1
7561950 10634246 1
7561950 11291198 1
7561950 12307047 1
8493248 9536594 1
8493248 9891653 1
8493248 10121663 1
8493248 10268666 1
8493248 10634246 1
8493248 10842717 1
8493248 10885201 1
8493248 11126625 1
8493248 11291198 1
8493248 11388778 1
8493248 11661066 1
8493248 11718743 1
8493248 11995430 1
8493248 12181486 1
8493248 12307047 1
9536594 10121663 1
9891653 10121663 1
9891653 11291198 1
10121663 10268666 1
10121663 10634246 1
10121663 10842717 1
10121663 10885201 1
10121663 11126625 1
10121663 11291198 1
10121663 11388778 1
10121663 11661066 1
10121663 11718743 1
10121663 11995430 1
10121663 12181486 1
10121663 12307047 1
10268666 10842717 1
10268666 11291198 1
10634246 10842717 1
10634246 11291198 1
10842717 11291198 1
10842717 11388778 1
10842717 12307047 1
11291198 11388778 1
11291198 12181486 1
11291198 12307047 1
