9901570 4489221 8379910 7490055 6946326 5677084 6887968 8616996 4143660 7437869 10061888 1949765 9536594 8487506 8469081 8509533 6047328 9377379 1190501 9594996 7832693 7003260 5650564 4369549 9981073 4841105 4734619 6732957 5210786 3947683 8557218 6348970 6970033 6797492 8493248 9679553 9114307 5052615 3217611 9308879 5347023 8327379 8876759 9863901 7561950 5339878 9246443 4486381 5537523 8434420 8108278 4885240 719099 6601989 5046027 3797780 4972317 5949726 6923039 2953507 4418851 3384106 5513003 2814764 5959468 9614138 6220603 7787325 9665858 4061507 7518540 5456720 4151121 7314776 8328548 8329062 10136433 5844849 6056835 7665032 6914968 8901017 3075998 3832739 6029222 7028648 8938409 1302957 5959088 7520689 8213431 7254972 6804925 10121663 9537988 5251016 9972682 4461520 7708116 7966167 9836510 10105836 8808429 3645934 5612015
3217611 3645934 3
3217611 3797780 3
3217611 3832739 1
3217611 4151121 2
3217611 5677084 3
3217611 6970033 2
3217611 7254972 3
3217611 7518540 3
3217611 8213431 2
3217611 8379910 3
3217611 8434420 2
3217611 9536594 2
3217611 9665858 3
3645934 3797780 10
3645934 3832739 1
3645934 4151121 2
3645934 5677084 10
3645934 6970033 4
3645934 7254972 10
3645934 7518540 10
3645934 8213431 6
3645934 8379910 10
3645934 8434420 2
3645934 9536594 6
3645934 9665858 9
3797780 3832739 1
3797780 4151121 2
3797780 5677084 10
3797780 6970033 4
3797780 7254972 10
3797780 7518540 10
3797780 8213431 6
3797780 8379910 10
3797780 8434420 2
3797780 9536594 6
3797780 9665858 9
3832739 4151121 1
3832739 5677084 1
3832739 6970033 1
3832739 7254972 1
3832739 7518540 1
3832739 8213431 1
3832739 8379910 1
3832739 8434420 1
3832739 9536594 1
3832739 9665858 1
4151121 5677084 2
4151121 6970033 2
4151121 7254972 2
4151121 7518540 2
4151121 8213431 2
4151121 8379910 2
4151121 8434420 2
4151121 9536594 2
4151121 9665858 2
5677084 6970033 4
5677084 7254972 10
5677084 7518540 10
5677084 8213431 6
5677084 8379910 10
5677084 8434420 2
5677084 9536594 6
5677084 9665858 9
6970033 7254972 4
6970033 7518540 4
6970033 8213431 3
6970033 8379910 4
6970033 8434420 2
6970033 9536594 2
6970033 9665858 4
7254972 7518540 10
7254972 8213431 6
7254972 8379910 10
7254972 8434420 2
7254972 9536594 6
7254972 9665858 9
7518540 8213431 6
7518540 8379910 10
7518540 8434420 2
7518540 9536594 6
7518540 9665858 9
8213431 8379910 6
8213431 8434420 2
8213431 9536594 4
8213431 9665858 6
8379910 8434420 2
8379910 9536594 6
8379910 9665858 9
8434420 9536594 2
8434420 9665858 2
9536594 9665858 5
719099 1302957 1
719099 2814764 1
719099 2953507 1
719099 3075998 1
719099 3217611 1
719099 3384106 1
719099 3645934 1
719099 3797780 1
719099 3947683 1
719099 4143660 1
719099 4151121 1
719099 4369549 1
719099 4489221 1
719099 5046027 1
719099 5210786 1
719099 5251016 1
719099 5456720 1
719099 5513003 1
719099 5537523 1
719099 5612015 1
719099 5650564 1
719099 5677084 1
719099 5949726 1
719099 5959088 1
719099 5959468 1
719099 6029222 1
719099 6047328 1
719099 6220603 1
719099 6348970 1
719099 6797492 1
719099 6887968 1
719099 6914968 1
719099 6923039 1
719099 6946326 1
719099 6970033 1
719099 7254972 1
719099 7518540 1
719099 7520689 1
719099 7561950 1
719099 7665032 1
719099 7708116 1
719099 7832693 1
719099 7966167 1
719099 8108278 1
719099 8213431 1
719099 8327379 1
719099 8379910 1
719099 8434420 1
719099 8509533 1
719099 8616996 1
719099 8808429 1
719099 8876759 1
719099 8938409 1
719099 9114307 1
719099 9536594 1
719099 9537988 1
719099 9614138 1
719099 9665858 1
719099 9679553 1
719099 9836510 1
719099 9901570 1
719099 9972682 1
719099 9981073 1
1302957 2814764 3
1302957 2953507 1
1302957 3075998 1
1302957 3217611 2
1302957 3384106 3
1302957 3645934 3
1302957 3797780 3
1302957 3947683 1
1302957 4143660 1
1302957 4151121 1
1302957 4369549 1
1302957 4489221 2
1302957 5046027 1
1302957 5210786 1
1302957 5251016 1
1302957 5456720 1
1302957 5513003 1
1302957 5537523 1
1302957 5612015 2
1302957 5650564 1
1302957 5677084 3
1302957 5949726 1
1302957 5959088 1
1302957 5959468 1
1302957 6029222 1
1302957 6047328 1
1302957 6220603 1
1302957 6348970 1
1302957 6797492 1
1302957 6887968 3
1302957 6914968 1
1302957 6923039 1
1302957 6946326 1
1302957 6970033 2
1302957 7254972 3
1302957 7518540 3
1302957 7520689 1
1302957 7561950 1
1302957 7665032 1
1302957 7708116 1
1302957 7832693 2
1302957 7966167 1
1302957 8108278 1
1302957 8213431 1
1302957 8327379 3
1302957 8379910 3
1302957 8434420 1
1302957 8509533 2
1302957 8616996 3
1302957 8808429 1
1302957 8876759 2
1302957 8938409 1
1302957 9114307 1
1302957 9536594 1
1302957 9537988 1
1302957 9614138 1
1302957 9665858 3
1302957 9679553 1
1302957 9836510 1
1302957 9901570 1
1302957 9972682 2
1302957 9981073 1
2814764 2953507 1
2814764 3075998 1
2814764 3217611 2
2814764 3384106 4
2814764 3645934 6
2814764 3797780 6
2814764 3947683 1
2814764 4143660 1
2814764 4151121 1
2814764 4369549 1
2814764 4489221 4
2814764 5046027 1
2814764 5210786 1
2814764 5251016 1
2814764 5456720 3
2814764 5513003 2
2814764 5537523 1
2814764 5612015 5
2814764 5650564 1
2814764 5677084 6
2814764 5949726 1
2814764 5959088 2
2814764 5959468 1
2814764 6029222 1
2814764 6047328 1
2814764 6220603 2
2814764 6348970 3
2814764 6797492 1
2814764 6887968 6
2814764 6914968 1
2814764 6923039 2
2814764 6946326 1
2814764 6970033 2
2814764 7254972 6
2814764 7518540 6
2814764 7520689 1
2814764 7561950 2
2814764 7665032 1
2814764 7708116 1
2814764 7832693 4
2814764 7966167 1
2814764 8108278 1
2814764 8213431 3
2814764 8327379 6
2814764 8379910 6
2814764 8434420 1
2814764 8509533 2
2814764 8616996 5
2814764 8808429 1
2814764 8876759 2
2814764 8938409 2
2814764 9114307 1
2814764 9536594 4
2814764 9537988 1
2814764 9614138 2
2814764 9665858 5
2814764 9679553 1
2814764 9836510 1
2814764 9901570 1
2814764 9972682 3
2814764 9981073 4
2953507 3075998 1
2953507 3217611 1
2953507 3384106 1
2953507 3645934 2
2953507 3797780 2
2953507 3947683 1
2953507 4143660 1
2953507 4151121 1
2953507 4369549 1
2953507 4489221 1
2953507 5046027 1
2953507 5210786 1
2953507 5251016 1
2953507 5456720 2
2953507 5513003 1
2953507 5537523 2
2953507 5612015 2
2953507 5650564 1
2953507 5677084 2
2953507 5949726 1
2953507 5959088 1
2953507 5959468 1
2953507 6029222 1
2953507 6047328 1
2953507 6220603 1
2953507 6348970 1
2953507 6797492 2
2953507 6887968 2
2953507 6914968 1
2953507 6923039 1
2953507 6946326 1
2953507 6970033 1
2953507 7254972 2
2953507 7518540 2
2953507 7520689 1
2953507 7561950 1
2953507 7665032 1
2953507 7708116 2
2953507 7832693 1
2953507 7966167 1
2953507 8108278 1
2953507 8213431 2
2953507 8327379 2
2953507 8379910 2
2953507 8434420 1
2953507 8509533 2
2953507 8616996 2
2953507 8808429 1
2953507 8876759 1
2953507 8938409 2
2953507 9114307 1
2953507 9536594 1
2953507 9537988 1
2953507 9614138 1
2953507 9665858 2
2953507 9679553 1
2953507 9836510 1
2953507 9901570 1
2953507 9972682 2
2953507 9981073 2
3075998 3217611 1
3075998 3384106 2
3075998 3645934 2
3075998 3797780 2
3075998 3947683 1
3075998 4143660 1
3075998 4151121 1
3075998 4369549 2
3075998 4489221 2
3075998 5046027 1
3075998 5210786 1
3075998 5251016 1
3075998 5456720 1
3075998 5513003 1
3075998 5537523 1
3075998 5612015 2
3075998 5650564 1
3075998 5677084 2
3075998 5949726 1
3075998 5959088 1
3075998 5959468 1
3075998 6029222 1
3075998 6047328 1
3075998 6220603 1
3075998 6348970 1
3075998 6797492 1
3075998 6887968 2
3075998 6914968 1
3075998 6923039 2
3075998 6946326 1
3075998 6970033 2
3075998 7254972 2
3075998 7518540 2
3075998 7520689 1
3075998 7561950 1
3075998 7665032 1
3075998 7708116 1
3075998 7832693 1
3075998 7966167 1
3075998 8108278 1
3075998 8213431 2
3075998 8327379 2
3075998 8379910 2
3075998 8434420 1
3075998 8509533 2
3075998 8616996 2
3075998 8808429 1
3075998 8876759 1
3075998 8938409 1
3075998 9114307 1
3075998 9536594 1
3075998 9537988 1
3075998 9614138 2
3075998 9665858 2
3075998 9679553 1
3075998 9836510 2
3075998 9901570 1
3075998 9972682 1
3075998 9981073 2
3217611 3384106 2
3217611 3947683 1
3217611 4143660 1
3217611 4369549 1
3217611 4489221 2
3217611 5046027 1
3217611 5210786 1
3217611 5251016 1
3217611 5456720 1
3217611 5513003 1
3217611 5537523 1
3217611 5612015 1
3217611 5650564 1
3217611 5949726 1
3217611 5959088 1
3217611 5959468 1
3217611 6029222 1
3217611 6047328 1
3217611 6220603 1
3217611 6348970 1
3217611 6797492 1
3217611 6887968 2
3217611 6914968 1
3217611 6923039 1
3217611 6946326 1
3217611 7520689 1
3217611 7561950 1
3217611 7665032 1
3217611 7708116 1
3217611 7832693 2
3217611 7966167 1
3217611 8108278 1
3217611 8327379 2
3217611 8509533 1
3217611 8616996 2
3217611 8808429 1
3217611 8876759 2
3217611 8938409 1
3217611 9114307 1
3217611 9537988 1
3217611 9614138 1
3217611 9679553 1
3217611 9836510 1
3217611 9901570 1
3217611 9972682 1
3217611 9981073 1
3384106 3645934 5
3384106 3797780 5
3384106 3947683 1
3384106 4143660 1
3384106 4151121 1
3384106 4369549 2
3384106 4489221 4
3384106 5046027 1
3384106 5210786 1
3384106 5251016 1
3384106 5456720 2
3384106 5513003 1
3384106 5537523 1
3384106 5612015 4
3384106 5650564 1
3384106 5677084 5
3384106 5949726 1
3384106 5959088 1
3384106 5959468 1
3384106 6029222 1
3384106 6047328 1
3384106 6220603 2
3384106 6348970 2
3384106 6797492 1
3384106 6887968 5
3384106 6914968 1
3384106 6923039 3
3384106 6946326 1
3384106 6970033 3
3384106 7254972 5
3384106 7518540 5
3384106 7520689 1
3384106 7561950 2
3384106 7665032 1
3384106 7708116 1
3384106 7832693 3
3384106 7966167 1
3384106 8108278 1
3384106 8213431 3
3384106 8327379 5
3384106 8379910 5
3384106 8434420 1
3384106 8509533 3
3384106 8616996 5
3384106 8808429 1
3384106 8876759 2
3384106 8938409 1
3384106 9114307 1
3384106 9536594 2
3384106 9537988 1
3384106 9614138 2
3384106 9665858 5
3384106 9679553 1
3384106 9836510 2
3384106 9901570 1
3384106 9972682 2
3384106 9981073 3
3645934 3947683 1
3645934 4143660 1
3645934 4369549 2
3645934 4489221 5
3645934 5046027 1
3645934 5210786 1
3645934 5251016 1
3645934 5456720 5
3645934 5513003 2
3645934 5537523 2
3645934 5612015 8
3645934 5650564 1
3645934 5949726 1
3645934 5959088 2
3645934 5959468 1
3645934 6029222 1
3645934 6047328 1
3645934 6220603 2
3645934 6348970 3
3645934 6797492 2
3645934 6887968 8
3645934 6914968 1
3645934 6923039 3
3645934 6946326 1
3645934 7520689 1
3645934 7561950 2
3645934 7665032 1
3645934 7708116 2
3645934 7832693 4
3645934 7966167 1
3645934 8108278 1
3645934 8327379 8
3645934 8509533 4
3645934 8616996 7
3645934 8808429 1
3645934 8876759 2
3645934 8938409 4
3645934 9114307 1
3645934 9537988 1
3645934 9614138 3
3645934 9679553 1
3645934 9836510 2
3645934 9901570 1
3645934 9972682 4
3645934 9981073 6
3797780 3947683 1
3797780 4143660 1
3797780 4369549 2
3797780 4489221 5
3797780 5046027 1
3797780 5210786 1
3797780 5251016 1
3797780 5456720 5
3797780 5513003 2
3797780 5537523 2
3797780 5612015 8
3797780 5650564 1
3797780 5949726 1
3797780 5959088 2
3797780 5959468 1
3797780 6029222 1
3797780 6047328 1
3797780 6220603 2
3797780 6348970 3
3797780 6797492 2
3797780 6887968 8
3797780 6914968 1
3797780 6923039 3
3797780 6946326 1
3797780 7520689 1
3797780 7561950 2
3797780 7665032 1
3797780 7708116 2
3797780 7832693 4
3797780 7966167 1
3797780 8108278 1
3797780 8327379 8
3797780 8509533 4
3797780 8616996 7
3797780 8808429 1
3797780 8876759 2
3797780 8938409 4
3797780 9114307 1
3797780 9537988 1
3797780 9614138 3
3797780 9679553 1
3797780 9836510 2
3797780 9901570 1
3797780 9972682 4
3797780 9981073 6
3947683 4143660 1
3947683 4151121 1
3947683 4369549 1
3947683 4489221 1
3947683 5046027 1
3947683 5210786 1
3947683 5251016 1
3947683 5456720 1
3947683 5513003 1
3947683 5537523 1
3947683 5612015 1
3947683 5650564 1
3947683 5677084 1
3947683 5949726 1
3947683 5959088 1
3947683 5959468 1
3947683 6029222 1
3947683 6047328 1
3947683 6220603 1
3947683 6348970 1
3947683 6797492 1
3947683 6887968 1
3947683 6914968 1
3947683 6923039 1
3947683 6946326 1
3947683 6970033 1
3947683 7254972 1
3947683 7518540 1
3947683 7520689 1
3947683 7561950 1
3947683 7665032 1
3947683 7708116 1
3947683 7832693 1
3947683 7966167 1
3947683 8108278 1
3947683 8213431 1
3947683 8327379 1
3947683 8379910 1
3947683 8434420 1
3947683 8509533 1
3947683 8616996 1
3947683 8808429 1
3947683 8876759 1
3947683 8938409 1
3947683 9114307 1
3947683 9536594 1
3947683 9537988 1
3947683 9614138 1
3947683 9665858 1
3947683 9679553 1
3947683 9836510 1
3947683 9901570 1
3947683 9972682 1
3947683 9981073 1
4143660 4151121 1
4143660 4369549 1
4143660 4489221 1
4143660 5046027 1
4143660 5210786 1
4143660 5251016 1
4143660 5456720 1
4143660 5513003 1
4143660 5537523 1
4143660 5612015 1
4143660 5650564 1
4143660 5677084 1
4143660 5949726 1
4143660 5959088 1
4143660 5959468 1
4143660 6029222 1
4143660 6047328 1
4143660 6220603 1
4143660 6348970 1
4143660 6797492 1
4143660 6887968 1
4143660 6914968 1
4143660 6923039 1
4143660 6946326 1
4143660 6970033 1
4143660 7254972 1
4143660 7518540 1
4143660 7520689 1
4143660 7561950 1
4143660 7665032 1
4143660 7708116 1
4143660 7832693 1
4143660 7966167 1
4143660 8108278 1
4143660 8213431 1
4143660 8327379 1
4143660 8379910 1
4143660 8434420 1
4143660 8509533 1
4143660 8616996 1
4143660 8808429 1
4143660 8876759 1
4143660 8938409 1
4143660 9114307 1
4143660 9536594 1
4143660 9537988 1
4143660 9614138 1
4143660 9665858 1
4143660 9679553 1
4143660 9836510 1
4143660 9901570 1
4143660 9972682 1
4143660 9981073 1
4151121 4369549 1
4151121 4489221 1
4151121 5046027 1
4151121 5210786 1
4151121 5251016 1
4151121 5456720 1
4151121 5513003 1
4151121 5537523 1
4151121 5612015 1
4151121 5650564 1
4151121 5949726 1
4151121 5959088 1
4151121 5959468 1
4151121 6029222 1
4151121 6047328 1
4151121 6220603 1
4151121 6348970 1
4151121 6797492 1
4151121 6887968 1
4151121 6914968 1
4151121 6923039 1
4151121 6946326 1
4151121 7520689 1
4151121 7561950 1
4151121 7665032 1
4151121 7708116 1
4151121 7832693 1
4151121 7966167 1
4151121 8108278 1
4151121 8327379 1
4151121 8509533 1
4151121 8616996 1
4151121 8808429 1
4151121 8876759 1
4151121 8938409 1
4151121 9114307 1
4151121 9537988 1
4151121 9614138 1
4151121 9679553 1
4151121 9836510 1
4151121 9901570 1
4151121 9972682 1
4151121 9981073 1
4369549 4489221 2
4369549 5046027 1
4369549 5210786 1
4369549 5251016 1
4369549 5456720 1
4369549 5513003 1
4369549 5537523 1
4369549 5612015 2
4369549 5650564 1
4369549 5677084 2
4369549 5949726 1
4369549 5959088 1
4369549 5959468 1
4369549 6029222 1
4369549 6047328 1
4369549 6220603 1
4369549 6348970 1
4369549 6797492 1
4369549 6887968 2
4369549 6914968 1
4369549 6923039 2
4369549 6946326 1
4369549 6970033 2
4369549 7254972 2
4369549 7518540 2
4369549 7520689 1
4369549 7561950 1
4369549 7665032 1
4369549 7708116 1
4369549 7832693 1
4369549 7966167 1
4369549 8108278 1
4369549 8213431 2
4369549 8327379 2
4369549 8379910 2
4369549 8434420 1
4369549 8509533 2
4369549 8616996 2
4369549 8808429 1
4369549 8876759 1
4369549 8938409 1
4369549 9114307 1
4369549 9536594 1
4369549 9537988 1
4369549 9614138 2
4369549 9665858 2
4369549 9679553 1
4369549 9836510 2
4369549 9901570 1
4369549 9972682 1
4369549 9981073 2
4489221 5046027 1
4489221 5210786 1
4489221 5251016 1
4489221 5456720 3
4489221 5513003 2
4489221 5537523 1
4489221 5612015 4
4489221 5650564 1
4489221 5677084 5
4489221 5949726 1
4489221 5959088 2
4489221 5959468 1
4489221 6029222 1
4489221 6047328 1
4489221 6220603 2
4489221 6348970 3
4489221 6797492 1
4489221 6887968 5
4489221 6914968 1
4489221 6923039 3
4489221 6946326 1
4489221 6970033 2
4489221 7254972 5
4489221 7518540 5
4489221 7520689 1
4489221 7561950 2
4489221 7665032 1
4489221 7708116 1
4489221 7832693 3
4489221 7966167 1
4489221 8108278 1
4489221 8213431 4
4489221 8327379 5
4489221 8379910 5
4489221 8434420 1
4489221 8509533 2
4489221 8616996 4
4489221 8808429 1
4489221 8876759 2
4489221 8938409 2
4489221 9114307 1
4489221 9536594 3
4489221 9537988 1
4489221 9614138 2
4489221 9665858 5
4489221 9679553 1
4489221 9836510 2
4489221 9901570 1
4489221 9972682 2
4489221 9981073 4
5046027 5210786 1
5046027 5251016 1
5046027 5456720 1
5046027 5513003 1
5046027 5537523 1
5046027 5612015 1
5046027 5650564 1
5046027 5677084 1
5046027 5949726 1
5046027 5959088 1
5046027 5959468 1
5046027 6029222 1
5046027 6047328 1
5046027 6220603 1
5046027 6348970 1
5046027 6797492 1
5046027 6887968 1
5046027 6914968 1
5046027 6923039 1
5046027 6946326 1
5046027 6970033 1
5046027 7254972 1
5046027 7518540 1
5046027 7520689 1
5046027 7561950 1
5046027 7665032 1
5046027 7708116 1
5046027 7832693 1
5046027 7966167 1
5046027 8108278 1
5046027 8213431 1
5046027 8327379 1
5046027 8379910 1
5046027 8434420 1
5046027 8509533 1
5046027 8616996 1
5046027 8808429 1
5046027 8876759 1
5046027 8938409 1
5046027 9114307 1
5046027 9536594 1
5046027 9537988 1
5046027 9614138 1
5046027 9665858 1
5046027 9679553 1
5046027 9836510 1
5046027 9901570 1
5046027 9972682 1
5046027 9981073 1
5210786 5251016 1
5210786 5456720 1
5210786 5513003 1
5210786 5537523 1
5210786 5612015 1
5210786 5650564 1
5210786 5677084 1
5210786 5949726 1
5210786 5959088 1
5210786 5959468 1
5210786 6029222 1
5210786 6047328 1
5210786 6220603 1
5210786 6348970 1
5210786 6797492 1
5210786 6887968 1
5210786 6914968 1
5210786 6923039 1
5210786 6946326 1
5210786 6970033 1
5210786 7254972 1
5210786 7518540 1
5210786 7520689 1
5210786 7561950 1
5210786 7665032 1
5210786 7708116 1
5210786 7832693 1
5210786 7966167 1
5210786 8108278 1
5210786 8213431 1
5210786 8327379 1
5210786 8379910 1
5210786 8434420 1
5210786 8509533 1
5210786 8616996 1
5210786 8808429 1
5210786 8876759 1
5210786 8938409 1
5210786 9114307 1
5210786 9536594 1
5210786 9537988 1
5210786 9614138 1
5210786 9665858 1
5210786 9679553 1
5210786 9836510 1
5210786 9901570 1
5210786 9972682 1
5210786 9981073 1
5251016 5456720 1
5251016 5513003 1
5251016 5537523 1
5251016 5612015 1
5251016 5650564 1
5251016 5677084 1
5251016 5949726 1
5251016 5959088 1
5251016 5959468 1
5251016 6029222 1
5251016 6047328 1
5251016 6220603 1
5251016 6348970 1
5251016 6797492 1
5251016 6887968 1
5251016 6914968 1
5251016 6923039 1
5251016 6946326 1
5251016 6970033 1
5251016 7254972 1
5251016 7518540 1
5251016 7520689 1
5251016 7561950 1
5251016 7665032 1
5251016 7708116 1
5251016 7832693 1
5251016 7966167 1
5251016 8108278 1
5251016 8213431 1
5251016 8327379 1
5251016 8379910 1
5251016 8434420 1
5251016 8509533 1
5251016 8616996 1
5251016 8808429 1
5251016 8876759 1
5251016 8938409 1
5251016 9114307 1
5251016 9536594 1
5251016 9537988 1
5251016 9614138 1
5251016 9665858 1
5251016 9679553 1
5251016 9836510 1
5251016 9901570 1
5251016 9972682 1
5251016 9981073 1
5456720 5513003 2
5456720 5537523 2
5456720 5612015 5
5456720 5650564 1
5456720 5677084 5
5456720 5949726 1
5456720 5959088 2
5456720 5959468 1
5456720 6029222 1
5456720 6047328 1
5456720 6220603 2
5456720 6348970 3
5456720 6797492 2
5456720 6887968 4
5456720 6914968 1
5456720 6923039 2
5456720 6946326 1
5456720 6970033 1
5456720 7254972 5
5456720 7518540 5
5456720 7520689 1
5456720 7561950 2
5456720 7665032 1
5456720 7708116 2
5456720 7832693 2
5456720 7966167 1
5456720 8108278 1
5456720 8213431 4
5456720 8327379 4
5456720 8379910 5
5456720 8434420 1
5456720 8509533 2
5456720 8616996 3
5456720 8808429 1
5456720 8876759 1
5456720 8938409 4
5456720 9114307 1
5456720 9536594 4
5456720 9537988 1
5456720 9614138 1
5456720 9665858 5
5456720 9679553 1
5456720 9836510 1
5456720 9901570 1
5456720 9972682 3
5456720 9981073 4
5513003 5537523 1
5513003 5612015 2
5513003 5650564 1
5513003 5677084 2
5513003 5949726 1
5513003 5959088 2
5513003 5959468 1
5513003 6029222 1
5513003 6047328 1
5513003 6220603 1
5513003 6348970 2
5513003 6797492 1
5513003 6887968 2
5513003 6914968 1
5513003 6923039 1
5513003 6946326 1
5513003 6970033 1
5513003 7254972 2
5513003 7518540 2
5513003 7520689 1
5513003 7561950 1
5513003 7665032 1
5513003 7708116 1
5513003 7832693 1
5513003 7966167 1
5513003 8108278 1
5513003 8213431 2
5513003 8327379 2
5513003 8379910 2
5513003 8434420 1
5513003 8509533 1
5513003 8616996 1
5513003 8808429 1
5513003 8876759 1
5513003 8938409 2
5513003 9114307 1
5513003 9536594 2
5513003 9537988 1
5513003 9614138 1
5513003 9665858 2
5513003 9679553 1
5513003 9836510 1
5513003 9901570 1
5513003 9972682 2
5513003 9981073 2
5537523 5612015 2
5537523 5650564 1
5537523 5677084 2
5537523 5949726 1
5537523 5959088 1
5537523 5959468 1
5537523 6029222 1
5537523 6047328 1
5537523 6220603 1
5537523 6348970 1
5537523 6797492 2
5537523 6887968 2
5537523 6914968 1
5537523 6923039 1
5537523 6946326 1
5537523 6970033 1
5537523 7254972 2
5537523 7518540 2
5537523 7520689 1
5537523 7561950 1
5537523 7665032 1
5537523 7708116 2
5537523 7832693 1
5537523 7966167 1
5537523 8108278 1
5537523 8213431 2
5537523 8327379 2
5537523 8379910 2
5537523 8434420 1
5537523 8509533 2
5537523 8616996 2
5537523 8808429 1
5537523 8876759 1
5537523 8938409 2
5537523 9114307 1
5537523 9536594 1
5537523 9537988 1
5537523 9614138 1
5537523 9665858 2
5537523 9679553 1
5537523 9836510 1
5537523 9901570 1
5537523 9972682 2
5537523 9981073 2
5612015 5650564 1
5612015 5677084 8
5612015 5949726 1
5612015 5959088 2
5612015 5959468 1
5612015 6029222 1
5612015 6047328 1
5612015 6220603 2
5612015 6348970 3
5612015 6797492 2
5612015 6887968 7
5612015 6914968 1
5612015 6923039 3
5612015 6946326 1
5612015 6970033 3
5612015 7254972 8
5612015 7518540 8
5612015 7520689 1
5612015 7561950 2
5612015 7665032 1
5612015 7708116 2
5612015 7832693 3
5612015 7966167 1
5612015 8108278 1
5612015 8213431 5
5612015 8327379 7
5612015 8379910 8
5612015 8434420 1
5612015 8509533 4
5612015 8616996 6
5612015 8808429 1
5612015 8876759 1
5612015 8938409 4
5612015 9114307 1
5612015 9536594 5
5612015 9537988 1
5612015 9614138 3
5612015 9665858 7
5612015 9679553 1
5612015 9836510 2
5612015 9901570 1
5612015 9972682 4
5612015 9981073 6
5650564 5677084 1
5650564 5949726 1
5650564 5959088 1
5650564 5959468 1
5650564 6029222 1
5650564 6047328 1
5650564 6220603 1
5650564 6348970 1
5650564 6797492 1
5650564 6887968 1
5650564 6914968 1
5650564 6923039 1
5650564 6946326 1
5650564 6970033 1
5650564 7254972 1
5650564 7518540 1
5650564 7520689 1
5650564 7561950 1
5650564 7665032 1
5650564 7708116 1
5650564 7832693 1
5650564 7966167 1
5650564 8108278 1
5650564 8213431 1
5650564 8327379 1
5650564 8379910 1
5650564 8434420 1
5650564 8509533 1
5650564 8616996 1
5650564 8808429 1
5650564 8876759 1
5650564 8938409 1
5650564 9114307 1
5650564 9536594 1
5650564 9537988 1
5650564 9614138 1
5650564 9665858 1
5650564 9679553 1
5650564 9836510 1
5650564 9901570 1
5650564 9972682 1
5650564 9981073 1
5677084 5949726 1
5677084 5959088 2
5677084 5959468 1
5677084 6029222 1
5677084 6047328 1
5677084 6220603 2
5677084 6348970 3
5677084 6797492 2
5677084 6887968 8
5677084 6914968 1
5677084 6923039 3
5677084 6946326 1
5677084 7520689 1
5677084 7561950 2
5677084 7665032 1
5677084 7708116 2
5677084 7832693 4
5677084 7966167 1
5677084 8108278 1
5677084 8327379 8
5677084 8509533 4
5677084 8616996 7
5677084 8808429 1
5677084 8876759 2
5677084 8938409 4
5677084 9114307 1
5677084 9537988 1
5677084 9614138 3
5677084 9679553 1
5677084 9836510 2
5677084 9901570 1
5677084 9972682 4
5677084 9981073 6
5949726 5959088 1
5949726 5959468 1
5949726 6029222 1
5949726 6047328 1
5949726 6220603 1
5949726 6348970 1
5949726 6797492 1
5949726 6887968 1
5949726 6914968 1
5949726 6923039 1
5949726 6946326 1
5949726 6970033 1
5949726 7254972 1
5949726 7518540 1
5949726 7520689 1
5949726 7561950 1
5949726 7665032 1
5949726 7708116 1
5949726 7832693 1
5949726 7966167 1
5949726 8108278 1
5949726 8213431 1
5949726 8327379 1
5949726 8379910 1
5949726 8434420 1
5949726 8509533 1
5949726 8616996 1
5949726 8808429 1
5949726 8876759 1
5949726 8938409 1
5949726 9114307 1
5949726 9536594 1
5949726 9537988 1
5949726 9614138 1
5949726 9665858 1
5949726 9679553 1
5949726 9836510 1
5949726 9901570 1
5949726 9972682 1
5949726 9981073 1
5959088 5959468 1
5959088 6029222 1
5959088 6047328 1
5959088 6220603 1
5959088 6348970 2
5959088 6797492 1
5959088 6887968 2
5959088 6914968 1
5959088 6923039 1
5959088 6946326 1
5959088 6970033 1
5959088 7254972 2
5959088 7518540 2
5959088 7520689 1
5959088 7561950 1
5959088 7665032 1
5959088 7708116 1
5959088 7832693 1
5959088 7966167 1
5959088 8108278 1
5959088 8213431 2
5959088 8327379 2
5959088 8379910 2
5959088 8434420 1
5959088 8509533 1
5959088 8616996 1
5959088 8808429 1
5959088 8876759 1
5959088 8938409 2
5959088 9114307 1
5959088 9536594 2
5959088 9537988 1
5959088 9614138 1
5959088 9665858 2
5959088 9679553 1
5959088 9836510 1
5959088 9901570 1
5959088 9972682 2
5959088 9981073 2
5959468 6029222 1
5959468 6047328 1
5959468 6220603 1
5959468 6348970 1
5959468 6797492 1
5959468 6887968 1
5959468 6914968 1
5959468 6923039 1
5959468 6946326 1
5959468 6970033 1
5959468 7254972 1
5959468 7518540 1
5959468 7520689 1
5959468 7561950 1
5959468 7665032 1
5959468 7708116 1
5959468 7832693 1
5959468 7966167 1
5959468 8108278 1
5959468 8213431 1
5959468 8327379 1
5959468 8379910 1
5959468 8434420 1
5959468 8509533 1
5959468 8616996 1
5959468 8808429 1
5959468 8876759 1
5959468 8938409 1
5959468 9114307 1
5959468 9536594 1
5959468 9537988 1
5959468 9614138 1
5959468 9665858 1
5959468 9679553 1
5959468 9836510 1
5959468 9901570 1
5959468 9972682 1
5959468 9981073 1
6029222 6047328 1
6029222 6220603 1
6029222 6348970 1
6029222 6797492 1
6029222 6887968 1
6029222 6914968 1
6029222 6923039 1
6029222 6946326 1
6029222 6970033 1
6029222 7254972 1
6029222 7518540 1
6029222 7520689 1
6029222 7561950 1
6029222 7665032 1
6029222 7708116 1
6029222 7832693 1
6029222 7966167 1
6029222 8108278 1
6029222 8213431 1
6029222 8327379 1
6029222 8379910 1
6029222 8434420 1
6029222 8509533 1
6029222 8616996 1
6029222 8808429 1
6029222 8876759 1
6029222 8938409 1
6029222 9114307 1
6029222 9536594 1
6029222 9537988 1
6029222 9614138 1
6029222 9665858 1
6029222 9679553 1
6029222 9836510 1
6029222 9901570 1
6029222 9972682 1
6029222 9981073 1
6047328 6220603 1
6047328 6348970 1
6047328 6797492 1
6047328 6887968 1
6047328 6914968 1
6047328 6923039 1
6047328 6946326 1
6047328 6970033 1
6047328 7254972 1
6047328 7518540 1
6047328 7520689 1
6047328 7561950 1
6047328 7665032 1
6047328 7708116 1
6047328 7832693 1
6047328 7966167 1
6047328 8108278 1
6047328 8213431 1
6047328 8327379 1
6047328 8379910 1
6047328 8434420 1
6047328 8509533 1
6047328 8616996 1
6047328 8808429 1
6047328 8876759 1
6047328 8938409 1
6047328 9114307 1
6047328 9536594 1
6047328 9537988 1
6047328 9614138 1
6047328 9665858 1
6047328 9679553 1
6047328 9836510 1
6047328 9901570 1
6047328 9972682 1
6047328 9981073 1
6220603 6348970 2
6220603 6797492 1
6220603 6887968 2
6220603 6914968 1
6220603 6923039 2
6220603 6946326 1
6220603 6970033 1
6220603 7254972 2
6220603 7518540 2
6220603 7520689 1
6220603 7561950 2
6220603 7665032 1
6220603 7708116 1
6220603 7832693 2
6220603 7966167 1
6220603 8108278 1
6220603 8213431 2
6220603 8327379 2
6220603 8379910 2
6220603 8434420 1
6220603 8509533 1
6220603 8616996 2
6220603 8808429 1
6220603 8876759 1
6220603 8938409 1
6220603 9114307 1
6220603 9536594 2
6220603 9537988 1
6220603 9614138 1
6220603 9665858 2
6220603 9679553 1
6220603 9836510 1
6220603 9901570 1
6220603 9972682 1
6220603 9981073 2
6348970 6797492 1
6348970 6887968 3
6348970 6914968 1
6348970 6923039 2
6348970 6946326 1
6348970 6970033 1
6348970 7254972 3
6348970 7518540 3
6348970 7520689 1
6348970 7561950 2
6348970 7665032 1
6348970 7708116 1
6348970 7832693 2
6348970 7966167 1
6348970 8108278 1
6348970 8213431 3
6348970 8327379 3
6348970 8379910 3
6348970 8434420 1
6348970 8509533 1
6348970 8616996 2
6348970 8808429 1
6348970 8876759 1
6348970 8938409 2
6348970 9114307 1
6348970 9536594 3
6348970 9537988 1
6348970 9614138 1
6348970 9665858 3
6348970 9679553 1
6348970 9836510 1
6348970 9901570 1
6348970 9972682 2
6348970 9981073 3
6797492 6887968 2
6797492 6914968 1
6797492 6923039 1
6797492 6946326 1
6797492 6970033 1
6797492 7254972 2
6797492 7518540 2
6797492 7520689 1
6797492 7561950 1
6797492 7665032 1
6797492 7708116 2
6797492 7832693 1
6797492 7966167 1
6797492 8108278 1
6797492 8213431 2
6797492 8327379 2
6797492 8379910 2
6797492 8434420 1
6797492 8509533 2
6797492 8616996 2
6797492 8808429 1
6797492 8876759 1
6797492 8938409 2
6797492 9114307 1
6797492 9536594 1
6797492 9537988 1
6797492 9614138 1
6797492 9665858 2
6797492 9679553 1
6797492 9836510 1
6797492 9901570 1
6797492 9972682 2
6797492 9981073 2
6887968 6914968 1
6887968 6923039 3
6887968 6946326 1
6887968 6970033 3
6887968 7254972 8
6887968 7518540 8
6887968 7520689 1
6887968 7561950 2
6887968 7665032 1
6887968 7708116 2
6887968 7832693 4
6887968 7966167 1
6887968 8108278 1
6887968 8213431 5
6887968 8327379 8
6887968 8379910 8
6887968 8434420 1
6887968 8509533 4
6887968 8616996 7
6887968 8808429 1
6887968 8876759 2
6887968 8938409 3
6887968 9114307 1
6887968 9536594 4
6887968 9537988 1
6887968 9614138 3
6887968 9665858 7
6887968 9679553 1
6887968 9836510 2
6887968 9901570 1
6887968 9972682 4
6887968 9981073 6
6914968 6923039 1
6914968 6946326 1
6914968 6970033 1
6914968 7254972 1
6914968 7518540 1
6914968 7520689 1
6914968 7561950 1
6914968 7665032 1
6914968 7708116 1
6914968 7832693 1
6914968 7966167 1
6914968 8108278 1
6914968 8213431 1
6914968 8327379 1
6914968 8379910 1
6914968 8434420 1
6914968 8509533 1
6914968 8616996 1
6914968 8808429 1
6914968 8876759 1
6914968 8938409 1
6914968 9114307 1
6914968 9536594 1
6914968 9537988 1
6914968 9614138 1
6914968 9665858 1
6914968 9679553 1
6914968 9836510 1
6914968 9901570 1
6914968 9972682 1
6914968 9981073 1
6923039 6946326 1
6923039 6970033 2
6923039 7254972 3
6923039 7518540 3
6923039 7520689 1
6923039 7561950 2
6923039 7665032 1
6923039 7708116 1
6923039 7832693 2
6923039 7966167 1
6923039 8108278 1
6923039 8213431 3
6923039 8327379 3
6923039 8379910 3
6923039 8434420 1
6923039 8509533 2
6923039 8616996 3
6923039 8808429 1
6923039 8876759 1
6923039 8938409 1
6923039 9114307 1
6923039 9536594 2
6923039 9537988 1
6923039 9614138 2
6923039 9665858 3
6923039 9679553 1
6923039 9836510 2
6923039 9901570 1
6923039 9972682 1
6923039 9981073 3
6946326 6970033 1
6946326 7254972 1
6946326 7518540 1
6946326 7520689 1
6946326 7561950 1
6946326 7665032 1
6946326 7708116 1
6946326 7832693 1
6946326 7966167 1
6946326 8108278 1
6946326 8213431 1
6946326 8327379 1
6946326 8379910 1
6946326 8434420 1
6946326 8509533 1
6946326 8616996 1
6946326 8808429 1
6946326 8876759 1
6946326 8938409 1
6946326 9114307 1
6946326 9536594 1
6946326 9537988 1
6946326 9614138 1
6946326 9665858 1
6946326 9679553 1
6946326 9836510 1
6946326 9901570 1
6946326 9972682 1
6946326 9981073 1
6970033 7520689 1
6970033 7561950 1
6970033 7665032 1
6970033 7708116 1
6970033 7832693 1
6970033 7966167 1
6970033 8108278 1
6970033 8327379 3
6970033 8509533 3
6970033 8616996 3
6970033 8808429 1
6970033 8876759 1
6970033 8938409 1
6970033 9114307 1
6970033 9537988 1
6970033 9614138 2
6970033 9679553 1
6970033 9836510 2
6970033 9901570 1
6970033 9972682 2
6970033 9981073 2
7254972 7520689 1
7254972 7561950 2
7254972 7665032 1
7254972 7708116 2
7254972 7832693 4
7254972 7966167 1
7254972 8108278 1
7254972 8327379 8
7254972 8509533 4
7254972 8616996 7
7254972 8808429 1
7254972 8876759 2
7254972 8938409 4
7254972 9114307 1
7254972 9537988 1
7254972 9614138 3
7254972 9679553 1
7254972 9836510 2
7254972 9901570 1
7254972 9972682 4
7254972 9981073 6
7518540 7520689 1
7518540 7561950 2
7518540 7665032 1
7518540 7708116 2
7518540 7832693 4
7518540 7966167 1
7518540 8108278 1
7518540 8327379 8
7518540 8509533 4
7518540 8616996 7
7518540 8808429 1
7518540 8876759 2
7518540 8938409 4
7518540 9114307 1
7518540 9537988 1
7518540 9614138 3
7518540 9679553 1
7518540 9836510 2
7518540 9901570 1
7518540 9972682 4
7518540 9981073 6
7520689 7561950 1
7520689 7665032 1
7520689 7708116 1
7520689 7832693 1
7520689 7966167 1
7520689 8108278 1
7520689 8213431 1
7520689 8327379 1
7520689 8379910 1
7520689 8434420 1
7520689 8509533 1
7520689 8616996 1
7520689 8808429 1
7520689 8876759 1
7520689 8938409 1
7520689 9114307 1
7520689 9536594 1
7520689 9537988 1
7520689 9614138 1
7520689 9665858 1
7520689 9679553 1
7520689 9836510 1
7520689 9901570 1
7520689 9972682 1
7520689 9981073 1
7561950 7665032 1
7561950 7708116 1
7561950 7832693 2
7561950 7966167 1
7561950 8108278 1
7561950 8213431 2
7561950 8327379 2
7561950 8379910 2
7561950 8434420 1
7561950 8509533 1
7561950 8616996 2
7561950 8808429 1
7561950 8876759 1
7561950 8938409 1
7561950 9114307 1
7561950 9536594 2
7561950 9537988 1
7561950 9614138 1
7561950 9665858 2
7561950 9679553 1
7561950 9836510 1
7561950 9901570 1
7561950 9972682 1
7561950 9981073 2
7665032 7708116 1
7665032 7832693 1
7665032 7966167 1
7665032 8108278 1
7665032 8213431 1
7665032 8327379 1
7665032 8379910 1
7665032 8434420 1
7665032 8509533 1
7665032 8616996 1
7665032 8808429 1
7665032 8876759 1
7665032 8938409 1
7665032 9114307 1
7665032 9536594 1
7665032 9537988 1
7665032 9614138 1
7665032 9665858 1
7665032 9679553 1
7665032 9836510 1
7665032 9901570 1
7665032 9972682 1
7665032 9981073 1
7708116 7832693 1
7708116 7966167 1
7708116 8108278 1
7708116 8213431 2
7708116 8327379 2
7708116 8379910 2
7708116 8434420 1
7708116 8509533 2
7708116 8616996 2
7708116 8808429 1
7708116 8876759 1
7708116 8938409 2
7708116 9114307 1
7708116 9536594 1
7708116 9537988 1
7708116 9614138 1
7708116 9665858 2
7708116 9679553 1
7708116 9836510 1
7708116 9901570 1
7708116 9972682 2
7708116 9981073 2
7832693 7966167 1
7832693 8108278 1
7832693 8213431 2
7832693 8327379 4
7832693 8379910 4
7832693 8434420 1
7832693 8509533 1
7832693 8616996 4
7832693 8808429 1
7832693 8876759 2
7832693 8938409 1
7832693 9114307 1
7832693 9536594 3
7832693 9537988 1
7832693 9614138 2
7832693 9665858 3
7832693 9679553 1
7832693 9836510 1
7832693 9901570 1
7832693 9972682 1
7832693 9981073 3
7966167 8108278 1
7966167 8213431 1
7966167 8327379 1
7966167 8379910 1
7966167 8434420 1
7966167 8509533 1
7966167 8616996 1
7966167 8808429 1
7966167 8876759 1
7966167 8938409 1
7966167 9114307 1
7966167 9536594 1
7966167 9537988 1
7966167 9614138 1
7966167 9665858 1
7966167 9679553 1
7966167 9836510 1
7966167 9901570 1
7966167 9972682 1
7966167 9981073 1
8108278 8213431 1
8108278 8327379 1
8108278 8379910 1
8108278 8434420 1
8108278 8509533 1
8108278 8616996 1
8108278 8808429 1
8108278 8876759 1
8108278 8938409 1
8108278 9114307 1
8108278 9536594 1
8108278 9537988 1
8108278 9614138 1
8108278 9665858 1
8108278 9679553 1
8108278 9836510 1
8108278 9901570 1
8108278 9972682 1
8108278 9981073 1
8213431 8327379 5
8213431 8509533 3
8213431 8616996 4
8213431 8808429 1
8213431 8876759 1
8213431 8938409 3
8213431 9114307 1
8213431 9537988 1
8213431 9614138 2
8213431 9679553 1
8213431 9836510 2
8213431 9901570 1
8213431 9972682 3
8213431 9981073 5
8327379 8379910 8
8327379 8434420 1
8327379 8509533 4
8327379 8616996 7
8327379 8808429 1
8327379 8876759 2
8327379 8938409 3
8327379 9114307 1
8327379 9536594 4
8327379 9537988 1
8327379 9614138 3
8327379 9665858 7
8327379 9679553 1
8327379 9836510 2
8327379 9901570 1
8327379 9972682 4
8327379 9981073 6
8379910 8509533 4
8379910 8616996 7
8379910 8808429 1
8379910 8876759 2
8379910 8938409 4
8379910 9114307 1
8379910 9537988 1
8379910 9614138 3
8379910 9679553 1
8379910 9836510 2
8379910 9901570 1
8379910 9972682 4
8379910 9981073 6
8434420 8509533 1
8434420 8616996 1
8434420 8808429 1
8434420 8876759 1
8434420 8938409 1
8434420 9114307 1
8434420 9537988 1
8434420 9614138 1
8434420 9679553 1
8434420 9836510 1
8434420 9901570 1
8434420 9972682 1
8434420 9981073 1
8509533 8616996 4
8509533 8808429 1
8509533 8876759 1
8509533 8938409 2
8509533 9114307 1
8509533 9536594 1
8509533 9537988 1
8509533 9614138 2
8509533 9665858 4
8509533 9679553 1
8509533 9836510 2
8509533 9901570 1
8509533 9972682 3
8509533 9981073 3
8616996 8808429 1
8616996 8876759 2
8616996 8938409 2
8616996 9114307 1
8616996 9536594 3
8616996 9537988 1
8616996 9614138 3
8616996 9665858 6
8616996 9679553 1
8616996 9836510 2
8616996 9901570 1
8616996 9972682 3
8616996 9981073 5
8808429 8876759 1
8808429 8938409 1
8808429 9114307 1
8808429 9536594 1
8808429 9537988 1
8808429 9614138 1
8808429 9665858 1
8808429 9679553 1
8808429 9836510 1
8808429 9901570 1
8808429 9972682 1
8808429 9981073 1
8876759 8938409 1
8876759 9114307 1
8876759 9536594 1
8876759 9537988 1
8876759 9614138 1
8876759 9665858 2
8876759 9679553 1
8876759 9836510 1
8876759 9901570 1
8876759 9972682 1
8876759 9981073 1
8938409 9114307 1
8938409 9536594 3
8938409 9537988 1
8938409 9614138 1
8938409 9665858 4
8938409 9679553 1
8938409 9836510 1
8938409 9901570 1
8938409 9972682 3
8938409 9981073 3
9114307 9536594 1
9114307 9537988 1
9114307 9614138 1
9114307 9665858 1
9114307 9679553 1
9114307 9836510 1
9114307 9901570 1
9114307 9972682 1
9114307 9981073 1
9536594 9537988 1
9536594 9614138 2
9536594 9679553 1
9536594 9836510 1
9536594 9901570 1
9536594 9972682 2
9536594 9981073 4
9537988 9614138 1
9537988 9665858 1
9537988 9679553 1
9537988 9836510 1
9537988 9901570 1
9537988 9972682 1
9537988 9981073 1
9614138 9665858 2
9614138 9679553 1
9614138 9836510 2
9614138 9901570 1
9614138 9972682 1
9614138 9981073 3
9665858 9679553 1
9665858 9836510 2
9665858 9901570 1
9665858 9972682 4
9665858 9981073 5
9679553 9836510 1
9679553 9901570 1
9679553 9972682 1
9679553 9981073 1
9836510 9901570 1
9836510 9972682 1
9836510 9981073 2
9901570 9972682 1
9901570 9981073 1
9972682 9981073 3
1302957 4418851 1
1302957 4486381 1
1302957 7028648 1
1302957 9308879 1
1302957 10061888 1
2814764 4418851 3
2814764 4486381 1
2814764 7028648 1
2814764 9308879 1
2814764 10061888 1
3384106 4418851 3
3384106 4486381 1
3384106 7028648 1
3384106 9308879 1
3384106 10061888 1
3645934 4418851 4
3645934 4486381 2
3645934 7028648 2
3645934 9308879 1
3645934 10061888 2
3797780 4418851 4
3797780 4486381 2
3797780 7028648 2
3797780 9308879 1
3797780 10061888 2
4418851 4486381 1
4418851 5612015 4
4418851 5677084 4
4418851 6887968 4
4418851 6970033 2
4418851 7028648 1
4418851 7254972 4
4418851 7518540 4
4418851 8327379 4
4418851 8379910 4
4418851 8509533 2
4418851 8616996 3
4418851 9308879 1
4418851 9665858 4
4418851 9972682 2
4418851 10061888 1
4486381 5612015 2
4486381 5677084 2
4486381 6887968 2
4486381 6970033 1
4486381 7028648 2
4486381 7254972 2
4486381 7518540 2
4486381 8327379 2
4486381 8379910 2
4486381 8509533 2
4486381 8616996 2
4486381 9308879 1
4486381 9665858 2
4486381 9972682 2
4486381 10061888 2
5612015 7028648 2
5612015 9308879 1
5612015 10061888 2
5677084 7028648 2
5677084 9308879 1
5677084 10061888 2
6887968 7028648 2
6887968 9308879 1
6887968 10061888 2
6970033 7028648 1
6970033 9308879 1
6970033 10061888 1
7028648 7254972 2
7028648 7518540 2
7028648 8327379 2
7028648 8379910 2
7028648 8509533 2
7028648 8616996 2
7028648 9308879 1
7028648 9665858 2
7028648 9972682 2
7028648 10061888 2
7254972 9308879 1
7254972 10061888 2
7518540 9308879 1
7518540 10061888 2
8327379 9308879 1
8327379 10061888 2
8379910 9308879 1
8379910 10061888 2
8509533 9308879 1
8509533 10061888 2
8616996 9308879 1
8616996 10061888 2
9308879 9665858 1
9308879 9972682 1
9308879 10061888 1
9665858 10061888 2
9972682 10061888 2
3075998 4418851 1
3075998 6601989 1
3075998 8469081 1
3075998 9594996 1
3384106 6601989 1
3384106 8469081 1
3384106 9594996 1
3645934 6601989 1
3645934 8469081 1
3645934 9594996 1
3797780 6601989 1
3797780 8469081 1
3797780 9594996 1
4369549 4418851 1
4369549 6601989 1
4369549 8469081 1
4369549 9594996 1
4418851 4489221 3
4418851 6601989 1
4418851 6923039 2
4418851 8213431 3
4418851 8469081 1
4418851 9594996 1
4418851 9614138 1
4418851 9836510 1
4418851 9981073 3
4489221 6601989 1
4489221 8469081 1
4489221 9594996 1
5612015 6601989 1
5612015 8469081 1
5612015 9594996 1
5677084 6601989 1
5677084 8469081 1
5677084 9594996 1
6601989 6887968 1
6601989 6923039 1
6601989 6970033 1
6601989 7254972 1
6601989 7518540 1
6601989 8213431 1
6601989 8327379 1
6601989 8379910 1
6601989 8469081 1
6601989 8509533 1
6601989 8616996 1
6601989 9594996 1
6601989 9614138 1
6601989 9665858 1
6601989 9836510 1
6601989 9981073 1
6887968 8469081 1
6887968 9594996 1
6923039 8469081 1
6923039 9594996 1
6970033 8469081 1
6970033 9594996 1
7254972 8469081 1
7254972 9594996 1
7518540 8469081 1
7518540 9594996 1
8213431 8469081 1
8213431 9594996 1
8327379 8469081 1
8327379 9594996 1
8379910 8469081 1
8379910 9594996 1
8469081 8509533 1
8469081 8616996 1
8469081 9594996 1
8469081 9614138 1
8469081 9665858 1
8469081 9836510 1
8469081 9981073 1
8509533 9594996 1
8616996 9594996 1
9594996 9614138 1
9594996 9665858 1
9594996 9836510 1
9594996 9981073 1
2814764 4841105 1
2814764 4885240 1
2814764 5339878 3
2814764 7314776 3
2814764 8487506 1
2814764 10121663 4
3645934 4841105 1
3645934 4885240 1
3645934 5339878 4
3645934 7314776 3
3645934 8487506 1
3645934 10121663 5
3797780 4841105 1
3797780 4885240 1
3797780 5339878 4
3797780 7314776 3
3797780 8487506 1
3797780 10121663 5
4841105 4885240 1
4841105 5339878 1
4841105 5612015 1
4841105 5677084 1
4841105 6887968 1
4841105 7254972 1
4841105 7314776 1
4841105 7518540 1
4841105 7832693 1
4841105 8327379 1
4841105 8379910 1
4841105 8487506 1
4841105 8616996 1
4841105 9536594 1
4841105 9614138 1
4841105 9981073 1
4841105 10121663 1
4885240 5339878 1
4885240 5612015 1
4885240 5677084 1
4885240 6887968 1
4885240 7254972 1
4885240 7314776 1
4885240 7518540 1
4885240 7832693 1
4885240 8327379 1
4885240 8379910 1
4885240 8487506 1
4885240 8616996 1
4885240 9536594 1
4885240 9614138 1
4885240 9981073 1
4885240 10121663 1
5339878 5612015 4
5339878 5677084 4
5339878 6887968 3
5339878 7254972 4
5339878 7314776 3
5339878 7518540 4
5339878 7832693 2
5339878 8327379 3
5339878 8379910 4
5339878 8487506 1
5339878 8616996 2
5339878 9536594 4
5339878 9614138 1
5339878 9981073 3
5339878 10121663 3
5612015 7314776 3
5612015 8487506 1
5612015 10121663 4
5677084 7314776 3
5677084 8487506 1
5677084 10121663 5
6887968 7314776 3
6887968 8487506 1
6887968 10121663 5
7254972 7314776 3
7254972 8487506 1
7254972 10121663 5
7314776 7518540 3
7314776 7832693 2
7314776 8327379 3
7314776 8379910 3
7314776 8487506 1
7314776 8616996 2
7314776 9536594 3
7314776 9614138 1
7314776 9981073 3
7314776 10121663 3
7518540 8487506 1
7518540 10121663 5
7832693 8487506 1
7832693 10121663 3
8327379 8487506 1
8327379 10121663 5
8379910 8487506 1
8379910 10121663 5
8487506 8616996 1
8487506 9536594 1
8487506 9614138 1
8487506 9981073 1
8487506 10121663 1
8616996 10121663 4
9536594 10121663 3
9614138 10121663 1
9981073 10121663 4
1302957 1949765 1
1302957 4061507 1
1302957 5347023 1
1302957 10121663 1
1949765 2814764 1
1949765 3217611 1
1949765 3384106 1
1949765 3645934 1
1949765 3797780 1
1949765 4061507 1
1949765 4489221 1
1949765 5347023 1
1949765 5677084 1
1949765 6887968 1
1949765 7254972 1
1949765 7518540 1
1949765 7832693 1
1949765 8327379 1
1949765 8379910 1
1949765 8616996 1
1949765 8876759 1
1949765 9665858 1
1949765 10121663 1
2814764 4061507 1
2814764 5347023 2
3217611 4061507 1
3217611 5347023 1
3217611 10121663 1
3384106 4061507 1
3384106 5347023 1
3384106 10121663 2
3645934 4061507 1
3645934 5347023 2
3797780 4061507 1
3797780 5347023 2
4061507 4489221 1
4061507 5347023 1
4061507 5677084 1
4061507 6887968 1
4061507 7254972 1
4061507 7518540 1
4061507 7832693 1
4061507 8327379 1
4061507 8379910 1
4061507 8616996 1
4061507 8876759 1
4061507 9665858 1
4061507 10121663 1
4489221 5347023 2
4489221 10121663 3
5347023 5677084 2
5347023 6887968 2
5347023 7254972 2
5347023 7518540 2
5347023 7832693 1
5347023 8327379 2
5347023 8379910 2
5347023 8616996 1
5347023 8876759 1
5347023 9665858 2
5347023 10121663 2
8876759 10121663 1
9665858 10121663 4
2953507 4486381 1
2953507 7028648 1
2953507 7490055 1
2953507 7787325 1
2953507 8493248 1
2953507 8901017 1
2953507 9246443 1
2953507 10061888 1
2953507 10121663 1
2953507 10136433 1
3645934 7490055 1
3645934 7787325 1
3645934 8493248 2
3645934 8901017 4
3645934 9246443 3
3645934 10136433 1
3797780 7490055 1
3797780 7787325 1
3797780 8493248 2
3797780 8901017 4
3797780 9246443 3
3797780 10136433 1
4486381 5456720 1
4486381 5537523 1
4486381 6797492 1
4486381 7490055 1
4486381 7708116 1
4486381 7787325 1
4486381 8213431 1
4486381 8493248 1
4486381 8901017 1
4486381 8938409 1
4486381 9246443 1
4486381 9981073 1
4486381 10121663 1
4486381 10136433 1
5456720 7028648 1
5456720 7490055 1
5456720 7787325 1
5456720 8493248 2
5456720 8901017 4
5456720 9246443 3
5456720 10061888 1
5456720 10121663 3
5456720 10136433 1
5537523 7028648 1
5537523 7490055 1
5537523 7787325 1
5537523 8493248 1
5537523 8901017 1
5537523 9246443 1
5537523 10061888 1
5537523 10121663 1
5537523 10136433 1
5612015 7490055 1
5612015 7787325 1
5612015 8493248 2
5612015 8901017 4
5612015 9246443 3
5612015 10136433 1
5677084 7490055 1
5677084 7787325 1
5677084 8493248 2
5677084 8901017 4
5677084 9246443 3
5677084 10136433 1
6797492 7028648 1
6797492 7490055 1
6797492 7787325 1
6797492 8493248 1
6797492 8901017 1
6797492 9246443 1
6797492 10061888 1
6797492 10121663 1
6797492 10136433 1
6887968 7490055 1
6887968 7787325 1
6887968 8493248 2
6887968 8901017 3
6887968 9246443 2
6887968 10136433 1
7028648 7490055 1
7028648 7708116 1
7028648 7787325 1
7028648 8213431 1
7028648 8493248 1
7028648 8901017 1
7028648 8938409 1
7028648 9246443 1
7028648 9981073 1
7028648 10121663 1
7028648 10136433 1
7254972 7490055 1
7254972 7787325 1
7254972 8493248 2
7254972 8901017 4
7254972 9246443 3
7254972 10136433 1
7490055 7518540 1
7490055 7708116 1
7490055 7787325 1
7490055 8213431 1
7490055 8327379 1
7490055 8379910 1
7490055 8493248 1
7490055 8509533 1
7490055 8616996 1
7490055 8901017 1
7490055 8938409 1
7490055 9246443 1
7490055 9665858 1
7490055 9972682 1
7490055 9981073 1
7490055 10061888 1
7490055 10121663 1
7490055 10136433 1
7518540 7787325 1
7518540 8493248 2
7518540 8901017 4
7518540 9246443 3
7518540 10136433 1
7708116 7787325 1
7708116 8493248 1
7708116 8901017 1
7708116 9246443 1
7708116 10061888 1
7708116 10121663 1
7708116 10136433 1
7787325 8213431 1
7787325 8327379 1
7787325 8379910 1
7787325 8493248 1
7787325 8509533 1
7787325 8616996 1
7787325 8901017 1
7787325 8938409 1
7787325 9246443 1
7787325 9665858 1
7787325 9972682 1
7787325 9981073 1
7787325 10061888 1
7787325 10121663 1
7787325 10136433 1
8213431 8493248 2
8213431 8901017 3
8213431 9246443 2
8213431 10061888 1
8213431 10121663 3
8213431 10136433 1
8327379 8493248 2
8327379 8901017 3
8327379 9246443 2
8327379 10136433 1
8379910 8493248 2
8379910 8901017 4
8379910 9246443 3
8379910 10136433 1
8493248 8509533 1
8493248 8616996 2
8493248 8901017 2
8493248 8938409 1
8493248 9246443 2
8493248 9665858 2
8493248 9972682 1
8493248 9981073 2
8493248 10061888 1
8493248 10121663 2
8493248 10136433 1
8509533 8901017 1
8509533 9246443 1
8509533 10121663 1
8509533 10136433 1
8616996 8901017 2
8616996 9246443 2
8616996 10136433 1
8901017 8938409 3
8901017 9246443 3
8901017 9665858 4
8901017 9972682 2
8901017 9981073 3
8901017 10061888 1
8901017 10121663 3
8901017 10136433 1
8938409 9246443 2
8938409 10061888 1
8938409 10121663 2
8938409 10136433 1
9246443 9665858 3
9246443 9972682 1
9246443 9981073 2
9246443 10061888 1
9246443 10121663 2
9246443 10136433 1
9665858 10136433 1
9972682 10121663 2
9972682 10136433 1
9981073 10061888 1
9981073 10136433 1
10061888 10121663 1
10061888 10136433 1
10121663 10136433 1
1190501 2814764 1
1190501 3645934 1
1190501 3797780 1
1190501 4418851 1
1190501 4461520 1
1190501 4489221 1
1190501 4734619 1
1190501 4972317 1
1190501 5339878 1
1190501 5347023 1
1190501 5456720 1
1190501 5513003 1
1190501 5612015 1
1190501 5677084 1
1190501 5959088 1
1190501 6348970 1
1190501 6732957 1
1190501 6804925 1
1190501 6887968 1
1190501 7254972 1
1190501 7314776 1
1190501 7437869 1
1190501 7518540 1
1190501 8213431 1
1190501 8327379 1
1190501 8379910 1
1190501 8901017 1
1190501 8938409 1
1190501 9536594 1
1190501 9665858 1
1190501 9863901 1
1190501 9972682 1
1190501 9981073 1
1190501 10105836 1
1190501 10121663 1
2814764 4461520 1
2814764 4734619 1
2814764 4972317 1
2814764 6732957 1
2814764 6804925 2
2814764 7437869 1
2814764 8901017 2
2814764 9863901 2
2814764 10105836 2
3645934 4461520 1
3645934 4734619 1
3645934 4972317 1
3645934 6732957 1
3645934 6804925 2
3645934 7437869 1
3645934 9863901 2
3645934 10105836 2
3797780 4461520 1
3797780 4734619 1
3797780 4972317 1
3797780 6732957 1
3797780 6804925 2
3797780 7437869 1
3797780 9863901 2
3797780 10105836 2
4418851 4461520 1
4418851 4734619 1
4418851 4972317 1
4418851 5339878 2
4418851 5347023 1
4418851 5456720 2
4418851 5513003 1
4418851 5959088 1
4418851 6348970 2
4418851 6732957 1
4418851 6804925 2
4418851 7314776 2
4418851 7437869 1
4418851 8901017 2
4418851 8938409 1
4418851 9536594 2
4418851 9863901 2
4418851 10105836 2
4418851 10121663 2
4461520 4489221 1
4461520 4734619 1
4461520 4972317 1
4461520 5339878 1
4461520 5347023 1
4461520 5456720 1
4461520 5513003 1
4461520 5612015 1
4461520 5677084 1
4461520 5959088 1
4461520 6348970 1
4461520 6732957 1
4461520 6804925 1
4461520 6887968 1
4461520 7254972 1
4461520 7314776 1
4461520 7437869 1
4461520 7518540 1
4461520 8213431 1
4461520 8327379 1
4461520 8379910 1
4461520 8901017 1
4461520 8938409 1
4461520 9536594 1
4461520 9665858 1
4461520 9863901 1
4461520 9972682 1
4461520 9981073 1
4461520 10105836 1
4461520 10121663 1
4489221 4734619 1
4489221 4972317 1
4489221 5339878 2
4489221 6732957 1
4489221 6804925 2
4489221 7314776 2
4489221 7437869 1
4489221 8901017 2
4489221 9863901 2
4489221 10105836 2
4734619 4972317 1
4734619 5339878 1
4734619 5347023 1
4734619 5456720 1
4734619 5513003 1
4734619 5612015 1
4734619 5677084 1
4734619 5959088 1
4734619 6348970 1
4734619 6732957 1
4734619 6804925 1
4734619 6887968 1
4734619 7254972 1
4734619 7314776 1
4734619 7437869 1
4734619 7518540 1
4734619 8213431 1
4734619 8327379 1
4734619 8379910 1
4734619 8901017 1
4734619 8938409 1
4734619 9536594 1
4734619 9665858 1
4734619 9863901 1
4734619 9972682 1
4734619 9981073 1
4734619 10105836 1
4734619 10121663 1
4972317 5339878 1
4972317 5347023 1
4972317 5456720 1
4972317 5513003 1
4972317 5612015 1
4972317 5677084 1
4972317 5959088 1
4972317 6348970 1
4972317 6732957 1
4972317 6804925 1
4972317 6887968 1
4972317 7254972 1
4972317 7314776 1
4972317 7437869 1
4972317 7518540 1
4972317 8213431 1
4972317 8327379 1
4972317 8379910 1
4972317 8901017 1
4972317 8938409 1
4972317 9536594 1
4972317 9665858 1
4972317 9863901 1
4972317 9972682 1
4972317 9981073 1
4972317 10105836 1
4972317 10121663 1
5339878 5347023 1
5339878 5456720 3
5339878 5513003 1
5339878 5959088 1
5339878 6348970 2
5339878 6732957 1
5339878 6804925 2
5339878 7437869 1
5339878 8213431 2
5339878 8901017 3
5339878 8938409 2
5339878 9665858 3
5339878 9863901 2
5339878 9972682 1
5339878 10105836 2
5347023 5456720 1
5347023 5513003 1
5347023 5612015 1
5347023 5959088 1
5347023 6348970 1
5347023 6732957 1
5347023 6804925 1
5347023 7314776 1
5347023 7437869 1
5347023 8213431 1
5347023 8901017 1
5347023 8938409 1
5347023 9536594 1
5347023 9863901 1
5347023 9972682 1
5347023 9981073 1
5347023 10105836 1
5456720 6732957 1
5456720 6804925 2
5456720 7314776 2
5456720 7437869 1
5456720 9863901 2
5456720 10105836 2
5513003 6732957 1
5513003 6804925 1
5513003 7314776 1
5513003 7437869 1
5513003 8901017 1
5513003 9863901 1
5513003 10105836 1
5513003 10121663 1
5612015 6732957 1
5612015 6804925 2
5612015 7437869 1
5612015 9863901 2
5612015 10105836 2
5677084 6732957 1
5677084 6804925 2
5677084 7437869 1
5677084 9863901 2
5677084 10105836 2
5959088 6732957 1
5959088 6804925 1
5959088 7314776 1
5959088 7437869 1
5959088 8901017 1
5959088 9863901 1
5959088 10105836 1
5959088 10121663 1
6348970 6732957 1
6348970 6804925 2
6348970 7314776 2
6348970 7437869 1
6348970 8901017 2
6348970 9863901 2
6348970 10105836 2
6348970 10121663 2
6732957 6804925 1
6732957 6887968 1
6732957 7254972 1
6732957 7314776 1
6732957 7437869 1
6732957 7518540 1
6732957 8213431 1
6732957 8327379 1
6732957 8379910 1
6732957 8901017 1
6732957 8938409 1
6732957 9536594 1
6732957 9665858 1
6732957 9863901 1
6732957 9972682 1
6732957 9981073 1
6732957 10105836 1
6732957 10121663 1
6804925 6887968 2
6804925 7254972 2
6804925 7314776 2
6804925 7437869 1
6804925 7518540 2
6804925 8213431 2
6804925 8327379 2
6804925 8379910 2
6804925 8901017 2
6804925 8938409 1
6804925 9536594 2
6804925 9665858 2
6804925 9863901 2
6804925 9972682 1
6804925 9981073 2
6804925 10105836 2
6804925 10121663 2
6887968 7437869 1
6887968 9863901 2
6887968 10105836 2
7254972 7437869 1
7254972 9863901 2
7254972 10105836 2
7314776 7437869 1
7314776 8213431 2
7314776 8901017 2
7314776 8938409 1
7314776 9665858 2
7314776 9863901 2
7314776 9972682 1
7314776 10105836 2
7437869 7518540 1
7437869 8213431 1
7437869 8327379 1
7437869 8379910 1
7437869 8901017 1
7437869 8938409 1
7437869 9536594 1
7437869 9665858 1
7437869 9863901 1
7437869 9972682 1
7437869 9981073 1
7437869 10105836 1
7437869 10121663 1
7518540 9863901 2
7518540 10105836 2
8213431 9863901 2
8213431 10105836 2
8327379 9863901 2
8327379 10105836 2
8379910 9863901 2
8379910 10105836 2
8901017 9536594 3
8901017 9863901 2
8901017 10105836 2
8938409 9863901 1
8938409 10105836 1
9536594 9863901 2
9536594 10105836 2
9665858 9863901 2
9665858 10105836 2
9863901 9972682 1
9863901 9981073 2
9863901 10105836 2
9863901 10121663 2
9972682 10105836 1
9981073 10105836 2
10105836 10121663 2
3645934 6056835 2
3645934 7003260 1
3645934 8329062 2
3797780 6056835 2
3797780 7003260 1
3797780 8329062 2
5339878 6056835 2
5339878 7003260 1
5339878 8329062 2
5339878 9246443 2
5456720 6056835 2
5456720 7003260 1
5456720 8329062 2
5612015 6056835 2
5612015 7003260 1
5612015 8329062 2
5677084 6056835 2
5677084 7003260 1
5677084 8329062 2
6056835 7003260 1
6056835 7254972 2
6056835 7518540 2
6056835 8329062 2
6056835 8379910 2
6056835 8901017 2
6056835 8938409 1
6056835 9246443 2
6056835 9536594 2
6056835 9665858 2
7003260 7254972 1
7003260 7518540 1
7003260 8329062 1
7003260 8379910 1
7003260 8901017 1
7003260 8938409 1
7003260 9246443 1
7003260 9536594 1
7003260 9665858 1
7254972 8329062 2
7518540 8329062 2
8329062 8379910 2
8329062 8901017 2
8329062 8938409 1
8329062 9246443 2
8329062 9536594 2
8329062 9665858 2
9246443 9536594 2
2814764 5052615 1
2814764 5844849 1
2814764 6056835 1
2814764 8328548 1
2814764 8329062 1
2814764 8493248 1
2814764 8557218 1
2814764 9246443 1
2814764 9377379 1
3384106 5052615 1
3384106 5339878 1
3384106 5844849 1
3384106 6056835 1
3384106 6804925 1
3384106 7314776 1
3384106 8328548 1
3384106 8329062 1
3384106 8493248 1
3384106 8557218 1
3384106 8901017 1
3384106 9246443 1
3384106 9377379 1
3384106 9863901 1
3384106 10105836 1
3645934 5052615 1
3645934 5844849 1
3645934 8328548 1
3645934 8557218 1
3645934 9377379 1
3797780 5052615 1
3797780 5844849 1
3797780 8328548 1
3797780 8557218 1
3797780 9377379 1
4418851 5052615 1
4418851 5844849 1
4418851 6056835 1
4418851 6220603 1
4418851 7561950 1
4418851 7832693 1
4418851 8328548 1
4418851 8329062 1
4418851 8493248 1
4418851 8557218 1
4418851 9246443 1
4418851 9377379 1
4489221 5052615 1
4489221 5844849 1
4489221 6056835 1
4489221 8328548 1
4489221 8329062 1
4489221 8493248 1
4489221 8557218 1
4489221 9246443 1
4489221 9377379 1
5052615 5339878 1
5052615 5456720 1
5052615 5612015 1
5052615 5677084 1
5052615 5844849 1
5052615 6056835 1
5052615 6220603 1
5052615 6348970 1
5052615 6804925 1
5052615 6887968 1
5052615 6923039 1
5052615 7254972 1
5052615 7314776 1
5052615 7518540 1
5052615 7561950 1
5052615 7832693 1
5052615 8213431 1
5052615 8327379 1
5052615 8328548 1
5052615 8329062 1
5052615 8379910 1
5052615 8493248 1
5052615 8557218 1
5052615 8616996 1
5052615 8901017 1
5052615 9246443 1
5052615 9377379 1
5052615 9536594 1
5052615 9665858 1
5052615 9863901 1
5052615 9981073 1
5052615 10105836 1
5052615 10121663 1
5339878 5844849 1
5339878 6220603 1
5339878 6923039 1
5339878 7561950 1
5339878 8328548 1
5339878 8493248 1
5339878 8557218 1
5339878 9377379 1
5456720 5844849 1
5456720 8328548 1
5456720 8557218 1
5456720 9377379 1
5612015 5844849 1
5612015 8328548 1
5612015 8557218 1
5612015 9377379 1
5677084 5844849 1
5677084 8328548 1
5677084 8557218 1
5677084 9377379 1
5844849 6056835 1
5844849 6220603 1
5844849 6348970 1
5844849 6804925 1
5844849 6887968 1
5844849 6923039 1
5844849 7254972 1
5844849 7314776 1
5844849 7518540 1
5844849 7561950 1
5844849 7832693 1
5844849 8213431 1
5844849 8327379 1
5844849 8328548 1
5844849 8329062 1
5844849 8379910 1
5844849 8493248 1
5844849 8557218 1
5844849 8616996 1
5844849 8901017 1
5844849 9246443 1
5844849 9377379 1
5844849 9536594 1
5844849 9665858 1
5844849 9863901 1
5844849 9981073 1
5844849 10105836 1
5844849 10121663 1
6056835 6220603 1
6056835 6348970 1
6056835 6804925 1
6056835 6887968 1
6056835 6923039 1
6056835 7314776 1
6056835 7561950 1
6056835 7832693 1
6056835 8213431 1
6056835 8327379 1
6056835 8328548 1
6056835 8493248 1
6056835 8557218 1
6056835 8616996 1
6056835 9377379 1
6056835 9863901 1
6056835 9981073 1
6056835 10105836 1
6056835 10121663 1
6220603 6804925 1
6220603 7314776 1
6220603 8328548 1
6220603 8329062 1
6220603 8493248 1
6220603 8557218 1
6220603 8901017 1
6220603 9246443 1
6220603 9377379 1
6220603 9863901 1
6220603 10105836 1
6220603 10121663 1
6348970 8328548 1
6348970 8329062 1
6348970 8493248 1
6348970 8557218 1
6348970 9246443 1
6348970 9377379 1
6804925 6923039 1
6804925 7561950 1
6804925 7832693 1
6804925 8328548 1
6804925 8329062 1
6804925 8493248 1
6804925 8557218 1
6804925 8616996 1
6804925 9246443 1
6804925 9377379 1
6887968 8328548 1
6887968 8329062 1
6887968 8557218 1
6887968 9377379 1
6923039 7314776 1
6923039 8328548 1
6923039 8329062 1
6923039 8493248 1
6923039 8557218 1
6923039 8901017 1
6923039 9246443 1
6923039 9377379 1
6923039 9863901 1
6923039 10105836 1
6923039 10121663 1
7254972 8328548 1
7254972 8557218 1
7254972 9377379 1
7314776 7561950 1
7314776 8328548 1
7314776 8329062 1
7314776 8493248 1
7314776 8557218 1
7314776 9246443 1
7314776 9377379 1
7518540 8328548 1
7518540 8557218 1
7518540 9377379 1
7561950 8328548 1
7561950 8329062 1
7561950 8493248 1
7561950 8557218 1
7561950 8901017 1
7561950 9246443 1
7561950 9377379 1
7561950 9863901 1
7561950 10105836 1
7561950 10121663 1
7832693 8328548 1
7832693 8329062 1
7832693 8493248 1
7832693 8557218 1
7832693 8901017 1
7832693 9246443 1
7832693 9377379 1
7832693 9863901 1
7832693 10105836 1
8213431 8328548 1
8213431 8329062 1
8213431 8557218 1
8213431 9377379 1
8327379 8328548 1
8327379 8329062 1
8327379 8557218 1
8327379 9377379 1
8328548 8329062 1
8328548 8379910 1
8328548 8493248 1
8328548 8557218 1
8328548 8616996 1
8328548 8901017 1
8328548 9246443 1
8328548 9377379 1
8328548 9536594 1
8328548 9665858 1
8328548 9863901 1
8328548 9981073 1
8328548 10105836 1
8328548 10121663 1
8329062 8493248 1
8329062 8557218 1
8329062 8616996 1
8329062 9377379 1
8329062 9863901 1
8329062 9981073 1
8329062 10105836 1
8329062 10121663 1
8379910 8557218 1
8379910 9377379 1
8493248 8557218 1
8493248 9377379 1
8493248 9536594 1
8493248 9863901 1
8493248 10105836 1
8557218 8616996 1
8557218 8901017 1
8557218 9246443 1
8557218 9377379 1
8557218 9536594 1
8557218 9665858 1
8557218 9863901 1
8557218 9981073 1
8557218 10105836 1
8557218 10121663 1
8616996 9377379 1
8616996 9863901 1
8616996 10105836 1
8901017 9377379 1
9246443 9377379 1
9246443 9863901 1
9246443 10105836 1
9377379 9536594 1
9377379 9665858 1
9377379 9863901 1
9377379 9981073 1
9377379 10105836 1
9377379 10121663 1
