35807232 14614537 37305872 31353872 5677084 6735900 12030495 6887968 8616996 9158693 8878643 12511297 10923079 10885201 11718743 37054042 11885660 31891552 12215905 13155937 6047328 13165671 12307047 4623465 10415722 13395053 35889262 11125871 13489264 22876271 26204782 13623924 9594996 12454518 3678841 24048252 13926013 4369549 10801297 4734619 5793948 6732957 4255908 14984871 32843432 11761321 34535092 7274677 6797492 5318839 14325432 32068282 30503102 8493248 13259976 11688650 16813261 5347023 5310163 12966612 34680532 10099933 9631453 19768541 19027171 2977508 7892197 5339878 28814572 16313581 5537523 5284599 9162488 4885240 12196089 14614271 6601989 26788102 10554120 3797780 5651734 5042455 8524054 10218782 2953507 31493412 11995430 32967462 5724970 5513003 8781616 13622582 13000503 9100602 6220603 26621762 4061507 11082059 10641227 4151121 10766162 11392339 31780182 14388056 7314776 14185306 36190562 12874083 18710371 10296677 11388778 11812715 13887853 8586624 32707462 28083592 7665032 13106570 22327691 9376137 12705164 6992271 8816016 5679506 9875353 36517282 7489449 8938409 10581933 11770286 23493041 3280819 39001012 7254972 12534717 7988670 10121663 33176512 6804925 4461520 3613138 13319634 3548115 7708116 34638802 4618707 34239452 9448422 3645934 11206648 10268666 4500991
3613138 3797780 3
3613138 4061507 1
3613138 4255908 1
3613138 4734619 3
3613138 5318839 1
3613138 5651734 1
3613138 5679506 1
3613138 6887968 3
3613138 7254972 2
3613138 7892197 1
3613138 8616996 1
3613138 9158693 1
3613138 9631453 2
3613138 10099933 1
3613138 10296677 1
3613138 10554120 1
3613138 10801297 3
3613138 11392339 2
3613138 12454518 1
3613138 13000503 3
3613138 13106570 1
3613138 13395053 1
3613138 13887853 1
3613138 14185306 2
3613138 14325432 2
3613138 14388056 3
3613138 16813261 1
3613138 19027171 2
3613138 19768541 3
3613138 26621762 2
3613138 28083592 1
3613138 32068282 1
3613138 32843432 1
3613138 34239452 3
3797780 4061507 1
3797780 4255908 2
3797780 4734619 5
3797780 5318839 1
3797780 5651734 2
3797780 5679506 2
3797780 6887968 10
3797780 7254972 8
3797780 7892197 2
3797780 8616996 3
3797780 9158693 1
3797780 9631453 3
3797780 10099933 1
3797780 10296677 1
3797780 10554120 1
3797780 10801297 7
3797780 11392339 3
3797780 12454518 1
3797780 13000503 9
3797780 13106570 1
3797780 13395053 3
3797780 13887853 1
3797780 14185306 4
3797780 14325432 7
3797780 14388056 5
3797780 16813261 2
3797780 19027171 3
3797780 19768541 9
3797780 26621762 4
3797780 28083592 1
3797780 32068282 1
3797780 32843432 1
3797780 34239452 3
4061507 4255908 1
4061507 4734619 1
4061507 5318839 1
4061507 5651734 1
4061507 5679506 1
4061507 6887968 1
4061507 7254972 1
4061507 7892197 1
4061507 8616996 1
4061507 9158693 1
4061507 9631453 1
4061507 10099933 1
4061507 10296677 1
4061507 10554120 1
4061507 10801297 1
4061507 11392339 1
4061507 12454518 1
4061507 13000503 1
4061507 13106570 1
4061507 13395053 1
4061507 13887853 1
4061507 14185306 1
4061507 14325432 1
4061507 14388056 1
4061507 16813261 1
4061507 19027171 1
4061507 19768541 1
4061507 26621762 1
4061507 28083592 1
4061507 32068282 1
4061507 32843432 1
4061507 34239452 1
4255908 4734619 2
4255908 5318839 1
4255908 5651734 1
4255908 5679506 2
4255908 6887968 2
4255908 7254972 2
4255908 7892197 1
4255908 8616996 2
4255908 9158693 1
4255908 9631453 1
4255908 10099933 1
4255908 10296677 1
4255908 10554120 1
4255908 10801297 2
4255908 11392339 2
4255908 12454518 1
4255908 13000503 2
4255908 13106570 1
4255908 13395053 1
4255908 13887853 1
4255908 14185306 2
4255908 14325432 2
4255908 14388056 2
4255908 16813261 1
4255908 19027171 1
4255908 19768541 2
4255908 26621762 2
4255908 28083592 1
4255908 32068282 1
4255908 32843432 1
4255908 34239452 1
4734619 5318839 1
4734619 5651734 2
4734619 5679506 2
4734619 6887968 5
4734619 7254972 4
4734619 7892197 1
4734619 8616996 2
4734619 9158693 1
4734619 9631453 2
4734619 10099933 1
4734619 10296677 1
4734619 10554120 1
4734619 10801297 5
4734619 11392339 3
4734619 12454518 1
4734619 13000503 5
4734619 13106570 1
4734619 13395053 2
4734619 13887853 1
4734619 14185306 3
4734619 14325432 4
4734619 14388056 4
4734619 16813261 2
4734619 19027171 2
4734619 19768541 5
4734619 26621762 3
4734619 28083592 1
4734619 32068282 1
4734619 32843432 1
4734619 34239452 3
5318839 5651734 1
5318839 5679506 1
5318839 6887968 1
5318839 7254972 1
5318839 7892197 1
5318839 8616996 1
5318839 9158693 1
5318839 9631453 1
5318839 10099933 1
5318839 10296677 1
5318839 10554120 1
5318839 10801297 1
5318839 11392339 1
5318839 12454518 1
5318839 13000503 1
5318839 13106570 1
5318839 13395053 1
5318839 13887853 1
5318839 14185306 1
5318839 14325432 1
5318839 14388056 1
5318839 16813261 1
5318839 19027171 1
5318839 19768541 1
5318839 26621762 1
5318839 28083592 1
5318839 32068282 1
5318839 32843432 1
5318839 34239452 1
5651734 5679506 1
5651734 6887968 2
5651734 7254972 2
5651734 7892197 1
5651734 8616996 1
5651734 9158693 1
5651734 9631453 1
5651734 10099933 1
5651734 10296677 1
5651734 10554120 1
5651734 10801297 2
5651734 11392339 1
5651734 12454518 1
5651734 13000503 2
5651734 13106570 1
5651734 13395053 2
5651734 13887853 1
5651734 14185306 1
5651734 14325432 2
5651734 14388056 1
5651734 16813261 2
5651734 19027171 1
5651734 19768541 2
5651734 26621762 1
5651734 28083592 1
5651734 32068282 1
5651734 32843432 1
5651734 34239452 1
5679506 6887968 2
5679506 7254972 2
5679506 7892197 1
5679506 8616996 2
5679506 9158693 1
5679506 9631453 1
5679506 10099933 1
5679506 10296677 1
5679506 10554120 1
5679506 10801297 2
5679506 11392339 2
5679506 12454518 1
5679506 13000503 2
5679506 13106570 1
5679506 13395053 1
5679506 13887853 1
5679506 14185306 2
5679506 14325432 2
5679506 14388056 2
5679506 16813261 1
5679506 19027171 1
5679506 19768541 2
5679506 26621762 2
5679506 28083592 1
5679506 32068282 1
5679506 32843432 1
5679506 34239452 1
6887968 7254972 8
6887968 7892197 2
6887968 8616996 3
6887968 9158693 1
6887968 9631453 3
6887968 10099933 1
6887968 10296677 1
6887968 10554120 1
6887968 10801297 7
6887968 11392339 3
6887968 12454518 1
6887968 13000503 9
6887968 13106570 1
6887968 13395053 3
6887968 13887853 1
6887968 14185306 4
6887968 14325432 7
6887968 14388056 5
6887968 16813261 2
6887968 19027171 3
6887968 19768541 9
6887968 26621762 4
6887968 28083592 1
6887968 32068282 1
6887968 32843432 1
6887968 34239452 3
7254972 7892197 2
7254972 8616996 3
7254972 9158693 1
7254972 9631453 3
7254972 10099933 1
7254972 10296677 1
7254972 10554120 1
7254972 10801297 6
7254972 11392339 2
7254972 12454518 1
7254972 13000503 8
7254972 13106570 1
7254972 13395053 3
7254972 13887853 1
7254972 14185306 3
7254972 14325432 7
7254972 14388056 4
7254972 16813261 2
7254972 19027171 2
7254972 19768541 7
7254972 26621762 4
7254972 28083592 1
7254972 32068282 1
7254972 32843432 1
7254972 34239452 2
7892197 8616996 1
7892197 9158693 1
7892197 9631453 2
7892197 10099933 1
7892197 10296677 1
7892197 10554120 1
7892197 10801297 2
7892197 11392339 1
7892197 12454518 1
7892197 13000503 2
7892197 13106570 1
7892197 13395053 1
7892197 13887853 1
7892197 14185306 1
7892197 14325432 1
7892197 14388056 1
7892197 16813261 1
7892197 19027171 2
7892197 19768541 2
7892197 26621762 1
7892197 28083592 1
7892197 32068282 1
7892197 32843432 1
7892197 34239452 1
8616996 9158693 1
8616996 9631453 1
8616996 10099933 1
8616996 10296677 1
8616996 10554120 1
8616996 10801297 2
8616996 11392339 2
8616996 12454518 1
8616996 13000503 3
8616996 13106570 1
8616996 13395053 1
8616996 13887853 1
8616996 14185306 2
8616996 14325432 3
8616996 14388056 2
8616996 16813261 1
8616996 19027171 1
8616996 19768541 3
8616996 26621762 2
8616996 28083592 1
8616996 32068282 1
8616996 32843432 1
8616996 34239452 1
9158693 9631453 1
9158693 10099933 1
9158693 10296677 1
9158693 10554120 1
9158693 10801297 1
9158693 11392339 1
9158693 12454518 1
9158693 13000503 1
9158693 13106570 1
9158693 13395053 1
9158693 13887853 1
9158693 14185306 1
9158693 14325432 1
9158693 14388056 1
9158693 16813261 1
9158693 19027171 1
9158693 19768541 1
9158693 26621762 1
9158693 28083592 1
9158693 32068282 1
9158693 32843432 1
9158693 34239452 1
9631453 10099933 1
9631453 10296677 1
9631453 10554120 1
9631453 10801297 3
9631453 11392339 1
9631453 12454518 1
9631453 13000503 3
9631453 13106570 1
9631453 13395053 1
9631453 13887853 1
9631453 14185306 1
9631453 14325432 2
9631453 14388056 2
9631453 16813261 1
9631453 19027171 2
9631453 19768541 3
9631453 26621762 2
9631453 28083592 1
9631453 32068282 1
9631453 32843432 1
9631453 34239452 2
10099933 10296677 1
10099933 10554120 1
10099933 10801297 1
10099933 11392339 1
10099933 12454518 1
10099933 13000503 1
10099933 13106570 1
10099933 13395053 1
10099933 13887853 1
10099933 14185306 1
10099933 14325432 1
10099933 14388056 1
10099933 16813261 1
10099933 19027171 1
10099933 19768541 1
10099933 26621762 1
10099933 28083592 1
10099933 32068282 1
10099933 32843432 1
10099933 34239452 1
10296677 10554120 1
10296677 10801297 1
10296677 11392339 1
10296677 12454518 1
10296677 13000503 1
10296677 13106570 1
10296677 13395053 1
10296677 13887853 1
10296677 14185306 1
10296677 14325432 1
10296677 14388056 1
10296677 16813261 1
10296677 19027171 1
10296677 19768541 1
10296677 26621762 1
10296677 28083592 1
10296677 32068282 1
10296677 32843432 1
10296677 34239452 1
10554120 10801297 1
10554120 11392339 1
10554120 12454518 1
10554120 13000503 1
10554120 13106570 1
10554120 13395053 1
10554120 13887853 1
10554120 14185306 1
10554120 14325432 1
10554120 14388056 1
10554120 16813261 1
10554120 19027171 1
10554120 19768541 1
10554120 26621762 1
10554120 28083592 1
10554120 32068282 1
10554120 32843432 1
10554120 34239452 1
10801297 11392339 3
10801297 12454518 1
10801297 13000503 7
10801297 13106570 1
10801297 13395053 2
10801297 13887853 1
10801297 14185306 3
10801297 14325432 5
10801297 14388056 4
10801297 16813261 2
10801297 19027171 3
10801297 19768541 7
10801297 26621762 4
10801297 28083592 1
10801297 32068282 1
10801297 32843432 1
10801297 34239452 3
11392339 12454518 1
11392339 13000503 3
11392339 13106570 1
11392339 13395053 1
11392339 13887853 1
11392339 14185306 3
11392339 14325432 2
11392339 14388056 3
11392339 16813261 1
11392339 19027171 2
11392339 19768541 3
11392339 26621762 2
11392339 28083592 1
11392339 32068282 1
11392339 32843432 1
11392339 34239452 2
12454518 13000503 1
12454518 13106570 1
12454518 13395053 1
12454518 13887853 1
12454518 14185306 1
12454518 14325432 1
12454518 14388056 1
12454518 16813261 1
12454518 19027171 1
12454518 19768541 1
12454518 26621762 1
12454518 28083592 1
12454518 32068282 1
12454518 32843432 1
12454518 34239452 1
13000503 13106570 1
13000503 13395053 3
13000503 13887853 1
13000503 14185306 4
13000503 14325432 7
13000503 14388056 5
13000503 16813261 2
13000503 19027171 3
13000503 19768541 8
13000503 26621762 4
13000503 28083592 1
13000503 32068282 1
13000503 32843432 1
13000503 34239452 3
13106570 13395053 1
13106570 13887853 1
13106570 14185306 1
13106570 14325432 1
13106570 14388056 1
13106570 16813261 1
13106570 19027171 1
13106570 19768541 1
13106570 26621762 1
13106570 28083592 1
13106570 32068282 1
13106570 32843432 1
13106570 34239452 1
13395053 13887853 1
13395053 14185306 2
13395053 14325432 3
13395053 14388056 2
13395053 16813261 2
13395053 19027171 1
13395053 19768541 2
13395053 26621762 1
13395053 28083592 1
13395053 32068282 1
13395053 32843432 1
13395053 34239452 1
13887853 14185306 1
13887853 14325432 1
13887853 14388056 1
13887853 16813261 1
13887853 19027171 1
13887853 19768541 1
13887853 26621762 1
13887853 28083592 1
13887853 32068282 1
13887853 32843432 1
13887853 34239452 1
14185306 14325432 3
14185306 14388056 4
14185306 16813261 1
14185306 19027171 2
14185306 19768541 3
14185306 26621762 2
14185306 28083592 1
14185306 32068282 1
14185306 32843432 1
14185306 34239452 2
14325432 14388056 4
14325432 16813261 2
14325432 19027171 1
14325432 19768541 6
14325432 26621762 4
14325432 28083592 1
14325432 32068282 1
14325432 32843432 1
14325432 34239452 2
14388056 16813261 1
14388056 19027171 2
14388056 19768541 4
14388056 26621762 3
14388056 28083592 1
14388056 32068282 1
14388056 32843432 1
14388056 34239452 3
16813261 19027171 1
16813261 19768541 2
16813261 26621762 1
16813261 28083592 1
16813261 32068282 1
16813261 32843432 1
16813261 34239452 1
19027171 19768541 3
19027171 26621762 1
19027171 28083592 1
19027171 32068282 1
19027171 32843432 1
19027171 34239452 2
19768541 26621762 4
19768541 28083592 1
19768541 32068282 1
19768541 32843432 1
19768541 34239452 3
26621762 28083592 1
26621762 32068282 1
26621762 32843432 1
26621762 34239452 2
28083592 32068282 1
28083592 32843432 1
28083592 34239452 1
32068282 32843432 1
32068282 34239452 1
32843432 34239452 1
3613138 4461520 1
3613138 5042455 1
3613138 5537523 1
3613138 5677084 1
3613138 5793948 2
3613138 8586624 1
3613138 8816016 2
3613138 9162488 1
3613138 10121663 2
3613138 10766162 2
3613138 11082059 1
3613138 11125871 1
3613138 11388778 1
3613138 11688650 2
3613138 12874083 1
3613138 14614271 1
3613138 14614537 2
3613138 22327691 2
3613138 28814572 1
3613138 32707462 2
3613138 34535092 1
3613138 37054042 2
3797780 4461520 2
3797780 5042455 2
3797780 5537523 2
3797780 5677084 3
3797780 5793948 3
3797780 8586624 1
3797780 8816016 3
3797780 9162488 3
3797780 10121663 5
3797780 10766162 5
3797780 11082059 4
3797780 11125871 1
3797780 11388778 1
3797780 11688650 4
3797780 12874083 2
3797780 14614271 1
3797780 14614537 2
3797780 22327691 3
3797780 28814572 2
3797780 32707462 7
3797780 34535092 1
3797780 37054042 2
4461520 4734619 2
4461520 5042455 2
4461520 5537523 2
4461520 5677084 2
4461520 5793948 2
4461520 6887968 2
4461520 8586624 1
4461520 8816016 2
4461520 9162488 1
4461520 10121663 2
4461520 10766162 2
4461520 10801297 2
4461520 11082059 2
4461520 11125871 1
4461520 11388778 1
4461520 11392339 2
4461520 11688650 2
4461520 12874083 2
4461520 13000503 2
4461520 14185306 2
4461520 14388056 2
4461520 14614271 1
4461520 14614537 1
4461520 19027171 1
4461520 19768541 2
4461520 22327691 2
4461520 28814572 2
4461520 32707462 2
4461520 34239452 1
4461520 34535092 1
4461520 37054042 1
4734619 5042455 2
4734619 5537523 2
4734619 5677084 2
4734619 5793948 3
4734619 8586624 1
4734619 8816016 3
4734619 9162488 2
4734619 10121663 4
4734619 10766162 3
4734619 11082059 3
4734619 11125871 1
4734619 11388778 1
4734619 11688650 3
4734619 12874083 2
4734619 14614271 1
4734619 14614537 2
4734619 22327691 3
4734619 28814572 2
4734619 32707462 4
4734619 34535092 1
4734619 37054042 2
5042455 5537523 2
5042455 5677084 2
5042455 5793948 2
5042455 6887968 2
5042455 8586624 1
5042455 8816016 2
5042455 9162488 1
5042455 10121663 2
5042455 10766162 2
5042455 10801297 2
5042455 11082059 2
5042455 11125871 1
5042455 11388778 1
5042455 11392339 2
5042455 11688650 2
5042455 12874083 2
5042455 13000503 2
5042455 14185306 2
5042455 14388056 2
5042455 14614271 1
5042455 14614537 1
5042455 19027171 1
5042455 19768541 2
5042455 22327691 2
5042455 28814572 2
5042455 32707462 2
5042455 34239452 1
5042455 34535092 1
5042455 37054042 1
5537523 5677084 2
5537523 5793948 2
5537523 6887968 2
5537523 8586624 1
5537523 8816016 2
5537523 9162488 1
5537523 10121663 2
5537523 10766162 2
5537523 10801297 2
5537523 11082059 2
5537523 11125871 1
5537523 11388778 1
5537523 11392339 2
5537523 11688650 2
5537523 12874083 2
5537523 13000503 2
5537523 14185306 2
5537523 14388056 2
5537523 14614271 1
5537523 14614537 1
5537523 19027171 1
5537523 19768541 2
5537523 22327691 2
5537523 28814572 2
5537523 32707462 2
5537523 34239452 1
5537523 34535092 1
5537523 37054042 1
5677084 5793948 2
5677084 6887968 3
5677084 8586624 1
5677084 8816016 2
5677084 9162488 1
5677084 10121663 2
5677084 10766162 2
5677084 10801297 2
5677084 11082059 3
5677084 11125871 1
5677084 11388778 1
5677084 11392339 2
5677084 11688650 2
5677084 12874083 2
5677084 13000503 3
5677084 14185306 3
5677084 14388056 3
5677084 14614271 1
5677084 14614537 1
5677084 19027171 1
5677084 19768541 2
5677084 22327691 2
5677084 28814572 2
5677084 32707462 3
5677084 34239452 1
5677084 34535092 1
5677084 37054042 1
5793948 6887968 3
5793948 8586624 1
5793948 8816016 3
5793948 9162488 1
5793948 10121663 3
5793948 10766162 3
5793948 10801297 3
5793948 11082059 2
5793948 11125871 1
5793948 11388778 1
5793948 11392339 2
5793948 11688650 3
5793948 12874083 2
5793948 13000503 3
5793948 14185306 2
5793948 14388056 3
5793948 14614271 1
5793948 14614537 2
5793948 19027171 1
5793948 19768541 3
5793948 22327691 3
5793948 28814572 2
5793948 32707462 3
5793948 34239452 2
5793948 34535092 1
5793948 37054042 2
6887968 8586624 1
6887968 8816016 3
6887968 9162488 3
6887968 10121663 5
6887968 10766162 5
6887968 11082059 4
6887968 11125871 1
6887968 11388778 1
6887968 11688650 4
6887968 12874083 2
6887968 14614271 1
6887968 14614537 2
6887968 22327691 3
6887968 28814572 2
6887968 32707462 7
6887968 34535092 1
6887968 37054042 2
8586624 8816016 1
8586624 9162488 1
8586624 10121663 1
8586624 10766162 1
8586624 10801297 1
8586624 11082059 1
8586624 11125871 1
8586624 11388778 1
8586624 11392339 1
8586624 11688650 1
8586624 12874083 1
8586624 13000503 1
8586624 14185306 1
8586624 14388056 1
8586624 14614271 1
8586624 14614537 1
8586624 19027171 1
8586624 19768541 1
8586624 22327691 1
8586624 28814572 1
8586624 32707462 1
8586624 34239452 1
8586624 34535092 1
8586624 37054042 1
8816016 9162488 1
8816016 10121663 3
8816016 10766162 3
8816016 10801297 3
8816016 11082059 2
8816016 11125871 1
8816016 11388778 1
8816016 11392339 2
8816016 11688650 3
8816016 12874083 2
8816016 13000503 3
8816016 14185306 2
8816016 14388056 3
8816016 14614271 1
8816016 14614537 2
8816016 19027171 1
8816016 19768541 3
8816016 22327691 3
8816016 28814572 2
8816016 32707462 3
8816016 34239452 2
8816016 34535092 1
8816016 37054042 2
9162488 10121663 2
9162488 10766162 1
9162488 10801297 3
9162488 11082059 2
9162488 11125871 1
9162488 11388778 1
9162488 11392339 1
9162488 11688650 1
9162488 12874083 1
9162488 13000503 3
9162488 14185306 1
9162488 14388056 1
9162488 14614271 1
9162488 14614537 1
9162488 19027171 1
9162488 19768541 3
9162488 22327691 1
9162488 28814572 1
9162488 32707462 3
9162488 34239452 1
9162488 34535092 1
9162488 37054042 1
10121663 10766162 4
10121663 10801297 5
10121663 11082059 3
10121663 11125871 1
10121663 11388778 1
10121663 11392339 2
10121663 11688650 4
10121663 12874083 2
10121663 13000503 5
10121663 14185306 2
10121663 14388056 3
10121663 14614271 1
10121663 14614537 2
10121663 19027171 2
10121663 19768541 5
10121663 22327691 3
10121663 28814572 2
10121663 32707462 5
10121663 34239452 2
10121663 34535092 1
10121663 37054042 2
10766162 10801297 4
10766162 11082059 2
10766162 11125871 1
10766162 11388778 1
10766162 11392339 2
10766162 11688650 4
10766162 12874083 2
10766162 13000503 5
10766162 14185306 2
10766162 14388056 3
10766162 14614271 1
10766162 14614537 2
10766162 19027171 2
10766162 19768541 5
10766162 22327691 3
10766162 28814572 2
10766162 32707462 4
10766162 34239452 2
10766162 34535092 1
10766162 37054042 2
10801297 11082059 3
10801297 11125871 1
10801297 11388778 1
10801297 11688650 4
10801297 12874083 2
10801297 14614271 1
10801297 14614537 2
10801297 22327691 3
10801297 28814572 2
10801297 32707462 6
10801297 34535092 1
10801297 37054042 2
11082059 11125871 1
11082059 11388778 1
11082059 11392339 2
11082059 11688650 2
11082059 12874083 2
11082059 13000503 4
11082059 14185306 3
11082059 14388056 3
11082059 14614271 1
11082059 14614537 1
11082059 19027171 1
11082059 19768541 3
11082059 22327691 2
11082059 28814572 2
11082059 32707462 4
11082059 34239452 1
11082059 34535092 1
11082059 37054042 1
11125871 11388778 1
11125871 11392339 1
11125871 11688650 1
11125871 12874083 1
11125871 13000503 1
11125871 14185306 1
11125871 14388056 1
11125871 14614271 1
11125871 14614537 1
11125871 19027171 1
11125871 19768541 1
11125871 22327691 1
11125871 28814572 1
11125871 32707462 1
11125871 34239452 1
11125871 34535092 1
11125871 37054042 1
11388778 11392339 1
11388778 11688650 1
11388778 12874083 1
11388778 13000503 1
11388778 14185306 1
11388778 14388056 1
11388778 14614271 1
11388778 14614537 1
11388778 19027171 1
11388778 19768541 1
11388778 22327691 1
11388778 28814572 1
11388778 32707462 1
11388778 34239452 1
11388778 34535092 1
11388778 37054042 1
11392339 11688650 2
11392339 12874083 2
11392339 14614271 1
11392339 14614537 1
11392339 22327691 2
11392339 28814572 2
11392339 32707462 2
11392339 34535092 1
11392339 37054042 1
11688650 12874083 2
11688650 13000503 4
11688650 14185306 2
11688650 14388056 3
11688650 14614271 1
11688650 14614537 2
11688650 19027171 2
11688650 19768541 4
11688650 22327691 3
11688650 28814572 2
11688650 32707462 4
11688650 34239452 2
11688650 34535092 1
11688650 37054042 2
12874083 13000503 2
12874083 14185306 2
12874083 14388056 2
12874083 14614271 1
12874083 14614537 1
12874083 19027171 1
12874083 19768541 2
12874083 22327691 2
12874083 28814572 2
12874083 32707462 2
12874083 34239452 1
12874083 34535092 1
12874083 37054042 1
13000503 14614271 1
13000503 14614537 2
13000503 22327691 3
13000503 28814572 2
13000503 32707462 7
13000503 34535092 1
13000503 37054042 2
14185306 14614271 1
14185306 14614537 1
14185306 22327691 2
14185306 28814572 2
14185306 32707462 3
14185306 34535092 1
14185306 37054042 1
14388056 14614271 1
14388056 14614537 2
14388056 22327691 3
14388056 28814572 2
14388056 32707462 4
14388056 34535092 1
14388056 37054042 2
14614271 14614537 1
14614271 19027171 1
14614271 19768541 1
14614271 22327691 1
14614271 28814572 1
14614271 32707462 1
14614271 34239452 1
14614271 34535092 1
14614271 37054042 1
14614537 19027171 1
14614537 19768541 2
14614537 22327691 2
14614537 28814572 1
14614537 32707462 2
14614537 34239452 2
14614537 34535092 1
14614537 37054042 2
19027171 22327691 1
19027171 28814572 1
19027171 32707462 2
19027171 34535092 1
19027171 37054042 1
19768541 22327691 3
19768541 28814572 2
19768541 32707462 6
19768541 34535092 1
19768541 37054042 2
22327691 28814572 2
22327691 32707462 3
22327691 34239452 2
22327691 34535092 1
22327691 37054042 2
28814572 32707462 2
28814572 34239452 1
28814572 34535092 1
28814572 37054042 1
32707462 34239452 2
32707462 34535092 1
32707462 37054042 2
34239452 34535092 1
34239452 37054042 2
34535092 37054042 1
3280819 3797780 2
3280819 6735900 1
3280819 6887968 2
3280819 7254972 2
3280819 7314776 1
3280819 8616996 1
3280819 9100602 1
3280819 9448422 1
3280819 10766162 1
3280819 11770286 1
3280819 11995430 2
3280819 13000503 2
3280819 14325432 2
3280819 19768541 2
3280819 35889262 1
3280819 37305872 1
3797780 6735900 2
3797780 7314776 1
3797780 9100602 2
3797780 9448422 5
3797780 11770286 1
3797780 11995430 5
3797780 35889262 2
3797780 37305872 1
6735900 6887968 2
6735900 7254972 2
6735900 7314776 1
6735900 8616996 1
6735900 9100602 1
6735900 9448422 2
6735900 10766162 1
6735900 11770286 1
6735900 11995430 2
6735900 13000503 2
6735900 14325432 2
6735900 19768541 1
6735900 35889262 1
6735900 37305872 1
6887968 7314776 1
6887968 9100602 2
6887968 9448422 5
6887968 11770286 1
6887968 11995430 5
6887968 35889262 2
6887968 37305872 1
7254972 7314776 1
7254972 9100602 2
7254972 9448422 5
7254972 10766162 4
7254972 11770286 1
7254972 11995430 5
7254972 35889262 2
7254972 37305872 1
7314776 8616996 1
7314776 9100602 1
7314776 9448422 1
7314776 10766162 1
7314776 11770286 1
7314776 11995430 1
7314776 13000503 1
7314776 14325432 1
7314776 19768541 1
7314776 35889262 1
7314776 37305872 1
8616996 9100602 1
8616996 9448422 2
8616996 10766162 2
8616996 11770286 1
8616996 11995430 1
8616996 35889262 1
8616996 37305872 1
9100602 9448422 2
9100602 10766162 2
9100602 11770286 1
9100602 11995430 1
9100602 13000503 2
9100602 14325432 2
9100602 19768541 2
9100602 35889262 2
9100602 37305872 1
9448422 10766162 4
9448422 11770286 1
9448422 11995430 3
9448422 13000503 5
9448422 14325432 4
9448422 19768541 4
9448422 35889262 2
9448422 37305872 1
10766162 11770286 1
10766162 11995430 2
10766162 14325432 3
10766162 35889262 2
10766162 37305872 1
11770286 11995430 1
11770286 13000503 1
11770286 14325432 1
11770286 19768541 1
11770286 35889262 1
11770286 37305872 1
11995430 13000503 5
11995430 14325432 4
11995430 19768541 4
11995430 35889262 1
11995430 37305872 1
13000503 35889262 2
13000503 37305872 1
14325432 35889262 2
14325432 37305872 1
19768541 35889262 2
19768541 37305872 1
35889262 37305872 1
3613138 4151121 1
3613138 5284599 1
3613138 6220603 1
3613138 6992271 1
3613138 7489449 1
3613138 8524054 1
3613138 8781616 1
3613138 8878643 1
3613138 9100602 1
3613138 9448422 1
3613138 10923079 1
3613138 11812715 1
3613138 12030495 1
3613138 12215905 1
3613138 13319634 1
3613138 13489264 1
3613138 22876271 1
3613138 30503102 1
3613138 31493412 1
3613138 31891552 1
3613138 33176512 1
3613138 35807232 1
3613138 35889262 1
3613138 36190562 1
3797780 4151121 1
3797780 5284599 1
3797780 6220603 1
3797780 6992271 1
3797780 7489449 1
3797780 8524054 2
3797780 8781616 1
3797780 8878643 1
3797780 10923079 1
3797780 11812715 2
3797780 12030495 6
3797780 12215905 2
3797780 13319634 2
3797780 13489264 3
3797780 22876271 2
3797780 30503102 2
3797780 31493412 2
3797780 31891552 2
3797780 33176512 2
3797780 35807232 4
3797780 36190562 3
4151121 4734619 1
4151121 5284599 1
4151121 5793948 1
4151121 6220603 1
4151121 6887968 1
4151121 6992271 1
4151121 7254972 1
4151121 7489449 1
4151121 8524054 1
4151121 8781616 1
4151121 8816016 1
4151121 8878643 1
4151121 9100602 1
4151121 9448422 1
4151121 9631453 1
4151121 10121663 1
4151121 10766162 1
4151121 10801297 1
4151121 10923079 1
4151121 11688650 1
4151121 11812715 1
4151121 12030495 1
4151121 12215905 1
4151121 13000503 1
4151121 13319634 1
4151121 13489264 1
4151121 14325432 1
4151121 14388056 1
4151121 14614537 1
4151121 19768541 1
4151121 22327691 1
4151121 22876271 1
4151121 26621762 1
4151121 30503102 1
4151121 31493412 1
4151121 31891552 1
4151121 32707462 1
4151121 33176512 1
4151121 34239452 1
4151121 35807232 1
4151121 35889262 1
4151121 36190562 1
4151121 37054042 1
4734619 5284599 1
4734619 6220603 1
4734619 6992271 1
4734619 7489449 1
4734619 8524054 1
4734619 8781616 1
4734619 8878643 1
4734619 9100602 1
4734619 9448422 2
4734619 10923079 1
4734619 11812715 2
4734619 12030495 3
4734619 12215905 2
4734619 13319634 1
4734619 13489264 2
4734619 22876271 2
4734619 30503102 2
4734619 31493412 2
4734619 31891552 2
4734619 33176512 2
4734619 35807232 3
4734619 35889262 1
4734619 36190562 2
5284599 5793948 1
5284599 6220603 1
5284599 6887968 1
5284599 6992271 1
5284599 7254972 1
5284599 7489449 1
5284599 8524054 1
5284599 8781616 1
5284599 8816016 1
5284599 8878643 1
5284599 9100602 1
5284599 9448422 1
5284599 9631453 1
5284599 10121663 1
5284599 10766162 1
5284599 10801297 1
5284599 10923079 1
5284599 11688650 1
5284599 11812715 1
5284599 12030495 1
5284599 12215905 1
5284599 13000503 1
5284599 13319634 1
5284599 13489264 1
5284599 14325432 1
5284599 14388056 1
5284599 14614537 1
5284599 19768541 1
5284599 22327691 1
5284599 22876271 1
5284599 26621762 1
5284599 30503102 1
5284599 31493412 1
5284599 31891552 1
5284599 32707462 1
5284599 33176512 1
5284599 34239452 1
5284599 35807232 1
5284599 35889262 1
5284599 36190562 1
5284599 37054042 1
5793948 6220603 1
5793948 6992271 1
5793948 7254972 2
5793948 7489449 1
5793948 8524054 1
5793948 8781616 1
5793948 8878643 1
5793948 9100602 1
5793948 9448422 2
5793948 9631453 1
5793948 10923079 1
5793948 11812715 2
5793948 12030495 2
5793948 12215905 2
5793948 13319634 1
5793948 13489264 2
5793948 14325432 2
5793948 22876271 1
5793948 26621762 2
5793948 30503102 1
5793948 31493412 2
5793948 31891552 2
5793948 33176512 2
5793948 35807232 2
5793948 35889262 1
5793948 36190562 2
6220603 6887968 1
6220603 6992271 1
6220603 7254972 1
6220603 7489449 1
6220603 8524054 1
6220603 8781616 1
6220603 8816016 1
6220603 8878643 1
6220603 9100602 1
6220603 9448422 1
6220603 9631453 1
6220603 10121663 1
6220603 10766162 1
6220603 10801297 1
6220603 10923079 1
6220603 11688650 1
6220603 11812715 1
6220603 12030495 1
6220603 12215905 1
6220603 13000503 1
6220603 13319634 1
6220603 13489264 1
6220603 14325432 1
6220603 14388056 1
6220603 14614537 1
6220603 19768541 1
6220603 22327691 1
6220603 22876271 1
6220603 26621762 1
6220603 30503102 1
6220603 31493412 1
6220603 31891552 1
6220603 32707462 1
6220603 33176512 1
6220603 34239452 1
6220603 35807232 1
6220603 35889262 1
6220603 36190562 1
6220603 37054042 1
6887968 6992271 1
6887968 7489449 1
6887968 8524054 2
6887968 8781616 1
6887968 8878643 1
6887968 10923079 1
6887968 11812715 2
6887968 12030495 6
6887968 12215905 2
6887968 13319634 2
6887968 13489264 3
6887968 22876271 2
6887968 30503102 2
6887968 31493412 2
6887968 31891552 2
6887968 33176512 2
6887968 35807232 4
6887968 36190562 3
6992271 7254972 1
6992271 7489449 1
6992271 8524054 1
6992271 8781616 1
6992271 8816016 1
6992271 8878643 1
6992271 9100602 1
6992271 9448422 1
6992271 9631453 1
6992271 10121663 1
6992271 10766162 1
6992271 10801297 1
6992271 10923079 1
6992271 11688650 1
6992271 11812715 1
6992271 12030495 1
6992271 12215905 1
6992271 13000503 1
6992271 13319634 1
6992271 13489264 1
6992271 14325432 1
6992271 14388056 1
6992271 14614537 1
6992271 19768541 1
6992271 22327691 1
6992271 22876271 1
6992271 26621762 1
6992271 30503102 1
6992271 31493412 1
6992271 31891552 1
6992271 32707462 1
6992271 33176512 1
6992271 34239452 1
6992271 35807232 1
6992271 35889262 1
6992271 36190562 1
6992271 37054042 1
7254972 7489449 1
7254972 8524054 2
7254972 8781616 1
7254972 8816016 2
7254972 8878643 1
7254972 10121663 4
7254972 10923079 1
7254972 11688650 3
7254972 11812715 2
7254972 12030495 6
7254972 12215905 2
7254972 13319634 2
7254972 13489264 3
7254972 14614537 1
7254972 22327691 2
7254972 22876271 2
7254972 30503102 2
7254972 31493412 2
7254972 31891552 2
7254972 32707462 6
7254972 33176512 2
7254972 35807232 4
7254972 36190562 3
7254972 37054042 1
7489449 8524054 1
7489449 8781616 1
7489449 8816016 1
7489449 8878643 1
7489449 9100602 1
7489449 9448422 1
7489449 9631453 1
7489449 10121663 1
7489449 10766162 1
7489449 10801297 1
7489449 10923079 1
7489449 11688650 1
7489449 11812715 1
7489449 12030495 1
7489449 12215905 1
7489449 13000503 1
7489449 13319634 1
7489449 13489264 1
7489449 14325432 1
7489449 14388056 1
7489449 14614537 1
7489449 19768541 1
7489449 22327691 1
7489449 22876271 1
7489449 26621762 1
7489449 30503102 1
7489449 31493412 1
7489449 31891552 1
7489449 32707462 1
7489449 33176512 1
7489449 34239452 1
7489449 35807232 1
7489449 35889262 1
7489449 36190562 1
7489449 37054042 1
8524054 8781616 1
8524054 8816016 1
8524054 8878643 1
8524054 9100602 1
8524054 9448422 2
8524054 9631453 2
8524054 10121663 2
8524054 10766162 2
8524054 10801297 2
8524054 10923079 1
8524054 11688650 2
8524054 11812715 1
8524054 12030495 2
8524054 12215905 1
8524054 13000503 2
8524054 13319634 1
8524054 13489264 2
8524054 14325432 1
8524054 14388056 1
8524054 14614537 1
8524054 19768541 2
8524054 22327691 1
8524054 22876271 1
8524054 26621762 1
8524054 30503102 1
8524054 31493412 1
8524054 31891552 1
8524054 32707462 2
8524054 33176512 1
8524054 34239452 1
8524054 35807232 2
8524054 35889262 1
8524054 36190562 1
8524054 37054042 1
8781616 8816016 1
8781616 8878643 1
8781616 9100602 1
8781616 9448422 1
8781616 9631453 1
8781616 10121663 1
8781616 10766162 1
8781616 10801297 1
8781616 10923079 1
8781616 11688650 1
8781616 11812715 1
8781616 12030495 1
8781616 12215905 1
8781616 13000503 1
8781616 13319634 1
8781616 13489264 1
8781616 14325432 1
8781616 14388056 1
8781616 14614537 1
8781616 19768541 1
8781616 22327691 1
8781616 22876271 1
8781616 26621762 1
8781616 30503102 1
8781616 31493412 1
8781616 31891552 1
8781616 32707462 1
8781616 33176512 1
8781616 34239452 1
8781616 35807232 1
8781616 35889262 1
8781616 36190562 1
8781616 37054042 1
8816016 8878643 1
8816016 9100602 1
8816016 9448422 2
8816016 9631453 1
8816016 10923079 1
8816016 11812715 2
8816016 12030495 2
8816016 12215905 2
8816016 13319634 1
8816016 13489264 2
8816016 14325432 2
8816016 22876271 1
8816016 26621762 2
8816016 30503102 1
8816016 31493412 2
8816016 31891552 2
8816016 33176512 2
8816016 35807232 2
8816016 35889262 1
8816016 36190562 2
8878643 9100602 1
8878643 9448422 1
8878643 9631453 1
8878643 10121663 1
8878643 10766162 1
8878643 10801297 1
8878643 10923079 1
8878643 11688650 1
8878643 11812715 1
8878643 12030495 1
8878643 12215905 1
8878643 13000503 1
8878643 13319634 1
8878643 13489264 1
8878643 14325432 1
8878643 14388056 1
8878643 14614537 1
8878643 19768541 1
8878643 22327691 1
8878643 22876271 1
8878643 26621762 1
8878643 30503102 1
8878643 31493412 1
8878643 31891552 1
8878643 32707462 1
8878643 33176512 1
8878643 34239452 1
8878643 35807232 1
8878643 35889262 1
8878643 36190562 1
8878643 37054042 1
9100602 9631453 1
9100602 10121663 1
9100602 10801297 1
9100602 10923079 1
9100602 11688650 1
9100602 11812715 1
9100602 12030495 1
9100602 12215905 1
9100602 13319634 1
9100602 13489264 1
9100602 14388056 1
9100602 14614537 1
9100602 22327691 1
9100602 22876271 1
9100602 26621762 1
9100602 30503102 1
9100602 31493412 1
9100602 31891552 1
9100602 32707462 1
9100602 33176512 1
9100602 34239452 1
9100602 35807232 1
9100602 36190562 1
9100602 37054042 1
9448422 9631453 2
9448422 10121663 3
9448422 10801297 3
9448422 10923079 1
9448422 11688650 3
9448422 11812715 2
9448422 12030495 4
9448422 12215905 2
9448422 13319634 1
9448422 13489264 3
9448422 14388056 3
9448422 14614537 1
9448422 22327691 2
9448422 22876271 1
9448422 26621762 2
9448422 30503102 1
9448422 31493412 2
9448422 31891552 2
9448422 32707462 4
9448422 33176512 2
9448422 34239452 1
9448422 35807232 3
9448422 36190562 2
9448422 37054042 1
9631453 10121663 2
9631453 10766162 2
9631453 10923079 1
9631453 11688650 2
9631453 11812715 1
9631453 12030495 2
9631453 12215905 1
9631453 13319634 1
9631453 13489264 2
9631453 14614537 1
9631453 22327691 1
9631453 22876271 1
9631453 30503102 1
9631453 31493412 1
9631453 31891552 1
9631453 32707462 2
9631453 33176512 1
9631453 35807232 2
9631453 35889262 1
9631453 36190562 1
9631453 37054042 1
10121663 10923079 1
10121663 11812715 2
10121663 12030495 4
10121663 12215905 2
10121663 13319634 1
10121663 13489264 3
10121663 14325432 3
10121663 22876271 2
10121663 26621762 2
10121663 30503102 2
10121663 31493412 2
10121663 31891552 2
10121663 33176512 2
10121663 35807232 4
10121663 35889262 1
10121663 36190562 2
10766162 10923079 1
10766162 11812715 2
10766162 12030495 3
10766162 12215905 2
10766162 13319634 1
10766162 13489264 3
10766162 22876271 1
10766162 26621762 2
10766162 30503102 1
10766162 31493412 2
10766162 31891552 2
10766162 33176512 2
10766162 35807232 3
10766162 36190562 2
10801297 10923079 1
10801297 11812715 2
10801297 12030495 5
10801297 12215905 2
10801297 13319634 2
10801297 13489264 3
10801297 22876271 2
10801297 30503102 2
10801297 31493412 2
10801297 31891552 2
10801297 33176512 2
10801297 35807232 4
10801297 35889262 1
10801297 36190562 3
10923079 11688650 1
10923079 11812715 1
10923079 12030495 1
10923079 12215905 1
10923079 13000503 1
10923079 13319634 1
10923079 13489264 1
10923079 14325432 1
10923079 14388056 1
10923079 14614537 1
10923079 19768541 1
10923079 22327691 1
10923079 22876271 1
10923079 26621762 1
10923079 30503102 1
10923079 31493412 1
10923079 31891552 1
10923079 32707462 1
10923079 33176512 1
10923079 34239452 1
10923079 35807232 1
10923079 35889262 1
10923079 36190562 1
10923079 37054042 1
11688650 11812715 2
11688650 12030495 3
11688650 12215905 2
11688650 13319634 1
11688650 13489264 3
11688650 14325432 2
11688650 22876271 1
11688650 26621762 2
11688650 30503102 1
11688650 31493412 2
11688650 31891552 2
11688650 33176512 2
11688650 35807232 3
11688650 35889262 1
11688650 36190562 2
11812715 12030495 2
11812715 12215905 2
11812715 13000503 2
11812715 13319634 1
11812715 13489264 2
11812715 14325432 2
11812715 14388056 2
11812715 14614537 1
11812715 19768541 2
11812715 22327691 2
11812715 22876271 1
11812715 26621762 2
11812715 30503102 1
11812715 31493412 2
11812715 31891552 2
11812715 32707462 2
11812715 33176512 2
11812715 34239452 1
11812715 35807232 2
11812715 35889262 1
11812715 36190562 2
11812715 37054042 1
12030495 12215905 2
12030495 13000503 6
12030495 13319634 2
12030495 13489264 3
12030495 14325432 5
12030495 14388056 3
12030495 14614537 1
12030495 19768541 5
12030495 22327691 2
12030495 22876271 2
12030495 26621762 3
12030495 30503102 2
12030495 31493412 2
12030495 31891552 2
12030495 32707462 6
12030495 33176512 2
12030495 34239452 1
12030495 35807232 4
12030495 35889262 1
12030495 36190562 3
12030495 37054042 1
12215905 13000503 2
12215905 13319634 1
12215905 13489264 2
12215905 14325432 2
12215905 14388056 2
12215905 14614537 1
12215905 19768541 2
12215905 22327691 2
12215905 22876271 1
12215905 26621762 2
12215905 30503102 1
12215905 31493412 2
12215905 31891552 2
12215905 32707462 2
12215905 33176512 2
12215905 34239452 1
12215905 35807232 2
12215905 35889262 1
12215905 36190562 2
12215905 37054042 1
13000503 13319634 2
13000503 13489264 3
13000503 22876271 2
13000503 30503102 2
13000503 31493412 2
13000503 31891552 2
13000503 33176512 2
13000503 35807232 4
13000503 36190562 3
13319634 13489264 1
13319634 14325432 2
13319634 14388056 1
13319634 14614537 1
13319634 19768541 2
13319634 22327691 1
13319634 22876271 1
13319634 26621762 2
13319634 30503102 1
13319634 31493412 1
13319634 31891552 1
13319634 32707462 2
13319634 33176512 1
13319634 34239452 1
13319634 35807232 1
13319634 35889262 1
13319634 36190562 2
13319634 37054042 1
13489264 14325432 2
13489264 14388056 2
13489264 14614537 1
13489264 19768541 3
13489264 22327691 2
13489264 22876271 1
13489264 26621762 2
13489264 30503102 1
13489264 31493412 2
13489264 31891552 2
13489264 32707462 3
13489264 33176512 2
13489264 34239452 1
13489264 35807232 3
13489264 35889262 1
13489264 36190562 2
13489264 37054042 1
14325432 14614537 1
14325432 22327691 2
14325432 22876271 2
14325432 30503102 2
14325432 31493412 2
14325432 31891552 2
14325432 32707462 5
14325432 33176512 2
14325432 35807232 3
14325432 36190562 3
14325432 37054042 1
14388056 22876271 1
14388056 30503102 1
14388056 31493412 2
14388056 31891552 2
14388056 33176512 2
14388056 35807232 2
14388056 35889262 1
14388056 36190562 2
14614537 22876271 1
14614537 26621762 1
14614537 30503102 1
14614537 31493412 1
14614537 31891552 1
14614537 33176512 1
14614537 35807232 1
14614537 35889262 1
14614537 36190562 1
19768541 22876271 2
19768541 30503102 2
19768541 31493412 2
19768541 31891552 2
19768541 33176512 2
19768541 35807232 4
19768541 36190562 3
22327691 22876271 1
22327691 26621762 2
22327691 30503102 1
22327691 31493412 2
22327691 31891552 2
22327691 33176512 2
22327691 35807232 2
22327691 35889262 1
22327691 36190562 2
22876271 26621762 1
22876271 30503102 2
22876271 31493412 1
22876271 31891552 1
22876271 32707462 2
22876271 33176512 1
22876271 34239452 1
22876271 35807232 2
22876271 35889262 1
22876271 36190562 1
22876271 37054042 1
26621762 30503102 1
26621762 31493412 2
26621762 31891552 2
26621762 32707462 3
26621762 33176512 2
26621762 35807232 2
26621762 35889262 1
26621762 36190562 3
26621762 37054042 1
30503102 31493412 1
30503102 31891552 1
30503102 32707462 2
30503102 33176512 1
30503102 34239452 1
30503102 35807232 2
30503102 35889262 1
30503102 36190562 1
30503102 37054042 1
31493412 31891552 2
31493412 32707462 2
31493412 33176512 2
31493412 34239452 1
31493412 35807232 2
31493412 35889262 1
31493412 36190562 2
31493412 37054042 1
31891552 32707462 2
31891552 33176512 2
31891552 34239452 1
31891552 35807232 2
31891552 35889262 1
31891552 36190562 2
31891552 37054042 1
32707462 33176512 2
32707462 35807232 4
32707462 35889262 1
32707462 36190562 3
33176512 34239452 1
33176512 35807232 2
33176512 35889262 1
33176512 36190562 2
33176512 37054042 1
34239452 35807232 1
34239452 35889262 1
34239452 36190562 1
35807232 35889262 1
35807232 36190562 2
35807232 37054042 1
35889262 36190562 1
35889262 37054042 1
36190562 37054042 1
3280819 3548115 1
3280819 3645934 1
3280819 9162488 1
3280819 10801297 1
3280819 12030495 1
3280819 12511297 1
3280819 13319634 1
3280819 13622582 1
3280819 13623924 1
3280819 26621762 1
3280819 26788102 1
3280819 32707462 1
3280819 36190562 1
3548115 3645934 1
3548115 3797780 1
3548115 6887968 1
3548115 7254972 1
3548115 9162488 1
3548115 10801297 1
3548115 11995430 1
3548115 12030495 1
3548115 12511297 1
3548115 13000503 1
3548115 13319634 1
3548115 13622582 1
3548115 13623924 1
3548115 14325432 1
3548115 19768541 1
3548115 26621762 1
3548115 26788102 1
3548115 32707462 1
3548115 36190562 1
3645934 3797780 3
3645934 6887968 3
3645934 7254972 3
3645934 9162488 2
3645934 10801297 3
3645934 11995430 2
3645934 12030495 3
3645934 12511297 1
3645934 13000503 3
3645934 13319634 1
3645934 13622582 1
3645934 13623924 1
3645934 14325432 3
3645934 19768541 3
3645934 26621762 2
3645934 26788102 1
3645934 32707462 3
3645934 36190562 2
3797780 12511297 1
3797780 13622582 1
3797780 13623924 1
3797780 26788102 1
6887968 12511297 1
6887968 13622582 1
6887968 13623924 1
6887968 26788102 1
7254972 9162488 2
7254972 12511297 1
7254972 13622582 1
7254972 13623924 1
7254972 26788102 1
9162488 11995430 2
9162488 12030495 2
9162488 12511297 1
9162488 13319634 1
9162488 13622582 1
9162488 13623924 1
9162488 14325432 2
9162488 26621762 1
9162488 26788102 1
9162488 36190562 1
10801297 11995430 3
10801297 12511297 1
10801297 13622582 1
10801297 13623924 1
10801297 26788102 1
11995430 12030495 4
11995430 12511297 1
11995430 13319634 1
11995430 13622582 1
11995430 13623924 1
11995430 26621762 1
11995430 26788102 1
11995430 32707462 4
11995430 36190562 1
12030495 12511297 1
12030495 13622582 1
12030495 13623924 1
12030495 26788102 1
12511297 13000503 1
12511297 13319634 1
12511297 13622582 1
12511297 13623924 1
12511297 14325432 1
12511297 19768541 1
12511297 26621762 1
12511297 26788102 1
12511297 32707462 1
12511297 36190562 1
13000503 13622582 1
13000503 13623924 1
13000503 26788102 1
13319634 13622582 1
13319634 13623924 1
13319634 26788102 1
13622582 13623924 1
13622582 14325432 1
13622582 19768541 1
13622582 26621762 1
13622582 26788102 1
13622582 32707462 1
13622582 36190562 1
13623924 14325432 1
13623924 19768541 1
13623924 26621762 1
13623924 26788102 1
13623924 32707462 1
13623924 36190562 1
14325432 26788102 1
19768541 26788102 1
26621762 26788102 1
26788102 32707462 1
26788102 36190562 1
3797780 4369549 1
3797780 5310163 1
3797780 5347023 2
3797780 13259976 1
3797780 23493041 1
3797780 24048252 4
3797780 31353872 2
3797780 32967462 2
4369549 5310163 1
4369549 5347023 1
4369549 6887968 1
4369549 7254972 1
4369549 7892197 1
4369549 8524054 1
4369549 9448422 1
4369549 9631453 1
4369549 10121663 1
4369549 10766162 1
4369549 10801297 1
4369549 11688650 1
4369549 11995430 1
4369549 12030495 1
4369549 13000503 1
4369549 13259976 1
4369549 13489264 1
4369549 19027171 1
4369549 19768541 1
4369549 23493041 1
4369549 24048252 1
4369549 31353872 1
4369549 32707462 1
4369549 32967462 1
4369549 35807232 1
5310163 5347023 1
5310163 6887968 1
5310163 7254972 1
5310163 7892197 1
5310163 8524054 1
5310163 9448422 1
5310163 9631453 1
5310163 10121663 1
5310163 10766162 1
5310163 10801297 1
5310163 11688650 1
5310163 11995430 1
5310163 12030495 1
5310163 13000503 1
5310163 13259976 1
5310163 13489264 1
5310163 19027171 1
5310163 19768541 1
5310163 23493041 1
5310163 24048252 1
5310163 31353872 1
5310163 32707462 1
5310163 32967462 1
5310163 35807232 1
5347023 6887968 2
5347023 7254972 2
5347023 7892197 1
5347023 8524054 1
5347023 9448422 2
5347023 9631453 1
5347023 10121663 2
5347023 10766162 2
5347023 10801297 2
5347023 11688650 2
5347023 11995430 1
5347023 12030495 2
5347023 13000503 2
5347023 13259976 1
5347023 13489264 2
5347023 19027171 1
5347023 19768541 2
5347023 23493041 1
5347023 24048252 2
5347023 31353872 2
5347023 32707462 2
5347023 32967462 1
5347023 35807232 2
6887968 13259976 1
6887968 23493041 1
6887968 24048252 4
6887968 31353872 2
6887968 32967462 2
7254972 13259976 1
7254972 23493041 1
7254972 24048252 4
7254972 31353872 2
7254972 32967462 2
7892197 8524054 1
7892197 9448422 1
7892197 10121663 1
7892197 10766162 1
7892197 11688650 1
7892197 11995430 1
7892197 12030495 1
7892197 13259976 1
7892197 13489264 1
7892197 23493041 1
7892197 24048252 1
7892197 31353872 1
7892197 32707462 1
7892197 32967462 1
7892197 35807232 1
8524054 11995430 1
8524054 13259976 1
8524054 19027171 1
8524054 23493041 1
8524054 24048252 1
8524054 31353872 1
8524054 32967462 1
9448422 13259976 1
9448422 19027171 1
9448422 23493041 1
9448422 24048252 3
9448422 31353872 2
9448422 32967462 1
9631453 11995430 1
9631453 13259976 1
9631453 23493041 1
9631453 24048252 1
9631453 31353872 1
9631453 32967462 1
10121663 11995430 2
10121663 13259976 1
10121663 23493041 1
10121663 24048252 3
10121663 31353872 2
10121663 32967462 2
10766162 13259976 1
10766162 23493041 1
10766162 24048252 2
10766162 31353872 2
10766162 32967462 1
10801297 13259976 1
10801297 23493041 1
10801297 24048252 3
10801297 31353872 2
10801297 32967462 2
11688650 11995430 1
11688650 13259976 1
11688650 23493041 1
11688650 24048252 2
11688650 31353872 2
11688650 32967462 1
11995430 13259976 1
11995430 13489264 1
11995430 19027171 1
11995430 23493041 1
11995430 24048252 3
11995430 31353872 1
11995430 32967462 2
11995430 35807232 2
12030495 13259976 1
12030495 19027171 1
12030495 23493041 1
12030495 24048252 4
12030495 31353872 2
12030495 32967462 2
13000503 13259976 1
13000503 23493041 1
13000503 24048252 4
13000503 31353872 2
13000503 32967462 2
13259976 13489264 1
13259976 19027171 1
13259976 19768541 1
13259976 23493041 1
13259976 24048252 1
13259976 31353872 1
13259976 32707462 1
13259976 32967462 1
13259976 35807232 1
13489264 19027171 1
13489264 23493041 1
13489264 24048252 2
13489264 31353872 2
13489264 32967462 1
19027171 23493041 1
19027171 24048252 1
19027171 31353872 1
19027171 32967462 1
19027171 35807232 1
19768541 23493041 1
19768541 24048252 3
19768541 31353872 2
19768541 32967462 2
23493041 24048252 1
23493041 31353872 1
23493041 32707462 1
23493041 32967462 1
23493041 35807232 1
24048252 31353872 2
24048252 32707462 4
24048252 32967462 2
24048252 35807232 3
31353872 32707462 2
31353872 32967462 1
31353872 35807232 2
32707462 32967462 2
32967462 35807232 2
2953507 3645934 1
2953507 3678841 1
2953507 3797780 1
2953507 4255908 1
2953507 4461520 1
2953507 4623465 1
2953507 4734619 1
2953507 4885240 1
2953507 5042455 1
2953507 5347023 1
2953507 5513003 1
2953507 5537523 1
2953507 5677084 1
2953507 5679506 1
2953507 5724970 1
2953507 5793948 1
2953507 6601989 1
2953507 6732957 1
2953507 6887968 1
2953507 7254972 1
2953507 7274677 1
2953507 7665032 1
2953507 7708116 1
2953507 7988670 1
2953507 8493248 1
2953507 8616996 1
2953507 8816016 1
2953507 8938409 1
2953507 9376137 1
2953507 9448422 1
2953507 9875353 1
2953507 10121663 1
2953507 10268666 1
2953507 10641227 1
2953507 10766162 1
2953507 10801297 1
2953507 10885201 1
2953507 11082059 1
2953507 11392339 1
2953507 11688650 1
2953507 11718743 1
2953507 11812715 1
2953507 11885660 1
2953507 12030495 1
2953507 12215905 1
2953507 12534717 1
2953507 12874083 1
2953507 12966612 1
2953507 13000503 1
2953507 13155937 1
2953507 13489264 1
2953507 14185306 1
2953507 14325432 1
2953507 14388056 1
2953507 14984871 1
2953507 18710371 1
2953507 19768541 1
2953507 22327691 1
2953507 24048252 1
2953507 26204782 1
2953507 26621762 1
2953507 28814572 1
2953507 31353872 1
2953507 31493412 1
2953507 31891552 1
2953507 32707462 1
2953507 33176512 1
2953507 35807232 1
2953507 36190562 1
2953507 36517282 1
2953507 39001012 1
3645934 3678841 2
3645934 4255908 1
3645934 4461520 1
3645934 4623465 1
3645934 4734619 2
3645934 4885240 1
3645934 5042455 1
3645934 5347023 1
3645934 5513003 1
3645934 5537523 1
3645934 5677084 1
3645934 5679506 1
3645934 5724970 1
3645934 5793948 1
3645934 6601989 1
3645934 6732957 1
3645934 7274677 2
3645934 7665032 1
3645934 7708116 1
3645934 7988670 2
3645934 8493248 1
3645934 8616996 1
3645934 8816016 1
3645934 8938409 1
3645934 9376137 1
3645934 9448422 1
3645934 9875353 1
3645934 10121663 2
3645934 10268666 1
3645934 10641227 1
3645934 10766162 1
3645934 10885201 2
3645934 11082059 2
3645934 11392339 1
3645934 11688650 1
3645934 11718743 1
3645934 11812715 1
3645934 11885660 1
3645934 12215905 1
3645934 12534717 1
3645934 12874083 1
3645934 12966612 1
3645934 13155937 1
3645934 13489264 1
3645934 14185306 1
3645934 14388056 1
3645934 14984871 1
3645934 18710371 2
3645934 22327691 1
3645934 24048252 2
3645934 26204782 1
3645934 28814572 1
3645934 31353872 1
3645934 31493412 1
3645934 31891552 1
3645934 33176512 1
3645934 35807232 2
3645934 36517282 2
3645934 39001012 1
3678841 3797780 2
3678841 4255908 1
3678841 4461520 1
3678841 4623465 1
3678841 4734619 2
3678841 4885240 1
3678841 5042455 1
3678841 5347023 1
3678841 5513003 1
3678841 5537523 1
3678841 5677084 1
3678841 5679506 1
3678841 5724970 1
3678841 5793948 1
3678841 6601989 1
3678841 6732957 1
3678841 6887968 2
3678841 7254972 2
3678841 7274677 2
3678841 7665032 1
3678841 7708116 1
3678841 7988670 2
3678841 8493248 1
3678841 8616996 1
3678841 8816016 1
3678841 8938409 1
3678841 9376137 1
3678841 9448422 1
3678841 9875353 1
3678841 10121663 2
3678841 10268666 1
3678841 10641227 1
3678841 10766162 1
3678841 10801297 2
3678841 10885201 2
3678841 11082059 2
3678841 11392339 1
3678841 11688650 1
3678841 11718743 1
3678841 11812715 1
3678841 11885660 1
3678841 12030495 2
3678841 12215905 1
3678841 12534717 1
3678841 12874083 1
3678841 12966612 1
3678841 13000503 2
3678841 13155937 1
3678841 13489264 1
3678841 14185306 1
3678841 14325432 2
3678841 14388056 1
3678841 14984871 1
3678841 18710371 2
3678841 19768541 2
3678841 22327691 1
3678841 24048252 2
3678841 26204782 1
3678841 26621762 1
3678841 28814572 1
3678841 31353872 1
3678841 31493412 1
3678841 31891552 1
3678841 32707462 2
3678841 33176512 1
3678841 35807232 2
3678841 36190562 1
3678841 36517282 2
3678841 39001012 1
3797780 4623465 2
3797780 4885240 1
3797780 5513003 1
3797780 5724970 1
3797780 6601989 1
3797780 6732957 1
3797780 7274677 2
3797780 7665032 2
3797780 7708116 1
3797780 7988670 2
3797780 8493248 2
3797780 8938409 1
3797780 9376137 1
3797780 9875353 1
3797780 10268666 2
3797780 10641227 1
3797780 10885201 3
3797780 11718743 1
3797780 11885660 1
3797780 12534717 1
3797780 12966612 2
3797780 13155937 1
3797780 14984871 1
3797780 18710371 2
3797780 26204782 1
3797780 36517282 3
3797780 39001012 2
4255908 4461520 1
4255908 4623465 1
4255908 4885240 1
4255908 5042455 1
4255908 5347023 1
4255908 5513003 1
4255908 5537523 1
4255908 5677084 1
4255908 5724970 1
4255908 5793948 1
4255908 6601989 1
4255908 6732957 1
4255908 7274677 1
4255908 7665032 1
4255908 7708116 1
4255908 7988670 1
4255908 8493248 1
4255908 8816016 1
4255908 8938409 1
4255908 9376137 1
4255908 9448422 1
4255908 9875353 1
4255908 10121663 1
4255908 10268666 1
4255908 10641227 1
4255908 10766162 1
4255908 10885201 1
4255908 11082059 1
4255908 11688650 1
4255908 11718743 1
4255908 11812715 1
4255908 11885660 1
4255908 12030495 1
4255908 12215905 1
4255908 12534717 1
4255908 12874083 1
4255908 12966612 1
4255908 13155937 1
4255908 13489264 1
4255908 14984871 1
4255908 18710371 1
4255908 22327691 1
4255908 24048252 1
4255908 26204782 1
4255908 28814572 1
4255908 31353872 1
4255908 31493412 1
4255908 31891552 1
4255908 32707462 1
4255908 33176512 1
4255908 35807232 1
4255908 36190562 1
4255908 36517282 1
4255908 39001012 1
4461520 4623465 1
4461520 4885240 1
4461520 5347023 1
4461520 5513003 1
4461520 5679506 1
4461520 5724970 1
4461520 6601989 1
4461520 6732957 1
4461520 7254972 1
4461520 7274677 1
4461520 7665032 1
4461520 7708116 1
4461520 7988670 1
4461520 8493248 1
4461520 8616996 1
4461520 8938409 1
4461520 9376137 1
4461520 9448422 1
4461520 9875353 1
4461520 10268666 1
4461520 10641227 1
4461520 10885201 1
4461520 11718743 1
4461520 11812715 1
4461520 11885660 1
4461520 12030495 1
4461520 12215905 1
4461520 12534717 1
4461520 12966612 1
4461520 13155937 1
4461520 13489264 1
4461520 14325432 1
4461520 14984871 1
4461520 18710371 1
4461520 24048252 1
4461520 26204782 1
4461520 26621762 1
4461520 31353872 1
4461520 31493412 1
4461520 31891552 1
4461520 33176512 1
4461520 35807232 1
4461520 36190562 1
4461520 36517282 1
4461520 39001012 1
4623465 4734619 1
4623465 4885240 1
4623465 5042455 1
4623465 5347023 1
4623465 5513003 1
4623465 5537523 1
4623465 5677084 2
4623465 5679506 1
4623465 5724970 1
4623465 5793948 1
4623465 6601989 1
4623465 6732957 1
4623465 6887968 2
4623465 7254972 2
4623465 7274677 1
4623465 7665032 2
4623465 7708116 1
4623465 7988670 1
4623465 8493248 1
4623465 8616996 1
4623465 8816016 1
4623465 8938409 1
4623465 9376137 1
4623465 9448422 2
4623465 9875353 1
4623465 10121663 1
4623465 10268666 2
4623465 10641227 1
4623465 10766162 1
4623465 10801297 1
4623465 10885201 2
4623465 11082059 2
4623465 11392339 1
4623465 11688650 1
4623465 11718743 1
4623465 11812715 1
4623465 11885660 1
4623465 12030495 2
4623465 12215905 1
4623465 12534717 1
4623465 12874083 1
4623465 12966612 2
4623465 13000503 2
4623465 13155937 1
4623465 13489264 1
4623465 14185306 2
4623465 14325432 2
4623465 14388056 2
4623465 14984871 1
4623465 18710371 1
4623465 19768541 1
4623465 22327691 1
4623465 24048252 2
4623465 26204782 1
4623465 26621762 1
4623465 28814572 1
4623465 31353872 1
4623465 31493412 1
4623465 31891552 1
4623465 32707462 2
4623465 33176512 1
4623465 35807232 1
4623465 36190562 1
4623465 36517282 2
4623465 39001012 1
4734619 4885240 1
4734619 5347023 1
4734619 5513003 1
4734619 5724970 1
4734619 6601989 1
4734619 6732957 1
4734619 7274677 2
4734619 7665032 1
4734619 7708116 1
4734619 7988670 2
4734619 8493248 1
4734619 8938409 1
4734619 9376137 1
4734619 9875353 1
4734619 10268666 1
4734619 10641227 1
4734619 10885201 2
4734619 11718743 1
4734619 11885660 1
4734619 12534717 1
4734619 12966612 1
4734619 13155937 1
4734619 14984871 1
4734619 18710371 2
4734619 24048252 2
4734619 26204782 1
4734619 31353872 1
4734619 36517282 2
4734619 39001012 1
4885240 5042455 1
4885240 5347023 1
4885240 5513003 1
4885240 5537523 1
4885240 5677084 1
4885240 5679506 1
4885240 5724970 1
4885240 5793948 1
4885240 6601989 1
4885240 6732957 1
4885240 6887968 1
4885240 7254972 1
4885240 7274677 1
4885240 7665032 1
4885240 7708116 1
4885240 7988670 1
4885240 8493248 1
4885240 8616996 1
4885240 8816016 1
4885240 8938409 1
4885240 9376137 1
4885240 9448422 1
4885240 9875353 1
4885240 10121663 1
4885240 10268666 1
4885240 10641227 1
4885240 10766162 1
4885240 10801297 1
4885240 10885201 1
4885240 11082059 1
4885240 11392339 1
4885240 11688650 1
4885240 11718743 1
4885240 11812715 1
4885240 11885660 1
4885240 12030495 1
4885240 12215905 1
4885240 12534717 1
4885240 12874083 1
4885240 12966612 1
4885240 13000503 1
4885240 13155937 1
4885240 13489264 1
4885240 14185306 1
4885240 14325432 1
4885240 14388056 1
4885240 14984871 1
4885240 18710371 1
4885240 19768541 1
4885240 22327691 1
4885240 24048252 1
4885240 26204782 1
4885240 26621762 1
4885240 28814572 1
4885240 31353872 1
4885240 31493412 1
4885240 31891552 1
4885240 32707462 1
4885240 33176512 1
4885240 35807232 1
4885240 36190562 1
4885240 36517282 1
4885240 39001012 1
5042455 5347023 1
5042455 5513003 1
5042455 5679506 1
5042455 5724970 1
5042455 6601989 1
5042455 6732957 1
5042455 7254972 1
5042455 7274677 1
5042455 7665032 1
5042455 7708116 1
5042455 7988670 1
5042455 8493248 1
5042455 8616996 1
5042455 8938409 1
5042455 9376137 1
5042455 9448422 1
5042455 9875353 1
5042455 10268666 1
5042455 10641227 1
5042455 10885201 1
5042455 11718743 1
5042455 11812715 1
5042455 11885660 1
5042455 12030495 1
5042455 12215905 1
5042455 12534717 1
5042455 12966612 1
5042455 13155937 1
5042455 13489264 1
5042455 14325432 1
5042455 14984871 1
5042455 18710371 1
5042455 24048252 1
5042455 26204782 1
5042455 26621762 1
5042455 31353872 1
5042455 31493412 1
5042455 31891552 1
5042455 33176512 1
5042455 35807232 1
5042455 36190562 1
5042455 36517282 1
5042455 39001012 1
5347023 5513003 1
5347023 5537523 1
5347023 5677084 1
5347023 5679506 1
5347023 5724970 1
5347023 5793948 1
5347023 6601989 1
5347023 6732957 1
5347023 7274677 1
5347023 7665032 1
5347023 7708116 1
5347023 7988670 1
5347023 8493248 1
5347023 8616996 1
5347023 8816016 1
5347023 8938409 1
5347023 9376137 1
5347023 9875353 1
5347023 10268666 1
5347023 10641227 1
5347023 10885201 1
5347023 11082059 1
5347023 11392339 1
5347023 11718743 1
5347023 11812715 1
5347023 11885660 1
5347023 12215905 1
5347023 12534717 1
5347023 12874083 1
5347023 12966612 1
5347023 13155937 1
5347023 14185306 1
5347023 14325432 1
5347023 14388056 1
5347023 14984871 1
5347023 18710371 1
5347023 22327691 1
5347023 26204782 1
5347023 26621762 1
5347023 28814572 1
5347023 31493412 1
5347023 31891552 1
5347023 33176512 1
5347023 36190562 1
5347023 36517282 1
5347023 39001012 1
5513003 5537523 1
5513003 5677084 1
5513003 5679506 1
5513003 5724970 1
5513003 5793948 1
5513003 6601989 1
5513003 6732957 1
5513003 6887968 1
5513003 7254972 1
5513003 7274677 1
5513003 7665032 1
5513003 7708116 1
5513003 7988670 1
5513003 8493248 1
5513003 8616996 1
5513003 8816016 1
5513003 8938409 1
5513003 9376137 1
5513003 9448422 1
5513003 9875353 1
5513003 10121663 1
5513003 10268666 1
5513003 10641227 1
5513003 10766162 1
5513003 10801297 1
5513003 10885201 1
5513003 11082059 1
5513003 11392339 1
5513003 11688650 1
5513003 11718743 1
5513003 11812715 1
5513003 11885660 1
5513003 12030495 1
5513003 12215905 1
5513003 12534717 1
5513003 12874083 1
5513003 12966612 1
5513003 13000503 1
5513003 13155937 1
5513003 13489264 1
5513003 14185306 1
5513003 14325432 1
5513003 14388056 1
5513003 14984871 1
5513003 18710371 1
5513003 19768541 1
5513003 22327691 1
5513003 24048252 1
5513003 26204782 1
5513003 26621762 1
5513003 28814572 1
5513003 31353872 1
5513003 31493412 1
5513003 31891552 1
5513003 32707462 1
5513003 33176512 1
5513003 35807232 1
5513003 36190562 1
5513003 36517282 1
5513003 39001012 1
5537523 5679506 1
5537523 5724970 1
5537523 6601989 1
5537523 6732957 1
5537523 7254972 1
5537523 7274677 1
5537523 7665032 1
5537523 7708116 1
5537523 7988670 1
5537523 8493248 1
5537523 8616996 1
5537523 8938409 1
5537523 9376137 1
5537523 9448422 1
5537523 9875353 1
5537523 10268666 1
5537523 10641227 1
5537523 10885201 1
5537523 11718743 1
5537523 11812715 1
5537523 11885660 1
5537523 12030495 1
5537523 12215905 1
5537523 12534717 1
5537523 12966612 1
5537523 13155937 1
5537523 13489264 1
5537523 14325432 1
5537523 14984871 1
5537523 18710371 1
5537523 24048252 1
5537523 26204782 1
5537523 26621762 1
5537523 31353872 1
5537523 31493412 1
5537523 31891552 1
5537523 33176512 1
5537523 35807232 1
5537523 36190562 1
5537523 36517282 1
5537523 39001012 1
5677084 5679506 1
5677084 5724970 1
5677084 6601989 1
5677084 6732957 1
5677084 7254972 2
5677084 7274677 1
5677084 7665032 2
5677084 7708116 1
5677084 7988670 1
5677084 8493248 1
5677084 8616996 1
5677084 8938409 1
5677084 9376137 1
5677084 9448422 2
5677084 9875353 1
5677084 10268666 2
5677084 10641227 1
5677084 10885201 2
5677084 11718743 1
5677084 11812715 1
5677084 11885660 1
5677084 12030495 2
5677084 12215905 1
5677084 12534717 1
5677084 12966612 2
5677084 13155937 1
5677084 13489264 1
5677084 14325432 2
5677084 14984871 1
5677084 18710371 1
5677084 24048252 2
5677084 26204782 1
5677084 26621762 1
5677084 31353872 1
5677084 31493412 1
5677084 31891552 1
5677084 33176512 1
5677084 35807232 1
5677084 36190562 1
5677084 36517282 2
5677084 39001012 1
5679506 5724970 1
5679506 5793948 1
5679506 6601989 1
5679506 6732957 1
5679506 7274677 1
5679506 7665032 1
5679506 7708116 1
5679506 7988670 1
5679506 8493248 1
5679506 8816016 1
5679506 8938409 1
5679506 9376137 1
5679506 9448422 1
5679506 9875353 1
5679506 10121663 1
5679506 10268666 1
5679506 10641227 1
5679506 10766162 1
5679506 10885201 1
5679506 11082059 1
5679506 11688650 1
5679506 11718743 1
5679506 11812715 1
5679506 11885660 1
5679506 12030495 1
5679506 12215905 1
5679506 12534717 1
5679506 12874083 1
5679506 12966612 1
5679506 13155937 1
5679506 13489264 1
5679506 14984871 1
5679506 18710371 1
5679506 22327691 1
5679506 24048252 1
5679506 26204782 1
5679506 28814572 1
5679506 31353872 1
5679506 31493412 1
5679506 31891552 1
5679506 32707462 1
5679506 33176512 1
5679506 35807232 1
5679506 36190562 1
5679506 36517282 1
5679506 39001012 1
5724970 5793948 1
5724970 6601989 1
5724970 6732957 1
5724970 6887968 1
5724970 7254972 1
5724970 7274677 1
5724970 7665032 1
5724970 7708116 1
5724970 7988670 1
5724970 8493248 1
5724970 8616996 1
5724970 8816016 1
5724970 8938409 1
5724970 9376137 1
5724970 9448422 1
5724970 9875353 1
5724970 10121663 1
5724970 10268666 1
5724970 10641227 1
5724970 10766162 1
5724970 10801297 1
5724970 10885201 1
5724970 11082059 1
5724970 11392339 1
5724970 11688650 1
5724970 11718743 1
5724970 11812715 1
5724970 11885660 1
5724970 12030495 1
5724970 12215905 1
5724970 12534717 1
5724970 12874083 1
5724970 12966612 1
5724970 13000503 1
5724970 13155937 1
5724970 13489264 1
5724970 14185306 1
5724970 14325432 1
5724970 14388056 1
5724970 14984871 1
5724970 18710371 1
5724970 19768541 1
5724970 22327691 1
5724970 24048252 1
5724970 26204782 1
5724970 26621762 1
5724970 28814572 1
5724970 31353872 1
5724970 31493412 1
5724970 31891552 1
5724970 32707462 1
5724970 33176512 1
5724970 35807232 1
5724970 36190562 1
5724970 36517282 1
5724970 39001012 1
5793948 6601989 1
5793948 6732957 1
5793948 7274677 1
5793948 7665032 1
5793948 7708116 1
5793948 7988670 1
5793948 8493248 1
5793948 8616996 1
5793948 8938409 1
5793948 9376137 1
5793948 9875353 1
5793948 10268666 1
5793948 10641227 1
5793948 10885201 1
5793948 11718743 1
5793948 11885660 1
5793948 12534717 1
5793948 12966612 1
5793948 13155937 1
5793948 14984871 1
5793948 18710371 1
5793948 24048252 1
5793948 26204782 1
5793948 31353872 1
5793948 36517282 1
5793948 39001012 1
6601989 6732957 1
6601989 6887968 1
6601989 7254972 1
6601989 7274677 1
6601989 7665032 1
6601989 7708116 1
6601989 7988670 1
6601989 8493248 1
6601989 8616996 1
6601989 8816016 1
6601989 8938409 1
6601989 9376137 1
6601989 9448422 1
6601989 9875353 1
6601989 10121663 1
6601989 10268666 1
6601989 10641227 1
6601989 10766162 1
6601989 10801297 1
6601989 10885201 1
6601989 11082059 1
6601989 11392339 1
6601989 11688650 1
6601989 11718743 1
6601989 11812715 1
6601989 11885660 1
6601989 12030495 1
6601989 12215905 1
6601989 12534717 1
6601989 12874083 1
6601989 12966612 1
6601989 13000503 1
6601989 13155937 1
6601989 13489264 1
6601989 14185306 1
6601989 14325432 1
6601989 14388056 1
6601989 14984871 1
6601989 18710371 1
6601989 19768541 1
6601989 22327691 1
6601989 24048252 1
6601989 26204782 1
6601989 26621762 1
6601989 28814572 1
6601989 31353872 1
6601989 31493412 1
6601989 31891552 1
6601989 32707462 1
6601989 33176512 1
6601989 35807232 1
6601989 36190562 1
6601989 36517282 1
6601989 39001012 1
6732957 6887968 1
6732957 7254972 1
6732957 7274677 1
6732957 7665032 1
6732957 7708116 1
6732957 7988670 1
6732957 8493248 1
6732957 8616996 1
6732957 8816016 1
6732957 8938409 1
6732957 9376137 1
6732957 9448422 1
6732957 9875353 1
6732957 10121663 1
6732957 10268666 1
6732957 10641227 1
6732957 10766162 1
6732957 10801297 1
6732957 10885201 1
6732957 11082059 1
6732957 11392339 1
6732957 11688650 1
6732957 11718743 1
6732957 11812715 1
6732957 11885660 1
6732957 12030495 1
6732957 12215905 1
6732957 12534717 1
6732957 12874083 1
6732957 12966612 1
6732957 13000503 1
6732957 13155937 1
6732957 13489264 1
6732957 14185306 1
6732957 14325432 1
6732957 14388056 1
6732957 14984871 1
6732957 18710371 1
6732957 19768541 1
6732957 22327691 1
6732957 24048252 1
6732957 26204782 1
6732957 26621762 1
6732957 28814572 1
6732957 31353872 1
6732957 31493412 1
6732957 31891552 1
6732957 32707462 1
6732957 33176512 1
6732957 35807232 1
6732957 36190562 1
6732957 36517282 1
6732957 39001012 1
6887968 7274677 2
6887968 7665032 2
6887968 7708116 1
6887968 7988670 2
6887968 8493248 2
6887968 8938409 1
6887968 9376137 1
6887968 9875353 1
6887968 10268666 2
6887968 10641227 1
6887968 10885201 3
6887968 11718743 1
6887968 11885660 1
6887968 12534717 1
6887968 12966612 2
6887968 13155937 1
6887968 14984871 1
6887968 18710371 2
6887968 26204782 1
6887968 36517282 3
6887968 39001012 2
7254972 7274677 2
7254972 7665032 2
7254972 7708116 1
7254972 7988670 2
7254972 8493248 1
7254972 8938409 1
7254972 9376137 1
7254972 9875353 1
7254972 10268666 2
7254972 10641227 1
7254972 10885201 3
7254972 11082059 3
7254972 11718743 1
7254972 11885660 1
7254972 12534717 1
7254972 12874083 1
7254972 12966612 2
7254972 13155937 1
7254972 14984871 1
7254972 18710371 2
7254972 26204782 1
7254972 28814572 1
7254972 36517282 3
7254972 39001012 1
7274677 7665032 1
7274677 7708116 1
7274677 7988670 2
7274677 8493248 1
7274677 8616996 1
7274677 8816016 1
7274677 8938409 1
7274677 9376137 1
7274677 9448422 1
7274677 9875353 1
7274677 10121663 2
7274677 10268666 1
7274677 10641227 1
7274677 10766162 1
7274677 10801297 2
7274677 10885201 2
7274677 11082059 2
7274677 11392339 1
7274677 11688650 1
7274677 11718743 1
7274677 11812715 1
7274677 11885660 1
7274677 12030495 2
7274677 12215905 1
7274677 12534717 1
7274677 12874083 1
7274677 12966612 1
7274677 13000503 2
7274677 13155937 1
7274677 13489264 1
7274677 14185306 1
7274677 14325432 2
7274677 14388056 1
7274677 14984871 1
7274677 18710371 2
7274677 19768541 2
7274677 22327691 1
7274677 24048252 2
7274677 26204782 1
7274677 26621762 1
7274677 28814572 1
7274677 31353872 1
7274677 31493412 1
7274677 31891552 1
7274677 32707462 2
7274677 33176512 1
7274677 35807232 2
7274677 36190562 1
7274677 36517282 2
7274677 39001012 1
7665032 7708116 1
7665032 7988670 1
7665032 8493248 1
7665032 8616996 1
7665032 8816016 1
7665032 8938409 1
7665032 9376137 1
7665032 9448422 2
7665032 9875353 1
7665032 10121663 1
7665032 10268666 2
7665032 10641227 1
7665032 10766162 1
7665032 10801297 1
7665032 10885201 2
7665032 11082059 2
7665032 11392339 1
7665032 11688650 1
7665032 11718743 1
7665032 11812715 1
7665032 11885660 1
7665032 12030495 2
7665032 12215905 1
7665032 12534717 1
7665032 12874083 1
7665032 12966612 2
7665032 13000503 2
7665032 13155937 1
7665032 13489264 1
7665032 14185306 2
7665032 14325432 2
7665032 14388056 2
7665032 14984871 1
7665032 18710371 1
7665032 19768541 1
7665032 22327691 1
7665032 24048252 2
7665032 26204782 1
7665032 26621762 1
7665032 28814572 1
7665032 31353872 1
7665032 31493412 1
7665032 31891552 1
7665032 32707462 2
7665032 33176512 1
7665032 35807232 1
7665032 36190562 1
7665032 36517282 2
7665032 39001012 1
7708116 7988670 1
7708116 8493248 1
7708116 8616996 1
7708116 8816016 1
7708116 8938409 1
7708116 9376137 1
7708116 9448422 1
7708116 9875353 1
7708116 10121663 1
7708116 10268666 1
7708116 10641227 1
7708116 10766162 1
7708116 10801297 1
7708116 10885201 1
7708116 11082059 1
7708116 11392339 1
7708116 11688650 1
7708116 11718743 1
7708116 11812715 1
7708116 11885660 1
7708116 12030495 1
7708116 12215905 1
7708116 12534717 1
7708116 12874083 1
7708116 12966612 1
7708116 13000503 1
7708116 13155937 1
7708116 13489264 1
7708116 14185306 1
7708116 14325432 1
7708116 14388056 1
7708116 14984871 1
7708116 18710371 1
7708116 19768541 1
7708116 22327691 1
7708116 24048252 1
7708116 26204782 1
7708116 26621762 1
7708116 28814572 1
7708116 31353872 1
7708116 31493412 1
7708116 31891552 1
7708116 32707462 1
7708116 33176512 1
7708116 35807232 1
7708116 36190562 1
7708116 36517282 1
7708116 39001012 1
7988670 8493248 1
7988670 8616996 1
7988670 8816016 1
7988670 8938409 1
7988670 9376137 1
7988670 9448422 1
7988670 9875353 1
7988670 10121663 2
7988670 10268666 1
7988670 10641227 1
7988670 10766162 1
7988670 10801297 2
7988670 10885201 2
7988670 11082059 2
7988670 11392339 1
7988670 11688650 1
7988670 11718743 1
7988670 11812715 1
7988670 11885660 1
7988670 12030495 2
7988670 12215905 1
7988670 12534717 1
7988670 12874083 1
7988670 12966612 1
7988670 13000503 2
7988670 13155937 1
7988670 13489264 1
7988670 14185306 1
7988670 14325432 2
7988670 14388056 1
7988670 14984871 1
7988670 18710371 2
7988670 19768541 2
7988670 22327691 1
7988670 24048252 2
7988670 26204782 1
7988670 26621762 1
7988670 28814572 1
7988670 31353872 1
7988670 31493412 1
7988670 31891552 1
7988670 32707462 2
7988670 33176512 1
7988670 35807232 2
7988670 36190562 1
7988670 36517282 2
7988670 39001012 1
8493248 8616996 1
8493248 8816016 1
8493248 8938409 1
8493248 9376137 1
8493248 9448422 1
8493248 9875353 1
8493248 10121663 1
8493248 10268666 1
8493248 10641227 1
8493248 10766162 1
8493248 10801297 1
8493248 10885201 1
8493248 11082059 1
8493248 11392339 1
8493248 11688650 1
8493248 11718743 1
8493248 11812715 1
8493248 11885660 1
8493248 12030495 1
8493248 12215905 1
8493248 12534717 1
8493248 12874083 1
8493248 12966612 1
8493248 13000503 1
8493248 13155937 1
8493248 13489264 1
8493248 14185306 1
8493248 14325432 1
8493248 14388056 1
8493248 14984871 1
8493248 18710371 1
8493248 19768541 2
8493248 22327691 1
8493248 24048252 1
8493248 26204782 1
8493248 26621762 1
8493248 28814572 1
8493248 31353872 1
8493248 31493412 1
8493248 31891552 1
8493248 32707462 1
8493248 33176512 1
8493248 35807232 1
8493248 36190562 1
8493248 36517282 1
8493248 39001012 2
8616996 8816016 1
8616996 8938409 1
8616996 9376137 1
8616996 9875353 1
8616996 10121663 1
8616996 10268666 1
8616996 10641227 1
8616996 10885201 1
8616996 11082059 1
8616996 11688650 1
8616996 11718743 1
8616996 11812715 1
8616996 11885660 1
8616996 12030495 1
8616996 12215905 1
8616996 12534717 1
8616996 12874083 1
8616996 12966612 1
8616996 13155937 1
8616996 13489264 1
8616996 14984871 1
8616996 18710371 1
8616996 22327691 1
8616996 24048252 1
8616996 26204782 1
8616996 28814572 1
8616996 31353872 1
8616996 31493412 1
8616996 31891552 1
8616996 32707462 1
8616996 33176512 1
8616996 35807232 1
8616996 36190562 1
8616996 36517282 1
8616996 39001012 1
8816016 8938409 1
8816016 9376137 1
8816016 9875353 1
8816016 10268666 1
8816016 10641227 1
8816016 10885201 1
8816016 11718743 1
8816016 11885660 1
8816016 12534717 1
8816016 12966612 1
8816016 13155937 1
8816016 14984871 1
8816016 18710371 1
8816016 24048252 1
8816016 26204782 1
8816016 31353872 1
8816016 36517282 1
8816016 39001012 1
8938409 9376137 1
8938409 9448422 1
8938409 9875353 1
8938409 10121663 1
8938409 10268666 1
8938409 10641227 1
8938409 10766162 1
8938409 10801297 1
8938409 10885201 1
8938409 11082059 1
8938409 11392339 1
8938409 11688650 1
8938409 11718743 1
8938409 11812715 1
8938409 11885660 1
8938409 12030495 1
8938409 12215905 1
8938409 12534717 1
8938409 12874083 1
8938409 12966612 1
8938409 13000503 1
8938409 13155937 1
8938409 13489264 1
8938409 14185306 1
8938409 14325432 1
8938409 14388056 1
8938409 14984871 1
8938409 18710371 1
8938409 19768541 1
8938409 22327691 1
8938409 24048252 1
8938409 26204782 1
8938409 26621762 1
8938409 28814572 1
8938409 31353872 1
8938409 31493412 1
8938409 31891552 1
8938409 32707462 1
8938409 33176512 1
8938409 35807232 1
8938409 36190562 1
8938409 36517282 1
8938409 39001012 1
9376137 9448422 1
9376137 9875353 1
9376137 10121663 1
9376137 10268666 1
9376137 10641227 1
9376137 10766162 1
9376137 10801297 1
9376137 10885201 1
9376137 11082059 1
9376137 11392339 1
9376137 11688650 1
9376137 11718743 1
9376137 11812715 1
9376137 11885660 1
9376137 12030495 1
9376137 12215905 1
9376137 12534717 1
9376137 12874083 1
9376137 12966612 1
9376137 13000503 1
9376137 13155937 1
9376137 13489264 1
9376137 14185306 1
9376137 14325432 1
9376137 14388056 1
9376137 14984871 1
9376137 18710371 1
9376137 19768541 1
9376137 22327691 1
9376137 24048252 1
9376137 26204782 1
9376137 26621762 1
9376137 28814572 1
9376137 31353872 1
9376137 31493412 1
9376137 31891552 1
9376137 32707462 1
9376137 33176512 1
9376137 35807232 1
9376137 36190562 1
9376137 36517282 1
9376137 39001012 1
9448422 9875353 1
9448422 10268666 2
9448422 10641227 1
9448422 10885201 2
9448422 11082059 2
9448422 11392339 1
9448422 11718743 1
9448422 11885660 1
9448422 12534717 1
9448422 12874083 1
9448422 12966612 2
9448422 13155937 1
9448422 14185306 2
9448422 14984871 1
9448422 18710371 1
9448422 26204782 1
9448422 28814572 1
9448422 36517282 2
9448422 39001012 1
9875353 10121663 1
9875353 10268666 1
9875353 10641227 1
9875353 10766162 1
9875353 10801297 1
9875353 10885201 1
9875353 11082059 1
9875353 11392339 1
9875353 11688650 1
9875353 11718743 1
9875353 11812715 1
9875353 11885660 1
9875353 12030495 1
9875353 12215905 1
9875353 12534717 1
9875353 12874083 1
9875353 12966612 1
9875353 13000503 1
9875353 13155937 1
9875353 13489264 1
9875353 14185306 1
9875353 14325432 1
9875353 14388056 1
9875353 14984871 1
9875353 18710371 1
9875353 19768541 1
9875353 22327691 1
9875353 24048252 1
9875353 26204782 1
9875353 26621762 1
9875353 28814572 1
9875353 31353872 1
9875353 31493412 1
9875353 31891552 1
9875353 32707462 1
9875353 33176512 1
9875353 35807232 1
9875353 36190562 1
9875353 36517282 1
9875353 39001012 1
10121663 10268666 1
10121663 10641227 1
10121663 10885201 2
10121663 11718743 1
10121663 11885660 1
10121663 12534717 1
10121663 12966612 1
10121663 13155937 1
10121663 14984871 1
10121663 18710371 2
10121663 26204782 1
10121663 36517282 2
10121663 39001012 1
10268666 10641227 1
10268666 10766162 1
10268666 10801297 1
10268666 10885201 2
10268666 11082059 2
10268666 11392339 1
10268666 11688650 1
10268666 11718743 1
10268666 11812715 1
10268666 11885660 1
10268666 12030495 2
10268666 12215905 1
10268666 12534717 1
10268666 12874083 1
10268666 12966612 2
10268666 13000503 2
10268666 13155937 1
10268666 13489264 1
10268666 14185306 2
10268666 14325432 2
10268666 14388056 2
10268666 14984871 1
10268666 18710371 1
10268666 19768541 1
10268666 22327691 1
10268666 24048252 2
10268666 26204782 1
10268666 26621762 1
10268666 28814572 1
10268666 31353872 1
10268666 31493412 1
10268666 31891552 1
10268666 32707462 2
10268666 33176512 1
10268666 35807232 1
10268666 36190562 1
10268666 36517282 2
10268666 39001012 1
10641227 10766162 1
10641227 10801297 1
10641227 10885201 1
10641227 11082059 1
10641227 11392339 1
10641227 11688650 1
10641227 11718743 1
10641227 11812715 1
10641227 11885660 1
10641227 12030495 1
10641227 12215905 1
10641227 12534717 1
10641227 12874083 1
10641227 12966612 1
10641227 13000503 1
10641227 13155937 1
10641227 13489264 1
10641227 14185306 1
10641227 14325432 1
10641227 14388056 1
10641227 14984871 1
10641227 18710371 1
10641227 19768541 1
10641227 22327691 1
10641227 24048252 1
10641227 26204782 1
10641227 26621762 1
10641227 28814572 1
10641227 31353872 1
10641227 31493412 1
10641227 31891552 1
10641227 32707462 1
10641227 33176512 1
10641227 35807232 1
10641227 36190562 1
10641227 36517282 1
10641227 39001012 1
10766162 10885201 1
10766162 11718743 1
10766162 11885660 1
10766162 12534717 1
10766162 12966612 1
10766162 13155937 1
10766162 14984871 1
10766162 18710371 1
10766162 26204782 1
10766162 36517282 1
10766162 39001012 1
10801297 10885201 2
10801297 11718743 1
10801297 11885660 1
10801297 12534717 1
10801297 12966612 1
10801297 13155937 1
10801297 14984871 1
10801297 18710371 2
10801297 26204782 1
10801297 36517282 2
10801297 39001012 1
10885201 11082059 3
10885201 11392339 1
10885201 11688650 1
10885201 11718743 1
10885201 11812715 1
10885201 11885660 1
10885201 12030495 3
10885201 12215905 1
10885201 12534717 1
10885201 12874083 1
10885201 12966612 2
10885201 13000503 3
10885201 13155937 1
10885201 13489264 1
10885201 14185306 2
10885201 14325432 3
10885201 14388056 2
10885201 14984871 1
10885201 18710371 2
10885201 19768541 2
10885201 22327691 1
10885201 24048252 3
10885201 26204782 1
10885201 26621762 1
10885201 28814572 1
10885201 31353872 1
10885201 31493412 1
10885201 31891552 1
10885201 32707462 3
10885201 33176512 1
10885201 35807232 2
10885201 36190562 1
10885201 36517282 3
10885201 39001012 1
11082059 11718743 1
11082059 11812715 1
11082059 11885660 1
11082059 12030495 3
11082059 12215905 1
11082059 12534717 1
11082059 12966612 2
11082059 13155937 1
11082059 13489264 1
11082059 14325432 3
11082059 14984871 1
11082059 18710371 2
11082059 24048252 3
11082059 26204782 1
11082059 26621762 1
11082059 31353872 1
11082059 31493412 1
11082059 31891552 1
11082059 33176512 1
11082059 35807232 2
11082059 36190562 1
11082059 36517282 3
11082059 39001012 1
11392339 11718743 1
11392339 11812715 1
11392339 11885660 1
11392339 12030495 1
11392339 12215905 1
11392339 12534717 1
11392339 12966612 1
11392339 13155937 1
11392339 13489264 1
11392339 14984871 1
11392339 18710371 1
11392339 24048252 1
11392339 26204782 1
11392339 31353872 1
11392339 31493412 1
11392339 31891552 1
11392339 33176512 1
11392339 35807232 1
11392339 36190562 1
11392339 36517282 1
11392339 39001012 1
11688650 11718743 1
11688650 11885660 1
11688650 12534717 1
11688650 12966612 1
11688650 13155937 1
11688650 14984871 1
11688650 18710371 1
11688650 26204782 1
11688650 36517282 1
11688650 39001012 1
11718743 11812715 1
11718743 11885660 1
11718743 12030495 1
11718743 12215905 1
11718743 12534717 1
11718743 12874083 1
11718743 12966612 1
11718743 13000503 1
11718743 13155937 1
11718743 13489264 1
11718743 14185306 1
11718743 14325432 1
11718743 14388056 1
11718743 14984871 1
11718743 18710371 1
11718743 19768541 1
11718743 22327691 1
11718743 24048252 1
11718743 26204782 1
11718743 26621762 1
11718743 28814572 1
11718743 31353872 1
11718743 31493412 1
11718743 31891552 1
11718743 32707462 1
11718743 33176512 1
11718743 35807232 1
11718743 36190562 1
11718743 36517282 1
11718743 39001012 1
11812715 11885660 1
11812715 12534717 1
11812715 12874083 1
11812715 12966612 1
11812715 13155937 1
11812715 14185306 1
11812715 14984871 1
11812715 18710371 1
11812715 24048252 1
11812715 26204782 1
11812715 28814572 1
11812715 31353872 1
11812715 36517282 1
11812715 39001012 1
11885660 12030495 1
11885660 12215905 1
11885660 12534717 1
11885660 12874083 1
11885660 12966612 1
11885660 13000503 1
11885660 13155937 1
11885660 13489264 1
11885660 14185306 1
11885660 14325432 1
11885660 14388056 1
11885660 14984871 1
11885660 18710371 1
11885660 19768541 1
11885660 22327691 1
11885660 24048252 1
11885660 26204782 1
11885660 26621762 1
11885660 28814572 1
11885660 31353872 1
11885660 31493412 1
11885660 31891552 1
11885660 32707462 1
11885660 33176512 1
11885660 35807232 1
11885660 36190562 1
11885660 36517282 1
11885660 39001012 1
12030495 12534717 1
12030495 12874083 1
12030495 12966612 2
12030495 13155937 1
12030495 14185306 2
12030495 14984871 1
12030495 18710371 2
12030495 26204782 1
12030495 28814572 1
12030495 36517282 3
12030495 39001012 1
12215905 12534717 1
12215905 12874083 1
12215905 12966612 1
12215905 13155937 1
12215905 14185306 1
12215905 14984871 1
12215905 18710371 1
12215905 24048252 1
12215905 26204782 1
12215905 28814572 1
12215905 31353872 1
12215905 36517282 1
12215905 39001012 1
12534717 12874083 1
12534717 12966612 1
12534717 13000503 1
12534717 13155937 1
12534717 13489264 1
12534717 14185306 1
12534717 14325432 1
12534717 14388056 1
12534717 14984871 1
12534717 18710371 1
12534717 19768541 1
12534717 22327691 1
12534717 24048252 1
12534717 26204782 1
12534717 26621762 1
12534717 28814572 1
12534717 31353872 1
12534717 31493412 1
12534717 31891552 1
12534717 32707462 1
12534717 33176512 1
12534717 35807232 1
12534717 36190562 1
12534717 36517282 1
12534717 39001012 1
12874083 12966612 1
12874083 13155937 1
12874083 13489264 1
12874083 14325432 1
12874083 14984871 1
12874083 18710371 1
12874083 24048252 1
12874083 26204782 1
12874083 26621762 1
12874083 31353872 1
12874083 31493412 1
12874083 31891552 1
12874083 33176512 1
12874083 35807232 1
12874083 36190562 1
12874083 36517282 1
12874083 39001012 1
12966612 13000503 2
12966612 13155937 1
12966612 13489264 1
12966612 14185306 2
12966612 14325432 2
12966612 14388056 2
12966612 14984871 1
12966612 18710371 1
12966612 19768541 1
12966612 22327691 1
12966612 24048252 2
12966612 26204782 1
12966612 26621762 1
12966612 28814572 1
12966612 31353872 1
12966612 31493412 1
12966612 31891552 1
12966612 32707462 2
12966612 33176512 1
12966612 35807232 1
12966612 36190562 1
12966612 36517282 2
12966612 39001012 1
13000503 13155937 1
13000503 14984871 1
13000503 18710371 2
13000503 26204782 1
13000503 36517282 3
13000503 39001012 1
13155937 13489264 1
13155937 14185306 1
13155937 14325432 1
13155937 14388056 1
13155937 14984871 1
13155937 18710371 1
13155937 19768541 1
13155937 22327691 1
13155937 24048252 1
13155937 26204782 1
13155937 26621762 1
13155937 28814572 1
13155937 31353872 1
13155937 31493412 1
13155937 31891552 1
13155937 32707462 1
13155937 33176512 1
13155937 35807232 1
13155937 36190562 1
13155937 36517282 1
13155937 39001012 1
13489264 14185306 1
13489264 14984871 1
13489264 18710371 1
13489264 26204782 1
13489264 28814572 1
13489264 36517282 1
13489264 39001012 1
14185306 14984871 1
14185306 18710371 1
14185306 24048252 2
14185306 26204782 1
14185306 31353872 1
14185306 31493412 1
14185306 31891552 1
14185306 33176512 1
14185306 35807232 1
14185306 36190562 1
14185306 36517282 2
14185306 39001012 1
14325432 14984871 1
14325432 18710371 2
14325432 24048252 3
14325432 26204782 1
14325432 28814572 1
14325432 31353872 1
14325432 36517282 3
14325432 39001012 1
14388056 14984871 1
14388056 18710371 1
14388056 24048252 2
14388056 26204782 1
14388056 31353872 1
14388056 36517282 2
14388056 39001012 1
14984871 18710371 1
14984871 19768541 1
14984871 22327691 1
14984871 24048252 1
14984871 26204782 1
14984871 26621762 1
14984871 28814572 1
14984871 31353872 1
14984871 31493412 1
14984871 31891552 1
14984871 32707462 1
14984871 33176512 1
14984871 35807232 1
14984871 36190562 1
14984871 36517282 1
14984871 39001012 1
18710371 19768541 2
18710371 22327691 1
18710371 24048252 2
18710371 26204782 1
18710371 26621762 1
18710371 28814572 1
18710371 31353872 1
18710371 31493412 1
18710371 31891552 1
18710371 32707462 2
18710371 33176512 1
18710371 35807232 2
18710371 36190562 1
18710371 36517282 2
18710371 39001012 1
19768541 26204782 1
19768541 36517282 2
19768541 39001012 2
22327691 24048252 1
22327691 26204782 1
22327691 31353872 1
22327691 36517282 1
22327691 39001012 1
24048252 26204782 1
24048252 26621762 1
24048252 28814572 1
24048252 31493412 1
24048252 31891552 1
24048252 33176512 1
24048252 36190562 1
24048252 36517282 3
24048252 39001012 1
26204782 26621762 1
26204782 28814572 1
26204782 31353872 1
26204782 31493412 1
26204782 31891552 1
26204782 32707462 1
26204782 33176512 1
26204782 35807232 1
26204782 36190562 1
26204782 36517282 1
26204782 39001012 1
26621762 28814572 1
26621762 31353872 1
26621762 36517282 1
26621762 39001012 1
28814572 31353872 1
28814572 31493412 1
28814572 31891552 1
28814572 33176512 1
28814572 35807232 1
28814572 36190562 1
28814572 36517282 1
28814572 39001012 1
31353872 31493412 1
31353872 31891552 1
31353872 33176512 1
31353872 36190562 1
31353872 36517282 1
31353872 39001012 1
31493412 36517282 1
31493412 39001012 1
31891552 36517282 1
31891552 39001012 1
32707462 36517282 3
32707462 39001012 1
33176512 36517282 1
33176512 39001012 1
35807232 36517282 2
35807232 39001012 1
36190562 36517282 1
36190562 39001012 1
36517282 39001012 1
3797780 6047328 1
3797780 6804925 1
3797780 9594996 1
3797780 10415722 1
3797780 12705164 1
3797780 13165671 1
3797780 31780182 1
3797780 34638802 1
3797780 34680532 1
4623465 6047328 1
4623465 6735900 1
4623465 6804925 1
4623465 9594996 1
4623465 10415722 1
4623465 11995430 1
4623465 12705164 1
4623465 13165671 1
4623465 13395053 1
4623465 31780182 1
4623465 34638802 1
4623465 34680532 1
5677084 6047328 1
5677084 6735900 1
5677084 6804925 1
5677084 9594996 1
5677084 10415722 1
5677084 11995430 1
5677084 12705164 1
5677084 13165671 1
5677084 13395053 1
5677084 31780182 1
5677084 34638802 1
5677084 34680532 1
6047328 6735900 1
6047328 6804925 1
6047328 6887968 1
6047328 7254972 1
6047328 7665032 1
6047328 9448422 1
6047328 9594996 1
6047328 10268666 1
6047328 10415722 1
6047328 10885201 1
6047328 11082059 1
6047328 11995430 1
6047328 12030495 1
6047328 12705164 1
6047328 12966612 1
6047328 13000503 1
6047328 13165671 1
6047328 13395053 1
6047328 14185306 1
6047328 14325432 1
6047328 14388056 1
6047328 24048252 1
6047328 31780182 1
6047328 32707462 1
6047328 34638802 1
6047328 34680532 1
6047328 36517282 1
6735900 6804925 1
6735900 7665032 1
6735900 9594996 1
6735900 10268666 1
6735900 10415722 1
6735900 10885201 1
6735900 11082059 1
6735900 12030495 1
6735900 12705164 1
6735900 12966612 1
6735900 13165671 1
6735900 13395053 1
6735900 14185306 1
6735900 14388056 1
6735900 24048252 1
6735900 31780182 1
6735900 32707462 1
6735900 34638802 1
6735900 34680532 1
6735900 36517282 1
6804925 6887968 1
6804925 7254972 1
6804925 7665032 1
6804925 9448422 1
6804925 9594996 1
6804925 10268666 1
6804925 10415722 1
6804925 10885201 1
6804925 11082059 1
6804925 11995430 1
6804925 12030495 1
6804925 12705164 1
6804925 12966612 1
6804925 13000503 1
6804925 13165671 1
6804925 13395053 1
6804925 14185306 1
6804925 14325432 1
6804925 14388056 1
6804925 24048252 1
6804925 31780182 1
6804925 32707462 1
6804925 34638802 1
6804925 34680532 1
6804925 36517282 1
6887968 9594996 1
6887968 10415722 1
6887968 12705164 1
6887968 13165671 1
6887968 31780182 1
6887968 34638802 1
6887968 34680532 1
7254972 9594996 1
7254972 10415722 1
7254972 12705164 1
7254972 13165671 1
7254972 31780182 1
7254972 34638802 1
7254972 34680532 1
7665032 9594996 1
7665032 10415722 1
7665032 11995430 1
7665032 12705164 1
7665032 13165671 1
7665032 13395053 1
7665032 31780182 1
7665032 34638802 1
7665032 34680532 1
9448422 9594996 1
9448422 10415722 1
9448422 12705164 1
9448422 13165671 1
9448422 13395053 1
9448422 31780182 1
9448422 34638802 1
9448422 34680532 1
9594996 10268666 1
9594996 10415722 1
9594996 10885201 1
9594996 11082059 1
9594996 11995430 1
9594996 12030495 1
9594996 12705164 1
9594996 12966612 1
9594996 13000503 1
9594996 13165671 1
9594996 13395053 1
9594996 14185306 1
9594996 14325432 1
9594996 14388056 1
9594996 24048252 1
9594996 31780182 1
9594996 32707462 1
9594996 34638802 1
9594996 34680532 1
9594996 36517282 1
10268666 10415722 1
10268666 11995430 1
10268666 12705164 1
10268666 13165671 1
10268666 13395053 1
10268666 31780182 1
10268666 34638802 1
10268666 34680532 1
10415722 10885201 1
10415722 11082059 1
10415722 11995430 1
10415722 12030495 1
10415722 12705164 1
10415722 12966612 1
10415722 13000503 1
10415722 13165671 1
10415722 13395053 1
10415722 14185306 1
10415722 14325432 1
10415722 14388056 1
10415722 24048252 1
10415722 31780182 1
10415722 32707462 1
10415722 34638802 1
10415722 34680532 1
10415722 36517282 1
10885201 11995430 2
10885201 12705164 1
10885201 13165671 1
10885201 13395053 2
10885201 31780182 1
10885201 34638802 1
10885201 34680532 1
11082059 11995430 2
11082059 12705164 1
11082059 13165671 1
11082059 13395053 2
11082059 31780182 1
11082059 34638802 1
11082059 34680532 1
11995430 12705164 1
11995430 12966612 1
11995430 13165671 1
11995430 13395053 2
11995430 14185306 1
11995430 14388056 1
11995430 31780182 1
11995430 34638802 1
11995430 34680532 1
11995430 36517282 2
12030495 12705164 1
12030495 13165671 1
12030495 13395053 2
12030495 31780182 1
12030495 34638802 1
12030495 34680532 1
12705164 12966612 1
12705164 13000503 1
12705164 13165671 1
12705164 13395053 1
12705164 14185306 1
12705164 14325432 1
12705164 14388056 1
12705164 24048252 1
12705164 31780182 1
12705164 32707462 1
12705164 34638802 1
12705164 34680532 1
12705164 36517282 1
12966612 13165671 1
12966612 13395053 1
12966612 31780182 1
12966612 34638802 1
12966612 34680532 1
13000503 13165671 1
13000503 31780182 1
13000503 34638802 1
13000503 34680532 1
13165671 13395053 1
13165671 14185306 1
13165671 14325432 1
13165671 14388056 1
13165671 24048252 1
13165671 31780182 1
13165671 32707462 1
13165671 34638802 1
13165671 34680532 1
13165671 36517282 1
13395053 24048252 2
13395053 31780182 1
13395053 32707462 2
13395053 34638802 1
13395053 34680532 1
13395053 36517282 2
14185306 31780182 1
14185306 34638802 1
14185306 34680532 1
14325432 31780182 1
14325432 34638802 1
14325432 34680532 1
14388056 31780182 1
14388056 34638802 1
14388056 34680532 1
24048252 31780182 1
24048252 34638802 1
24048252 34680532 1
31780182 32707462 1
31780182 34638802 1
31780182 34680532 1
31780182 36517282 1
32707462 34638802 1
32707462 34680532 1
34638802 34680532 1
34638802 36517282 1
34680532 36517282 1
2977508 3645934 1
2977508 3678841 1
2977508 3797780 1
2977508 4500991 1
2977508 4618707 1
2977508 4734619 1
2977508 5339878 1
2977508 5651734 1
2977508 6797492 1
2977508 6887968 1
2977508 7254972 1
2977508 7274677 1
2977508 7988670 1
2977508 9162488 1
2977508 10121663 1
2977508 10218782 1
2977508 10581933 1
2977508 10801297 1
2977508 10885201 1
2977508 11082059 1
2977508 11206648 1
2977508 11761321 1
2977508 11995430 1
2977508 12030495 1
2977508 12196089 1
2977508 12307047 1
2977508 13000503 1
2977508 13395053 1
2977508 13926013 1
2977508 14325432 1
2977508 16313581 1
2977508 16813261 1
2977508 18710371 1
2977508 19768541 1
2977508 22876271 1
2977508 24048252 1
2977508 30503102 1
2977508 32707462 1
2977508 32967462 1
2977508 35807232 1
2977508 36517282 1
3645934 4500991 1
3645934 4618707 1
3645934 5339878 1
3645934 5651734 1
3645934 6797492 1
3645934 10218782 1
3645934 10581933 1
3645934 11206648 1
3645934 11761321 1
3645934 12196089 1
3645934 12307047 1
3645934 13395053 1
3645934 13926013 1
3645934 16313581 1
3645934 16813261 1
3645934 22876271 1
3645934 30503102 1
3645934 32967462 1
3678841 4500991 1
3678841 4618707 1
3678841 5339878 1
3678841 5651734 1
3678841 6797492 1
3678841 9162488 1
3678841 10218782 1
3678841 10581933 1
3678841 11206648 1
3678841 11761321 1
3678841 11995430 1
3678841 12196089 1
3678841 12307047 1
3678841 13395053 1
3678841 13926013 1
3678841 16313581 1
3678841 16813261 1
3678841 22876271 1
3678841 30503102 1
3678841 32967462 1
3797780 4500991 1
3797780 4618707 1
3797780 5339878 1
3797780 6797492 1
3797780 10218782 1
3797780 10581933 1
3797780 11206648 1
3797780 11761321 1
3797780 12196089 1
3797780 12307047 1
3797780 13926013 1
3797780 16313581 1
4500991 4618707 1
4500991 4734619 1
4500991 5339878 1
4500991 5651734 1
4500991 6797492 1
4500991 6887968 1
4500991 7254972 1
4500991 7274677 1
4500991 7988670 1
4500991 9162488 1
4500991 10121663 1
4500991 10218782 1
4500991 10581933 1
4500991 10801297 1
4500991 10885201 1
4500991 11082059 1
4500991 11206648 1
4500991 11761321 1
4500991 11995430 1
4500991 12030495 1
4500991 12196089 1
4500991 12307047 1
4500991 13000503 1
4500991 13395053 1
4500991 13926013 1
4500991 14325432 1
4500991 16313581 1
4500991 16813261 1
4500991 18710371 1
4500991 19768541 1
4500991 22876271 1
4500991 24048252 1
4500991 30503102 1
4500991 32707462 1
4500991 32967462 1
4500991 35807232 1
4500991 36517282 1
4618707 4734619 1
4618707 5339878 1
4618707 5651734 1
4618707 6797492 1
4618707 6887968 1
4618707 7254972 1
4618707 7274677 1
4618707 7988670 1
4618707 9162488 1
4618707 10121663 1
4618707 10218782 1
4618707 10581933 1
4618707 10801297 1
4618707 10885201 1
4618707 11082059 1
4618707 11206648 1
4618707 11761321 1
4618707 11995430 1
4618707 12030495 1
4618707 12196089 1
4618707 12307047 1
4618707 13000503 1
4618707 13395053 1
4618707 13926013 1
4618707 14325432 1
4618707 16313581 1
4618707 16813261 1
4618707 18710371 1
4618707 19768541 1
4618707 22876271 1
4618707 24048252 1
4618707 30503102 1
4618707 32707462 1
4618707 32967462 1
4618707 35807232 1
4618707 36517282 1
4734619 5339878 1
4734619 6797492 1
4734619 10218782 1
4734619 10581933 1
4734619 11206648 1
4734619 11761321 1
4734619 11995430 1
4734619 12196089 1
4734619 12307047 1
4734619 13926013 1
4734619 16313581 1
4734619 32967462 1
5339878 5651734 1
5339878 6797492 1
5339878 6887968 1
5339878 7254972 1
5339878 7274677 1
5339878 7988670 1
5339878 9162488 1
5339878 10121663 1
5339878 10218782 1
5339878 10581933 1
5339878 10801297 1
5339878 10885201 1
5339878 11082059 1
5339878 11206648 1
5339878 11761321 1
5339878 11995430 1
5339878 12030495 1
5339878 12196089 1
5339878 12307047 1
5339878 13000503 1
5339878 13395053 1
5339878 13926013 1
5339878 14325432 1
5339878 16313581 1
5339878 16813261 1
5339878 18710371 1
5339878 19768541 1
5339878 22876271 1
5339878 24048252 1
5339878 30503102 1
5339878 32707462 1
5339878 32967462 1
5339878 35807232 1
5339878 36517282 1
5651734 6797492 1
5651734 7274677 1
5651734 7988670 1
5651734 9162488 1
5651734 10121663 1
5651734 10218782 1
5651734 10581933 1
5651734 10885201 1
5651734 11082059 1
5651734 11206648 1
5651734 11761321 1
5651734 11995430 1
5651734 12030495 1
5651734 12196089 1
5651734 12307047 1
5651734 13926013 1
5651734 16313581 1
5651734 18710371 1
5651734 22876271 1
5651734 24048252 1
5651734 30503102 1
5651734 32707462 1
5651734 32967462 1
5651734 35807232 1
5651734 36517282 1
6797492 6887968 1
6797492 7254972 1
6797492 7274677 1
6797492 7988670 1
6797492 9162488 1
6797492 10121663 1
6797492 10218782 1
6797492 10581933 1
6797492 10801297 1
6797492 10885201 1
6797492 11082059 1
6797492 11206648 1
6797492 11761321 1
6797492 11995430 1
6797492 12030495 1
6797492 12196089 1
6797492 12307047 1
6797492 13000503 1
6797492 13395053 1
6797492 13926013 1
6797492 14325432 1
6797492 16313581 1
6797492 16813261 1
6797492 18710371 1
6797492 19768541 1
6797492 22876271 1
6797492 24048252 1
6797492 30503102 1
6797492 32707462 1
6797492 32967462 1
6797492 35807232 1
6797492 36517282 1
6887968 10218782 1
6887968 10581933 1
6887968 11206648 1
6887968 11761321 1
6887968 12196089 1
6887968 12307047 1
6887968 13926013 1
6887968 16313581 1
7254972 10218782 1
7254972 10581933 1
7254972 11206648 1
7254972 11761321 1
7254972 12196089 1
7254972 12307047 1
7254972 13926013 1
7254972 16313581 1
7274677 9162488 1
7274677 10218782 1
7274677 10581933 1
7274677 11206648 1
7274677 11761321 1
7274677 11995430 1
7274677 12196089 1
7274677 12307047 1
7274677 13395053 1
7274677 13926013 1
7274677 16313581 1
7274677 16813261 1
7274677 22876271 1
7274677 30503102 1
7274677 32967462 1
7988670 9162488 1
7988670 10218782 1
7988670 10581933 1
7988670 11206648 1
7988670 11761321 1
7988670 11995430 1
7988670 12196089 1
7988670 12307047 1
7988670 13395053 1
7988670 13926013 1
7988670 16313581 1
7988670 16813261 1
7988670 22876271 1
7988670 30503102 1
7988670 32967462 1
9162488 10218782 1
9162488 10581933 1
9162488 10885201 1
9162488 11206648 1
9162488 11761321 1
9162488 12196089 1
9162488 12307047 1
9162488 13395053 1
9162488 13926013 1
9162488 16313581 1
9162488 16813261 1
9162488 18710371 1
9162488 22876271 1
9162488 24048252 1
9162488 30503102 1
9162488 32967462 1
9162488 35807232 1
9162488 36517282 1
10121663 10218782 1
10121663 10581933 1
10121663 11206648 1
10121663 11761321 1
10121663 12196089 1
10121663 12307047 1
10121663 13395053 1
10121663 13926013 1
10121663 16313581 1
10121663 16813261 1
10218782 10581933 1
10218782 10801297 1
10218782 10885201 1
10218782 11082059 1
10218782 11206648 1
10218782 11761321 1
10218782 11995430 1
10218782 12030495 1
10218782 12196089 1
10218782 12307047 1
10218782 13000503 1
10218782 13395053 1
10218782 13926013 1
10218782 14325432 1
10218782 16313581 1
10218782 16813261 1
10218782 18710371 1
10218782 19768541 1
10218782 22876271 1
10218782 24048252 1
10218782 30503102 1
10218782 32707462 1
10218782 32967462 1
10218782 35807232 1
10218782 36517282 1
10581933 10801297 1
10581933 10885201 1
10581933 11082059 1
10581933 11206648 1
10581933 11761321 1
10581933 11995430 1
10581933 12030495 1
10581933 12196089 1
10581933 12307047 1
10581933 13000503 1
10581933 13395053 1
10581933 13926013 1
10581933 14325432 1
10581933 16313581 1
10581933 16813261 1
10581933 18710371 1
10581933 19768541 1
10581933 22876271 1
10581933 24048252 1
10581933 30503102 1
10581933 32707462 1
10581933 32967462 1
10581933 35807232 1
10581933 36517282 1
10801297 11206648 1
10801297 11761321 1
10801297 12196089 1
10801297 12307047 1
10801297 13926013 1
10801297 16313581 1
10885201 11206648 1
10885201 11761321 1
10885201 12196089 1
10885201 12307047 1
10885201 13926013 1
10885201 16313581 1
10885201 16813261 1
10885201 22876271 1
10885201 30503102 1
10885201 32967462 1
11082059 11206648 1
11082059 11761321 1
11082059 12196089 1
11082059 12307047 1
11082059 13926013 1
11082059 16313581 1
11082059 16813261 1
11082059 22876271 1
11082059 30503102 1
11082059 32967462 1
11206648 11761321 1
11206648 11995430 1
11206648 12030495 1
11206648 12196089 1
11206648 12307047 1
11206648 13000503 1
11206648 13395053 1
11206648 13926013 1
11206648 14325432 1
11206648 16313581 1
11206648 16813261 1
11206648 18710371 1
11206648 19768541 1
11206648 22876271 1
11206648 24048252 1
11206648 30503102 1
11206648 32707462 1
11206648 32967462 1
11206648 35807232 1
11206648 36517282 1
11761321 11995430 1
11761321 12030495 1
11761321 12196089 1
11761321 12307047 1
11761321 13000503 1
11761321 13395053 1
11761321 13926013 1
11761321 14325432 1
11761321 16313581 1
11761321 16813261 1
11761321 18710371 1
11761321 19768541 1
11761321 22876271 1
11761321 24048252 1
11761321 30503102 1
11761321 32707462 1
11761321 32967462 1
11761321 35807232 1
11761321 36517282 1
11995430 12196089 1
11995430 12307047 1
11995430 13926013 1
11995430 16313581 1
11995430 16813261 1
11995430 18710371 1
11995430 22876271 1
11995430 30503102 1
12030495 12196089 1
12030495 12307047 1
12030495 13926013 1
12030495 16313581 1
12030495 16813261 1
12196089 12307047 1
12196089 13000503 1
12196089 13395053 1
12196089 13926013 1
12196089 14325432 1
12196089 16313581 1
12196089 16813261 1
12196089 18710371 1
12196089 19768541 1
12196089 22876271 1
12196089 24048252 1
12196089 30503102 1
12196089 32707462 1
12196089 32967462 1
12196089 35807232 1
12196089 36517282 1
12307047 13000503 1
12307047 13395053 1
12307047 13926013 1
12307047 14325432 1
12307047 16313581 1
12307047 16813261 1
12307047 18710371 1
12307047 19768541 1
12307047 22876271 1
12307047 24048252 1
12307047 30503102 1
12307047 32707462 1
12307047 32967462 1
12307047 35807232 1
12307047 36517282 1
13000503 13926013 1
13000503 16313581 1
13395053 13926013 1
13395053 16313581 1
13395053 18710371 1
13395053 22876271 1
13395053 30503102 1
13395053 32967462 1
13395053 35807232 1
13926013 14325432 1
13926013 16313581 1
13926013 16813261 1
13926013 18710371 1
13926013 19768541 1
13926013 22876271 1
13926013 24048252 1
13926013 30503102 1
13926013 32707462 1
13926013 32967462 1
13926013 35807232 1
13926013 36517282 1
14325432 16313581 1
14325432 32967462 1
16313581 16813261 1
16313581 18710371 1
16313581 19768541 1
16313581 22876271 1
16313581 24048252 1
16313581 30503102 1
16313581 32707462 1
16313581 32967462 1
16313581 35807232 1
16313581 36517282 1
16813261 18710371 1
16813261 22876271 1
16813261 24048252 1
16813261 30503102 1
16813261 32707462 1
16813261 32967462 1
16813261 35807232 1
16813261 36517282 1
18710371 22876271 1
18710371 30503102 1
18710371 32967462 1
22876271 24048252 1
22876271 32967462 1
22876271 36517282 1
24048252 30503102 1
30503102 32967462 1
30503102 36517282 1
32967462 36517282 1
