7188482 7490055 7153174 6645271 5677084 6887968 8392738 3911206 5345833 4143660 8878643 4463669 8399416 5340218 4472386 8251988 7446617 8509533 5998716 3560573 7569022 7003260 8809086 4395660 4369549 4418189 4841105 6832794 5793948 6732957 5210786 3947683 6348970 7603392 5052615 3217611 5347023 8055507 5310163 8876759 7561950 5339878 4486381 5537523 8108278 4885240 4486913 6601989 8128775 3797780 8524054 4363034 2549020 4972317 4445982 6923039 2953507 3384106 5513003 2814764 5724970 6220603 7787325 4061507 4611397 4418373 5456720 4151121 8437073 6253909 7314776 4748128 8328548 8329062 8452457 6411645 3856256 2578305 6056835 7665032 5715852 8816016 6914968 2655130 8472989 6029222 7028648 3546025 1302957 8616366 5959088 3280819 4645300 8213431 3841978 7254972 6804925 7988670 7155141 5312972 4461520 7708116 8688606 5274089 3645934 5612015 4500991
2814764 3217611 3
2814764 3384106 6
2814764 3645934 6
2814764 3797780 7
2814764 3911206 6
2814764 4151121 1
2814764 4463669 2
2814764 4611397 6
2814764 4645300 1
2814764 5339878 6
2814764 5345833 1
2814764 5513003 5
2814764 5537523 4
2814764 5612015 7
2814764 5677084 6
2814764 6056835 3
2814764 6220603 4
2814764 6887968 7
2814764 6923039 6
2814764 7254972 6
2814764 7561950 5
2814764 7569022 6
2814764 7665032 7
2814764 7988670 6
2814764 8055507 3
2814764 8251988 7
2814764 8329062 3
2814764 8452457 4
2814764 8472989 5
2814764 8509533 4
2814764 8524054 7
2814764 8688606 5
3217611 3384106 5
3217611 3645934 6
3217611 3797780 6
3217611 3911206 5
3217611 4151121 3
3217611 4463669 4
3217611 4611397 4
3217611 4645300 1
3217611 5339878 6
3217611 5345833 2
3217611 5513003 5
3217611 5537523 4
3217611 5612015 5
3217611 5677084 6
3217611 6056835 3
3217611 6220603 3
3217611 6887968 6
3217611 6923039 5
3217611 7254972 6
3217611 7561950 5
3217611 7569022 4
3217611 7665032 5
3217611 7988670 5
3217611 8055507 4
3217611 8251988 6
3217611 8329062 3
3217611 8452457 4
3217611 8472989 4
3217611 8509533 3
3217611 8524054 6
3217611 8688606 6
3384106 3645934 8
3384106 3797780 8
3384106 3911206 8
3384106 4151121 3
3384106 4463669 4
3384106 4611397 6
3384106 4645300 1
3384106 5339878 7
3384106 5345833 2
3384106 5513003 7
3384106 5537523 5
3384106 5612015 7
3384106 5677084 7
3384106 6056835 5
3384106 6220603 4
3384106 6887968 8
3384106 6923039 7
3384106 7254972 7
3384106 7561950 6
3384106 7569022 6
3384106 7665032 7
3384106 7988670 8
3384106 8055507 5
3384106 8251988 8
3384106 8329062 3
3384106 8452457 5
3384106 8472989 5
3384106 8509533 5
3384106 8524054 8
3384106 8688606 7
3645934 3797780 9
3645934 3911206 8
3645934 4151121 3
3645934 4463669 4
3645934 4611397 7
3645934 4645300 1
3645934 5339878 8
3645934 5345833 2
3645934 5513003 7
3645934 5537523 6
3645934 5612015 8
3645934 5677084 8
3645934 6056835 5
3645934 6220603 4
3645934 6887968 9
3645934 6923039 8
3645934 7254972 8
3645934 7561950 7
3645934 7569022 6
3645934 7665032 8
3645934 7988670 8
3645934 8055507 5
3645934 8251988 9
3645934 8329062 3
3645934 8452457 5
3645934 8472989 5
3645934 8509533 5
3645934 8524054 9
3645934 8688606 8
3797780 3911206 8
3797780 4151121 3
3797780 4463669 4
3797780 4611397 8
3797780 4645300 1
3797780 5339878 9
3797780 5345833 2
3797780 5513003 7
3797780 5537523 6
3797780 5612015 9
3797780 5677084 9
3797780 6056835 5
3797780 6220603 4
3797780 6887968 10
3797780 6923039 8
3797780 7254972 9
3797780 7561950 7
3797780 7569022 7
3797780 7665032 9
3797780 7988670 8
3797780 8055507 5
3797780 8251988 10
3797780 8329062 4
3797780 8452457 5
3797780 8472989 6
3797780 8509533 5
3797780 8524054 10
3797780 8688606 8
3911206 4151121 3
3911206 4463669 4
3911206 4611397 6
3911206 4645300 1
3911206 5339878 7
3911206 5345833 2
3911206 5513003 7
3911206 5537523 5
3911206 5612015 7
3911206 5677084 7
3911206 6056835 5
3911206 6220603 4
3911206 6887968 8
3911206 6923039 7
3911206 7254972 7
3911206 7561950 6
3911206 7569022 6
3911206 7665032 7
3911206 7988670 8
3911206 8055507 5
3911206 8251988 8
3911206 8329062 3
3911206 8452457 5
3911206 8472989 5
3911206 8509533 5
3911206 8524054 8
3911206 8688606 7
4151121 4463669 3
4151121 4611397 2
4151121 4645300 1
4151121 5339878 3
4151121 5345833 2
4151121 5513003 3
4151121 5537523 2
4151121 5612015 2
4151121 5677084 3
4151121 6056835 3
4151121 6220603 1
4151121 6887968 3
4151121 6923039 2
4151121 7254972 3
4151121 7561950 2
4151121 7569022 2
4151121 7665032 2
4151121 7988670 3
4151121 8055507 3
4151121 8251988 3
4151121 8329062 2
4151121 8452457 2
4151121 8472989 2
4151121 8509533 2
4151121 8524054 3
4151121 8688606 3
4463669 4611397 3
4463669 4645300 1
4463669 5339878 4
4463669 5345833 2
4463669 5513003 4
4463669 5537523 2
4463669 5612015 3
4463669 5677084 4
4463669 6056835 3
4463669 6220603 2
4463669 6887968 4
4463669 6923039 3
4463669 7254972 4
4463669 7561950 3
4463669 7569022 3
4463669 7665032 3
4463669 7988670 4
4463669 8055507 3
4463669 8251988 4
4463669 8329062 2
4463669 8452457 3
4463669 8472989 3
4463669 8509533 3
4463669 8524054 4
4463669 8688606 4
4611397 4645300 1
4611397 5339878 7
4611397 5345833 1
4611397 5513003 5
4611397 5537523 5
4611397 5612015 7
4611397 5677084 7
4611397 6056835 4
4611397 6220603 3
4611397 6887968 8
4611397 6923039 7
4611397 7254972 7
4611397 7561950 5
4611397 7569022 5
4611397 7665032 7
4611397 7988670 6
4611397 8055507 3
4611397 8251988 8
4611397 8329062 2
4611397 8452457 3
4611397 8472989 4
4611397 8509533 5
4611397 8524054 8
4611397 8688606 6
4645300 5339878 1
4645300 5345833 1
4645300 5513003 1
4645300 5537523 1
4645300 5612015 1
4645300 5677084 1
4645300 6056835 1
4645300 6220603 1
4645300 6887968 1
4645300 6923039 1
4645300 7254972 1
4645300 7561950 1
4645300 7569022 1
4645300 7665032 1
4645300 7988670 1
4645300 8055507 1
4645300 8251988 1
4645300 8329062 1
4645300 8452457 1
4645300 8472989 1
4645300 8509533 1
4645300 8524054 1
4645300 8688606 1
5339878 5345833 2
5339878 5513003 7
5339878 5537523 6
5339878 5612015 8
5339878 5677084 9
5339878 6056835 5
5339878 6220603 3
5339878 6887968 9
5339878 6923039 7
5339878 7254972 9
5339878 7561950 7
5339878 7569022 6
5339878 7665032 8
5339878 7988670 7
5339878 8055507 4
5339878 8251988 9
5339878 8329062 4
5339878 8452457 4
5339878 8472989 6
5339878 8509533 4
5339878 8524054 9
5339878 8688606 7
5345833 5513003 2
5345833 5537523 1
5345833 5612015 2
5345833 5677084 2
5345833 6056835 2
5345833 6220603 1
5345833 6887968 2
5345833 6923039 1
5345833 7254972 2
5345833 7561950 2
5345833 7569022 2
5345833 7665032 2
5345833 7988670 2
5345833 8055507 2
5345833 8251988 2
5345833 8329062 2
5345833 8452457 2
5345833 8472989 2
5345833 8509533 1
5345833 8524054 2
5345833 8688606 2
5513003 5537523 5
5513003 5612015 6
5513003 5677084 7
5513003 6056835 5
5513003 6220603 3
5513003 6887968 7
5513003 6923039 6
5513003 7254972 7
5513003 7561950 6
5513003 7569022 5
5513003 7665032 6
5513003 7988670 7
5513003 8055507 4
5513003 8251988 7
5513003 8329062 3
5513003 8452457 4
5513003 8472989 5
5513003 8509533 4
5513003 8524054 7
5513003 8688606 6
5537523 5612015 5
5537523 5677084 6
5537523 6056835 4
5537523 6220603 2
5537523 6887968 6
5537523 6923039 6
5537523 7254972 6
5537523 7561950 5
5537523 7569022 3
5537523 7665032 5
5537523 7988670 5
5537523 8055507 3
5537523 8251988 6
5537523 8329062 2
5537523 8452457 2
5537523 8472989 3
5537523 8509533 3
5537523 8524054 6
5537523 8688606 5
5612015 5677084 8
5612015 6056835 4
5612015 6220603 4
5612015 6887968 9
5612015 6923039 7
5612015 7254972 8
5612015 7561950 7
5612015 7569022 7
5612015 7665032 9
5612015 7988670 7
5612015 8055507 4
5612015 8251988 9
5612015 8329062 4
5612015 8452457 5
5612015 8472989 6
5612015 8509533 4
5612015 8524054 9
5612015 8688606 7
5677084 6056835 5
5677084 6220603 3
5677084 6887968 9
5677084 6923039 7
5677084 7254972 9
5677084 7561950 7
5677084 7569022 6
5677084 7665032 8
5677084 7988670 7
5677084 8055507 4
5677084 8251988 9
5677084 8329062 4
5677084 8452457 4
5677084 8472989 6
5677084 8509533 4
5677084 8524054 9
5677084 8688606 7
6056835 6220603 1
6056835 6887968 5
6056835 6923039 4
6056835 7254972 5
6056835 7561950 4
6056835 7569022 3
6056835 7665032 4
6056835 7988670 5
6056835 8055507 3
6056835 8251988 5
6056835 8329062 2
6056835 8452457 2
6056835 8472989 3
6056835 8509533 3
6056835 8524054 5
6056835 8688606 4
6220603 6887968 4
6220603 6923039 4
6220603 7254972 3
6220603 7561950 3
6220603 7569022 4
6220603 7665032 4
6220603 7988670 4
6220603 8055507 3
6220603 8251988 4
6220603 8329062 2
6220603 8452457 4
6220603 8472989 3
6220603 8509533 3
6220603 8524054 4
6220603 8688606 4
6887968 6923039 8
6887968 7254972 9
6887968 7561950 7
6887968 7569022 7
6887968 7665032 9
6887968 7988670 8
6887968 8055507 5
6887968 8251988 10
6887968 8329062 4
6887968 8452457 5
6887968 8472989 6
6887968 8509533 5
6887968 8524054 10
6887968 8688606 8
6923039 7254972 7
6923039 7561950 6
6923039 7569022 5
6923039 7665032 7
6923039 7988670 7
6923039 8055507 4
6923039 8251988 8
6923039 8329062 2
6923039 8452457 4
6923039 8472989 4
6923039 8509533 5
6923039 8524054 8
6923039 8688606 7
7254972 7561950 7
7254972 7569022 6
7254972 7665032 8
7254972 7988670 7
7254972 8055507 4
7254972 8251988 9
7254972 8329062 4
7254972 8452457 4
7254972 8472989 6
7254972 8509533 4
7254972 8524054 9
7254972 8688606 7
7561950 7569022 5
7561950 7665032 7
7561950 7988670 6
7561950 8055507 3
7561950 8251988 7
7561950 8329062 3
7561950 8452457 4
7561950 8472989 5
7561950 8509533 3
7561950 8524054 7
7561950 8688606 6
7569022 7665032 7
7569022 7988670 6
7569022 8055507 4
7569022 8251988 7
7569022 8329062 4
7569022 8452457 5
7569022 8472989 6
7569022 8509533 4
7569022 8524054 7
7569022 8688606 6
7665032 7988670 7
7665032 8055507 4
7665032 8251988 9
7665032 8329062 4
7665032 8452457 5
7665032 8472989 6
7665032 8509533 4
7665032 8524054 9
7665032 8688606 7
7988670 8055507 5
7988670 8251988 8
7988670 8329062 3
7988670 8452457 5
7988670 8472989 5
7988670 8509533 5
7988670 8524054 8
7988670 8688606 7
8055507 8251988 5
8055507 8329062 3
8055507 8452457 4
8055507 8472989 3
8055507 8509533 3
8055507 8524054 5
8055507 8688606 5
8251988 8329062 4
8251988 8452457 5
8251988 8472989 6
8251988 8509533 5
8251988 8524054 10
8251988 8688606 8
8329062 8452457 3
8329062 8472989 4
8329062 8509533 1
8329062 8524054 4
8329062 8688606 3
8452457 8472989 4
8452457 8509533 3
8452457 8524054 5
8452457 8688606 5
8472989 8509533 3
8472989 8524054 6
8472989 8688606 5
8509533 8524054 5
8509533 8688606 5
8524054 8688606 8
2578305 3217611 1
2578305 3280819 2
2578305 3384106 2
2578305 3645934 2
2578305 3797780 2
2578305 3856256 1
2578305 3911206 2
2578305 4151121 1
2578305 4363034 2
2578305 4369549 2
2578305 4418373 1
2578305 4461520 1
2578305 4463669 1
2578305 4486381 1
2578305 4611397 2
2578305 4972317 2
2578305 5339878 2
2578305 5347023 2
2578305 5513003 2
2578305 5537523 2
2578305 5677084 2
2578305 5959088 2
2578305 5998716 1
2578305 6029222 1
2578305 6056835 2
2578305 6411645 1
2578305 6645271 2
2578305 6732957 2
2578305 6887968 2
2578305 6923039 2
2578305 7155141 1
2578305 7254972 2
2578305 7314776 2
2578305 7988670 2
2578305 8055507 1
2578305 8251988 2
2578305 8437073 2
2578305 8509533 2
2578305 8524054 2
2578305 8616366 1
2578305 8688606 2
3217611 3280819 2
3217611 3856256 3
3217611 4363034 4
3217611 4369549 5
3217611 4418373 1
3217611 4461520 2
3217611 4486381 2
3217611 4972317 3
3217611 5347023 1
3217611 5959088 3
3217611 5998716 2
3217611 6029222 3
3217611 6411645 2
3217611 6645271 1
3217611 6732957 1
3217611 7155141 1
3217611 7314776 4
3217611 8437073 3
3217611 8616366 2
3280819 3384106 3
3280819 3645934 3
3280819 3797780 3
3280819 3856256 2
3280819 3911206 3
3280819 4151121 1
3280819 4363034 3
3280819 4369549 3
3280819 4418373 1
3280819 4461520 1
3280819 4463669 2
3280819 4486381 2
3280819 4611397 3
3280819 4972317 2
3280819 5339878 3
3280819 5347023 2
3280819 5513003 3
3280819 5537523 2
3280819 5677084 3
3280819 5959088 3
3280819 5998716 1
3280819 6029222 2
3280819 6056835 2
3280819 6411645 2
3280819 6645271 2
3280819 6732957 2
3280819 6887968 3
3280819 6923039 3
3280819 7155141 1
3280819 7254972 3
3280819 7314776 3
3280819 7988670 3
3280819 8055507 1
3280819 8251988 3
3280819 8437073 3
3280819 8509533 3
3280819 8524054 3
3280819 8616366 1
3280819 8688606 3
3384106 3856256 3
3384106 4363034 6
3384106 4369549 6
3384106 4418373 1
3384106 4461520 2
3384106 4486381 3
3384106 4972317 5
3384106 5347023 2
3384106 5959088 6
3384106 5998716 2
3384106 6029222 4
3384106 6411645 2
3384106 6645271 2
3384106 6732957 3
3384106 7155141 1
3384106 7314776 7
3384106 8437073 6
3384106 8616366 3
3645934 3856256 3
3645934 4363034 6
3645934 4369549 7
3645934 4418373 1
3645934 4461520 2
3645934 4486381 3
3645934 4972317 5
3645934 5347023 2
3645934 5959088 6
3645934 5998716 2
3645934 6029222 4
3645934 6411645 2
3645934 6645271 2
3645934 6732957 3
3645934 7155141 1
3645934 7314776 7
3645934 8437073 6
3645934 8616366 3
3797780 3856256 3
3797780 4363034 6
3797780 4369549 8
3797780 4418373 1
3797780 4461520 2
3797780 4486381 3
3797780 4972317 5
3797780 5347023 2
3797780 5959088 6
3797780 5998716 2
3797780 6029222 4
3797780 6411645 2
3797780 6645271 2
3797780 6732957 3
3797780 7155141 1
3797780 7314776 8
3797780 8437073 6
3797780 8616366 3
3856256 3911206 3
3856256 4151121 2
3856256 4363034 3
3856256 4369549 3
3856256 4418373 1
3856256 4461520 2
3856256 4463669 3
3856256 4486381 2
3856256 4611397 2
3856256 4972317 2
3856256 5339878 3
3856256 5347023 1
3856256 5513003 3
3856256 5537523 1
3856256 5677084 3
3856256 5959088 2
3856256 5998716 1
3856256 6029222 3
3856256 6056835 2
3856256 6411645 2
3856256 6645271 1
3856256 6732957 1
3856256 6887968 3
3856256 6923039 2
3856256 7155141 1
3856256 7254972 3
3856256 7314776 3
3856256 7988670 3
3856256 8055507 2
3856256 8251988 3
3856256 8437073 2
3856256 8509533 2
3856256 8524054 3
3856256 8616366 2
3856256 8688606 3
3911206 4363034 6
3911206 4369549 6
3911206 4418373 1
3911206 4461520 2
3911206 4486381 3
3911206 4972317 5
3911206 5347023 2
3911206 5959088 6
3911206 5998716 2
3911206 6029222 4
3911206 6411645 2
3911206 6645271 2
3911206 6732957 3
3911206 7155141 1
3911206 7314776 7
3911206 8437073 6
3911206 8616366 3
4151121 4363034 2
4151121 4369549 2
4151121 4418373 1
4151121 4461520 2
4151121 4486381 1
4151121 4972317 2
4151121 5347023 1
4151121 5959088 1
4151121 5998716 1
4151121 6029222 2
4151121 6411645 1
4151121 6645271 1
4151121 6732957 1
4151121 7155141 1
4151121 7314776 2
4151121 8437073 1
4151121 8616366 2
4363034 4369549 6
4363034 4418373 1
4363034 4461520 2
4363034 4463669 3
4363034 4486381 3
4363034 4611397 4
4363034 4972317 5
4363034 5339878 6
4363034 5347023 2
4363034 5513003 6
4363034 5537523 4
4363034 5677084 6
4363034 5959088 5
4363034 5998716 2
4363034 6029222 4
4363034 6056835 4
4363034 6411645 2
4363034 6645271 2
4363034 6732957 2
4363034 6887968 6
4363034 6923039 5
4363034 7155141 1
4363034 7254972 6
4363034 7314776 6
4363034 7988670 6
4363034 8055507 3
4363034 8251988 6
4363034 8437073 5
4363034 8509533 3
4363034 8524054 6
4363034 8616366 2
4363034 8688606 5
4369549 4418373 1
4369549 4461520 2
4369549 4463669 3
4369549 4486381 3
4369549 4611397 6
4369549 4972317 5
4369549 5339878 8
4369549 5347023 2
4369549 5513003 6
4369549 5537523 5
4369549 5677084 8
4369549 5959088 5
4369549 5998716 2
4369549 6029222 4
4369549 6056835 4
4369549 6411645 2
4369549 6645271 2
4369549 6732957 2
4369549 6887968 8
4369549 6923039 6
4369549 7155141 1
4369549 7254972 8
4369549 7314776 7
4369549 7988670 6
4369549 8055507 3
4369549 8251988 8
4369549 8437073 5
4369549 8509533 3
4369549 8524054 8
4369549 8616366 2
4369549 8688606 6
4418373 4461520 1
4418373 4463669 1
4418373 4486381 1
4418373 4611397 1
4418373 4972317 1
4418373 5339878 1
4418373 5347023 1
4418373 5513003 1
4418373 5537523 1
4418373 5677084 1
4418373 5959088 1
4418373 5998716 1
4418373 6029222 1
4418373 6056835 1
4418373 6411645 1
4418373 6645271 1
4418373 6732957 1
4418373 6887968 1
4418373 6923039 1
4418373 7155141 1
4418373 7254972 1
4418373 7314776 1
4418373 7988670 1
4418373 8055507 1
4418373 8251988 1
4418373 8437073 1
4418373 8509533 1
4418373 8524054 1
4418373 8616366 1
4418373 8688606 1
4461520 4463669 2
4461520 4486381 1
4461520 4611397 1
4461520 4972317 2
4461520 5339878 2
4461520 5347023 1
4461520 5513003 2
4461520 5537523 1
4461520 5677084 2
4461520 5959088 1
4461520 5998716 1
4461520 6029222 2
4461520 6056835 2
4461520 6411645 1
4461520 6645271 1
4461520 6732957 1
4461520 6887968 2
4461520 6923039 1
4461520 7155141 1
4461520 7254972 2
4461520 7314776 2
4461520 7988670 2
4461520 8055507 2
4461520 8251988 2
4461520 8437073 1
4461520 8509533 1
4461520 8524054 2
4461520 8616366 2
4461520 8688606 2
4463669 4486381 2
4463669 4972317 2
4463669 5347023 1
4463669 5959088 2
4463669 5998716 1
4463669 6029222 3
4463669 6411645 2
4463669 6645271 1
4463669 6732957 1
4463669 7155141 1
4463669 7314776 3
4463669 8437073 2
4463669 8616366 2
4486381 4611397 3
4486381 4972317 2
4486381 5339878 3
4486381 5347023 1
4486381 5513003 3
4486381 5537523 2
4486381 5677084 3
4486381 5959088 3
4486381 5998716 1
4486381 6029222 3
4486381 6056835 2
4486381 6411645 2
4486381 6645271 1
4486381 6732957 1
4486381 6887968 3
4486381 6923039 3
4486381 7155141 1
4486381 7254972 3
4486381 7314776 3
4486381 7988670 3
4486381 8055507 1
4486381 8251988 3
4486381 8437073 3
4486381 8509533 2
4486381 8524054 3
4486381 8616366 1
4486381 8688606 2
4611397 4972317 3
4611397 5347023 2
4611397 5959088 5
4611397 5998716 1
4611397 6029222 3
4611397 6411645 2
4611397 6645271 2
4611397 6732957 3
4611397 7155141 1
4611397 7314776 6
4611397 8437073 5
4611397 8616366 2
4972317 5339878 5
4972317 5347023 2
4972317 5513003 5
4972317 5537523 4
4972317 5677084 5
4972317 5959088 4
4972317 5998716 2
4972317 6029222 3
4972317 6056835 4
4972317 6411645 1
4972317 6645271 2
4972317 6732957 2
4972317 6887968 5
4972317 6923039 4
4972317 7155141 1
4972317 7254972 5
4972317 7314776 5
4972317 7988670 5
4972317 8055507 3
4972317 8251988 5
4972317 8437073 4
4972317 8509533 2
4972317 8524054 5
4972317 8616366 2
4972317 8688606 4
5339878 5347023 2
5339878 5959088 5
5339878 5998716 2
5339878 6029222 4
5339878 6411645 2
5339878 6645271 2
5339878 6732957 2
5339878 7155141 1
5339878 7314776 7
5339878 8437073 5
5339878 8616366 2
5347023 5513003 2
5347023 5537523 2
5347023 5677084 2
5347023 5959088 2
5347023 5998716 1
5347023 6029222 1
5347023 6056835 2
5347023 6411645 1
5347023 6645271 2
5347023 6732957 2
5347023 6887968 2
5347023 6923039 2
5347023 7155141 1
5347023 7254972 2
5347023 7314776 2
5347023 7988670 2
5347023 8055507 1
5347023 8251988 2
5347023 8437073 2
5347023 8509533 2
5347023 8524054 2
5347023 8616366 1
5347023 8688606 2
5513003 5959088 5
5513003 5998716 2
5513003 6029222 4
5513003 6411645 2
5513003 6645271 2
5513003 6732957 2
5513003 7155141 1
5513003 7314776 6
5513003 8437073 5
5513003 8616366 2
5537523 5959088 4
5537523 5998716 2
5537523 6029222 2
5537523 6411645 1
5537523 6645271 2
5537523 6732957 2
5537523 7155141 1
5537523 7314776 4
5537523 8437073 4
5537523 8616366 1
5677084 5959088 5
5677084 5998716 2
5677084 6029222 4
5677084 6411645 2
5677084 6645271 2
5677084 6732957 2
5677084 7155141 1
5677084 7314776 7
5677084 8437073 5
5677084 8616366 2
5959088 5998716 2
5959088 6029222 3
5959088 6056835 3
5959088 6411645 2
5959088 6645271 2
5959088 6732957 3
5959088 6887968 6
5959088 6923039 6
5959088 7155141 1
5959088 7254972 5
5959088 7314776 6
5959088 7988670 6
5959088 8055507 3
5959088 8251988 6
5959088 8437073 6
5959088 8509533 4
5959088 8524054 6
5959088 8616366 2
5959088 8688606 5
5998716 6029222 1
5998716 6056835 1
5998716 6411645 1
5998716 6645271 1
5998716 6732957 1
5998716 6887968 2
5998716 6923039 2
5998716 7155141 1
5998716 7254972 2
5998716 7314776 2
5998716 7988670 2
5998716 8055507 2
5998716 8251988 2
5998716 8437073 2
5998716 8509533 1
5998716 8524054 2
5998716 8616366 1
5998716 8688606 2
6029222 6056835 3
6029222 6411645 2
6029222 6645271 1
6029222 6732957 1
6029222 6887968 4
6029222 6923039 3
6029222 7155141 1
6029222 7254972 4
6029222 7314776 4
6029222 7988670 4
6029222 8055507 2
6029222 8251988 4
6029222 8437073 3
6029222 8509533 2
6029222 8524054 4
6029222 8616366 2
6029222 8688606 3
6056835 6411645 1
6056835 6645271 2
6056835 6732957 2
6056835 7155141 1
6056835 7314776 4
6056835 8437073 3
6056835 8616366 2
6411645 6645271 1
6411645 6732957 1
6411645 6887968 2
6411645 6923039 2
6411645 7155141 1
6411645 7254972 2
6411645 7314776 2
6411645 7988670 2
6411645 8055507 1
6411645 8251988 2
6411645 8437073 2
6411645 8509533 2
6411645 8524054 2
6411645 8616366 1
6411645 8688606 2
6645271 6732957 2
6645271 6887968 2
6645271 6923039 2
6645271 7155141 1
6645271 7254972 2
6645271 7314776 2
6645271 7988670 2
6645271 8055507 1
6645271 8251988 2
6645271 8437073 2
6645271 8509533 2
6645271 8524054 2
6645271 8616366 1
6645271 8688606 2
6732957 6887968 3
6732957 6923039 3
6732957 7155141 1
6732957 7254972 2
6732957 7314776 3
6732957 7988670 3
6732957 8055507 2
6732957 8251988 3
6732957 8437073 3
6732957 8509533 3
6732957 8524054 3
6732957 8616366 2
6732957 8688606 3
6887968 7155141 1
6887968 7314776 8
6887968 8437073 6
6887968 8616366 3
6923039 7155141 1
6923039 7314776 6
6923039 8437073 6
6923039 8616366 2
7155141 7254972 1
7155141 7314776 1
7155141 7988670 1
7155141 8055507 1
7155141 8251988 1
7155141 8437073 1
7155141 8509533 1
7155141 8524054 1
7155141 8616366 1
7155141 8688606 1
7254972 7314776 7
7254972 8437073 5
7254972 8616366 2
7314776 7988670 7
7314776 8055507 4
7314776 8251988 8
7314776 8437073 6
7314776 8509533 4
7314776 8524054 8
7314776 8616366 3
7314776 8688606 6
7988670 8437073 6
7988670 8616366 3
8055507 8437073 3
8055507 8616366 3
8251988 8437073 6
8251988 8616366 3
8437073 8509533 4
8437073 8524054 6
8437073 8616366 2
8437073 8688606 5
8509533 8616366 2
8524054 8616366 3
8616366 8688606 3
2814764 2953507 4
2814764 3841978 1
2814764 4500991 1
2814764 4748128 1
2814764 4841105 1
2814764 5340218 2
2814764 5456720 4
2814764 5724970 1
2814764 5793948 1
2814764 5959088 5
2814764 6348970 3
2814764 6601989 3
2814764 6732957 2
2814764 6804925 1
2814764 6832794 4
2814764 7188482 1
2814764 7314776 6
2814764 7708116 3
2814764 7787325 1
2814764 8108278 3
2814764 8128775 1
2814764 8392738 2
2814764 8399416 2
2814764 8437073 5
2814764 8616366 1
2953507 3384106 4
2953507 3645934 4
2953507 3797780 5
2953507 3841978 1
2953507 3911206 4
2953507 4500991 2
2953507 4611397 4
2953507 4748128 1
2953507 4841105 1
2953507 5340218 1
2953507 5456720 2
2953507 5612015 5
2953507 5724970 1
2953507 5793948 1
2953507 5959088 3
2953507 6220603 2
2953507 6348970 2
2953507 6601989 4
2953507 6732957 2
2953507 6804925 1
2953507 6832794 2
2953507 6887968 5
2953507 6923039 3
2953507 7188482 1
2953507 7314776 5
2953507 7569022 5
2953507 7665032 5
2953507 7708116 2
2953507 7787325 1
2953507 7988670 4
2953507 8055507 2
2953507 8108278 1
2953507 8128775 1
2953507 8251988 5
2953507 8392738 1
2953507 8399416 1
2953507 8437073 3
2953507 8452457 3
2953507 8509533 3
2953507 8524054 5
2953507 8616366 2
2953507 8688606 4
3384106 3841978 1
3384106 4500991 2
3384106 4748128 1
3384106 4841105 1
3384106 5340218 2
3384106 5456720 3
3384106 5724970 1
3384106 5793948 1
3384106 6348970 3
3384106 6601989 4
3384106 6804925 1
3384106 6832794 4
3384106 7188482 1
3384106 7708116 4
3384106 7787325 1
3384106 8108278 3
3384106 8128775 1
3384106 8392738 2
3384106 8399416 2
3645934 3841978 1
3645934 4500991 2
3645934 4748128 1
3645934 4841105 1
3645934 5340218 2
3645934 5456720 3
3645934 5724970 1
3645934 5793948 1
3645934 6348970 3
3645934 6601989 4
3645934 6804925 1
3645934 6832794 4
3645934 7188482 1
3645934 7708116 5
3645934 7787325 1
3645934 8108278 3
3645934 8128775 1
3645934 8392738 2
3645934 8399416 2
3797780 3841978 1
3797780 4500991 2
3797780 4748128 1
3797780 4841105 1
3797780 5340218 2
3797780 5456720 4
3797780 5724970 1
3797780 5793948 1
3797780 6348970 3
3797780 6601989 4
3797780 6804925 1
3797780 6832794 4
3797780 7188482 1
3797780 7708116 5
3797780 7787325 1
3797780 8108278 3
3797780 8128775 1
3797780 8392738 2
3797780 8399416 2
3841978 3911206 1
3841978 4500991 1
3841978 4611397 1
3841978 4748128 1
3841978 4841105 1
3841978 5340218 1
3841978 5456720 1
3841978 5612015 1
3841978 5724970 1
3841978 5793948 1
3841978 5959088 1
3841978 6220603 1
3841978 6348970 1
3841978 6601989 1
3841978 6732957 1
3841978 6804925 1
3841978 6832794 1
3841978 6887968 1
3841978 6923039 1
3841978 7188482 1
3841978 7314776 1
3841978 7569022 1
3841978 7665032 1
3841978 7708116 1
3841978 7787325 1
3841978 7988670 1
3841978 8055507 1
3841978 8108278 1
3841978 8128775 1
3841978 8251988 1
3841978 8392738 1
3841978 8399416 1
3841978 8437073 1
3841978 8452457 1
3841978 8509533 1
3841978 8524054 1
3841978 8616366 1
3841978 8688606 1
3911206 4500991 2
3911206 4748128 1
3911206 4841105 1
3911206 5340218 2
3911206 5456720 3
3911206 5724970 1
3911206 5793948 1
3911206 6348970 3
3911206 6601989 4
3911206 6804925 1
3911206 6832794 4
3911206 7188482 1
3911206 7708116 4
3911206 7787325 1
3911206 8108278 3
3911206 8128775 1
3911206 8392738 2
3911206 8399416 2
4500991 4611397 1
4500991 4748128 1
4500991 4841105 1
4500991 5340218 1
4500991 5456720 1
4500991 5612015 2
4500991 5724970 1
4500991 5793948 1
4500991 5959088 1
4500991 6220603 1
4500991 6348970 1
4500991 6601989 2
4500991 6732957 1
4500991 6804925 1
4500991 6832794 1
4500991 6887968 2
4500991 6923039 1
4500991 7188482 1
4500991 7314776 2
4500991 7569022 2
4500991 7665032 2
4500991 7708116 2
4500991 7787325 1
4500991 7988670 2
4500991 8055507 2
4500991 8108278 1
4500991 8128775 1
4500991 8251988 2
4500991 8392738 1
4500991 8399416 1
4500991 8437073 1
4500991 8452457 2
4500991 8509533 1
4500991 8524054 2
4500991 8616366 2
4500991 8688606 2
4611397 4748128 1
4611397 4841105 1
4611397 5340218 1
4611397 5456720 3
4611397 5724970 1
4611397 5793948 1
4611397 6348970 3
4611397 6601989 3
4611397 6804925 1
4611397 6832794 3
4611397 7188482 1
4611397 7708116 3
4611397 7787325 1
4611397 8108278 2
4611397 8128775 1
4611397 8392738 2
4611397 8399416 2
4748128 4841105 1
4748128 5340218 1
4748128 5456720 1
4748128 5612015 1
4748128 5724970 1
4748128 5793948 1
4748128 5959088 1
4748128 6220603 1
4748128 6348970 1
4748128 6601989 1
4748128 6732957 1
4748128 6804925 1
4748128 6832794 1
4748128 6887968 1
4748128 6923039 1
4748128 7188482 1
4748128 7314776 1
4748128 7569022 1
4748128 7665032 1
4748128 7708116 1
4748128 7787325 1
4748128 7988670 1
4748128 8055507 1
4748128 8108278 1
4748128 8128775 1
4748128 8251988 1
4748128 8392738 1
4748128 8399416 1
4748128 8437073 1
4748128 8452457 1
4748128 8509533 1
4748128 8524054 1
4748128 8616366 1
4748128 8688606 1
4841105 5340218 1
4841105 5456720 1
4841105 5612015 1
4841105 5724970 1
4841105 5793948 1
4841105 5959088 1
4841105 6220603 1
4841105 6348970 1
4841105 6601989 1
4841105 6732957 1
4841105 6804925 1
4841105 6832794 1
4841105 6887968 1
4841105 6923039 1
4841105 7188482 1
4841105 7314776 1
4841105 7569022 1
4841105 7665032 1
4841105 7708116 1
4841105 7787325 1
4841105 7988670 1
4841105 8055507 1
4841105 8108278 1
4841105 8128775 1
4841105 8251988 1
4841105 8392738 1
4841105 8399416 1
4841105 8437073 1
4841105 8452457 1
4841105 8509533 1
4841105 8524054 1
4841105 8616366 1
4841105 8688606 1
5340218 5456720 2
5340218 5612015 2
5340218 5724970 1
5340218 5793948 1
5340218 5959088 2
5340218 6220603 2
5340218 6348970 1
5340218 6601989 1
5340218 6732957 1
5340218 6804925 1
5340218 6832794 2
5340218 6887968 2
5340218 6923039 2
5340218 7188482 1
5340218 7314776 2
5340218 7569022 2
5340218 7665032 2
5340218 7708116 2
5340218 7787325 1
5340218 7988670 2
5340218 8055507 2
5340218 8108278 2
5340218 8128775 1
5340218 8251988 2
5340218 8392738 1
5340218 8399416 1
5340218 8437073 2
5340218 8452457 2
5340218 8509533 1
5340218 8524054 2
5340218 8616366 1
5340218 8688606 2
5456720 5612015 4
5456720 5724970 1
5456720 5793948 1
5456720 5959088 3
5456720 6220603 2
5456720 6348970 2
5456720 6601989 1
5456720 6732957 1
5456720 6804925 1
5456720 6832794 3
5456720 6887968 4
5456720 6923039 3
5456720 7188482 1
5456720 7314776 4
5456720 7569022 3
5456720 7665032 4
5456720 7708116 3
5456720 7787325 1
5456720 7988670 3
5456720 8055507 2
5456720 8108278 3
5456720 8128775 1
5456720 8251988 4
5456720 8392738 2
5456720 8399416 2
5456720 8437073 3
5456720 8452457 2
5456720 8509533 1
5456720 8524054 4
5456720 8616366 1
5456720 8688606 2
5612015 5724970 1
5612015 5793948 1
5612015 5959088 5
5612015 6348970 3
5612015 6601989 4
5612015 6732957 2
5612015 6804925 1
5612015 6832794 4
5612015 7188482 1
5612015 7314776 7
5612015 7708116 5
5612015 7787325 1
5612015 8108278 3
5612015 8128775 1
5612015 8392738 2
5612015 8399416 2
5612015 8437073 5
5612015 8616366 2
5724970 5793948 1
5724970 5959088 1
5724970 6220603 1
5724970 6348970 1
5724970 6601989 1
5724970 6732957 1
5724970 6804925 1
5724970 6832794 1
5724970 6887968 1
5724970 6923039 1
5724970 7188482 1
5724970 7314776 1
5724970 7569022 1
5724970 7665032 1
5724970 7708116 1
5724970 7787325 1
5724970 7988670 1
5724970 8055507 1
5724970 8108278 1
5724970 8128775 1
5724970 8251988 1
5724970 8392738 1
5724970 8399416 1
5724970 8437073 1
5724970 8452457 1
5724970 8509533 1
5724970 8524054 1
5724970 8616366 1
5724970 8688606 1
5793948 5959088 1
5793948 6220603 1
5793948 6348970 1
5793948 6601989 1
5793948 6732957 1
5793948 6804925 1
5793948 6832794 1
5793948 6887968 1
5793948 6923039 1
5793948 7188482 1
5793948 7314776 1
5793948 7569022 1
5793948 7665032 1
5793948 7708116 1
5793948 7787325 1
5793948 7988670 1
5793948 8055507 1
5793948 8108278 1
5793948 8128775 1
5793948 8251988 1
5793948 8392738 1
5793948 8399416 1
5793948 8437073 1
5793948 8452457 1
5793948 8509533 1
5793948 8524054 1
5793948 8616366 1
5793948 8688606 1
5959088 6220603 3
5959088 6348970 3
5959088 6601989 3
5959088 6804925 1
5959088 6832794 4
5959088 7188482 1
5959088 7569022 4
5959088 7665032 5
5959088 7708116 3
5959088 7787325 1
5959088 8108278 3
5959088 8128775 1
5959088 8392738 2
5959088 8399416 2
5959088 8452457 3
6220603 6348970 2
6220603 6601989 2
6220603 6732957 1
6220603 6804925 1
6220603 6832794 3
6220603 7188482 1
6220603 7314776 3
6220603 7708116 2
6220603 7787325 1
6220603 8108278 2
6220603 8128775 1
6220603 8392738 1
6220603 8399416 1
6220603 8437073 3
6220603 8616366 1
6348970 6601989 2
6348970 6732957 1
6348970 6804925 1
6348970 6832794 3
6348970 6887968 3
6348970 6923039 3
6348970 7188482 1
6348970 7314776 3
6348970 7569022 2
6348970 7665032 3
6348970 7708116 2
6348970 7787325 1
6348970 7988670 3
6348970 8055507 1
6348970 8108278 2
6348970 8128775 1
6348970 8251988 3
6348970 8392738 2
6348970 8399416 2
6348970 8437073 3
6348970 8452457 2
6348970 8509533 2
6348970 8524054 3
6348970 8616366 1
6348970 8688606 2
6601989 6732957 2
6601989 6804925 1
6601989 6832794 2
6601989 6887968 4
6601989 6923039 3
6601989 7188482 1
6601989 7314776 4
6601989 7569022 4
6601989 7665032 4
6601989 7708116 2
6601989 7787325 1
6601989 7988670 4
6601989 8055507 2
6601989 8108278 1
6601989 8128775 1
6601989 8251988 4
6601989 8392738 1
6601989 8399416 1
6601989 8437073 3
6601989 8452457 3
6601989 8509533 3
6601989 8524054 4
6601989 8616366 2
6601989 8688606 4
6732957 6804925 1
6732957 6832794 1
6732957 7188482 1
6732957 7569022 2
6732957 7665032 2
6732957 7708116 1
6732957 7787325 1
6732957 8108278 1
6732957 8128775 1
6732957 8392738 1
6732957 8399416 1
6732957 8452457 1
6804925 6832794 1
6804925 6887968 1
6804925 6923039 1
6804925 7188482 1
6804925 7314776 1
6804925 7569022 1
6804925 7665032 1
6804925 7708116 1
6804925 7787325 1
6804925 7988670 1
6804925 8055507 1
6804925 8108278 1
6804925 8128775 1
6804925 8251988 1
6804925 8392738 1
6804925 8399416 1
6804925 8437073 1
6804925 8452457 1
6804925 8509533 1
6804925 8524054 1
6804925 8616366 1
6804925 8688606 1
6832794 6887968 4
6832794 6923039 4
6832794 7188482 1
6832794 7314776 4
6832794 7569022 3
6832794 7665032 4
6832794 7708116 3
6832794 7787325 1
6832794 7988670 4
6832794 8055507 2
6832794 8108278 3
6832794 8128775 1
6832794 8251988 4
6832794 8392738 2
6832794 8399416 2
6832794 8437073 4
6832794 8452457 3
6832794 8509533 2
6832794 8524054 4
6832794 8616366 1
6832794 8688606 3
6887968 7188482 1
6887968 7708116 5
6887968 7787325 1
6887968 8108278 3
6887968 8128775 1
6887968 8392738 2
6887968 8399416 2
6923039 7188482 1
6923039 7708116 4
6923039 7787325 1
6923039 8108278 3
6923039 8128775 1
6923039 8392738 2
6923039 8399416 2
7188482 7314776 1
7188482 7569022 1
7188482 7665032 1
7188482 7708116 1
7188482 7787325 1
7188482 7988670 1
7188482 8055507 1
7188482 8108278 1
7188482 8128775 1
7188482 8251988 1
7188482 8392738 1
7188482 8399416 1
7188482 8437073 1
7188482 8452457 1
7188482 8509533 1
7188482 8524054 1
7188482 8616366 1
7188482 8688606 1
7314776 7569022 6
7314776 7665032 7
7314776 7708116 4
7314776 7787325 1
7314776 8108278 3
7314776 8128775 1
7314776 8392738 2
7314776 8399416 2
7314776 8452457 4
7569022 7708116 3
7569022 7787325 1
7569022 8108278 2
7569022 8128775 1
7569022 8392738 1
7569022 8399416 1
7569022 8437073 4
7569022 8616366 2
7665032 7708116 5
7665032 7787325 1
7665032 8108278 3
7665032 8128775 1
7665032 8392738 2
7665032 8399416 2
7665032 8437073 5
7665032 8616366 2
7708116 7787325 1
7708116 7988670 4
7708116 8055507 3
7708116 8108278 3
7708116 8128775 1
7708116 8251988 5
7708116 8392738 2
7708116 8399416 2
7708116 8437073 3
7708116 8452457 3
7708116 8509533 1
7708116 8524054 5
7708116 8616366 2
7708116 8688606 4
7787325 7988670 1
7787325 8055507 1
7787325 8108278 1
7787325 8128775 1
7787325 8251988 1
7787325 8392738 1
7787325 8399416 1
7787325 8437073 1
7787325 8452457 1
7787325 8509533 1
7787325 8524054 1
7787325 8616366 1
7787325 8688606 1
7988670 8108278 3
7988670 8128775 1
7988670 8392738 2
7988670 8399416 2
8055507 8108278 2
8055507 8128775 1
8055507 8392738 1
8055507 8399416 1
8108278 8128775 1
8108278 8251988 3
8108278 8392738 2
8108278 8399416 2
8108278 8437073 3
8108278 8452457 2
8108278 8509533 1
8108278 8524054 3
8108278 8616366 1
8108278 8688606 2
8128775 8251988 1
8128775 8392738 1
8128775 8399416 1
8128775 8437073 1
8128775 8452457 1
8128775 8509533 1
8128775 8524054 1
8128775 8616366 1
8128775 8688606 1
8251988 8392738 2
8251988 8399416 2
8392738 8399416 2
8392738 8437073 2
8392738 8452457 1
8392738 8509533 1
8392738 8524054 2
8392738 8616366 1
8392738 8688606 1
8399416 8437073 2
8399416 8452457 1
8399416 8509533 1
8399416 8524054 2
8399416 8616366 1
8399416 8688606 1
8437073 8452457 3
8452457 8616366 2
2655130 2814764 4
2655130 2953507 2
2655130 3217611 2
2655130 3280819 2
2655130 3384106 4
2655130 3560573 1
2655130 3645934 4
2655130 3797780 4
2655130 3856256 1
2655130 3911206 4
2655130 4143660 1
2655130 4363034 4
2655130 4369549 4
2655130 4463669 1
2655130 4486381 2
2655130 4486913 1
2655130 4611397 3
2655130 5339878 4
2655130 5513003 4
2655130 5612015 4
2655130 5677084 4
2655130 5959088 4
2655130 6029222 2
2655130 6220603 2
2655130 6348970 2
2655130 6411645 1
2655130 6601989 2
2655130 6832794 3
2655130 6887968 4
2655130 6923039 4
2655130 7153174 3
2655130 7254972 4
2655130 7314776 4
2655130 7561950 4
2655130 7569022 3
2655130 7665032 4
2655130 7988670 4
2655130 8213431 2
2655130 8251988 4
2655130 8437073 4
2655130 8452457 2
2655130 8472989 3
2655130 8509533 2
2655130 8524054 4
2655130 8688606 3
2814764 3280819 2
2814764 3560573 1
2814764 3856256 1
2814764 4143660 1
2814764 4363034 4
2814764 4369549 5
2814764 4486381 2
2814764 4486913 1
2814764 6029222 2
2814764 6411645 1
2814764 7153174 3
2814764 8213431 2
2953507 3217611 2
2953507 3280819 2
2953507 3560573 1
2953507 3856256 2
2953507 4143660 2
2953507 4363034 3
2953507 4369549 4
2953507 4463669 2
2953507 4486381 1
2953507 4486913 1
2953507 5339878 4
2953507 5513003 3
2953507 5677084 4
2953507 6029222 2
2953507 6411645 1
2953507 7153174 2
2953507 7254972 4
2953507 7561950 3
2953507 8213431 2
2953507 8472989 4
3217611 3560573 1
3217611 4143660 2
3217611 4486913 1
3217611 6348970 1
3217611 6601989 2
3217611 6832794 2
3217611 7153174 3
3217611 8213431 4
3280819 3560573 1
3280819 4143660 1
3280819 4486913 1
3280819 5612015 2
3280819 6220603 1
3280819 6348970 1
3280819 6601989 2
3280819 6832794 1
3280819 7153174 1
3280819 7561950 2
3280819 7569022 2
3280819 7665032 2
3280819 8213431 1
3280819 8452457 1
3280819 8472989 2
3384106 3560573 1
3384106 4143660 2
3384106 4486913 1
3384106 7153174 4
3384106 8213431 3
3560573 3645934 1
3560573 3797780 1
3560573 3856256 1
3560573 3911206 1
3560573 4143660 1
3560573 4363034 1
3560573 4369549 1
3560573 4463669 1
3560573 4486381 1
3560573 4486913 1
3560573 4611397 1
3560573 5339878 1
3560573 5513003 1
3560573 5612015 1
3560573 5677084 1
3560573 5959088 1
3560573 6029222 1
3560573 6220603 1
3560573 6348970 1
3560573 6411645 1
3560573 6601989 1
3560573 6832794 1
3560573 6887968 1
3560573 6923039 1
3560573 7153174 1
3560573 7254972 1
3560573 7314776 1
3560573 7561950 1
3560573 7569022 1
3560573 7665032 1
3560573 7988670 1
3560573 8213431 1
3560573 8251988 1
3560573 8437073 1
3560573 8452457 1
3560573 8472989 1
3560573 8509533 1
3560573 8524054 1
3560573 8688606 1
3645934 4143660 2
3645934 4486913 1
3645934 7153174 4
3645934 8213431 4
3797780 4143660 2
3797780 4486913 1
3797780 7153174 4
3797780 8213431 4
3856256 4143660 2
3856256 4486913 1
3856256 5612015 2
3856256 6220603 1
3856256 6348970 1
3856256 6601989 2
3856256 6832794 1
3856256 7153174 2
3856256 7561950 2
3856256 7569022 2
3856256 7665032 2
3856256 8213431 2
3856256 8452457 2
3856256 8472989 2
3911206 4143660 2
3911206 4486913 1
3911206 7153174 4
3911206 8213431 3
4143660 4363034 2
4143660 4369549 2
4143660 4463669 2
4143660 4486381 1
4143660 4486913 1
4143660 4611397 1
4143660 5339878 2
4143660 5513003 2
4143660 5612015 2
4143660 5677084 2
4143660 5959088 1
4143660 6029222 2
4143660 6220603 1
4143660 6348970 1
4143660 6411645 1
4143660 6601989 2
4143660 6832794 1
4143660 6887968 2
4143660 6923039 1
4143660 7153174 2
4143660 7254972 2
4143660 7314776 2
4143660 7561950 2
4143660 7569022 2
4143660 7665032 2
4143660 7988670 2
4143660 8213431 2
4143660 8251988 2
4143660 8437073 1
4143660 8452457 2
4143660 8472989 2
4143660 8509533 1
4143660 8524054 2
4143660 8688606 2
4363034 4486913 1
4363034 5612015 5
4363034 6220603 2
4363034 6348970 2
4363034 6601989 3
4363034 6832794 3
4363034 7153174 4
4363034 7561950 5
4363034 7569022 4
4363034 7665032 5
4363034 8213431 3
4363034 8452457 3
4363034 8472989 4
4369549 4486913 1
4369549 5612015 7
4369549 6220603 2
4369549 6348970 2
4369549 6601989 3
4369549 6832794 3
4369549 7153174 4
4369549 7561950 6
4369549 7569022 5
4369549 7665032 7
4369549 8213431 4
4369549 8452457 3
4369549 8472989 5
4463669 4486913 1
4463669 6348970 1
4463669 6601989 2
4463669 6832794 1
4463669 7153174 2
4463669 8213431 2
4486381 4486913 1
4486381 5612015 2
4486381 6220603 1
4486381 6348970 2
4486381 6601989 1
4486381 6832794 2
4486381 7153174 2
4486381 7561950 2
4486381 7569022 1
4486381 7665032 2
4486381 8213431 1
4486381 8452457 1
4486381 8472989 1
4486913 4611397 1
4486913 5339878 1
4486913 5513003 1
4486913 5612015 1
4486913 5677084 1
4486913 5959088 1
4486913 6029222 1
4486913 6220603 1
4486913 6348970 1
4486913 6411645 1
4486913 6601989 1
4486913 6832794 1
4486913 6887968 1
4486913 6923039 1
4486913 7153174 1
4486913 7254972 1
4486913 7314776 1
4486913 7561950 1
4486913 7569022 1
4486913 7665032 1
4486913 7988670 1
4486913 8213431 1
4486913 8251988 1
4486913 8437073 1
4486913 8452457 1
4486913 8472989 1
4486913 8509533 1
4486913 8524054 1
4486913 8688606 1
4611397 7153174 2
4611397 8213431 2
5339878 6348970 2
5339878 6601989 3
5339878 6832794 3
5339878 7153174 4
5339878 8213431 4
5513003 6348970 2
5513003 6601989 3
5513003 6832794 3
5513003 7153174 4
5513003 8213431 3
5612015 6029222 3
5612015 6411645 1
5612015 7153174 4
5612015 8213431 4
5677084 6348970 2
5677084 6601989 3
5677084 6832794 3
5677084 7153174 4
5677084 8213431 4
5959088 7153174 3
5959088 7561950 4
5959088 8213431 2
5959088 8472989 3
6029222 6220603 1
6029222 6348970 2
6029222 6601989 2
6029222 6832794 2
6029222 7153174 3
6029222 7561950 3
6029222 7569022 2
6029222 7665032 3
6029222 8213431 2
6029222 8452457 2
6029222 8472989 2
6220603 6411645 1
6220603 7153174 2
6220603 8213431 2
6348970 6411645 1
6348970 7153174 2
6348970 7254972 2
6348970 7561950 2
6348970 8213431 1
6348970 8472989 1
6411645 6601989 1
6411645 6832794 1
6411645 7153174 1
6411645 7561950 1
6411645 7569022 1
6411645 7665032 1
6411645 8213431 1
6411645 8452457 1
6411645 8472989 1
6601989 7153174 2
6601989 7254972 3
6601989 7561950 3
6601989 8213431 2
6601989 8472989 3
6832794 7153174 3
6832794 7254972 3
6832794 7561950 3
6832794 8213431 2
6832794 8472989 2
6887968 7153174 4
6887968 8213431 4
6923039 7153174 3
6923039 8213431 3
7153174 7254972 4
7153174 7314776 4
7153174 7561950 4
7153174 7569022 3
7153174 7665032 4
7153174 7988670 4
7153174 8213431 3
7153174 8251988 4
7153174 8437073 3
7153174 8452457 3
7153174 8472989 3
7153174 8509533 1
7153174 8524054 4
7153174 8688606 3
7254972 8213431 4
7314776 7561950 5
7314776 8213431 3
7314776 8472989 5
7561950 8213431 4
7561950 8437073 4
7569022 8213431 3
7665032 8213431 4
7988670 8213431 3
8213431 8251988 4
8213431 8437073 2
8213431 8452457 3
8213431 8472989 3
8213431 8509533 1
8213431 8524054 4
8213431 8688606 4
8437073 8472989 3
2578305 2655130 1
2578305 2814764 1
2578305 2953507 1
2578305 4418189 1
2578305 4472386 1
2578305 4885240 1
2578305 5274089 1
2578305 5612015 1
2578305 5715852 1
2578305 6601989 1
2578305 7003260 1
2578305 7561950 1
2578305 7569022 1
2578305 7665032 1
2578305 8472989 1
2578305 8816016 1
2655130 4418189 1
2655130 4472386 1
2655130 4885240 1
2655130 4972317 3
2655130 5274089 2
2655130 5347023 1
2655130 5537523 3
2655130 5715852 1
2655130 6056835 2
2655130 6645271 1
2655130 6732957 1
2655130 7003260 1
2655130 8816016 3
2814764 4418189 1
2814764 4472386 1
2814764 4885240 2
2814764 4972317 3
2814764 5274089 2
2814764 5347023 1
2814764 5715852 1
2814764 6645271 1
2814764 7003260 1
2814764 8816016 4
2953507 4418189 1
2953507 4472386 1
2953507 4885240 2
2953507 4972317 2
2953507 5274089 1
2953507 5347023 1
2953507 5537523 1
2953507 5715852 1
2953507 6056835 2
2953507 6645271 1
2953507 7003260 1
2953507 8816016 2
3280819 4418189 1
3280819 4472386 1
3280819 4885240 1
3280819 5274089 1
3280819 5715852 1
3280819 7003260 1
3280819 8816016 1
3384106 4418189 1
3384106 4472386 1
3384106 4885240 1
3384106 5274089 2
3384106 5715852 1
3384106 7003260 1
3384106 8816016 3
3645934 4418189 1
3645934 4472386 1
3645934 4885240 1
3645934 5274089 2
3645934 5715852 1
3645934 7003260 1
3645934 8816016 3
3797780 4418189 1
3797780 4472386 1
3797780 4885240 2
3797780 5274089 2
3797780 5715852 1
3797780 7003260 1
3797780 8816016 4
3911206 4418189 1
3911206 4472386 1
3911206 4885240 1
3911206 5274089 2
3911206 5715852 1
3911206 7003260 1
3911206 8816016 3
4363034 4418189 1
4363034 4472386 1
4363034 4885240 1
4363034 5274089 2
4363034 5715852 1
4363034 7003260 1
4363034 8816016 3
4369549 4418189 1
4369549 4472386 1
4369549 4885240 2
4369549 5274089 2
4369549 5715852 1
4369549 7003260 1
4369549 8816016 4
4418189 4472386 1
4418189 4611397 1
4418189 4885240 1
4418189 4972317 1
4418189 5274089 1
4418189 5339878 1
4418189 5347023 1
4418189 5513003 1
4418189 5537523 1
4418189 5612015 1
4418189 5677084 1
4418189 5715852 1
4418189 5959088 1
4418189 6056835 1
4418189 6601989 1
4418189 6645271 1
4418189 6732957 1
4418189 6887968 1
4418189 6923039 1
4418189 7003260 1
4418189 7254972 1
4418189 7314776 1
4418189 7561950 1
4418189 7569022 1
4418189 7665032 1
4418189 7988670 1
4418189 8251988 1
4418189 8437073 1
4418189 8472989 1
4418189 8509533 1
4418189 8524054 1
4418189 8688606 1
4418189 8816016 1
4472386 4611397 1
4472386 4885240 1
4472386 4972317 1
4472386 5274089 1
4472386 5339878 1
4472386 5347023 1
4472386 5513003 1
4472386 5537523 1
4472386 5612015 1
4472386 5677084 1
4472386 5715852 1
4472386 5959088 1
4472386 6056835 1
4472386 6601989 1
4472386 6645271 1
4472386 6732957 1
4472386 6887968 1
4472386 6923039 1
4472386 7003260 1
4472386 7254972 1
4472386 7314776 1
4472386 7561950 1
4472386 7569022 1
4472386 7665032 1
4472386 7988670 1
4472386 8251988 1
4472386 8437073 1
4472386 8472989 1
4472386 8509533 1
4472386 8524054 1
4472386 8688606 1
4472386 8816016 1
4611397 4885240 2
4611397 5274089 2
4611397 5715852 1
4611397 7003260 1
4611397 8816016 3
4885240 4972317 1
4885240 5274089 1
4885240 5339878 2
4885240 5347023 1
4885240 5513003 1
4885240 5537523 1
4885240 5612015 2
4885240 5677084 2
4885240 5715852 1
4885240 5959088 1
4885240 6056835 1
4885240 6601989 1
4885240 6645271 1
4885240 6732957 1
4885240 6887968 2
4885240 6923039 1
4885240 7003260 1
4885240 7254972 2
4885240 7314776 2
4885240 7561950 1
4885240 7569022 2
4885240 7665032 2
4885240 7988670 1
4885240 8251988 2
4885240 8437073 1
4885240 8472989 2
4885240 8509533 1
4885240 8524054 2
4885240 8688606 1
4885240 8816016 2
4972317 5274089 2
4972317 5612015 4
4972317 5715852 1
4972317 6601989 2
4972317 7003260 1
4972317 7561950 4
4972317 7569022 3
4972317 7665032 4
4972317 8472989 3
4972317 8816016 3
5274089 5339878 2
5274089 5347023 1
5274089 5513003 2
5274089 5537523 2
5274089 5612015 2
5274089 5677084 2
5274089 5715852 1
5274089 5959088 2
5274089 6056835 2
5274089 6601989 1
5274089 6645271 1
5274089 6732957 1
5274089 6887968 2
5274089 6923039 2
5274089 7003260 1
5274089 7254972 2
5274089 7314776 2
5274089 7561950 2
5274089 7569022 1
5274089 7665032 2
5274089 7988670 2
5274089 8251988 2
5274089 8437073 2
5274089 8472989 1
5274089 8509533 1
5274089 8524054 2
5274089 8688606 1
5274089 8816016 2
5339878 5715852 1
5339878 7003260 1
5339878 8816016 4
5347023 5612015 1
5347023 5715852 1
5347023 6601989 1
5347023 7003260 1
5347023 7561950 1
5347023 7569022 1
5347023 7665032 1
5347023 8472989 1
5347023 8816016 1
5513003 5715852 1
5513003 7003260 1
5513003 8816016 3
5537523 5715852 1
5537523 6601989 1
5537523 7003260 1
5537523 8816016 3
5612015 5715852 1
5612015 6645271 1
5612015 7003260 1
5612015 8816016 4
5677084 5715852 1
5677084 7003260 1
5677084 8816016 4
5715852 5959088 1
5715852 6056835 1
5715852 6601989 1
5715852 6645271 1
5715852 6732957 1
5715852 6887968 1
5715852 6923039 1
5715852 7003260 1
5715852 7254972 1
5715852 7314776 1
5715852 7561950 1
5715852 7569022 1
5715852 7665032 1
5715852 7988670 1
5715852 8251988 1
5715852 8437073 1
5715852 8472989 1
5715852 8509533 1
5715852 8524054 1
5715852 8688606 1
5715852 8816016 1
5959088 7003260 1
5959088 8816016 3
6056835 6601989 2
6056835 7003260 1
6056835 8816016 2
6601989 6645271 1
6601989 7003260 1
6601989 8816016 1
6645271 7003260 1
6645271 7561950 1
6645271 7569022 1
6645271 7665032 1
6645271 8472989 1
6645271 8816016 1
6732957 7003260 1
6732957 7561950 1
6732957 8472989 1
6732957 8816016 1
6887968 7003260 1
6887968 8816016 4
6923039 7003260 1
6923039 8816016 3
7003260 7254972 1
7003260 7314776 1
7003260 7561950 1
7003260 7569022 1
7003260 7665032 1
7003260 7988670 1
7003260 8251988 1
7003260 8437073 1
7003260 8472989 1
7003260 8509533 1
7003260 8524054 1
7003260 8688606 1
7003260 8816016 1
7254972 8816016 4
7314776 8816016 4
7561950 8816016 3
7569022 8816016 3
7665032 8816016 4
7988670 8816016 3
8251988 8816016 4
8437073 8816016 3
8472989 8816016 3
8509533 8816016 1
8524054 8816016 4
8688606 8816016 2
2549020 2655130 1
2549020 2814764 1
2549020 3384106 1
2549020 3645934 1
2549020 3797780 1
2549020 3911206 1
2549020 3947683 1
2549020 4061507 1
2549020 4363034 1
2549020 4369549 1
2549020 4486381 1
2549020 4611397 1
2549020 4972317 1
2549020 5210786 1
2549020 5274089 1
2549020 5339878 1
2549020 5456720 1
2549020 5513003 1
2549020 5537523 1
2549020 5612015 1
2549020 5677084 1
2549020 5959088 1
2549020 6029222 1
2549020 6056835 1
2549020 6348970 1
2549020 6832794 1
2549020 6887968 1
2549020 6923039 1
2549020 7153174 1
2549020 7254972 1
2549020 7314776 1
2549020 7561950 1
2549020 7665032 1
2549020 7708116 1
2549020 7988670 1
2549020 8108278 1
2549020 8251988 1
2549020 8328548 1
2549020 8392738 1
2549020 8399416 1
2549020 8437073 1
2549020 8524054 1
2549020 8809086 1
2549020 8816016 1
2655130 3947683 1
2655130 4061507 2
2655130 5210786 1
2655130 5456720 2
2655130 7708116 2
2655130 8108278 2
2655130 8328548 1
2655130 8392738 1
2655130 8399416 1
2655130 8809086 2
2814764 3947683 1
2814764 4061507 2
2814764 5210786 1
2814764 8328548 1
2814764 8809086 3
3384106 3947683 1
3384106 4061507 3
3384106 5210786 1
3384106 8328548 2
3384106 8809086 2
3645934 3947683 1
3645934 4061507 4
3645934 5210786 1
3645934 8328548 3
3645934 8809086 2
3797780 3947683 1
3797780 4061507 4
3797780 5210786 1
3797780 8328548 3
3797780 8809086 3
3911206 3947683 1
3911206 4061507 3
3911206 5210786 1
3911206 8328548 2
3911206 8809086 2
3947683 4061507 1
3947683 4363034 1
3947683 4369549 1
3947683 4486381 1
3947683 4611397 1
3947683 4972317 1
3947683 5210786 1
3947683 5274089 1
3947683 5339878 1
3947683 5456720 1
3947683 5513003 1
3947683 5537523 1
3947683 5612015 1
3947683 5677084 1
3947683 5959088 1
3947683 6029222 1
3947683 6056835 1
3947683 6348970 1
3947683 6832794 1
3947683 6887968 1
3947683 6923039 1
3947683 7153174 1
3947683 7254972 1
3947683 7314776 1
3947683 7561950 1
3947683 7665032 1
3947683 7708116 1
3947683 7988670 1
3947683 8108278 1
3947683 8251988 1
3947683 8328548 1
3947683 8392738 1
3947683 8399416 1
3947683 8437073 1
3947683 8524054 1
3947683 8809086 1
3947683 8816016 1
4061507 4363034 3
4061507 4369549 4
4061507 4486381 1
4061507 4611397 2
4061507 4972317 3
4061507 5210786 1
4061507 5274089 1
4061507 5339878 4
4061507 5456720 2
4061507 5513003 3
4061507 5537523 3
4061507 5612015 4
4061507 5677084 4
4061507 5959088 2
4061507 6029222 2
4061507 6056835 2
4061507 6348970 1
4061507 6832794 2
4061507 6887968 4
4061507 6923039 3
4061507 7153174 3
4061507 7254972 4
4061507 7314776 3
4061507 7561950 4
4061507 7665032 4
4061507 7708116 4
4061507 7988670 3
4061507 8108278 2
4061507 8251988 4
4061507 8328548 3
4061507 8392738 1
4061507 8399416 1
4061507 8437073 2
4061507 8524054 4
4061507 8809086 2
4061507 8816016 2
4363034 5210786 1
4363034 5456720 2
4363034 7708116 3
4363034 8108278 2
4363034 8328548 2
4363034 8392738 1
4363034 8399416 1
4363034 8809086 2
4369549 5210786 1
4369549 5456720 3
4369549 7708116 4
4369549 8108278 2
4369549 8328548 3
4369549 8392738 1
4369549 8399416 1
4369549 8809086 3
4486381 5210786 1
4486381 5274089 1
4486381 5456720 1
4486381 7708116 1
4486381 8108278 1
4486381 8328548 1
4486381 8392738 1
4486381 8399416 1
4486381 8809086 1
4486381 8816016 1
4611397 5210786 1
4611397 8328548 2
4611397 8809086 2
4972317 5210786 1
4972317 5456720 2
4972317 6348970 1
4972317 6832794 2
4972317 7153174 3
4972317 7708116 3
4972317 8108278 2
4972317 8328548 2
4972317 8392738 1
4972317 8399416 1
4972317 8809086 2
5210786 5274089 1
5210786 5339878 1
5210786 5456720 1
5210786 5513003 1
5210786 5537523 1
5210786 5612015 1
5210786 5677084 1
5210786 5959088 1
5210786 6029222 1
5210786 6056835 1
5210786 6348970 1
5210786 6832794 1
5210786 6887968 1
5210786 6923039 1
5210786 7153174 1
5210786 7254972 1
5210786 7314776 1
5210786 7561950 1
5210786 7665032 1
5210786 7708116 1
5210786 7988670 1
5210786 8108278 1
5210786 8251988 1
5210786 8328548 1
5210786 8392738 1
5210786 8399416 1
5210786 8437073 1
5210786 8524054 1
5210786 8809086 1
5210786 8816016 1
5274089 5456720 1
5274089 6029222 1
5274089 6348970 1
5274089 6832794 1
5274089 7153174 1
5274089 7708116 1
5274089 8108278 1
5274089 8328548 1
5274089 8392738 1
5274089 8399416 1
5274089 8809086 1
5339878 5456720 3
5339878 7708116 4
5339878 8108278 2
5339878 8328548 3
5339878 8392738 1
5339878 8399416 1
5339878 8809086 3
5456720 5513003 2
5456720 5537523 2
5456720 5677084 3
5456720 6029222 1
5456720 6056835 1
5456720 7153174 2
5456720 7254972 3
5456720 7561950 2
5456720 8328548 1
5456720 8809086 3
5456720 8816016 3
5513003 7708116 3
5513003 8108278 2
5513003 8328548 2
5513003 8392738 1
5513003 8399416 1
5513003 8809086 2
5537523 6348970 1
5537523 6832794 2
5537523 7153174 2
5537523 7708116 3
5537523 8108278 2
5537523 8328548 2
5537523 8392738 1
5537523 8399416 1
5537523 8809086 2
5612015 8328548 3
5612015 8809086 3
5677084 7708116 4
5677084 8108278 2
5677084 8328548 3
5677084 8392738 1
5677084 8399416 1
5677084 8809086 3
5959088 8328548 1
5959088 8809086 2
6029222 7708116 2
6029222 8108278 1
6029222 8328548 2
6029222 8392738 1
6029222 8399416 1
6029222 8809086 1
6029222 8816016 1
6056835 6348970 1
6056835 6832794 1
6056835 7153174 2
6056835 7708116 2
6056835 8108278 1
6056835 8328548 2
6056835 8392738 1
6056835 8399416 1
6056835 8809086 1
6348970 8328548 1
6348970 8809086 1
6348970 8816016 1
6832794 8328548 1
6832794 8809086 2
6832794 8816016 2
6887968 8328548 3
6887968 8809086 3
6923039 8328548 2
6923039 8809086 2
7153174 7708116 3
7153174 8108278 2
7153174 8328548 2
7153174 8392738 1
7153174 8399416 1
7153174 8809086 2
7153174 8816016 2
7254972 7708116 4
7254972 8108278 2
7254972 8328548 3
7254972 8392738 1
7254972 8399416 1
7254972 8809086 3
7314776 8328548 2
7314776 8809086 3
7561950 7708116 4
7561950 8108278 2
7561950 8328548 3
7561950 8392738 1
7561950 8399416 1
7561950 8809086 2
7665032 8328548 3
7665032 8809086 3
7708116 8328548 3
7708116 8809086 2
7708116 8816016 2
7988670 8328548 2
7988670 8809086 2
8108278 8328548 1
8108278 8809086 2
8108278 8816016 2
8251988 8328548 3
8251988 8809086 3
8328548 8392738 1
8328548 8399416 1
8328548 8437073 1
8328548 8524054 3
8328548 8809086 1
8328548 8816016 1
8392738 8809086 1
8392738 8816016 1
8399416 8809086 1
8399416 8816016 1
8437073 8809086 2
8524054 8809086 3
8809086 8816016 3
2814764 5310163 1
2953507 5310163 1
2953507 8329062 2
2953507 8809086 1
3797780 5310163 1
4369549 5310163 1
4369549 8329062 3
4611397 5310163 1
4885240 5310163 1
4885240 5456720 1
4885240 8329062 1
4885240 8809086 1
5310163 5339878 1
5310163 5456720 1
5310163 5612015 1
5310163 5677084 1
5310163 6887968 1
5310163 7254972 1
5310163 7314776 1
5310163 7569022 1
5310163 7665032 1
5310163 8251988 1
5310163 8329062 1
5310163 8472989 1
5310163 8524054 1
5310163 8809086 1
5310163 8816016 1
5456720 8329062 2
5456720 8472989 2
7314776 8329062 3
7569022 8809086 2
8329062 8809086 2
8329062 8816016 2
8472989 8809086 2
2655130 4445982 1
2655130 5340218 1
2655130 5998716 1
2655130 6914968 1
2655130 7028648 1
2655130 7603392 1
2655130 8055507 1
2655130 8329062 1
2655130 8876759 1
2655130 8878643 1
2814764 4445982 1
2814764 5998716 1
2814764 6914968 1
2814764 7028648 1
2814764 7603392 1
2814764 8876759 1
2814764 8878643 1
3217611 4061507 3
3217611 4445982 1
3217611 5340218 1
3217611 5456720 1
3217611 6914968 1
3217611 7028648 1
3217611 7603392 1
3217611 7708116 3
3217611 8108278 1
3217611 8809086 1
3217611 8816016 1
3217611 8876759 1
3217611 8878643 1
3384106 4445982 1
3384106 6914968 1
3384106 7028648 1
3384106 7603392 1
3384106 8876759 1
3384106 8878643 1
3645934 4445982 1
3645934 6914968 1
3645934 7028648 1
3645934 7603392 1
3645934 8876759 1
3645934 8878643 1
3797780 4445982 1
3797780 6914968 1
3797780 7028648 1
3797780 7603392 1
3797780 8876759 1
3797780 8878643 1
3911206 4445982 1
3911206 6914968 1
3911206 7028648 1
3911206 7603392 1
3911206 8876759 1
3911206 8878643 1
4061507 4445982 1
4061507 5340218 1
4061507 5998716 1
4061507 6220603 1
4061507 6914968 1
4061507 7028648 1
4061507 7569022 2
4061507 7603392 1
4061507 8055507 2
4061507 8213431 3
4061507 8329062 2
4061507 8452457 2
4061507 8472989 2
4061507 8688606 3
4061507 8876759 1
4061507 8878643 1
4363034 4445982 1
4363034 5340218 1
4363034 6914968 1
4363034 7028648 1
4363034 7603392 1
4363034 8329062 2
4363034 8876759 1
4363034 8878643 1
4369549 4445982 1
4369549 5340218 1
4369549 6914968 1
4369549 7028648 1
4369549 7603392 1
4369549 8876759 1
4369549 8878643 1
4445982 4972317 1
4445982 5339878 1
4445982 5340218 1
4445982 5456720 1
4445982 5513003 1
4445982 5537523 1
4445982 5612015 1
4445982 5677084 1
4445982 5959088 1
4445982 5998716 1
4445982 6220603 1
4445982 6832794 1
4445982 6887968 1
4445982 6914968 1
4445982 6923039 1
4445982 7028648 1
4445982 7153174 1
4445982 7254972 1
4445982 7314776 1
4445982 7561950 1
4445982 7569022 1
4445982 7603392 1
4445982 7665032 1
4445982 7708116 1
4445982 7988670 1
4445982 8055507 1
4445982 8108278 1
4445982 8213431 1
4445982 8251988 1
4445982 8329062 1
4445982 8437073 1
4445982 8452457 1
4445982 8472989 1
4445982 8524054 1
4445982 8688606 1
4445982 8809086 1
4445982 8816016 1
4445982 8876759 1
4445982 8878643 1
4972317 5340218 1
4972317 6220603 1
4972317 6914968 1
4972317 7028648 1
4972317 7603392 1
4972317 8213431 2
4972317 8329062 2
4972317 8452457 2
4972317 8876759 1
4972317 8878643 1
5339878 5340218 1
5339878 6914968 1
5339878 7028648 1
5339878 7603392 1
5339878 8876759 1
5339878 8878643 1
5340218 5513003 1
5340218 5537523 1
5340218 5677084 1
5340218 5998716 1
5340218 6914968 1
5340218 7028648 1
5340218 7153174 1
5340218 7254972 1
5340218 7561950 1
5340218 7603392 1
5340218 8213431 1
5340218 8329062 1
5340218 8472989 1
5340218 8809086 1
5340218 8816016 1
5340218 8876759 1
5340218 8878643 1
5456720 5998716 1
5456720 6914968 1
5456720 7028648 1
5456720 7603392 1
5456720 8213431 1
5456720 8876759 1
5456720 8878643 1
5513003 6914968 1
5513003 7028648 1
5513003 7603392 1
5513003 8876759 1
5513003 8878643 1
5537523 6914968 1
5537523 7028648 1
5537523 7603392 1
5537523 8213431 2
5537523 8876759 1
5537523 8878643 1
5612015 5998716 1
5612015 6914968 1
5612015 7028648 1
5612015 7603392 1
5612015 8876759 1
5612015 8878643 1
5677084 6914968 1
5677084 7028648 1
5677084 7603392 1
5677084 8876759 1
5677084 8878643 1
5959088 6914968 1
5959088 7028648 1
5959088 7603392 1
5959088 8329062 1
5959088 8876759 1
5959088 8878643 1
5998716 6220603 1
5998716 6832794 1
5998716 6914968 1
5998716 7028648 1
5998716 7153174 1
5998716 7561950 1
5998716 7569022 1
5998716 7603392 1
5998716 7665032 1
5998716 7708116 1
5998716 8108278 1
5998716 8213431 1
5998716 8329062 1
5998716 8452457 1
5998716 8472989 1
5998716 8809086 1
5998716 8816016 1
5998716 8876759 1
5998716 8878643 1
6220603 6914968 1
6220603 7028648 1
6220603 7603392 1
6220603 8809086 1
6220603 8816016 1
6220603 8876759 1
6220603 8878643 1
6832794 6914968 1
6832794 7028648 1
6832794 7603392 1
6832794 8329062 1
6832794 8876759 1
6832794 8878643 1
6887968 6914968 1
6887968 7028648 1
6887968 7603392 1
6887968 8876759 1
6887968 8878643 1
6914968 6923039 1
6914968 7028648 1
6914968 7153174 1
6914968 7254972 1
6914968 7314776 1
6914968 7561950 1
6914968 7569022 1
6914968 7603392 1
6914968 7665032 1
6914968 7708116 1
6914968 7988670 1
6914968 8055507 1
6914968 8108278 1
6914968 8213431 1
6914968 8251988 1
6914968 8329062 1
6914968 8437073 1
6914968 8452457 1
6914968 8472989 1
6914968 8524054 1
6914968 8688606 1
6914968 8809086 1
6914968 8816016 1
6914968 8876759 1
6914968 8878643 1
6923039 7028648 1
6923039 7603392 1
6923039 8876759 1
6923039 8878643 1
7028648 7153174 1
7028648 7254972 1
7028648 7314776 1
7028648 7561950 1
7028648 7569022 1
7028648 7603392 1
7028648 7665032 1
7028648 7708116 1
7028648 7988670 1
7028648 8055507 1
7028648 8108278 1
7028648 8213431 1
7028648 8251988 1
7028648 8329062 1
7028648 8437073 1
7028648 8452457 1
7028648 8472989 1
7028648 8524054 1
7028648 8688606 1
7028648 8809086 1
7028648 8816016 1
7028648 8876759 1
7028648 8878643 1
7153174 7603392 1
7153174 8055507 2
7153174 8329062 2
7153174 8876759 1
7153174 8878643 1
7254972 7603392 1
7254972 8876759 1
7254972 8878643 1
7314776 7603392 1
7314776 8876759 1
7314776 8878643 1
7561950 7603392 1
7561950 8876759 1
7561950 8878643 1
7569022 7603392 1
7569022 8876759 1
7569022 8878643 1
7603392 7665032 1
7603392 7708116 1
7603392 7988670 1
7603392 8055507 1
7603392 8108278 1
7603392 8213431 1
7603392 8251988 1
7603392 8329062 1
7603392 8437073 1
7603392 8452457 1
7603392 8472989 1
7603392 8524054 1
7603392 8688606 1
7603392 8809086 1
7603392 8816016 1
7603392 8876759 1
7603392 8878643 1
7665032 8876759 1
7665032 8878643 1
7708116 8213431 3
7708116 8329062 2
7708116 8472989 2
7708116 8876759 1
7708116 8878643 1
7988670 8876759 1
7988670 8878643 1
8055507 8213431 2
8055507 8809086 1
8055507 8816016 1
8055507 8876759 1
8055507 8878643 1
8108278 8213431 1
8108278 8329062 1
8108278 8472989 1
8108278 8876759 1
8108278 8878643 1
8213431 8329062 2
8213431 8809086 1
8213431 8816016 1
8213431 8876759 1
8213431 8878643 1
8251988 8876759 1
8251988 8878643 1
8329062 8437073 1
8329062 8876759 1
8329062 8878643 1
8437073 8876759 1
8437073 8878643 1
8452457 8809086 1
8452457 8816016 1
8452457 8876759 1
8452457 8878643 1
8472989 8876759 1
8472989 8878643 1
8524054 8876759 1
8524054 8878643 1
8688606 8809086 1
8688606 8876759 1
8688606 8878643 1
8809086 8876759 1
8809086 8878643 1
8816016 8876759 1
8816016 8878643 1
8876759 8878643 1
3217611 3546025 1
3217611 4395660 1
3217611 7490055 2
3217611 8328548 2
3546025 3645934 1
3546025 3797780 1
3546025 4061507 1
3546025 4369549 1
3546025 4395660 1
3546025 4611397 1
3546025 5339878 1
3546025 5537523 1
3546025 5612015 1
3546025 5677084 1
3546025 6887968 1
3546025 6923039 1
3546025 7254972 1
3546025 7490055 1
3546025 7561950 1
3546025 7665032 1
3546025 7708116 1
3546025 8213431 1
3546025 8251988 1
3546025 8328548 1
3546025 8524054 1
3546025 8688606 1
3645934 4395660 1
3645934 7490055 2
3797780 4395660 1
3797780 7490055 2
4061507 4395660 1
4061507 7490055 2
4369549 4395660 1
4369549 7490055 2
4395660 4611397 1
4395660 5339878 1
4395660 5537523 1
4395660 5612015 1
4395660 5677084 1
4395660 6887968 1
4395660 6923039 1
4395660 7254972 1
4395660 7490055 1
4395660 7561950 1
4395660 7665032 1
4395660 7708116 1
4395660 8213431 1
4395660 8251988 1
4395660 8328548 1
4395660 8524054 1
4395660 8688606 1
4611397 7490055 1
5339878 7490055 2
5537523 7490055 1
5612015 7490055 2
5677084 7490055 2
6887968 7490055 2
6923039 7490055 1
7254972 7490055 2
7490055 7561950 2
7490055 7665032 2
7490055 7708116 2
7490055 8213431 2
7490055 8251988 2
7490055 8328548 2
7490055 8524054 2
7490055 8688606 2
8213431 8328548 2
8328548 8688606 2
1302957 2953507 1
1302957 3217611 1
1302957 3384106 1
1302957 3645934 1
1302957 3797780 1
1302957 3856256 1
1302957 3911206 1
1302957 4061507 1
1302957 4143660 1
1302957 4151121 1
1302957 4363034 1
1302957 4369549 1
1302957 4461520 1
1302957 4463669 1
1302957 4500991 1
1302957 4972317 1
1302957 5052615 1
1302957 5312972 1
1302957 5339878 1
1302957 5345833 1
1302957 5513003 1
1302957 5612015 1
1302957 5677084 1
1302957 6029222 1
1302957 6056835 1
1302957 6253909 1
1302957 6601989 1
1302957 6887968 1
1302957 7153174 1
1302957 7254972 1
1302957 7314776 1
1302957 7446617 1
1302957 7490055 1
1302957 7561950 1
1302957 7569022 1
1302957 7665032 1
1302957 7708116 1
1302957 7988670 1
1302957 8055507 1
1302957 8213431 1
1302957 8251988 1
1302957 8328548 1
1302957 8329062 1
1302957 8452457 1
1302957 8472989 1
1302957 8524054 1
1302957 8616366 1
1302957 8688606 1
2953507 4061507 1
2953507 4151121 1
2953507 4461520 1
2953507 5052615 1
2953507 5312972 1
2953507 5345833 1
2953507 6253909 1
2953507 7446617 1
2953507 7490055 1
2953507 8328548 1
3217611 4500991 1
3217611 5052615 1
3217611 5312972 1
3217611 6253909 1
3217611 7446617 1
3384106 5052615 1
3384106 5312972 1
3384106 6253909 1
3384106 7446617 1
3384106 7490055 1
3645934 5052615 1
3645934 5312972 1
3645934 6253909 1
3645934 7446617 1
3797780 5052615 1
3797780 5312972 1
3797780 6253909 1
3797780 7446617 1
3856256 4061507 1
3856256 4500991 1
3856256 5052615 1
3856256 5312972 1
3856256 5345833 1
3856256 6253909 1
3856256 7446617 1
3856256 7490055 1
3856256 7708116 1
3856256 8328548 1
3856256 8329062 1
3911206 5052615 1
3911206 5312972 1
3911206 6253909 1
3911206 7446617 1
3911206 7490055 1
4061507 4143660 1
4061507 4151121 1
4061507 4461520 1
4061507 4463669 1
4061507 4500991 1
4061507 5052615 1
4061507 5312972 1
4061507 5345833 1
4061507 6253909 1
4061507 6601989 1
4061507 7446617 1
4061507 8616366 1
4143660 4151121 1
4143660 4461520 1
4143660 4500991 1
4143660 4972317 1
4143660 5052615 1
4143660 5312972 1
4143660 5345833 1
4143660 6056835 1
4143660 6253909 1
4143660 7446617 1
4143660 7490055 1
4143660 7708116 1
4143660 8055507 1
4143660 8328548 1
4143660 8329062 1
4143660 8616366 1
4151121 4500991 1
4151121 5052615 1
4151121 5312972 1
4151121 6253909 1
4151121 6601989 1
4151121 7153174 1
4151121 7446617 1
4151121 7490055 1
4151121 7708116 1
4151121 8213431 1
4151121 8328548 1
4363034 4500991 1
4363034 5052615 1
4363034 5312972 1
4363034 5345833 1
4363034 6253909 1
4363034 7446617 1
4363034 7490055 1
4369549 4500991 1
4369549 5052615 1
4369549 5312972 1
4369549 5345833 1
4369549 6253909 1
4369549 7446617 1
4461520 4500991 1
4461520 5052615 1
4461520 5312972 1
4461520 5345833 1
4461520 5612015 1
4461520 6253909 1
4461520 6601989 1
4461520 7153174 1
4461520 7446617 1
4461520 7490055 1
4461520 7561950 1
4461520 7569022 1
4461520 7665032 1
4461520 7708116 1
4461520 8213431 1
4461520 8328548 1
4461520 8329062 1
4461520 8452457 1
4461520 8472989 1
4463669 4500991 1
4463669 5052615 1
4463669 5312972 1
4463669 6253909 1
4463669 7446617 1
4463669 7490055 1
4463669 7708116 1
4463669 8328548 1
4500991 4972317 1
4500991 5052615 1
4500991 5312972 1
4500991 5339878 1
4500991 5345833 1
4500991 5513003 1
4500991 5677084 1
4500991 6029222 1
4500991 6056835 1
4500991 6253909 1
4500991 7153174 1
4500991 7254972 1
4500991 7446617 1
4500991 7490055 1
4500991 7561950 1
4500991 8213431 1
4500991 8328548 1
4500991 8329062 1
4500991 8472989 1
4972317 5052615 1
4972317 5312972 1
4972317 5345833 1
4972317 6253909 1
4972317 7446617 1
4972317 7490055 1
5052615 5312972 1
5052615 5339878 1
5052615 5345833 1
5052615 5513003 1
5052615 5612015 1
5052615 5677084 1
5052615 6029222 1
5052615 6056835 1
5052615 6253909 1
5052615 6601989 1
5052615 6887968 1
5052615 7153174 1
5052615 7254972 1
5052615 7314776 1
5052615 7446617 1
5052615 7490055 1
5052615 7561950 1
5052615 7569022 1
5052615 7665032 1
5052615 7708116 1
5052615 7988670 1
5052615 8055507 1
5052615 8213431 1
5052615 8251988 1
5052615 8328548 1
5052615 8329062 1
5052615 8452457 1
5052615 8472989 1
5052615 8524054 1
5052615 8616366 1
5052615 8688606 1
5312972 5339878 1
5312972 5345833 1
5312972 5513003 1
5312972 5612015 1
5312972 5677084 1
5312972 6029222 1
5312972 6056835 1
5312972 6253909 1
5312972 6601989 1
5312972 6887968 1
5312972 7153174 1
5312972 7254972 1
5312972 7314776 1
5312972 7446617 1
5312972 7490055 1
5312972 7561950 1
5312972 7569022 1
5312972 7665032 1
5312972 7708116 1
5312972 7988670 1
5312972 8055507 1
5312972 8213431 1
5312972 8251988 1
5312972 8328548 1
5312972 8329062 1
5312972 8452457 1
5312972 8472989 1
5312972 8524054 1
5312972 8616366 1
5312972 8688606 1
5339878 6253909 1
5339878 7446617 1
5345833 6029222 1
5345833 6253909 1
5345833 6601989 1
5345833 7153174 1
5345833 7314776 1
5345833 7446617 1
5345833 7490055 1
5345833 7708116 1
5345833 8213431 1
5345833 8328548 1
5345833 8616366 1
5513003 6253909 1
5513003 7446617 1
5513003 7490055 1
5612015 6253909 1
5612015 7446617 1
5677084 6253909 1
5677084 7446617 1
6029222 6253909 1
6029222 7446617 1
6029222 7490055 1
6029222 8329062 1
6056835 6253909 1
6056835 7446617 1
6056835 7490055 1
6056835 8213431 1
6253909 6601989 1
6253909 6887968 1
6253909 7153174 1
6253909 7254972 1
6253909 7314776 1
6253909 7446617 1
6253909 7490055 1
6253909 7561950 1
6253909 7569022 1
6253909 7665032 1
6253909 7708116 1
6253909 7988670 1
6253909 8055507 1
6253909 8213431 1
6253909 8251988 1
6253909 8328548 1
6253909 8329062 1
6253909 8452457 1
6253909 8472989 1
6253909 8524054 1
6253909 8616366 1
6253909 8688606 1
6601989 7446617 1
6601989 7490055 1
6601989 8328548 1
6601989 8329062 1
6887968 7446617 1
7153174 7446617 1
7153174 7490055 1
7153174 8616366 1
7254972 7446617 1
7314776 7446617 1
7314776 7490055 1
7446617 7490055 1
7446617 7561950 1
7446617 7569022 1
7446617 7665032 1
7446617 7708116 1
7446617 7988670 1
7446617 8055507 1
7446617 8213431 1
7446617 8251988 1
7446617 8328548 1
7446617 8329062 1
7446617 8452457 1
7446617 8472989 1
7446617 8524054 1
7446617 8616366 1
7446617 8688606 1
7490055 7569022 1
7490055 7988670 1
7490055 8055507 1
7490055 8329062 1
7490055 8452457 1
7490055 8472989 1
7490055 8616366 1
7561950 8616366 1
7569022 8328548 1
8055507 8328548 1
8213431 8616366 1
8328548 8329062 1
8328548 8452457 1
8328548 8472989 1
8328548 8616366 1
8329062 8616366 1
8472989 8616366 1
