5015841 3890552 4140359 8999688 12609706 10211148 6516090 480527 11660017 10510866 4232726 5333176 12242778 12250877 13302558
4232726 10211148 3
4232726 11660017 3
4232726 12242778 6
10211148 11660017 1
10211148 12242778 2
11660017 12242778 2
480527 4232726 2
480527 5333176 1
480527 8999688 1
480527 11660017 1
480527 12242778 1
4232726 5333176 3
4232726 8999688 7
5333176 8999688 3
5333176 11660017 2
5333176 12242778 1
8999688 11660017 2
8999688 12242778 4
480527 10211148 1
4232726 6516090 1
6516090 8999688 1
6516090 10211148 1
6516090 12242778 1
8999688 10211148 1
3890552 4140359 1
3890552 4232726 1
3890552 5015841 1
3890552 5333176 1
3890552 8999688 1
4140359 4232726 1
4140359 5015841 1
4140359 5333176 1
4140359 8999688 1
4232726 5015841 1
5015841 5333176 1
5015841 8999688 1
4232726 10510866 1
4232726 12609706 1
8999688 10510866 1
8999688 12609706 1
10510866 12242778 1
10510866 12609706 1
12242778 12609706 1
4232726 12250877 1
4232726 13302558 1
5333176 12250877 1
5333176 13302558 1
8999688 12250877 1
8999688 13302558 1
11660017 12250877 1
11660017 13302558 1
12250877 13302558 1
