44815012 4350348 21736751 2872635 4666072 34857402 13986299 19768541 39110942
4350348 13986299 3
4350348 19768541 8
4350348 39110942 7
19768541 39110942 6
13986299 19768541 2
13986299 39110942 2
4350348 44815012 2
13986299 44815012 1
19768541 44815012 2
39110942 44815012 2
4350348 4666072 1
4350348 21736751 1
4350348 34857402 1
4666072 19768541 1
4666072 21736751 1
4666072 34857402 1
4666072 39110942 1
4666072 44815012 1
19768541 21736751 1
19768541 34857402 1
21736751 34857402 1
21736751 39110942 1
21736751 44815012 1
34857402 39110942 1
34857402 44815012 1
2872635 4350348 1
2872635 19768541 1
2872635 39110942 1
