6371808 14079041 7876226 10934082 12172258 13348777 8311402 12607786 3482573 8230446 21980721 12461201 2677084 5871354 12045019 7471356 2150972
7471356 8230446 10
7471356 8311402 10
7471356 21980721 3
8230446 8311402 10
8230446 21980721 3
8311402 21980721 3
2677084 6371808 1
2677084 7471356 1
2677084 7876226 1
2677084 8230446 1
2677084 8311402 1
6371808 7471356 1
6371808 7876226 1
6371808 8230446 1
6371808 8311402 1
7471356 7876226 1
7876226 8230446 1
7876226 8311402 1
7471356 13348777 2
8230446 13348777 2
8311402 13348777 2
13348777 21980721 1
7471356 12461201 2
7471356 14079041 2
8230446 12461201 2
8230446 14079041 2
8311402 12461201 2
8311402 14079041 2
12461201 14079041 2
3482573 7471356 1
3482573 8230446 1
3482573 8311402 1
3482573 12045019 1
3482573 12461201 1
3482573 14079041 1
3482573 21980721 1
7471356 12045019 1
8230446 12045019 1
8311402 12045019 1
12045019 12461201 1
12045019 14079041 1
12045019 21980721 1
12461201 21980721 1
14079041 21980721 1
5871354 7471356 2
5871354 8230446 2
5871354 8311402 2
5871354 10934082 1
5871354 12172258 2
7471356 10934082 1
7471356 12172258 2
8230446 10934082 1
8230446 12172258 2
8311402 10934082 1
8311402 12172258 2
10934082 12172258 1
2150972 5871354 1
2150972 7471356 1
2150972 8230446 1
2150972 8311402 1
2150972 12172258 1
2150972 12607786 1
5871354 12607786 1
7471356 12607786 1
8230446 12607786 1
8311402 12607786 1
12172258 12607786 1
