12706913 47430692 11108517 7597350 3535813 47432392 5871354 8311402 12607786 47433132 45230572 8230446 21980721 11750930 5476115 49827962 7471356
8311402 12706913 2
8311402 21980721 4
12706913 21980721 2
8311402 47430692 8
8311402 47432392 4
8311402 47433132 3
47430692 47432392 4
47430692 47433132 3
47432392 47433132 1
7471356 8311402 7
7471356 12607786 3
7471356 21980721 3
7471356 45230572 4
7471356 47430692 7
7471356 47432392 3
7471356 49827962 1
8311402 12607786 3
8311402 45230572 4
8311402 49827962 1
12607786 21980721 3
12607786 45230572 3
12607786 47430692 3
12607786 47432392 2
12607786 49827962 1
21980721 45230572 3
21980721 47430692 3
21980721 47432392 2
21980721 49827962 1
45230572 47430692 4
45230572 47432392 2
45230572 49827962 1
47430692 49827962 1
47432392 49827962 1
7471356 8230446 3
7471356 47433132 2
8230446 8311402 3
8230446 47430692 3
8230446 47433132 2
5476115 7471356 1
5476115 8311402 1
5476115 11750930 1
5476115 12607786 1
5476115 12706913 1
5476115 21980721 1
5476115 45230572 1
5476115 47430692 1
7471356 11750930 1
7471356 12706913 1
8311402 11750930 1
11750930 12607786 1
11750930 12706913 1
11750930 21980721 1
11750930 45230572 1
11750930 47430692 1
12607786 12706913 1
12706913 45230572 1
12706913 47430692 1
5871354 7471356 1
5871354 7597350 1
5871354 8230446 1
5871354 8311402 1
5871354 11108517 1
5871354 45230572 1
5871354 47430692 1
7471356 7597350 1
7471356 11108517 1
7597350 8230446 1
7597350 8311402 1
7597350 11108517 1
7597350 45230572 1
7597350 47430692 1
8230446 11108517 1
8230446 45230572 1
8311402 11108517 1
11108517 45230572 1
11108517 47430692 1
3535813 7471356 1
3535813 8311402 1
3535813 47430692 1
3535813 47432392 1
