103909632 184052227 167706382 72097422 7845008 183987217 13566612 184168724 191236629 93094682 183555234 47430692 12607786 183379503 21980721 7337658 124339012 74573252 85892682 185582417 7658204 8311402 7471356
8311402 12607786 2
8311402 21980721 2
8311402 185582417 1
12607786 21980721 5
12607786 185582417 5
21980721 185582417 3
7471356 12607786 5
7471356 47430692 6
7471356 167706382 2
7471356 183987217 3
7471356 185582417 4
12607786 47430692 3
12607786 167706382 2
12607786 183987217 3
47430692 167706382 1
47430692 183987217 2
47430692 185582417 2
167706382 183987217 1
167706382 185582417 2
183987217 185582417 3
7845008 8311402 1
7845008 12607786 2
7845008 21980721 2
7471356 7658204 1
7471356 7845008 1
7471356 21980721 3
7471356 85892682 1
7471356 93094682 1
7471356 103909632 1
7471356 184052227 1
7658204 7845008 1
7658204 12607786 1
7658204 21980721 1
7658204 85892682 1
7658204 93094682 1
7658204 103909632 1
7658204 183987217 1
7658204 184052227 1
7658204 185582417 1
7845008 85892682 1
7845008 93094682 1
7845008 103909632 1
7845008 183987217 1
7845008 184052227 1
7845008 185582417 1
12607786 85892682 1
12607786 93094682 1
12607786 103909632 1
12607786 184052227 1
21980721 85892682 1
21980721 93094682 1
21980721 103909632 1
21980721 183987217 2
21980721 184052227 1
85892682 93094682 1
85892682 103909632 1
85892682 183987217 1
85892682 184052227 1
85892682 185582417 1
93094682 103909632 1
93094682 183987217 1
93094682 184052227 1
93094682 185582417 1
103909632 183987217 1
103909632 184052227 1
103909632 185582417 1
183987217 184052227 1
184052227 185582417 1
7471356 183379503 6
47430692 183379503 5
12607786 183379503 3
21980721 47430692 2
21980721 183379503 2
7471356 72097422 1
7471356 124339012 1
47430692 72097422 1
47430692 124339012 1
72097422 124339012 1
72097422 183379503 1
124339012 183379503 1
7337658 7471356 1
7337658 12607786 1
7337658 13566612 1
7337658 21980721 1
7337658 47430692 1
7337658 183379503 1
7337658 183555234 1
7337658 183987217 1
7337658 185582417 1
7471356 13566612 1
7471356 183555234 1
12607786 13566612 1
12607786 183555234 1
13566612 21980721 1
13566612 47430692 1
13566612 183379503 1
13566612 183555234 1
13566612 183987217 1
13566612 185582417 1
21980721 183555234 1
47430692 183555234 1
183379503 183555234 1
183379503 183987217 1
183379503 185582417 2
183555234 183987217 1
183555234 185582417 1
7471356 74573252 1
7471356 184168724 1
7471356 191236629 1
12607786 74573252 1
12607786 184168724 1
12607786 191236629 1
74573252 167706382 1
74573252 183379503 1
74573252 184168724 1
74573252 185582417 1
74573252 191236629 1
167706382 183379503 1
167706382 184168724 1
167706382 191236629 1
183379503 184168724 1
183379503 191236629 1
184168724 185582417 1
184168724 191236629 1
185582417 191236629 1
