71865602 60315522 99569542 141461512 10884105 121232652 33002252 147229452 78718742 2507671 77374232 44304412 169215772 70750622 84270112 87423392 51575712 130000932 11187109 53860902 118516772 11283119 4836786 123126452 73066932 130347062 51515062 50388792 7626808 9323962 13521723 145365562 22772541 176763962 91472192 157167302 146528202 60971722 9797454 64955342 72473042 143205972 49866712 107022812 171182942 26091132 11367904 149220322 11073763 104792932 12297320 50701932 76372722 119460722 24997492 28020982 3940348
71865602 77374232 2
71865602 99569542 5
71865602 130347062 5
77374232 99569542 2
77374232 130347062 2
99569542 130347062 4
3940348 9323962 1
3940348 9797454 1
3940348 11283119 1
3940348 13521723 1
3940348 49866712 1
3940348 53860902 1
3940348 64955342 1
3940348 71865602 1
3940348 78718742 1
3940348 84270112 1
3940348 87423392 1
3940348 99569542 1
3940348 121232652 1
3940348 143205972 1
3940348 146528202 1
9323962 9797454 2
9323962 11283119 1
9323962 13521723 2
9323962 49866712 1
9323962 53860902 1
9323962 64955342 1
9323962 71865602 2
9323962 78718742 1
9323962 84270112 1
9323962 87423392 1
9323962 99569542 1
9323962 121232652 1
9323962 143205972 1
9323962 146528202 1
9797454 11283119 1
9797454 13521723 2
9797454 49866712 1
9797454 53860902 1
9797454 64955342 2
9797454 71865602 3
9797454 78718742 1
9797454 84270112 1
9797454 87423392 1
9797454 99569542 1
9797454 121232652 1
9797454 143205972 1
9797454 146528202 1
11283119 13521723 1
11283119 49866712 1
11283119 53860902 1
11283119 64955342 1
11283119 71865602 1
11283119 78718742 1
11283119 84270112 1
11283119 87423392 1
11283119 99569542 1
11283119 121232652 1
11283119 143205972 1
11283119 146528202 1
13521723 49866712 1
13521723 53860902 4
13521723 64955342 4
13521723 71865602 5
13521723 78718742 1
13521723 84270112 1
13521723 87423392 2
13521723 99569542 4
13521723 121232652 3
13521723 143205972 1
13521723 146528202 1
49866712 53860902 1
49866712 64955342 1
49866712 71865602 1
49866712 78718742 1
49866712 84270112 1
49866712 87423392 1
49866712 99569542 1
49866712 121232652 1
49866712 143205972 1
49866712 146528202 1
53860902 64955342 4
53860902 71865602 4
53860902 78718742 1
53860902 84270112 1
53860902 87423392 2
53860902 99569542 4
53860902 121232652 2
53860902 143205972 1
53860902 146528202 1
64955342 71865602 5
64955342 78718742 1
64955342 84270112 1
64955342 87423392 2
64955342 99569542 4
64955342 121232652 2
64955342 143205972 1
64955342 146528202 1
71865602 78718742 1
71865602 84270112 1
71865602 87423392 2
71865602 121232652 2
71865602 143205972 1
71865602 146528202 1
78718742 84270112 1
78718742 87423392 1
78718742 99569542 1
78718742 121232652 1
78718742 143205972 1
78718742 146528202 1
84270112 87423392 1
84270112 99569542 1
84270112 121232652 1
84270112 143205972 1
84270112 146528202 1
87423392 99569542 2
87423392 121232652 1
87423392 143205972 1
87423392 146528202 1
99569542 121232652 2
99569542 143205972 1
99569542 146528202 1
121232652 143205972 1
121232652 146528202 1
143205972 146528202 1
9797454 44304412 1
9797454 50388792 1
9797454 72473042 1
9797454 76372722 1
9797454 130347062 1
44304412 50388792 1
44304412 64955342 2
44304412 71865602 2
44304412 72473042 2
44304412 76372722 1
44304412 130347062 2
50388792 64955342 1
50388792 71865602 1
50388792 72473042 1
50388792 76372722 1
50388792 130347062 2
64955342 72473042 2
64955342 76372722 1
64955342 130347062 4
71865602 72473042 2
71865602 76372722 1
72473042 76372722 1
72473042 130347062 2
76372722 130347062 1
51575712 107022812 1
51575712 121232652 1
51575712 123126452 1
51575712 130347062 1
107022812 121232652 1
107022812 123126452 3
107022812 130347062 3
121232652 123126452 1
121232652 130347062 3
123126452 130347062 3
9323962 26091132 1
9323962 123126452 1
9323962 141461512 1
9797454 26091132 1
9797454 123126452 1
9797454 141461512 1
13521723 26091132 1
13521723 123126452 3
13521723 141461512 1
26091132 71865602 1
26091132 123126452 1
26091132 141461512 1
71865602 123126452 3
71865602 141461512 1
123126452 141461512 1
11073763 130347062 1
11073763 169215772 1
130347062 169215772 1
2507671 7626808 1
2507671 11187109 1
2507671 11367904 1
2507671 12297320 2
2507671 13521723 2
2507671 22772541 2
2507671 33002252 1
2507671 50701932 2
2507671 51515062 1
2507671 53860902 2
2507671 64955342 2
2507671 70750622 1
2507671 71865602 2
2507671 73066932 2
2507671 77374232 1
2507671 87423392 1
2507671 91472192 1
2507671 99569542 2
2507671 107022812 1
2507671 119460722 1
2507671 123126452 1
2507671 130000932 1
2507671 130347062 2
2507671 145365562 1
2507671 147229452 2
2507671 149220322 1
2507671 157167302 1
2507671 171182942 1
7626808 11187109 1
7626808 11367904 1
7626808 12297320 1
7626808 13521723 1
7626808 22772541 1
7626808 33002252 1
7626808 50701932 1
7626808 51515062 1
7626808 53860902 1
7626808 64955342 1
7626808 70750622 1
7626808 71865602 1
7626808 73066932 1
7626808 77374232 1
7626808 87423392 1
7626808 91472192 1
7626808 99569542 1
7626808 107022812 1
7626808 119460722 1
7626808 123126452 1
7626808 130000932 1
7626808 130347062 1
7626808 145365562 1
7626808 147229452 1
7626808 149220322 1
7626808 157167302 1
7626808 171182942 1
11187109 11367904 1
11187109 12297320 2
11187109 13521723 2
11187109 22772541 1
11187109 33002252 1
11187109 50701932 2
11187109 51515062 1
11187109 53860902 2
11187109 64955342 2
11187109 70750622 1
11187109 71865602 2
11187109 73066932 1
11187109 77374232 1
11187109 87423392 1
11187109 91472192 1
11187109 99569542 2
11187109 107022812 2
11187109 119460722 1
11187109 123126452 2
11187109 130000932 2
11187109 130347062 2
11187109 145365562 1
11187109 147229452 2
11187109 149220322 1
11187109 157167302 1
11187109 171182942 1
11367904 12297320 1
11367904 13521723 1
11367904 22772541 1
11367904 33002252 1
11367904 50701932 1
11367904 51515062 1
11367904 53860902 1
11367904 64955342 1
11367904 70750622 1
11367904 71865602 1
11367904 73066932 1
11367904 77374232 1
11367904 87423392 1
11367904 91472192 1
11367904 99569542 1
11367904 107022812 1
11367904 119460722 1
11367904 123126452 1
11367904 130000932 1
11367904 130347062 1
11367904 145365562 1
11367904 147229452 1
11367904 149220322 1
11367904 157167302 1
11367904 171182942 1
12297320 13521723 3
12297320 22772541 2
12297320 33002252 1
12297320 50701932 3
12297320 51515062 1
12297320 53860902 3
12297320 64955342 3
12297320 70750622 1
12297320 71865602 3
12297320 73066932 2
12297320 77374232 1
12297320 87423392 1
12297320 91472192 1
12297320 99569542 3
12297320 107022812 2
12297320 119460722 1
12297320 123126452 2
12297320 130000932 2
12297320 130347062 3
12297320 145365562 1
12297320 147229452 3
12297320 149220322 1
12297320 157167302 1
12297320 171182942 1
13521723 22772541 2
13521723 33002252 1
13521723 50701932 3
13521723 51515062 1
13521723 70750622 1
13521723 73066932 2
13521723 77374232 1
13521723 91472192 1
13521723 107022812 2
13521723 119460722 1
13521723 130000932 2
13521723 130347062 4
13521723 145365562 1
13521723 147229452 3
13521723 149220322 1
13521723 157167302 1
13521723 171182942 1
22772541 33002252 1
22772541 50701932 2
22772541 51515062 1
22772541 53860902 2
22772541 64955342 2
22772541 70750622 1
22772541 71865602 2
22772541 73066932 2
22772541 77374232 1
22772541 87423392 1
22772541 91472192 1
22772541 99569542 2
22772541 107022812 1
22772541 119460722 1
22772541 123126452 1
22772541 130000932 1
22772541 130347062 2
22772541 145365562 1
22772541 147229452 2
22772541 149220322 1
22772541 157167302 1
22772541 171182942 1
33002252 50701932 1
33002252 51515062 1
33002252 53860902 1
33002252 64955342 1
33002252 70750622 1
33002252 71865602 1
33002252 73066932 1
33002252 77374232 1
33002252 87423392 1
33002252 91472192 1
33002252 99569542 1
33002252 107022812 1
33002252 119460722 1
33002252 123126452 1
33002252 130000932 1
33002252 130347062 1
33002252 145365562 1
33002252 147229452 1
33002252 149220322 1
33002252 157167302 1
33002252 171182942 1
50701932 51515062 1
50701932 53860902 3
50701932 64955342 3
50701932 70750622 1
50701932 71865602 3
50701932 73066932 2
50701932 77374232 1
50701932 87423392 1
50701932 91472192 1
50701932 99569542 3
50701932 107022812 2
50701932 119460722 1
50701932 123126452 2
50701932 130000932 2
50701932 130347062 3
50701932 145365562 1
50701932 147229452 3
50701932 149220322 1
50701932 157167302 1
50701932 171182942 1
51515062 53860902 1
51515062 64955342 1
51515062 70750622 1
51515062 71865602 1
51515062 73066932 1
51515062 77374232 1
51515062 87423392 1
51515062 91472192 1
51515062 99569542 1
51515062 107022812 1
51515062 119460722 1
51515062 123126452 1
51515062 130000932 1
51515062 130347062 1
51515062 145365562 1
51515062 147229452 1
51515062 149220322 1
51515062 157167302 1
51515062 171182942 1
53860902 70750622 1
53860902 73066932 2
53860902 77374232 1
53860902 91472192 1
53860902 107022812 2
53860902 119460722 1
53860902 123126452 2
53860902 130000932 2
53860902 130347062 3
53860902 145365562 1
53860902 147229452 3
53860902 149220322 1
53860902 157167302 1
53860902 171182942 1
64955342 70750622 1
64955342 73066932 2
64955342 77374232 1
64955342 91472192 1
64955342 107022812 2
64955342 119460722 1
64955342 123126452 2
64955342 130000932 2
64955342 145365562 1
64955342 147229452 3
64955342 149220322 1
64955342 157167302 1
64955342 171182942 1
70750622 71865602 1
70750622 73066932 1
70750622 77374232 1
70750622 87423392 1
70750622 91472192 1
70750622 99569542 1
70750622 107022812 1
70750622 119460722 1
70750622 123126452 1
70750622 130000932 1
70750622 130347062 1
70750622 145365562 1
70750622 147229452 1
70750622 149220322 1
70750622 157167302 1
70750622 171182942 1
71865602 73066932 2
71865602 91472192 1
71865602 107022812 2
71865602 119460722 1
71865602 130000932 2
71865602 145365562 1
71865602 147229452 3
71865602 149220322 1
71865602 157167302 1
71865602 171182942 1
73066932 77374232 1
73066932 87423392 1
73066932 91472192 1
73066932 99569542 2
73066932 107022812 1
73066932 119460722 1
73066932 123126452 1
73066932 130000932 1
73066932 130347062 2
73066932 145365562 1
73066932 147229452 2
73066932 149220322 1
73066932 157167302 1
73066932 171182942 1
77374232 87423392 1
77374232 91472192 1
77374232 107022812 1
77374232 119460722 1
77374232 123126452 1
77374232 130000932 1
77374232 145365562 1
77374232 147229452 1
77374232 149220322 1
77374232 157167302 1
77374232 171182942 1
87423392 91472192 1
87423392 107022812 1
87423392 119460722 1
87423392 123126452 1
87423392 130000932 1
87423392 130347062 1
87423392 145365562 1
87423392 147229452 1
87423392 149220322 1
87423392 157167302 1
87423392 171182942 1
91472192 99569542 1
91472192 107022812 1
91472192 119460722 1
91472192 123126452 1
91472192 130000932 1
91472192 130347062 1
91472192 145365562 1
91472192 147229452 1
91472192 149220322 1
91472192 157167302 1
91472192 171182942 1
99569542 107022812 2
99569542 119460722 1
99569542 123126452 2
99569542 130000932 2
99569542 145365562 1
99569542 147229452 3
99569542 149220322 1
99569542 157167302 1
99569542 171182942 1
107022812 119460722 1
107022812 130000932 2
107022812 145365562 1
107022812 147229452 2
107022812 149220322 1
107022812 157167302 1
107022812 171182942 1
119460722 123126452 1
119460722 130000932 1
119460722 130347062 1
119460722 145365562 1
119460722 147229452 1
119460722 149220322 1
119460722 157167302 1
119460722 171182942 1
123126452 130000932 2
123126452 145365562 1
123126452 147229452 2
123126452 149220322 1
123126452 157167302 1
123126452 171182942 1
130000932 130347062 2
130000932 145365562 1
130000932 147229452 2
130000932 149220322 1
130000932 157167302 1
130000932 171182942 1
130347062 145365562 1
130347062 147229452 3
130347062 149220322 1
130347062 157167302 1
130347062 171182942 1
145365562 147229452 1
145365562 149220322 1
145365562 157167302 1
145365562 171182942 1
147229452 149220322 1
147229452 157167302 1
147229452 171182942 1
149220322 157167302 1
149220322 171182942 1
157167302 171182942 1
11187109 44304412 1
11187109 72473042 1
12297320 44304412 1
12297320 72473042 1
13521723 44304412 1
13521723 72473042 1
44304412 50701932 1
44304412 53860902 1
44304412 99569542 1
44304412 107022812 1
44304412 123126452 1
44304412 130000932 1
44304412 147229452 1
50701932 72473042 1
53860902 72473042 1
72473042 99569542 1
72473042 107022812 1
72473042 123126452 1
72473042 130000932 1
72473042 147229452 1
10884105 13521723 1
10884105 28020982 1
10884105 50388792 1
10884105 60315522 1
10884105 121232652 1
10884105 130347062 1
13521723 28020982 1
13521723 50388792 1
13521723 60315522 1
28020982 50388792 1
28020982 60315522 1
28020982 121232652 1
28020982 130347062 1
50388792 60315522 1
50388792 121232652 1
60315522 121232652 1
60315522 130347062 1
2507671 4836786 1
2507671 24997492 1
2507671 60971722 1
2507671 104792932 1
2507671 118516772 1
2507671 121232652 1
2507671 176763962 1
4836786 12297320 1
4836786 13521723 1
4836786 22772541 1
4836786 24997492 1
4836786 50701932 1
4836786 53860902 1
4836786 60971722 1
4836786 64955342 1
4836786 71865602 1
4836786 73066932 1
4836786 99569542 1
4836786 104792932 1
4836786 118516772 1
4836786 121232652 1
4836786 130347062 1
4836786 147229452 1
4836786 176763962 1
12297320 24997492 1
12297320 60971722 1
12297320 104792932 1
12297320 118516772 1
12297320 121232652 1
12297320 176763962 1
13521723 24997492 1
13521723 60971722 1
13521723 104792932 1
13521723 118516772 1
13521723 176763962 1
22772541 24997492 1
22772541 60971722 1
22772541 104792932 1
22772541 118516772 1
22772541 121232652 1
22772541 176763962 1
24997492 50701932 1
24997492 53860902 1
24997492 60971722 1
24997492 64955342 1
24997492 71865602 1
24997492 73066932 1
24997492 99569542 1
24997492 104792932 1
24997492 118516772 1
24997492 121232652 1
24997492 130347062 1
24997492 147229452 1
24997492 176763962 1
50701932 60971722 1
50701932 104792932 1
50701932 118516772 1
50701932 121232652 1
50701932 176763962 1
53860902 60971722 1
53860902 104792932 1
53860902 118516772 1
53860902 176763962 1
60971722 64955342 1
60971722 71865602 1
60971722 73066932 1
60971722 99569542 1
60971722 104792932 1
60971722 118516772 1
60971722 121232652 1
60971722 130347062 1
60971722 147229452 1
60971722 176763962 1
64955342 104792932 1
64955342 118516772 1
64955342 176763962 1
71865602 104792932 1
71865602 118516772 1
71865602 176763962 1
73066932 104792932 1
73066932 118516772 1
73066932 121232652 1
73066932 176763962 1
99569542 104792932 1
99569542 118516772 1
99569542 176763962 1
104792932 118516772 1
104792932 121232652 1
104792932 130347062 1
104792932 147229452 1
104792932 176763962 1
118516772 121232652 1
118516772 130347062 1
118516772 147229452 1
118516772 176763962 1
121232652 147229452 1
121232652 176763962 1
130347062 176763962 1
147229452 176763962 1
