191467904 191872646 192534542 186398478 121617042 191274515 7092500 61541012 164983702 191506838 192594942 184640664 192816542 187299872 191847585 72023842 187338534 190655272 191957034 184346538 193162927 139522352 191460529 150547122 45742332 42977462 176170552 147112252 193019071 192747712 73542722 190062787 191468612 191588163 186306885 191862983 192771525 172364362 192547531 192593146 191280974 191777102 185655248 100740302 81041882 192641500 186152542 192585441 191471587 100366692 191420515 193120100 191534952 176295272 191691883 189222512 192797552 190759924 193163894 103200122 184735995 185368828 105255802
7092500 81041882 1
7092500 105255802 1
7092500 147112252 3
7092500 185368828 1
7092500 189222512 1
7092500 191467904 1
7092500 191471587 1
81041882 105255802 1
81041882 147112252 1
81041882 185368828 1
81041882 189222512 1
81041882 191467904 1
81041882 191471587 1
105255802 147112252 1
105255802 185368828 1
105255802 189222512 1
105255802 191467904 1
105255802 191471587 1
147112252 185368828 1
147112252 189222512 1
147112252 191467904 1
147112252 191471587 1
185368828 189222512 1
185368828 191467904 1
185368828 191471587 1
189222512 191467904 1
189222512 191471587 1
191467904 191471587 1
7092500 100366692 2
7092500 103200122 1
7092500 139522352 1
7092500 164983702 1
7092500 172364362 2
7092500 190062787 1
7092500 191280974 1
7092500 191691883 1
100366692 103200122 1
100366692 139522352 1
100366692 164983702 1
100366692 172364362 1
100366692 190062787 1
100366692 191280974 1
100366692 191691883 1
103200122 139522352 1
103200122 164983702 1
103200122 172364362 1
103200122 190062787 1
103200122 191280974 1
103200122 191691883 1
139522352 164983702 1
139522352 172364362 1
139522352 190062787 1
139522352 191280974 1
139522352 191691883 1
164983702 172364362 1
164983702 190062787 1
164983702 191280974 1
164983702 191691883 1
172364362 190062787 1
172364362 191280974 1
172364362 191691883 1
190062787 191280974 1
190062787 191691883 1
191280974 191691883 1
7092500 191274515 6
7092500 191468612 2
7092500 191534952 1
7092500 191588163 3
7092500 191777102 1
7092500 191862983 2
100366692 147112252 1
100366692 191274515 1
100366692 191468612 1
100366692 191534952 1
100366692 191588163 1
100366692 191777102 1
100366692 191862983 1
147112252 191274515 2
147112252 191468612 1
147112252 191534952 1
147112252 191588163 2
147112252 191777102 1
147112252 191862983 2
191274515 191468612 2
191274515 191534952 1
191274515 191588163 3
191274515 191777102 1
191274515 191862983 2
191468612 191534952 1
191468612 191588163 2
191468612 191777102 1
191468612 191862983 1
191534952 191588163 1
191534952 191777102 1
191534952 191862983 1
191588163 191777102 1
191588163 191862983 2
191777102 191862983 1
7092500 176295272 1
7092500 184735995 1
7092500 187338534 1
7092500 190759924 1
172364362 176295272 1
172364362 184735995 1
172364362 187338534 1
172364362 190759924 1
172364362 191274515 1
172364362 191468612 1
172364362 191588163 1
176295272 184735995 1
176295272 187338534 1
176295272 190759924 1
176295272 191274515 1
176295272 191468612 1
176295272 191588163 1
184735995 187338534 1
184735995 190759924 1
184735995 191274515 1
184735995 191468612 1
184735995 191588163 1
187338534 190759924 1
187338534 191274515 1
187338534 191468612 1
187338534 191588163 1
190759924 191274515 1
190759924 191468612 1
190759924 191588163 1
7092500 42977462 1
7092500 186152542 2
7092500 190655272 4
7092500 191420515 1
7092500 191460529 1
7092500 191506838 2
7092500 191847585 1
7092500 191872646 1
7092500 191957034 1
7092500 192534542 1
7092500 192547531 1
7092500 192593146 1
42977462 147112252 1
42977462 186152542 1
42977462 190655272 1
42977462 191274515 1
42977462 191420515 1
42977462 191460529 1
42977462 191506838 1
42977462 191588163 1
42977462 191847585 1
42977462 191862983 1
42977462 191872646 1
42977462 191957034 1
42977462 192534542 1
42977462 192547531 1
42977462 192593146 1
147112252 186152542 1
147112252 190655272 1
147112252 191420515 1
147112252 191460529 1
147112252 191506838 1
147112252 191847585 1
147112252 191872646 1
147112252 191957034 1
147112252 192534542 1
147112252 192547531 1
147112252 192593146 1
186152542 190655272 2
186152542 191274515 1
186152542 191420515 1
186152542 191460529 1
186152542 191506838 1
186152542 191588163 1
186152542 191847585 1
186152542 191862983 1
186152542 191872646 1
186152542 191957034 1
186152542 192534542 1
186152542 192547531 1
186152542 192593146 1
190655272 191274515 2
190655272 191420515 1
190655272 191460529 1
190655272 191506838 1
190655272 191588163 1
190655272 191847585 1
190655272 191862983 1
190655272 191872646 1
190655272 191957034 1
190655272 192534542 1
190655272 192547531 1
190655272 192593146 1
191274515 191420515 1
191274515 191460529 1
191274515 191506838 2
191274515 191847585 1
191274515 191872646 1
191274515 191957034 1
191274515 192534542 1
191274515 192547531 1
191274515 192593146 1
191420515 191460529 1
191420515 191506838 1
191420515 191588163 1
191420515 191847585 1
191420515 191862983 1
191420515 191872646 1
191420515 191957034 1
191420515 192534542 1
191420515 192547531 1
191420515 192593146 1
191460529 191506838 1
191460529 191588163 1
191460529 191847585 1
191460529 191862983 1
191460529 191872646 1
191460529 191957034 1
191460529 192534542 1
191460529 192547531 1
191460529 192593146 1
191506838 191588163 1
191506838 191847585 1
191506838 191862983 1
191506838 191872646 1
191506838 191957034 1
191506838 192534542 1
191506838 192547531 1
191506838 192593146 1
191588163 191847585 1
191588163 191872646 1
191588163 191957034 1
191588163 192534542 1
191588163 192547531 1
191588163 192593146 1
191847585 191862983 1
191847585 191872646 1
191847585 191957034 1
191847585 192534542 1
191847585 192547531 1
191847585 192593146 1
191862983 191872646 1
191862983 191957034 1
191862983 192534542 1
191862983 192547531 1
191862983 192593146 1
191872646 191957034 1
191872646 192534542 1
191872646 192547531 1
191872646 192593146 1
191957034 192534542 1
191957034 192547531 1
191957034 192593146 1
192534542 192547531 1
192534542 192593146 1
192547531 192593146 1
7092500 45742332 1
7092500 61541012 1
7092500 184346538 1
7092500 192594942 2
45742332 61541012 1
45742332 184346538 1
45742332 191274515 1
45742332 192594942 1
61541012 184346538 1
61541012 191274515 1
61541012 192594942 1
184346538 191274515 1
184346538 192594942 1
191274515 192594942 2
7092500 73542722 4
7092500 150547122 1
7092500 184640664 1
7092500 186306885 1
7092500 186398478 1
7092500 192641500 1
7092500 192747712 1
7092500 192797552 1
73542722 150547122 1
73542722 184640664 1
73542722 186306885 1
73542722 186398478 1
73542722 190655272 3
73542722 191274515 2
73542722 192594942 1
73542722 192641500 1
73542722 192747712 1
73542722 192797552 1
150547122 184640664 1
150547122 186306885 1
150547122 186398478 1
150547122 190655272 1
150547122 191274515 1
150547122 192594942 1
150547122 192641500 1
150547122 192747712 1
150547122 192797552 1
184640664 186306885 1
184640664 186398478 1
184640664 190655272 1
184640664 191274515 1
184640664 192594942 1
184640664 192641500 1
184640664 192747712 1
184640664 192797552 1
186306885 186398478 1
186306885 190655272 1
186306885 191274515 1
186306885 192594942 1
186306885 192641500 1
186306885 192747712 1
186306885 192797552 1
186398478 190655272 1
186398478 191274515 1
186398478 192594942 1
186398478 192641500 1
186398478 192747712 1
186398478 192797552 1
190655272 192594942 1
190655272 192641500 1
190655272 192747712 1
190655272 192797552 1
191274515 192641500 1
191274515 192747712 1
191274515 192797552 1
192594942 192641500 1
192594942 192747712 1
192594942 192797552 1
192641500 192747712 1
192641500 192797552 1
192747712 192797552 1
7092500 192585441 1
73542722 192585441 1
190655272 192585441 1
7092500 176170552 1
7092500 185655248 1
7092500 192771525 1
7092500 192816542 2
73542722 176170552 1
73542722 185655248 1
73542722 186152542 1
73542722 192771525 1
73542722 192816542 2
176170552 185655248 1
176170552 186152542 1
176170552 190655272 1
176170552 192771525 1
176170552 192816542 1
185655248 186152542 1
185655248 190655272 1
185655248 192771525 1
185655248 192816542 1
186152542 192771525 1
186152542 192816542 1
190655272 192771525 1
190655272 192816542 1
192771525 192816542 1
7092500 72023842 1
7092500 100740302 1
7092500 121617042 1
7092500 187299872 1
7092500 193019071 1
7092500 193120100 1
7092500 193162927 1
7092500 193163894 1
72023842 73542722 1
72023842 100740302 1
72023842 121617042 1
72023842 187299872 1
72023842 191274515 1
72023842 191506838 1
72023842 192816542 1
72023842 193019071 1
72023842 193120100 1
72023842 193162927 1
72023842 193163894 1
73542722 100740302 1
73542722 121617042 1
73542722 187299872 1
73542722 191506838 1
73542722 193019071 1
73542722 193120100 1
73542722 193162927 1
73542722 193163894 1
100740302 121617042 1
100740302 187299872 1
100740302 191274515 1
100740302 191506838 1
100740302 192816542 1
100740302 193019071 1
100740302 193120100 1
100740302 193162927 1
100740302 193163894 1
121617042 187299872 1
121617042 191274515 1
121617042 191506838 1
121617042 192816542 1
121617042 193019071 1
121617042 193120100 1
121617042 193162927 1
121617042 193163894 1
187299872 191274515 1
187299872 191506838 1
187299872 192816542 1
187299872 193019071 1
187299872 193120100 1
187299872 193162927 1
187299872 193163894 1
191274515 192816542 1
191274515 193019071 1
191274515 193120100 1
191274515 193162927 1
191274515 193163894 1
191506838 192816542 1
191506838 193019071 1
191506838 193120100 1
191506838 193162927 1
191506838 193163894 1
192816542 193019071 1
192816542 193120100 1
192816542 193162927 1
192816542 193163894 1
193019071 193120100 1
193019071 193162927 1
193019071 193163894 1
193120100 193162927 1
193120100 193163894 1
193162927 193163894 1
