5300352 4159233 6402947 2998021 7295752 5001865 4603276 2678925 3856654 7016590 3220880 2566417 6375318 5677848 4628890 7538630 6997882 3075998 1401121 5210786 3947683 3546025 6558633 7742125 7050286 1602608 98484 8345015 4974904 7389880 8158779 3424319 2318528 4747841 3057983 6673216 7995969 4406648 3015490 7359482 4665928 8291779 5433546 4561099 6309708 4303181 5231436 5158223 4886098 2611923 4891606 2649303 7322075 8119516 3912926 615008 5846755 3187044 5913830 4084711 3935721 2658417 4197108 3639796 2999798 4885240 5136505 3904890 8042493
98484 1401121 4
98484 2566417 2
98484 2649303 4
98484 2658417 1
98484 2678925 4
98484 2999798 3
98484 3187044 3
98484 3424319 5
98484 3546025 2
98484 3856654 2
98484 3904890 4
98484 3947683 4
98484 4159233 4
98484 4197108 3
98484 4303181 4
98484 4561099 3
98484 4603276 4
98484 4628890 2
98484 4665928 3
98484 4747841 5
98484 4885240 3
98484 4886098 5
98484 4974904 2
98484 5001865 6
98484 5158223 4
98484 5210786 1
98484 5433546 1
98484 5846755 2
98484 5913830 2
98484 6309708 1
98484 6375318 1
98484 6558633 3
98484 6997882 4
98484 7050286 4
98484 7295752 2
98484 8042493 1
1401121 2566417 2
1401121 2649303 4
1401121 2658417 1
1401121 2678925 3
1401121 2999798 3
1401121 3187044 3
1401121 3424319 4
1401121 3546025 2
1401121 3856654 2
1401121 3904890 4
1401121 3947683 3
1401121 4159233 4
1401121 4197108 3
1401121 4303181 4
1401121 4561099 3
1401121 4603276 4
1401121 4628890 1
1401121 4665928 3
1401121 4747841 4
1401121 4885240 2
1401121 4886098 4
1401121 4974904 2
1401121 5001865 4
1401121 5158223 4
1401121 5210786 1
1401121 5433546 1
1401121 5846755 2
1401121 5913830 2
1401121 6309708 1
1401121 6375318 1
1401121 6558633 3
1401121 6997882 4
1401121 7050286 4
1401121 7295752 2
1401121 8042493 1
2566417 2649303 2
2566417 2658417 1
2566417 2678925 2
2566417 2999798 2
2566417 3187044 2
2566417 3424319 2
2566417 3546025 1
2566417 3856654 1
2566417 3904890 2
2566417 3947683 2
2566417 4159233 2
2566417 4197108 1
2566417 4303181 2
2566417 4561099 2
2566417 4603276 2
2566417 4628890 1
2566417 4665928 2
2566417 4747841 2
2566417 4885240 2
2566417 4886098 2
2566417 4974904 2
2566417 5001865 2
2566417 5158223 2
2566417 5210786 1
2566417 5433546 1
2566417 5846755 2
2566417 5913830 2
2566417 6309708 1
2566417 6375318 1
2566417 6558633 1
2566417 6997882 2
2566417 7050286 2
2566417 7295752 1
2566417 8042493 1
2649303 2658417 1
2649303 2678925 3
2649303 2999798 5
2649303 3187044 3
2649303 3424319 7
2649303 3546025 2
2649303 3856654 4
2649303 3904890 4
2649303 3947683 3
2649303 4159233 5
2649303 4197108 4
2649303 4303181 7
2649303 4561099 4
2649303 4603276 5
2649303 4628890 2
2649303 4665928 4
2649303 4747841 4
2649303 4885240 3
2649303 4886098 7
2649303 4974904 3
2649303 5001865 7
2649303 5158223 5
2649303 5210786 1
2649303 5433546 1
2649303 5846755 4
2649303 5913830 2
2649303 6309708 2
2649303 6375318 1
2649303 6558633 4
2649303 6997882 5
2649303 7050286 8
2649303 7295752 4
2649303 8042493 3
2658417 2678925 1
2658417 2999798 1
2658417 3187044 1
2658417 3424319 1
2658417 3546025 1
2658417 3856654 1
2658417 3904890 1
2658417 3947683 1
2658417 4159233 1
2658417 4197108 1
2658417 4303181 1
2658417 4561099 1
2658417 4603276 1
2658417 4628890 1
2658417 4665928 1
2658417 4747841 1
2658417 4885240 1
2658417 4886098 1
2658417 4974904 1
2658417 5001865 1
2658417 5158223 1
2658417 5210786 1
2658417 5433546 1
2658417 5846755 1
2658417 5913830 1
2658417 6309708 1
2658417 6375318 1
2658417 6558633 1
2658417 6997882 1
2658417 7050286 1
2658417 7295752 1
2658417 8042493 1
2678925 2999798 2
2678925 3187044 2
2678925 3424319 3
2678925 3546025 1
2678925 3856654 1
2678925 3904890 3
2678925 3947683 3
2678925 4159233 3
2678925 4197108 2
2678925 4303181 3
2678925 4561099 2
2678925 4603276 3
2678925 4628890 1
2678925 4665928 2
2678925 4747841 4
2678925 4885240 2
2678925 4886098 3
2678925 4974904 2
2678925 5001865 4
2678925 5158223 3
2678925 5210786 1
2678925 5433546 1
2678925 5846755 2
2678925 5913830 2
2678925 6309708 1
2678925 6375318 1
2678925 6558633 2
2678925 6997882 3
2678925 7050286 3
2678925 7295752 1
2678925 8042493 1
2999798 3187044 3
2999798 3424319 5
2999798 3546025 2
2999798 3856654 3
2999798 3904890 3
2999798 3947683 3
2999798 4159233 4
2999798 4197108 3
2999798 4303181 4
2999798 4561099 4
2999798 4603276 4
2999798 4628890 2
2999798 4665928 4
2999798 4747841 3
2999798 4885240 2
2999798 4886098 5
2999798 4974904 3
2999798 5001865 4
2999798 5158223 4
2999798 5210786 1
2999798 5433546 1
2999798 5846755 3
2999798 5913830 2
2999798 6309708 2
2999798 6375318 1
2999798 6558633 3
2999798 6997882 4
2999798 7050286 5
2999798 7295752 3
2999798 8042493 3
3187044 3424319 3
3187044 3546025 2
3187044 3856654 2
3187044 3904890 3
3187044 3947683 3
3187044 4159233 3
3187044 4197108 2
3187044 4303181 3
3187044 4561099 3
3187044 4603276 3
3187044 4628890 1
3187044 4665928 3
3187044 4747841 3
3187044 4885240 2
3187044 4886098 3
3187044 4974904 2
3187044 5001865 3
3187044 5158223 3
3187044 5210786 1
3187044 5433546 1
3187044 5846755 2
3187044 5913830 2
3187044 6309708 1
3187044 6375318 1
3187044 6558633 2
3187044 6997882 3
3187044 7050286 3
3187044 7295752 2
3187044 8042493 1
3424319 3546025 2
3424319 3856654 4
3424319 3904890 4
3424319 3947683 3
3424319 4159233 5
3424319 4197108 4
3424319 4303181 6
3424319 4561099 4
3424319 4603276 5
3424319 4628890 3
3424319 4665928 4
3424319 4747841 4
3424319 4885240 3
3424319 4886098 7
3424319 4974904 3
3424319 5001865 7
3424319 5158223 5
3424319 5210786 1
3424319 5433546 1
3424319 5846755 3
3424319 5913830 2
3424319 6309708 2
3424319 6375318 1
3424319 6558633 4
3424319 6997882 5
3424319 7050286 7
3424319 7295752 4
3424319 8042493 3
3546025 3856654 2
3546025 3904890 2
3546025 3947683 2
3546025 4159233 2
3546025 4197108 2
3546025 4303181 2
3546025 4561099 2
3546025 4603276 2
3546025 4628890 1
3546025 4665928 2
3546025 4747841 2
3546025 4885240 1
3546025 4886098 2
3546025 4974904 1
3546025 5001865 2
3546025 5158223 2
3546025 5210786 1
3546025 5433546 1
3546025 5846755 1
3546025 5913830 1
3546025 6309708 1
3546025 6375318 1
3546025 6558633 2
3546025 6997882 2
3546025 7050286 2
3546025 7295752 2
3546025 8042493 1
3856654 3904890 2
3856654 3947683 2
3856654 4159233 3
3856654 4197108 3
3856654 4303181 4
3856654 4561099 3
3856654 4603276 3
3856654 4628890 2
3856654 4665928 3
3856654 4747841 2
3856654 4885240 1
3856654 4886098 3
3856654 4974904 2
3856654 5001865 3
3856654 5158223 3
3856654 5210786 1
3856654 5433546 1
3856654 5846755 2
3856654 5913830 1
3856654 6309708 1
3856654 6375318 1
3856654 6558633 2
3856654 6997882 2
3856654 7050286 4
3856654 7295752 4
3856654 8042493 2
3904890 3947683 3
3904890 4159233 4
3904890 4197108 3
3904890 4303181 4
3904890 4561099 3
3904890 4603276 4
3904890 4628890 1
3904890 4665928 3
3904890 4747841 4
3904890 4885240 2
3904890 4886098 4
3904890 4974904 2
3904890 5001865 4
3904890 5158223 4
3904890 5210786 1
3904890 5433546 1
3904890 5846755 2
3904890 5913830 2
3904890 6309708 1
3904890 6375318 1
3904890 6558633 3
3904890 6997882 4
3904890 7050286 4
3904890 7295752 2
3904890 8042493 1
3947683 4159233 3
3947683 4197108 2
3947683 4303181 3
3947683 4561099 3
3947683 4603276 3
3947683 4628890 1
3947683 4665928 3
3947683 4747841 4
3947683 4885240 2
3947683 4886098 3
3947683 4974904 2
3947683 5001865 4
3947683 5158223 3
3947683 5210786 1
3947683 5433546 1
3947683 5846755 2
3947683 5913830 2
3947683 6309708 1
3947683 6375318 1
3947683 6558633 2
3947683 6997882 3
3947683 7050286 3
3947683 7295752 2
3947683 8042493 1
4159233 4197108 4
4159233 4303181 5
4159233 4561099 4
4159233 4603276 5
4159233 4628890 2
4159233 4665928 4
4159233 4747841 4
4159233 4885240 2
4159233 4886098 5
4159233 4974904 3
4159233 5001865 4
4159233 5158223 5
4159233 5210786 1
4159233 5433546 1
4159233 5846755 3
4159233 5913830 2
4159233 6309708 1
4159233 6375318 1
4159233 6558633 3
4159233 6997882 4
4159233 7050286 5
4159233 7295752 3
4159233 8042493 2
4197108 4303181 4
4197108 4561099 3
4197108 4603276 4
4197108 4628890 2
4197108 4665928 3
4197108 4747841 3
4197108 4885240 1
4197108 4886098 4
4197108 4974904 2
4197108 5001865 3
4197108 5158223 4
4197108 5210786 1
4197108 5433546 1
4197108 5846755 2
4197108 5913830 1
4197108 6309708 1
4197108 6375318 1
4197108 6558633 3
4197108 6997882 3
4197108 7050286 4
4197108 7295752 3
4197108 8042493 2
4303181 4561099 4
4303181 4603276 5
4303181 4628890 2
4303181 4665928 4
4303181 4747841 4
4303181 4885240 3
4303181 4886098 6
4303181 4974904 3
4303181 5001865 6
4303181 5158223 5
4303181 5210786 1
4303181 5433546 1
4303181 5846755 4
4303181 5913830 2
4303181 6309708 1
4303181 6375318 1
4303181 6558633 3
4303181 6997882 4
4303181 7050286 7
4303181 7295752 4
4303181 8042493 2
4561099 4603276 4
4561099 4628890 2
4561099 4665928 4
4561099 4747841 3
4561099 4885240 2
4561099 4886098 4
4561099 4974904 3
4561099 5001865 3
4561099 5158223 4
4561099 5210786 1
4561099 5433546 1
4561099 5846755 3
4561099 5913830 2
4561099 6309708 1
4561099 6375318 1
4561099 6558633 2
4561099 6997882 3
4561099 7050286 4
4561099 7295752 3
4561099 8042493 2
4603276 4628890 2
4603276 4665928 4
4603276 4747841 4
4603276 4885240 2
4603276 4886098 5
4603276 4974904 3
4603276 5001865 4
4603276 5158223 5
4603276 5210786 1
4603276 5433546 1
4603276 5846755 3
4603276 5913830 2
4603276 6309708 1
4603276 6375318 1
4603276 6558633 3
4603276 6997882 4
4603276 7050286 5
4603276 7295752 3
4603276 8042493 2
4628890 4665928 2
4628890 4747841 1
4628890 4885240 2
4628890 4886098 3
4628890 4974904 2
4628890 5001865 2
4628890 5158223 2
4628890 5210786 1
4628890 5433546 1
4628890 5846755 2
4628890 5913830 1
4628890 6309708 1
4628890 6375318 1
4628890 6558633 1
4628890 6997882 1
4628890 7050286 2
4628890 7295752 2
4628890 8042493 2
4665928 4747841 3
4665928 4885240 2
4665928 4886098 4
4665928 4974904 3
4665928 5001865 3
4665928 5158223 4
4665928 5210786 1
4665928 5433546 1
4665928 5846755 3
4665928 5913830 2
4665928 6309708 1
4665928 6375318 1
4665928 6558633 2
4665928 6997882 3
4665928 7050286 4
4665928 7295752 3
4665928 8042493 2
4747841 4885240 2
4747841 4886098 4
4747841 4974904 2
4747841 5001865 5
4747841 5158223 4
4747841 5210786 1
4747841 5433546 1
4747841 5846755 2
4747841 5913830 2
4747841 6309708 1
4747841 6375318 1
4747841 6558633 3
4747841 6997882 4
4747841 7050286 4
4747841 7295752 2
4747841 8042493 1
4885240 4886098 4
4885240 4974904 2
4885240 5001865 4
4885240 5158223 2
4885240 5210786 1
4885240 5433546 1
4885240 5846755 3
4885240 5913830 2
4885240 6309708 1
4885240 6375318 1
4885240 6558633 1
4885240 6997882 2
4885240 7050286 3
4885240 7295752 1
4885240 8042493 1
4886098 4974904 3
4886098 5001865 7
4886098 5158223 5
4886098 5210786 1
4886098 5433546 1
4886098 5846755 4
4886098 5913830 2
4886098 6309708 2
4886098 6375318 1
4886098 6558633 4
4886098 6997882 5
4886098 7050286 7
4886098 7295752 3
4886098 8042493 3
4974904 5001865 2
4974904 5158223 3
4974904 5210786 1
4974904 5433546 1
4974904 5846755 3
4974904 5913830 2
4974904 6309708 1
4974904 6375318 1
4974904 6558633 1
4974904 6997882 2
4974904 7050286 3
4974904 7295752 2
4974904 8042493 2
5001865 5158223 4
5001865 5210786 1
5001865 5433546 1
5001865 5846755 3
5001865 5913830 2
5001865 6309708 2
5001865 6375318 1
5001865 6558633 4
5001865 6997882 5
5001865 7050286 7
5001865 7295752 3
5001865 8042493 2
5158223 5210786 1
5158223 5433546 1
5158223 5846755 3
5158223 5913830 2
5158223 6309708 1
5158223 6375318 1
5158223 6558633 3
5158223 6997882 4
5158223 7050286 5
5158223 7295752 3
5158223 8042493 2
5210786 5433546 1
5210786 5846755 1
5210786 5913830 1
5210786 6309708 1
5210786 6375318 1
5210786 6558633 1
5210786 6997882 1
5210786 7050286 1
5210786 7295752 1
5210786 8042493 1
5433546 5846755 1
5433546 5913830 1
5433546 6309708 1
5433546 6375318 1
5433546 6558633 1
5433546 6997882 1
5433546 7050286 1
5433546 7295752 1
5433546 8042493 1
5846755 5913830 2
5846755 6309708 1
5846755 6375318 1
5846755 6558633 1
5846755 6997882 2
5846755 7050286 4
5846755 7295752 2
5846755 8042493 2
5913830 6309708 1
5913830 6375318 1
5913830 6558633 1
5913830 6997882 2
5913830 7050286 2
5913830 7295752 1
5913830 8042493 1
6309708 6375318 1
6309708 6558633 2
6309708 6997882 2
6309708 7050286 2
6309708 7295752 1
6309708 8042493 2
6375318 6558633 1
6375318 6997882 1
6375318 7050286 1
6375318 7295752 1
6375318 8042493 1
6558633 6997882 4
6558633 7050286 4
6558633 7295752 2
6558633 8042493 2
6997882 7050286 5
6997882 7295752 2
6997882 8042493 2
7050286 7295752 4
7050286 8042493 3
7295752 8042493 2
2649303 3220880 1
2649303 4084711 4
2649303 5677848 4
2999798 3220880 1
2999798 4084711 3
2999798 5677848 3
3220880 3424319 1
3220880 4084711 1
3220880 4886098 1
3220880 5001865 1
3220880 5677848 1
3220880 6309708 1
3220880 6558633 1
3220880 6997882 1
3220880 7050286 1
3220880 8042493 1
3424319 4084711 4
3424319 5677848 3
4084711 4886098 4
4084711 5001865 3
4084711 5677848 2
4084711 6309708 1
4084711 6558633 2
4084711 6997882 3
4084711 7050286 4
4084711 8042493 2
4886098 5677848 4
5001865 5677848 3
5677848 6309708 1
5677848 6558633 2
5677848 6997882 2
5677848 7050286 4
5677848 8042493 2
2318528 2649303 3
2318528 2998021 1
2318528 3057983 1
2318528 3424319 3
2318528 3856654 2
2318528 3912926 3
2318528 3935721 1
2318528 4303181 3
2318528 5001865 2
2318528 6673216 1
2318528 7016590 1
2318528 7050286 3
2318528 7295752 2
2318528 7322075 1
2318528 7389880 1
2318528 7742125 2
2318528 8119516 1
2318528 8158779 1
2649303 2998021 1
2649303 3057983 1
2649303 3912926 5
2649303 3935721 2
2649303 6673216 1
2649303 7016590 1
2649303 7322075 3
2649303 7389880 1
2649303 7742125 2
2649303 8119516 1
2649303 8158779 1
2998021 3057983 1
2998021 3424319 1
2998021 3856654 1
2998021 3912926 1
2998021 3935721 1
2998021 4303181 1
2998021 5001865 1
2998021 6673216 1
2998021 7016590 1
2998021 7050286 1
2998021 7295752 1
2998021 7322075 1
2998021 7389880 1
2998021 7742125 1
2998021 8119516 1
2998021 8158779 1
3057983 3424319 1
3057983 3856654 1
3057983 3912926 1
3057983 3935721 1
3057983 4303181 1
3057983 5001865 1
3057983 6673216 1
3057983 7016590 1
3057983 7050286 1
3057983 7295752 1
3057983 7322075 1
3057983 7389880 1
3057983 7742125 1
3057983 8119516 1
3057983 8158779 1
3424319 3912926 5
3424319 3935721 2
3424319 6673216 1
3424319 7016590 1
3424319 7322075 3
3424319 7389880 1
3424319 7742125 2
3424319 8119516 1
3424319 8158779 1
3856654 3912926 3
3856654 3935721 1
3856654 6673216 1
3856654 7016590 1
3856654 7322075 2
3856654 7389880 1
3856654 7742125 1
3856654 8119516 1
3856654 8158779 1
3912926 3935721 2
3912926 4303181 5
3912926 5001865 4
3912926 6673216 1
3912926 7016590 1
3912926 7050286 5
3912926 7295752 3
3912926 7322075 3
3912926 7389880 1
3912926 7742125 2
3912926 8119516 1
3912926 8158779 1
3935721 4303181 2
3935721 5001865 2
3935721 6673216 1
3935721 7016590 1
3935721 7050286 2
3935721 7295752 1
3935721 7322075 2
3935721 7389880 1
3935721 7742125 1
3935721 8119516 1
3935721 8158779 1
4303181 6673216 1
4303181 7016590 1
4303181 7322075 3
4303181 7389880 1
4303181 7742125 2
4303181 8119516 1
4303181 8158779 1
5001865 6673216 1
5001865 7016590 1
5001865 7322075 3
5001865 7389880 1
5001865 7742125 2
5001865 8119516 1
5001865 8158779 1
6673216 7016590 1
6673216 7050286 1
6673216 7295752 1
6673216 7322075 1
6673216 7389880 1
6673216 7742125 1
6673216 8119516 1
6673216 8158779 1
7016590 7050286 1
7016590 7295752 1
7016590 7322075 1
7016590 7389880 1
7016590 7742125 1
7016590 8119516 1
7016590 8158779 1
7050286 7322075 3
7050286 7389880 1
7050286 7742125 2
7050286 8119516 1
7050286 8158779 1
7295752 7322075 2
7295752 7389880 1
7295752 7742125 1
7295752 8119516 1
7295752 8158779 1
7322075 7389880 1
7322075 7742125 1
7322075 8119516 1
7322075 8158779 1
7389880 7742125 1
7389880 8119516 1
7389880 8158779 1
7742125 8119516 1
7742125 8158779 1
8119516 8158779 1
615008 2318528 1
615008 2649303 1
615008 2999798 1
615008 3424319 2
615008 3856654 1
615008 3912926 1
615008 4084711 1
615008 4159233 1
615008 4197108 1
615008 4303181 1
615008 4561099 1
615008 4603276 1
615008 4628890 2
615008 4665928 1
615008 4886098 2
615008 4891606 2
615008 4974904 1
615008 5158223 1
615008 5677848 1
615008 5846755 1
615008 7050286 1
615008 7295752 1
615008 7995969 1
615008 8042493 1
2318528 2999798 2
2318528 4084711 2
2318528 4159233 2
2318528 4197108 1
2318528 4561099 2
2318528 4603276 2
2318528 4628890 1
2318528 4665928 2
2318528 4886098 2
2318528 4891606 1
2318528 4974904 2
2318528 5158223 2
2318528 5677848 1
2318528 5846755 2
2318528 7995969 1
2318528 8042493 1
2649303 4891606 1
2649303 7995969 1
2999798 3912926 3
2999798 4891606 1
2999798 7995969 1
3424319 4891606 1
3424319 7995969 1
3856654 4084711 1
3856654 4891606 1
3856654 5677848 2
3856654 7995969 1
3912926 4084711 3
3912926 4159233 4
3912926 4197108 3
3912926 4561099 3
3912926 4603276 4
3912926 4628890 1
3912926 4665928 3
3912926 4886098 4
3912926 4891606 1
3912926 4974904 2
3912926 5158223 4
3912926 5677848 2
3912926 5846755 2
3912926 7995969 1
3912926 8042493 1
4084711 4159233 3
4084711 4197108 2
4084711 4303181 3
4084711 4561099 2
4084711 4603276 3
4084711 4628890 1
4084711 4665928 2
4084711 4891606 1
4084711 4974904 2
4084711 5158223 3
4084711 5846755 2
4084711 7295752 1
4084711 7995969 1
4159233 4891606 1
4159233 5677848 2
4159233 7995969 1
4197108 4891606 1
4197108 5677848 2
4197108 7995969 1
4303181 4891606 1
4303181 5677848 3
4303181 7995969 1
4561099 4891606 1
4561099 5677848 2
4561099 7995969 1
4603276 4891606 1
4603276 5677848 2
4603276 7995969 1
4628890 4891606 1
4628890 5677848 1
4628890 7995969 1
4665928 4891606 1
4665928 5677848 2
4665928 7995969 1
4886098 4891606 1
4886098 7995969 1
4891606 4974904 1
4891606 5158223 1
4891606 5677848 1
4891606 5846755 1
4891606 7050286 1
4891606 7295752 1
4891606 7995969 1
4891606 8042493 1
4974904 5677848 1
4974904 7995969 1
5158223 5677848 2
5158223 7995969 1
5677848 5846755 2
5677848 7295752 2
5677848 7995969 1
5846755 7995969 1
7050286 7995969 1
7295752 7995969 1
7995969 8042493 1
98484 3639796 2
98484 3912926 3
98484 4406648 2
98484 5677848 1
98484 7322075 2
1401121 3639796 1
1401121 3912926 3
1401121 4406648 2
1401121 5677848 1
1401121 7322075 2
2649303 3639796 1
2649303 4406648 2
2999798 3639796 1
2999798 4406648 1
2999798 7322075 1
3187044 3639796 1
3187044 3912926 2
3187044 4406648 1
3187044 5677848 1
3187044 7322075 1
3424319 3639796 1
3424319 4406648 2
3546025 3639796 1
3546025 3912926 1
3546025 4406648 1
3546025 5677848 1
3546025 7322075 1
3639796 3856654 1
3639796 3904890 1
3639796 3912926 1
3639796 3947683 2
3639796 4159233 1
3639796 4197108 1
3639796 4303181 1
3639796 4406648 1
3639796 4561099 1
3639796 4603276 1
3639796 4665928 1
3639796 4747841 2
3639796 4886098 1
3639796 5001865 2
3639796 5158223 1
3639796 5677848 1
3639796 6558633 1
3639796 6997882 1
3639796 7050286 1
3639796 7295752 1
3639796 7322075 1
3856654 4406648 1
3904890 3912926 3
3904890 4406648 2
3904890 5677848 1
3904890 7322075 2
3912926 3947683 2
3912926 4406648 2
3912926 4747841 3
3912926 6558633 2
3912926 6997882 3
3947683 4406648 1
3947683 5677848 1
3947683 7322075 1
4159233 4406648 2
4159233 7322075 2
4197108 4406648 2
4197108 7322075 2
4303181 4406648 2
4406648 4561099 1
4406648 4603276 2
4406648 4665928 1
4406648 4747841 2
4406648 4886098 2
4406648 5001865 2
4406648 5158223 2
4406648 5677848 1
4406648 6558633 2
4406648 6997882 2
4406648 7050286 2
4406648 7295752 1
4406648 7322075 2
4561099 7322075 1
4603276 7322075 2
4665928 7322075 1
4747841 5677848 1
4747841 7322075 2
4886098 7322075 2
5158223 7322075 2
5677848 7322075 1
6558633 7322075 2
6997882 7322075 2
98484 2318528 1
98484 3015490 1
98484 3075998 1
98484 4084711 2
98484 6402947 3
98484 7742125 1
98484 8345015 1
1401121 2318528 1
1401121 3015490 1
1401121 3075998 1
1401121 4084711 2
1401121 6402947 2
1401121 7742125 1
1401121 8345015 1
2318528 2566417 1
2318528 2678925 1
2318528 3015490 1
2318528 3075998 1
2318528 3187044 1
2318528 3904890 1
2318528 3947683 1
2318528 4747841 1
2318528 4885240 1
2318528 5913830 1
2318528 6402947 1
2318528 6997882 1
2318528 8345015 1
2566417 3015490 1
2566417 3075998 1
2566417 3912926 1
2566417 4084711 1
2566417 6402947 1
2566417 7742125 1
2566417 8345015 1
2649303 3015490 1
2649303 3075998 1
2649303 6402947 3
2649303 8345015 2
2678925 3015490 1
2678925 3075998 1
2678925 3912926 2
2678925 4084711 2
2678925 6402947 3
2678925 7742125 1
2678925 8345015 1
2999798 3015490 1
2999798 3075998 1
2999798 6402947 1
2999798 7742125 1
2999798 8345015 1
3015490 3075998 1
3015490 3187044 1
3015490 3424319 1
3015490 3904890 1
3015490 3912926 1
3015490 3947683 1
3015490 4084711 1
3015490 4159233 1
3015490 4303181 1
3015490 4561099 1
3015490 4603276 1
3015490 4665928 1
3015490 4747841 1
3015490 4885240 1
3015490 4886098 1
3015490 4974904 1
3015490 5001865 1
3015490 5158223 1
3015490 5846755 1
3015490 5913830 1
3015490 6402947 1
3015490 6997882 1
3015490 7050286 1
3015490 7742125 1
3015490 8345015 1
3075998 3187044 1
3075998 3424319 1
3075998 3904890 1
3075998 3912926 1
3075998 3947683 1
3075998 4084711 1
3075998 4159233 1
3075998 4303181 1
3075998 4561099 1
3075998 4603276 1
3075998 4665928 1
3075998 4747841 1
3075998 4885240 1
3075998 4886098 1
3075998 4974904 1
3075998 5001865 1
3075998 5158223 1
3075998 5846755 1
3075998 5913830 1
3075998 6402947 1
3075998 6997882 1
3075998 7050286 1
3075998 7742125 1
3075998 8345015 1
3187044 4084711 1
3187044 6402947 1
3187044 7742125 1
3187044 8345015 1
3424319 6402947 2
3424319 8345015 1
3904890 4084711 2
3904890 6402947 2
3904890 7742125 1
3904890 8345015 1
3912926 4885240 1
3912926 5913830 1
3912926 6402947 2
3912926 8345015 1
3947683 4084711 1
3947683 6402947 2
3947683 7742125 1
3947683 8345015 1
4084711 4747841 2
4084711 4885240 1
4084711 5913830 1
4084711 6402947 2
4084711 7742125 1
4084711 8345015 1
4159233 6402947 2
4159233 7742125 1
4159233 8345015 1
4303181 6402947 3
4303181 8345015 2
4561099 6402947 1
4561099 7742125 1
4561099 8345015 1
4603276 6402947 2
4603276 7742125 1
4603276 8345015 1
4665928 6402947 1
4665928 7742125 1
4665928 8345015 1
4747841 6402947 3
4747841 7742125 1
4747841 8345015 1
4885240 6402947 2
4885240 7742125 1
4885240 8345015 2
4886098 6402947 3
4886098 7742125 1
4886098 8345015 2
4974904 6402947 1
4974904 7742125 1
4974904 8345015 1
5001865 6402947 4
5001865 8345015 2
5158223 6402947 2
5158223 7742125 1
5158223 8345015 1
5846755 6402947 2
5846755 7742125 1
5846755 8345015 2
5913830 6402947 1
5913830 7742125 1
5913830 8345015 1
6402947 6997882 2
6402947 7050286 3
6402947 7742125 1
6402947 8345015 2
6997882 7742125 1
6997882 8345015 1
7050286 8345015 2
7742125 8345015 1
98484 3935721 1
98484 5136505 2
98484 5231436 1
98484 5300352 1
98484 7359482 2
98484 8291779 2
1401121 3935721 1
1401121 5136505 1
1401121 5231436 1
1401121 5300352 1
1401121 7359482 1
1401121 8291779 1
2649303 5136505 1
2649303 5231436 1
2649303 5300352 1
2649303 7359482 1
2649303 8291779 1
2678925 3935721 1
2678925 4406648 1
2678925 5136505 1
2678925 5231436 1
2678925 5300352 1
2678925 7322075 1
2678925 7359482 2
2678925 8291779 1
3424319 5136505 2
3424319 5231436 1
3424319 5300352 1
3424319 7359482 1
3424319 8291779 2
3904890 3935721 1
3904890 5136505 1
3904890 5231436 1
3904890 5300352 1
3904890 7359482 1
3904890 8291779 1
3912926 5136505 1
3912926 5231436 1
3912926 5300352 1
3912926 7359482 1
3912926 8291779 1
3935721 4084711 1
3935721 4159233 1
3935721 4197108 1
3935721 4406648 1
3935721 4603276 1
3935721 4747841 1
3935721 4886098 1
3935721 5136505 1
3935721 5158223 1
3935721 5231436 1
3935721 5300352 1
3935721 6402947 1
3935721 6558633 1
3935721 6997882 1
3935721 7359482 1
3935721 8291779 1
4084711 4406648 1
4084711 5136505 1
4084711 5231436 1
4084711 5300352 1
4084711 7322075 1
4084711 7359482 1
4084711 8291779 1
4159233 5136505 1
4159233 5231436 1
4159233 5300352 1
4159233 7359482 1
4159233 8291779 1
4197108 5136505 1
4197108 5231436 1
4197108 5300352 1
4197108 6402947 1
4197108 7359482 1
4197108 8291779 1
4303181 5136505 1
4303181 5231436 1
4303181 5300352 1
4303181 7359482 1
4303181 8291779 1
4406648 5136505 1
4406648 5231436 1
4406648 5300352 1
4406648 6402947 1
4406648 7359482 1
4406648 8291779 1
4603276 5136505 1
4603276 5231436 1
4603276 5300352 1
4603276 7359482 1
4603276 8291779 1
4747841 5136505 1
4747841 5231436 1
4747841 5300352 1
4747841 7359482 2
4747841 8291779 1
4886098 5136505 2
4886098 5231436 1
4886098 5300352 1
4886098 7359482 1
4886098 8291779 2
5001865 5136505 2
5001865 5231436 1
5001865 5300352 1
5001865 7359482 2
5001865 8291779 2
5136505 5158223 1
5136505 5231436 1
5136505 5300352 1
5136505 6402947 1
5136505 6558633 1
5136505 6997882 1
5136505 7050286 1
5136505 7322075 1
5136505 7359482 1
5136505 8291779 2
5158223 5231436 1
5158223 5300352 1
5158223 7359482 1
5158223 8291779 1
5231436 5300352 1
5231436 6402947 1
5231436 6558633 1
5231436 6997882 1
5231436 7050286 1
5231436 7322075 1
5231436 7359482 1
5231436 8291779 1
5300352 6402947 1
5300352 6558633 1
5300352 6997882 1
5300352 7050286 1
5300352 7322075 1
5300352 7359482 1
5300352 8291779 1
6402947 6558633 1
6402947 7322075 1
6402947 7359482 2
6402947 8291779 1
6558633 7359482 1
6558633 8291779 1
6997882 7359482 1
6997882 8291779 1
7050286 7359482 1
7050286 8291779 1
7322075 7359482 1
7322075 8291779 1
7359482 8291779 1
98484 615008 2
98484 1602608 1
98484 4891606 1
615008 1602608 1
615008 2678925 1
615008 3639796 1
615008 3947683 1
615008 4747841 1
615008 5001865 2
615008 6402947 1
615008 7359482 1
1602608 2678925 1
1602608 3639796 1
1602608 3947683 1
1602608 4747841 1
1602608 4891606 1
1602608 5001865 1
1602608 6402947 1
1602608 7359482 1
2678925 3639796 1
2678925 4891606 1
3639796 4891606 1
3639796 6402947 1
3639796 7359482 1
3947683 4891606 1
3947683 7359482 1
4747841 4891606 1
4891606 5001865 1
4891606 6402947 1
4891606 7359482 1
4885240 5677848 1
5677848 6402947 1
5677848 8345015 1
98484 2611923 1
98484 7538630 1
615008 2611923 1
615008 4885240 1
615008 5136505 1
615008 7538630 1
615008 8291779 1
2611923 3424319 1
2611923 4628890 1
2611923 4885240 1
2611923 4886098 1
2611923 5001865 1
2611923 5136505 1
2611923 7538630 1
2611923 8291779 1
3424319 7538630 1
4628890 5136505 1
4628890 7538630 1
4628890 8291779 1
4885240 5136505 1
4885240 7538630 1
4885240 8291779 1
4886098 7538630 1
5001865 7538630 1
5136505 7538630 1
7538630 8291779 1
