5760002 4445443 9704070 7228808 7230346 4404107 5669899 9138060 7418382 8030608 8782356 8247445 7973527 9908633 2179482 9792027 7969307 9104413 6557474 4605479 9520425 4401321 7924907 8022960 6519221 9845175 7140667 9618621 6810822 3144393 3321675 6871500 7056845 9413458 9984979 7828437 9592533 7982424 9175897 6600282 7796700 7439070 5045216 3148384 7558882 7544295 6876395 7966063 6740341 10011510 10038134 7678840 3779962 3243388
3243388 3321675 1
3243388 4445443 3
3243388 4605479 1
3243388 5045216 1
3243388 5760002 1
3243388 7418382 3
3243388 7439070 1
3243388 7973527 1
3243388 9520425 1
3243388 9618621 1
3243388 9704070 1
3243388 9845175 1
3243388 9908633 1
3243388 10011510 1
3321675 4445443 1
3321675 4605479 1
3321675 5045216 1
3321675 5760002 1
3321675 7418382 1
3321675 7439070 1
3321675 7973527 1
3321675 9520425 1
3321675 9618621 1
3321675 9704070 1
3321675 9845175 1
3321675 9908633 1
3321675 10011510 1
4445443 4605479 1
4445443 5045216 1
4445443 5760002 1
4445443 7418382 5
4445443 7439070 2
4445443 7973527 1
4445443 9520425 4
4445443 9618621 1
4445443 9704070 1
4445443 9845175 2
4445443 9908633 3
4445443 10011510 3
4605479 5045216 1
4605479 5760002 1
4605479 7418382 1
4605479 7439070 1
4605479 7973527 1
4605479 9520425 1
4605479 9618621 1
4605479 9704070 1
4605479 9845175 1
4605479 9908633 1
4605479 10011510 1
5045216 5760002 1
5045216 7418382 1
5045216 7439070 1
5045216 7973527 1
5045216 9520425 1
5045216 9618621 1
5045216 9704070 1
5045216 9845175 1
5045216 9908633 1
5045216 10011510 1
5760002 7418382 1
5760002 7439070 1
5760002 7973527 1
5760002 9520425 1
5760002 9618621 1
5760002 9704070 1
5760002 9845175 1
5760002 9908633 1
5760002 10011510 1
7418382 7439070 2
7418382 7973527 1
7418382 9520425 3
7418382 9618621 1
7418382 9704070 1
7418382 9845175 1
7418382 9908633 2
7418382 10011510 2
7439070 7973527 1
7439070 9520425 2
7439070 9618621 1
7439070 9704070 1
7439070 9845175 1
7439070 9908633 2
7439070 10011510 2
7973527 9520425 1
7973527 9618621 1
7973527 9704070 1
7973527 9845175 1
7973527 9908633 1
7973527 10011510 1
9520425 9618621 1
9520425 9704070 1
9520425 9845175 1
9520425 9908633 3
9520425 10011510 2
9618621 9704070 1
9618621 9845175 1
9618621 9908633 1
9618621 10011510 1
9704070 9845175 1
9704070 9908633 1
9704070 10011510 1
9845175 9908633 1
9845175 10011510 1
9908633 10011510 2
4404107 4445443 1
4404107 10011510 1
3144393 3243388 2
3144393 3779962 2
3144393 4445443 2
3144393 5669899 2
3144393 6557474 1
3144393 6740341 1
3144393 6871500 1
3144393 6876395 1
3144393 7418382 2
3144393 7966063 2
3144393 9104413 1
3144393 9792027 2
3144393 10038134 1
3243388 3779962 2
3243388 5669899 2
3243388 6557474 1
3243388 6740341 1
3243388 6871500 1
3243388 6876395 1
3243388 7966063 2
3243388 9104413 1
3243388 9792027 2
3243388 10038134 1
3779962 4445443 5
3779962 5669899 3
3779962 6557474 1
3779962 6740341 2
3779962 6871500 1
3779962 6876395 1
3779962 7418382 4
3779962 7966063 2
3779962 9104413 1
3779962 9792027 2
3779962 10038134 1
4445443 5669899 3
4445443 6557474 1
4445443 6740341 2
4445443 6871500 1
4445443 6876395 1
4445443 7966063 2
4445443 9104413 1
4445443 9792027 2
4445443 10038134 1
5669899 6557474 1
5669899 6740341 1
5669899 6871500 1
5669899 6876395 1
5669899 7418382 3
5669899 7966063 2
5669899 9104413 1
5669899 9792027 2
5669899 10038134 1
6557474 6740341 1
6557474 6871500 1
6557474 6876395 1
6557474 7418382 1
6557474 7966063 1
6557474 9104413 1
6557474 9792027 1
6557474 10038134 1
6740341 6871500 1
6740341 6876395 1
6740341 7418382 1
6740341 7966063 1
6740341 9104413 1
6740341 9792027 1
6740341 10038134 1
6871500 6876395 1
6871500 7418382 1
6871500 7966063 1
6871500 9104413 1
6871500 9792027 1
6871500 10038134 1
6876395 7418382 1
6876395 7966063 1
6876395 9104413 1
6876395 9792027 1
6876395 10038134 1
7418382 7966063 2
7418382 9104413 1
7418382 9792027 2
7418382 10038134 1
7966063 9104413 1
7966063 9792027 2
7966063 10038134 1
9104413 9792027 1
9104413 10038134 1
9792027 10038134 1
3144393 6810822 1
3144393 7544295 1
3144393 7828437 1
3144393 8022960 1
3144393 8247445 1
3144393 9413458 1
3243388 6810822 1
3243388 7544295 1
3243388 7828437 1
3243388 8022960 1
3243388 8247445 1
3243388 9413458 1
3779962 6810822 1
3779962 7544295 1
3779962 7828437 1
3779962 8022960 3
3779962 8247445 1
3779962 9413458 1
4445443 6810822 1
4445443 7544295 1
4445443 7828437 1
4445443 8022960 3
4445443 8247445 1
4445443 9413458 1
5669899 6810822 1
5669899 7544295 1
5669899 7828437 1
5669899 8022960 2
5669899 8247445 1
5669899 9413458 1
6810822 7418382 1
6810822 7544295 1
6810822 7828437 1
6810822 7966063 1
6810822 8022960 1
6810822 8247445 1
6810822 9413458 1
6810822 9792027 1
7418382 7544295 1
7418382 7828437 1
7418382 8022960 3
7418382 8247445 1
7418382 9413458 1
7544295 7828437 1
7544295 7966063 1
7544295 8022960 1
7544295 8247445 1
7544295 9413458 1
7544295 9792027 1
7828437 7966063 1
7828437 8022960 1
7828437 8247445 1
7828437 9413458 1
7828437 9792027 1
7966063 8022960 1
7966063 8247445 1
7966063 9413458 1
8022960 8247445 1
8022960 9413458 1
8022960 9792027 1
8247445 9413458 1
8247445 9792027 1
9413458 9792027 1
3148384 3779962 2
3148384 4401321 2
3148384 4445443 2
3148384 6740341 1
3148384 7230346 2
3148384 7558882 2
3148384 7982424 1
3148384 8782356 1
3148384 9520425 2
3148384 9908633 2
3148384 9984979 2
3779962 4401321 2
3779962 7230346 2
3779962 7558882 3
3779962 7982424 1
3779962 8782356 1
3779962 9520425 3
3779962 9908633 2
3779962 9984979 2
4401321 4445443 2
4401321 6740341 1
4401321 7230346 2
4401321 7558882 2
4401321 7982424 1
4401321 8782356 1
4401321 9520425 2
4401321 9908633 2
4401321 9984979 2
4445443 7230346 2
4445443 7558882 3
4445443 7982424 1
4445443 8782356 1
4445443 9984979 2
6740341 7230346 1
6740341 7558882 1
6740341 7982424 1
6740341 8782356 1
6740341 9520425 1
6740341 9908633 1
6740341 9984979 1
7230346 7558882 2
7230346 7982424 1
7230346 8782356 1
7230346 9520425 2
7230346 9908633 2
7230346 9984979 2
7558882 7982424 1
7558882 8782356 1
7558882 9520425 3
7558882 9908633 2
7558882 9984979 2
7982424 8782356 1
7982424 9520425 1
7982424 9908633 1
7982424 9984979 1
8782356 9520425 1
8782356 9908633 1
8782356 9984979 1
9520425 9984979 2
9908633 9984979 2
2179482 3148384 1
2179482 3779962 1
2179482 4401321 1
2179482 4445443 1
2179482 6519221 1
2179482 7230346 1
2179482 7418382 1
2179482 7439070 1
2179482 7558882 1
2179482 7796700 1
2179482 7924907 1
2179482 8022960 1
2179482 8030608 1
2179482 9175897 1
2179482 9520425 1
2179482 9908633 1
2179482 9984979 1
2179482 10011510 1
3148384 6519221 1
3148384 7418382 1
3148384 7439070 1
3148384 7796700 1
3148384 7924907 1
3148384 8022960 1
3148384 8030608 1
3148384 9175897 1
3148384 10011510 1
3779962 6519221 1
3779962 7439070 1
3779962 7796700 1
3779962 7924907 2
3779962 8030608 1
3779962 9175897 1
3779962 10011510 1
4401321 6519221 1
4401321 7418382 1
4401321 7439070 1
4401321 7796700 1
4401321 7924907 1
4401321 8022960 1
4401321 8030608 1
4401321 9175897 1
4401321 10011510 1
4445443 6519221 1
4445443 7796700 1
4445443 7924907 2
4445443 8030608 1
4445443 9175897 1
6519221 7230346 1
6519221 7418382 1
6519221 7439070 1
6519221 7558882 1
6519221 7796700 1
6519221 7924907 1
6519221 8022960 1
6519221 8030608 1
6519221 9175897 1
6519221 9520425 1
6519221 9908633 1
6519221 9984979 1
6519221 10011510 1
7230346 7418382 1
7230346 7439070 1
7230346 7796700 1
7230346 7924907 1
7230346 8022960 1
7230346 8030608 1
7230346 9175897 1
7230346 10011510 1
7418382 7558882 2
7418382 7796700 1
7418382 7924907 2
7418382 8030608 1
7418382 9175897 1
7418382 9984979 1
7439070 7558882 1
7439070 7796700 1
7439070 7924907 1
7439070 8022960 1
7439070 8030608 1
7439070 9175897 1
7439070 9984979 1
7558882 7796700 1
7558882 7924907 2
7558882 8022960 2
7558882 8030608 1
7558882 9175897 1
7558882 10011510 1
7796700 7924907 1
7796700 8022960 1
7796700 8030608 1
7796700 9175897 1
7796700 9520425 1
7796700 9908633 1
7796700 9984979 1
7796700 10011510 1
7924907 8022960 2
7924907 8030608 1
7924907 9175897 1
7924907 9520425 2
7924907 9908633 1
7924907 9984979 1
7924907 10011510 1
8022960 8030608 1
8022960 9175897 1
8022960 9520425 2
8022960 9908633 1
8022960 9984979 1
8022960 10011510 1
8030608 9175897 1
8030608 9520425 1
8030608 9908633 1
8030608 9984979 1
8030608 10011510 1
9175897 9520425 1
9175897 9908633 1
9175897 9984979 1
9175897 10011510 1
9984979 10011510 1
4445443 7056845 2
4445443 7228808 1
4445443 7969307 1
7056845 7228808 1
7056845 7969307 1
7056845 9845175 1
7228808 7969307 1
7228808 9845175 1
7969307 9845175 1
3779962 6600282 1
3779962 7056845 1
3779962 7140667 1
3779962 7678840 1
3779962 9138060 1
3779962 9592533 1
4445443 6600282 1
4445443 7140667 1
4445443 7678840 1
4445443 9138060 1
4445443 9592533 1
5669899 6600282 1
5669899 7056845 1
5669899 7140667 1
5669899 7558882 1
5669899 7678840 1
5669899 7924907 1
5669899 9138060 1
5669899 9520425 1
5669899 9592533 1
6600282 7056845 1
6600282 7140667 1
6600282 7418382 1
6600282 7558882 1
6600282 7678840 1
6600282 7924907 1
6600282 8022960 1
6600282 9138060 1
6600282 9520425 1
6600282 9592533 1
7056845 7140667 1
7056845 7418382 1
7056845 7558882 1
7056845 7678840 1
7056845 7924907 1
7056845 8022960 1
7056845 9138060 1
7056845 9520425 1
7056845 9592533 1
7140667 7418382 1
7140667 7558882 1
7140667 7678840 1
7140667 7924907 1
7140667 8022960 1
7140667 9138060 1
7140667 9520425 1
7140667 9592533 1
7418382 7678840 1
7418382 9138060 1
7418382 9592533 1
7558882 7678840 1
7558882 9138060 1
7558882 9592533 1
7678840 7924907 1
7678840 8022960 1
7678840 9138060 1
7678840 9520425 1
7678840 9592533 1
7924907 9138060 1
7924907 9592533 1
8022960 9138060 1
8022960 9592533 1
9138060 9520425 1
9138060 9592533 1
9520425 9592533 1
