5669899 7418382 12671503 10264593 3896852 7504409 9104413 11956767 6753316 4605479 7811627 11639860 12425301 8055899 12516975 10649712 11487858 12693112 8142968 5481599 6935168 12147332 9353356 11184785 9646740 7973527 4642455 7913118 9561248 5186245 12516568 9651931 11002082 12762338 11632358 12764919 12730109 4891903 4445443 12380932 12587273 9460492 3042573 8065806 9795861 12254487 3540766 12764969 12771114 9520425 7527727 7140667 10883900 12629822 10011968 3321675 9413458 12400469 11157335 10199903 5579112 12799337 12696939 10164085 10038134 6740341 12735350 3243388 12424574 7230346 4404107 12576651 8417170 12445077 9908633 12662684 859551 12225952 9039778 7362467 7368619 7879085 11228592 12423092 6519221 9845175 4040123 12348863 9587649 7056845 12530125 12027859 12618201 7796700 8280543 5045216 12663779 12769764 8331238 4562410 11873775 7648752 7709693
4445443 5045216 2
4445443 5669899 4
4445443 7362467 2
4445443 9908633 2
4445443 11632358 2
4445443 12380932 1
4445443 12424574 1
4445443 12662684 5
4445443 12663779 2
4445443 12771114 3
5045216 5669899 1
5045216 7362467 1
5045216 9908633 1
5045216 11632358 1
5045216 12380932 1
5045216 12424574 1
5045216 12662684 2
5045216 12663779 2
5045216 12771114 2
5669899 7362467 1
5669899 9908633 2
5669899 11632358 2
5669899 12380932 1
5669899 12424574 1
5669899 12662684 2
5669899 12663779 1
5669899 12771114 1
7362467 9908633 1
7362467 11632358 1
7362467 12380932 1
7362467 12424574 1
7362467 12662684 2
7362467 12663779 1
7362467 12771114 1
9908633 11632358 1
9908633 12380932 1
9908633 12424574 1
9908633 12662684 1
9908633 12663779 1
9908633 12771114 1
11632358 12380932 1
11632358 12424574 1
11632358 12662684 2
11632358 12663779 1
11632358 12771114 1
12380932 12424574 1
12380932 12662684 1
12380932 12663779 1
12380932 12771114 1
12424574 12662684 1
12424574 12663779 1
12424574 12771114 1
12662684 12663779 2
12662684 12771114 2
12663779 12771114 2
3042573 3243388 1
3042573 3540766 1
3042573 4404107 1
3042573 4445443 1
3042573 5045216 1
3042573 7056845 1
3042573 7527727 1
3042573 7648752 1
3042573 8055899 1
3042573 8142968 1
3042573 8417170 1
3042573 9413458 1
3042573 10038134 1
3042573 10164085 1
3042573 10264593 1
3042573 11002082 1
3042573 11157335 1
3042573 11956767 1
3042573 12027859 1
3042573 12225952 1
3042573 12423092 1
3042573 12576651 1
3042573 12587273 1
3042573 12618201 1
3042573 12662684 1
3042573 12663779 1
3042573 12693112 1
3042573 12730109 1
3042573 12771114 1
3243388 3540766 3
3243388 4404107 2
3243388 4445443 6
3243388 5045216 1
3243388 7056845 4
3243388 7527727 2
3243388 7648752 1
3243388 8055899 3
3243388 8142968 4
3243388 8417170 2
3243388 9413458 3
3243388 10038134 2
3243388 10164085 1
3243388 10264593 2
3243388 11002082 3
3243388 11157335 2
3243388 11956767 1
3243388 12027859 1
3243388 12225952 4
3243388 12423092 4
3243388 12576651 2
3243388 12587273 2
3243388 12618201 1
3243388 12662684 3
3243388 12663779 1
3243388 12693112 1
3243388 12730109 1
3243388 12771114 2
3540766 4404107 2
3540766 4445443 3
3540766 5045216 1
3540766 7056845 3
3540766 7527727 2
3540766 7648752 1
3540766 8055899 3
3540766 8142968 3
3540766 8417170 1
3540766 9413458 3
3540766 10038134 2
3540766 10164085 1
3540766 10264593 2
3540766 11002082 2
3540766 11157335 1
3540766 11956767 1
3540766 12027859 1
3540766 12225952 3
3540766 12423092 3
3540766 12576651 2
3540766 12587273 2
3540766 12618201 1
3540766 12662684 1
3540766 12663779 1
3540766 12693112 1
3540766 12730109 1
3540766 12771114 2
4404107 4445443 2
4404107 5045216 1
4404107 7056845 2
4404107 7527727 2
4404107 7648752 1
4404107 8055899 2
4404107 8142968 2
4404107 8417170 1
4404107 9413458 2
4404107 10038134 2
4404107 10164085 1
4404107 10264593 2
4404107 11002082 2
4404107 11157335 1
4404107 11956767 1
4404107 12027859 1
4404107 12225952 2
4404107 12423092 2
4404107 12576651 1
4404107 12587273 1
4404107 12618201 1
4404107 12662684 1
4404107 12663779 1
4404107 12693112 1
4404107 12730109 1
4404107 12771114 1
4445443 7056845 5
4445443 7527727 2
4445443 7648752 1
4445443 8055899 4
4445443 8142968 4
4445443 8417170 4
4445443 9413458 3
4445443 10038134 2
4445443 10164085 1
4445443 10264593 2
4445443 11002082 4
4445443 11157335 2
4445443 11956767 1
4445443 12027859 1
4445443 12225952 5
4445443 12423092 4
4445443 12576651 2
4445443 12587273 2
4445443 12618201 1
4445443 12693112 1
4445443 12730109 1
5045216 7056845 1
5045216 7527727 1
5045216 7648752 1
5045216 8055899 1
5045216 8142968 1
5045216 8417170 1
5045216 9413458 1
5045216 10038134 1
5045216 10164085 1
5045216 10264593 1
5045216 11002082 1
5045216 11157335 1
5045216 11956767 1
5045216 12027859 1
5045216 12225952 1
5045216 12423092 1
5045216 12576651 1
5045216 12587273 1
5045216 12618201 1
5045216 12693112 1
5045216 12730109 1
7056845 7527727 2
7056845 7648752 1
7056845 8055899 4
7056845 8142968 3
7056845 8417170 2
7056845 9413458 3
7056845 10038134 2
7056845 10164085 1
7056845 10264593 2
7056845 11002082 2
7056845 11157335 1
7056845 11956767 1
7056845 12027859 1
7056845 12225952 4
7056845 12423092 3
7056845 12576651 2
7056845 12587273 2
7056845 12618201 1
7056845 12662684 2
7056845 12663779 1
7056845 12693112 1
7056845 12730109 1
7056845 12771114 2
7527727 7648752 1
7527727 8055899 2
7527727 8142968 2
7527727 8417170 1
7527727 9413458 2
7527727 10038134 2
7527727 10164085 1
7527727 10264593 2
7527727 11002082 2
7527727 11157335 1
7527727 11956767 1
7527727 12027859 1
7527727 12225952 2
7527727 12423092 2
7527727 12576651 1
7527727 12587273 1
7527727 12618201 1
7527727 12662684 1
7527727 12663779 1
7527727 12693112 1
7527727 12730109 1
7527727 12771114 1
7648752 8055899 1
7648752 8142968 1
7648752 8417170 1
7648752 9413458 1
7648752 10038134 1
7648752 10164085 1
7648752 10264593 1
7648752 11002082 1
7648752 11157335 1
7648752 11956767 1
7648752 12027859 1
7648752 12225952 1
7648752 12423092 1
7648752 12576651 1
7648752 12587273 1
7648752 12618201 1
7648752 12662684 1
7648752 12663779 1
7648752 12693112 1
7648752 12730109 1
7648752 12771114 1
8055899 8142968 3
8055899 8417170 2
8055899 9413458 3
8055899 10038134 2
8055899 10164085 1
8055899 10264593 2
8055899 11002082 2
8055899 11157335 1
8055899 11956767 1
8055899 12027859 1
8055899 12225952 4
8055899 12423092 3
8055899 12576651 2
8055899 12587273 2
8055899 12618201 1
8055899 12662684 1
8055899 12663779 1
8055899 12693112 1
8055899 12730109 1
8055899 12771114 2
8142968 8417170 2
8142968 9413458 3
8142968 10038134 2
8142968 10164085 1
8142968 10264593 2
8142968 11002082 3
8142968 11157335 2
8142968 11956767 1
8142968 12027859 1
8142968 12225952 4
8142968 12423092 3
8142968 12576651 2
8142968 12587273 2
8142968 12618201 1
8142968 12662684 1
8142968 12663779 1
8142968 12693112 1
8142968 12730109 1
8142968 12771114 2
8417170 9413458 1
8417170 10038134 1
8417170 10164085 1
8417170 10264593 1
8417170 11002082 2
8417170 11157335 2
8417170 11956767 1
8417170 12027859 1
8417170 12225952 3
8417170 12423092 1
8417170 12576651 1
8417170 12587273 1
8417170 12618201 1
8417170 12662684 1
8417170 12663779 1
8417170 12693112 1
8417170 12730109 1
8417170 12771114 1
9413458 10038134 2
9413458 10164085 1
9413458 10264593 2
9413458 11002082 2
9413458 11157335 1
9413458 11956767 1
9413458 12027859 1
9413458 12225952 3
9413458 12423092 3
9413458 12576651 2
9413458 12587273 2
9413458 12618201 1
9413458 12662684 1
9413458 12663779 1
9413458 12693112 1
9413458 12730109 1
9413458 12771114 2
10038134 10164085 1
10038134 10264593 2
10038134 11002082 2
10038134 11157335 1
10038134 11956767 1
10038134 12027859 1
10038134 12225952 2
10038134 12423092 2
10038134 12576651 1
10038134 12587273 1
10038134 12618201 1
10038134 12662684 1
10038134 12663779 1
10038134 12693112 1
10038134 12730109 1
10038134 12771114 1
10164085 10264593 1
10164085 11002082 1
10164085 11157335 1
10164085 11956767 1
10164085 12027859 1
10164085 12225952 1
10164085 12423092 1
10164085 12576651 1
10164085 12587273 1
10164085 12618201 1
10164085 12662684 1
10164085 12663779 1
10164085 12693112 1
10164085 12730109 1
10164085 12771114 1
10264593 11002082 2
10264593 11157335 1
10264593 11956767 1
10264593 12027859 1
10264593 12225952 2
10264593 12423092 2
10264593 12576651 1
10264593 12587273 1
10264593 12618201 1
10264593 12662684 1
10264593 12663779 1
10264593 12693112 1
10264593 12730109 1
10264593 12771114 1
11002082 11157335 2
11002082 11956767 1
11002082 12027859 1
11002082 12225952 3
11002082 12423092 2
11002082 12576651 1
11002082 12587273 1
11002082 12618201 1
11002082 12662684 2
11002082 12663779 1
11002082 12693112 1
11002082 12730109 1
11002082 12771114 1
11157335 11956767 1
11157335 12027859 1
11157335 12225952 2
11157335 12423092 1
11157335 12576651 1
11157335 12587273 1
11157335 12618201 1
11157335 12662684 1
11157335 12663779 1
11157335 12693112 1
11157335 12730109 1
11157335 12771114 1
11956767 12027859 1
11956767 12225952 1
11956767 12423092 1
11956767 12576651 1
11956767 12587273 1
11956767 12618201 1
11956767 12662684 1
11956767 12663779 1
11956767 12693112 1
11956767 12730109 1
11956767 12771114 1
12027859 12225952 1
12027859 12423092 1
12027859 12576651 1
12027859 12587273 1
12027859 12618201 1
12027859 12662684 1
12027859 12663779 1
12027859 12693112 1
12027859 12730109 1
12027859 12771114 1
12225952 12423092 3
12225952 12576651 2
12225952 12587273 2
12225952 12618201 1
12225952 12662684 1
12225952 12663779 1
12225952 12693112 1
12225952 12730109 1
12225952 12771114 2
12423092 12576651 2
12423092 12587273 2
12423092 12618201 1
12423092 12662684 2
12423092 12663779 1
12423092 12693112 1
12423092 12730109 1
12423092 12771114 2
12576651 12587273 2
12576651 12618201 1
12576651 12662684 1
12576651 12663779 1
12576651 12693112 1
12576651 12730109 1
12576651 12771114 2
12587273 12618201 1
12587273 12662684 1
12587273 12663779 1
12587273 12693112 1
12587273 12730109 1
12587273 12771114 2
12618201 12662684 1
12618201 12663779 1
12618201 12693112 1
12618201 12730109 1
12618201 12771114 1
12662684 12693112 1
12662684 12730109 1
12663779 12693112 1
12663779 12730109 1
12693112 12730109 1
12693112 12771114 1
12730109 12771114 1
3321675 3896852 1
3321675 4445443 1
3321675 5481599 1
3321675 5669899 1
3321675 6740341 1
3321675 6935168 1
3321675 7230346 1
3321675 9587649 1
3321675 9795861 1
3321675 11002082 1
3321675 11632358 1
3321675 12445077 1
3321675 12516975 1
3321675 12662684 1
3321675 12696939 1
3321675 12764919 1
3321675 12764969 1
3896852 4445443 2
3896852 5481599 1
3896852 5669899 1
3896852 6740341 1
3896852 6935168 1
3896852 7230346 2
3896852 9587649 2
3896852 9795861 1
3896852 11002082 2
3896852 11632358 1
3896852 12445077 1
3896852 12516975 1
3896852 12662684 1
3896852 12696939 1
3896852 12764919 1
3896852 12764969 1
4445443 5481599 1
4445443 6740341 4
4445443 6935168 2
4445443 7230346 6
4445443 9587649 2
4445443 9795861 3
4445443 12445077 1
4445443 12516975 1
4445443 12696939 1
4445443 12764919 1
4445443 12764969 1
5481599 5669899 1
5481599 6740341 1
5481599 6935168 1
5481599 7230346 1
5481599 9587649 1
5481599 9795861 1
5481599 11002082 1
5481599 11632358 1
5481599 12445077 1
5481599 12516975 1
5481599 12662684 1
5481599 12696939 1
5481599 12764919 1
5481599 12764969 1
5669899 6740341 2
5669899 6935168 2
5669899 7230346 2
5669899 9587649 1
5669899 9795861 1
5669899 11002082 2
5669899 12445077 1
5669899 12516975 1
5669899 12696939 1
5669899 12764919 1
5669899 12764969 1
6740341 6935168 2
6740341 7230346 3
6740341 9587649 1
6740341 9795861 2
6740341 11002082 2
6740341 11632358 1
6740341 12445077 1
6740341 12516975 1
6740341 12662684 2
6740341 12696939 1
6740341 12764919 1
6740341 12764969 1
6935168 7230346 2
6935168 9587649 1
6935168 9795861 1
6935168 11002082 2
6935168 11632358 1
6935168 12445077 1
6935168 12516975 1
6935168 12662684 1
6935168 12696939 1
6935168 12764919 1
6935168 12764969 1
7230346 9587649 2
7230346 9795861 2
7230346 11002082 3
7230346 11632358 1
7230346 12445077 1
7230346 12516975 1
7230346 12662684 3
7230346 12696939 1
7230346 12764919 1
7230346 12764969 1
9587649 9795861 1
9587649 11002082 2
9587649 11632358 1
9587649 12445077 1
9587649 12516975 1
9587649 12662684 1
9587649 12696939 1
9587649 12764919 1
9587649 12764969 1
9795861 11002082 1
9795861 11632358 1
9795861 12445077 1
9795861 12516975 1
9795861 12662684 2
9795861 12696939 1
9795861 12764919 1
9795861 12764969 1
11002082 11632358 1
11002082 12445077 1
11002082 12516975 1
11002082 12696939 1
11002082 12764919 1
11002082 12764969 1
11632358 12445077 1
11632358 12516975 1
11632358 12696939 1
11632358 12764919 1
11632358 12764969 1
12445077 12516975 1
12445077 12662684 1
12445077 12696939 1
12445077 12764919 1
12445077 12764969 1
12516975 12662684 1
12516975 12696939 1
12516975 12764919 1
12516975 12764969 1
12662684 12696939 1
12662684 12764919 1
12662684 12764969 1
12696939 12764919 1
12696939 12764969 1
12764919 12764969 1
3243388 3896852 1
3243388 4891903 1
3243388 7230346 5
3243388 7368619 2
3243388 7796700 1
3243388 7811627 2
3243388 7973527 1
3243388 9353356 1
3243388 9587649 1
3243388 9646740 1
3243388 9845175 1
3243388 10011968 1
3243388 10649712 1
3243388 12769764 2
3540766 3896852 1
3540766 4891903 1
3540766 7230346 2
3540766 7368619 1
3540766 7796700 1
3540766 7811627 1
3540766 7973527 1
3540766 9353356 1
3540766 9587649 1
3540766 9646740 1
3540766 9845175 1
3540766 10011968 1
3540766 10649712 1
3540766 12769764 1
3896852 4404107 1
3896852 4891903 1
3896852 7056845 1
3896852 7368619 1
3896852 7527727 1
3896852 7796700 1
3896852 7811627 1
3896852 7973527 1
3896852 8055899 1
3896852 8142968 1
3896852 9353356 1
3896852 9413458 1
3896852 9646740 1
3896852 9845175 1
3896852 10011968 1
3896852 10038134 1
3896852 10264593 1
3896852 10649712 1
3896852 12225952 1
3896852 12423092 1
3896852 12769764 1
4404107 4891903 1
4404107 7230346 1
4404107 7368619 1
4404107 7796700 1
4404107 7811627 1
4404107 7973527 1
4404107 9353356 1
4404107 9587649 1
4404107 9646740 1
4404107 9845175 1
4404107 10011968 1
4404107 10649712 1
4404107 12769764 1
4445443 4891903 1
4445443 7368619 2
4445443 7796700 2
4445443 7811627 2
4445443 7973527 1
4445443 9353356 2
4445443 9646740 2
4445443 9845175 1
4445443 10011968 1
4445443 10649712 1
4445443 12769764 2
4891903 7056845 1
4891903 7230346 1
4891903 7368619 1
4891903 7527727 1
4891903 7796700 1
4891903 7811627 1
4891903 7973527 1
4891903 8055899 1
4891903 8142968 1
4891903 9353356 1
4891903 9413458 1
4891903 9587649 1
4891903 9646740 1
4891903 9845175 1
4891903 10011968 1
4891903 10038134 1
4891903 10264593 1
4891903 10649712 1
4891903 11002082 1
4891903 12225952 1
4891903 12423092 1
4891903 12769764 1
7056845 7230346 3
7056845 7368619 1
7056845 7796700 2
7056845 7811627 2
7056845 7973527 1
7056845 9353356 2
7056845 9587649 1
7056845 9646740 2
7056845 9845175 1
7056845 10011968 1
7056845 10649712 1
7056845 12769764 1
7230346 7368619 2
7230346 7527727 1
7230346 7796700 1
7230346 7811627 2
7230346 7973527 1
7230346 8055899 2
7230346 8142968 3
7230346 9353356 1
7230346 9413458 2
7230346 9646740 1
7230346 9845175 1
7230346 10011968 1
7230346 10038134 1
7230346 10264593 1
7230346 10649712 1
7230346 12225952 3
7230346 12423092 3
7230346 12769764 2
7368619 7527727 1
7368619 7796700 1
7368619 7811627 1
7368619 7973527 1
7368619 8055899 1
7368619 8142968 2
7368619 9353356 1
7368619 9413458 1
7368619 9587649 1
7368619 9646740 1
7368619 9845175 1
7368619 10011968 1
7368619 10038134 1
7368619 10264593 1
7368619 10649712 1
7368619 11002082 2
7368619 12225952 2
7368619 12423092 1
7368619 12769764 1
7527727 7796700 1
7527727 7811627 1
7527727 7973527 1
7527727 9353356 1
7527727 9587649 1
7527727 9646740 1
7527727 9845175 1
7527727 10011968 1
7527727 10649712 1
7527727 12769764 1
7796700 7811627 1
7796700 7973527 1
7796700 8055899 2
7796700 8142968 1
7796700 9353356 2
7796700 9413458 1
7796700 9587649 1
7796700 9646740 2
7796700 9845175 1
7796700 10011968 1
7796700 10038134 1
7796700 10264593 1
7796700 10649712 1
7796700 11002082 1
7796700 12225952 2
7796700 12423092 1
7796700 12769764 1
7811627 7973527 1
7811627 8055899 1
7811627 8142968 1
7811627 9353356 1
7811627 9413458 1
7811627 9587649 1
7811627 9646740 1
7811627 9845175 1
7811627 10011968 1
7811627 10038134 1
7811627 10264593 1
7811627 10649712 1
7811627 11002082 1
7811627 12225952 1
7811627 12423092 1
7811627 12769764 1
7973527 8055899 1
7973527 8142968 1
7973527 9353356 1
7973527 9413458 1
7973527 9587649 1
7973527 9646740 1
7973527 9845175 1
7973527 10011968 1
7973527 10038134 1
7973527 10264593 1
7973527 10649712 1
7973527 11002082 1
7973527 12225952 1
7973527 12423092 1
7973527 12769764 1
8055899 9353356 2
8055899 9587649 1
8055899 9646740 2
8055899 9845175 1
8055899 10011968 1
8055899 10649712 1
8055899 12769764 1
8142968 9353356 1
8142968 9587649 1
8142968 9646740 1
8142968 9845175 1
8142968 10011968 1
8142968 10649712 1
8142968 12769764 1
9353356 9413458 1
9353356 9587649 1
9353356 9646740 2
9353356 9845175 1
9353356 10011968 1
9353356 10038134 1
9353356 10264593 1
9353356 10649712 1
9353356 11002082 1
9353356 12225952 2
9353356 12423092 1
9353356 12769764 1
9413458 9587649 1
9413458 9646740 1
9413458 9845175 1
9413458 10011968 1
9413458 10649712 1
9413458 12769764 1
9587649 9646740 1
9587649 9845175 1
9587649 10011968 1
9587649 10038134 1
9587649 10264593 1
9587649 10649712 1
9587649 12225952 1
9587649 12423092 1
9587649 12769764 1
9646740 9845175 1
9646740 10011968 1
9646740 10038134 1
9646740 10264593 1
9646740 10649712 1
9646740 11002082 1
9646740 12225952 2
9646740 12423092 1
9646740 12769764 1
9845175 10011968 1
9845175 10038134 1
9845175 10264593 1
9845175 10649712 1
9845175 11002082 1
9845175 12225952 1
9845175 12423092 1
9845175 12769764 1
10011968 10038134 1
10011968 10264593 1
10011968 10649712 1
10011968 11002082 1
10011968 12225952 1
10011968 12423092 1
10011968 12769764 1
10038134 10649712 1
10038134 12769764 1
10264593 10649712 1
10264593 12769764 1
10649712 11002082 1
10649712 12225952 1
10649712 12423092 1
10649712 12769764 1
11002082 12769764 1
12225952 12769764 1
12423092 12769764 2
859551 3243388 1
859551 4445443 1
859551 7230346 1
859551 9520425 1
859551 9795861 1
859551 12400469 1
859551 12423092 1
859551 12662684 1
859551 12762338 1
859551 12769764 1
3243388 9520425 3
3243388 9795861 1
3243388 12400469 1
3243388 12762338 1
4445443 9520425 4
4445443 12400469 2
4445443 12762338 1
7230346 9520425 3
7230346 12400469 1
7230346 12762338 1
9520425 9795861 1
9520425 12400469 2
9520425 12423092 2
9520425 12662684 1
9520425 12762338 1
9520425 12769764 1
9795861 12400469 1
9795861 12423092 1
9795861 12762338 1
9795861 12769764 1
12400469 12423092 1
12400469 12662684 1
12400469 12762338 1
12400469 12769764 1
12423092 12762338 1
12662684 12762338 1
12662684 12769764 1
12762338 12769764 1
3243388 5579112 1
3243388 7504409 1
3243388 8280543 1
3243388 9104413 1
3243388 9460492 3
3243388 12516568 2
3243388 12671503 1
3540766 5579112 1
3540766 7504409 1
3540766 8280543 1
3540766 9104413 1
3540766 9460492 1
3540766 9520425 1
3540766 12516568 1
3540766 12671503 1
4445443 5579112 1
4445443 7504409 1
4445443 8280543 1
4445443 9104413 1
4445443 9460492 3
4445443 12516568 2
4445443 12671503 1
5579112 7056845 1
5579112 7230346 1
5579112 7504409 1
5579112 8055899 1
5579112 8142968 1
5579112 8280543 1
5579112 9104413 1
5579112 9413458 1
5579112 9460492 1
5579112 9520425 1
5579112 12225952 1
5579112 12423092 1
5579112 12516568 1
5579112 12576651 1
5579112 12587273 1
5579112 12671503 1
5579112 12771114 1
7056845 7504409 1
7056845 8280543 1
7056845 9104413 1
7056845 9460492 2
7056845 9520425 2
7056845 12516568 2
7056845 12671503 1
7230346 7504409 1
7230346 8280543 1
7230346 9104413 1
7230346 9460492 3
7230346 12516568 2
7230346 12576651 1
7230346 12587273 1
7230346 12671503 1
7230346 12771114 1
7504409 8055899 1
7504409 8142968 1
7504409 8280543 1
7504409 9104413 1
7504409 9413458 1
7504409 9460492 1
7504409 9520425 1
7504409 12225952 1
7504409 12423092 1
7504409 12516568 1
7504409 12576651 1
7504409 12587273 1
7504409 12671503 1
7504409 12771114 1
8055899 8280543 1
8055899 9104413 1
8055899 9460492 1
8055899 9520425 2
8055899 12516568 1
8055899 12671503 1
8142968 8280543 1
8142968 9104413 1
8142968 9460492 2
8142968 9520425 2
8142968 12516568 1
8142968 12671503 1
8280543 9104413 1
8280543 9413458 1
8280543 9460492 1
8280543 9520425 1
8280543 12225952 1
8280543 12423092 1
8280543 12516568 1
8280543 12576651 1
8280543 12587273 1
8280543 12671503 1
8280543 12771114 1
9104413 9413458 1
9104413 9460492 1
9104413 9520425 1
9104413 12225952 1
9104413 12423092 1
9104413 12516568 1
9104413 12576651 1
9104413 12587273 1
9104413 12671503 1
9104413 12771114 1
9413458 9460492 1
9413458 9520425 1
9413458 12516568 1
9413458 12671503 1
9460492 9520425 2
9460492 12225952 2
9460492 12423092 1
9460492 12516568 2
9460492 12576651 1
9460492 12587273 1
9460492 12671503 1
9460492 12771114 1
9520425 12225952 3
9520425 12516568 1
9520425 12576651 1
9520425 12587273 1
9520425 12671503 1
9520425 12771114 1
12225952 12516568 1
12225952 12671503 1
12423092 12516568 1
12423092 12671503 1
12516568 12576651 1
12516568 12587273 1
12516568 12671503 1
12516568 12771114 1
12576651 12671503 1
12587273 12671503 1
12671503 12771114 1
4445443 5186245 2
4445443 6519221 1
4445443 8331238 1
4445443 9039778 1
4445443 9651931 1
4445443 12348863 1
4445443 12425301 2
5186245 6519221 1
5186245 6740341 1
5186245 8331238 1
5186245 8417170 2
5186245 9039778 1
5186245 9651931 1
5186245 9795861 1
5186245 12348863 1
5186245 12425301 1
6519221 6740341 1
6519221 8331238 1
6519221 8417170 1
6519221 9039778 1
6519221 9651931 1
6519221 9795861 1
6519221 12348863 1
6519221 12425301 1
6740341 8331238 1
6740341 8417170 2
6740341 9039778 1
6740341 9651931 1
6740341 12348863 1
6740341 12425301 2
8331238 8417170 1
8331238 9039778 1
8331238 9651931 1
8331238 9795861 1
8331238 12348863 1
8331238 12425301 1
8417170 9039778 1
8417170 9651931 1
8417170 9795861 1
8417170 12348863 1
8417170 12425301 1
9039778 9651931 1
9039778 9795861 1
9039778 12348863 1
9039778 12425301 1
9651931 9795861 1
9651931 12348863 1
9651931 12425301 1
9795861 12348863 1
9795861 12425301 1
12348863 12425301 1
3243388 4605479 1
3243388 4642455 1
3243388 5669899 1
3243388 6740341 2
3243388 6753316 1
3243388 6935168 1
3243388 9908633 1
3243388 12254487 1
3243388 12530125 1
3243388 12629822 2
3243388 12735350 2
4445443 4605479 1
4445443 4642455 1
4445443 6753316 1
4445443 12254487 1
4445443 12530125 1
4445443 12629822 2
4445443 12735350 2
4605479 4642455 1
4605479 5669899 1
4605479 6740341 1
4605479 6753316 1
4605479 6935168 1
4605479 7230346 1
4605479 7368619 1
4605479 8142968 1
4605479 8417170 1
4605479 9460492 1
4605479 9520425 1
4605479 9908633 1
4605479 11002082 1
4605479 11157335 1
4605479 12225952 1
4605479 12254487 1
4605479 12530125 1
4605479 12629822 1
4605479 12735350 1
4642455 5669899 1
4642455 6740341 1
4642455 6753316 1
4642455 6935168 1
4642455 7230346 1
4642455 7368619 1
4642455 8142968 1
4642455 8417170 1
4642455 9460492 1
4642455 9520425 1
4642455 9908633 1
4642455 11002082 1
4642455 11157335 1
4642455 12225952 1
4642455 12254487 1
4642455 12530125 1
4642455 12629822 1
4642455 12735350 1
5669899 6753316 1
5669899 7368619 1
5669899 8142968 1
5669899 8417170 2
5669899 9460492 1
5669899 9520425 2
5669899 11157335 1
5669899 12225952 2
5669899 12254487 1
5669899 12530125 1
5669899 12629822 1
5669899 12735350 1
6740341 6753316 1
6740341 7368619 1
6740341 8142968 1
6740341 9460492 2
6740341 9520425 1
6740341 9908633 1
6740341 11157335 1
6740341 12225952 1
6740341 12254487 1
6740341 12530125 1
6740341 12629822 2
6740341 12735350 2
6753316 6935168 1
6753316 7230346 1
6753316 7368619 1
6753316 8142968 1
6753316 8417170 1
6753316 9460492 1
6753316 9520425 1
6753316 9908633 1
6753316 11002082 1
6753316 11157335 1
6753316 12225952 1
6753316 12254487 1
6753316 12530125 1
6753316 12629822 1
6753316 12735350 1
6935168 7368619 1
6935168 8142968 1
6935168 8417170 1
6935168 9460492 1
6935168 9520425 1
6935168 9908633 1
6935168 11157335 1
6935168 12225952 1
6935168 12254487 1
6935168 12530125 1
6935168 12629822 1
6935168 12735350 1
7230346 8417170 1
7230346 9908633 1
7230346 11157335 1
7230346 12254487 1
7230346 12530125 1
7230346 12629822 2
7230346 12735350 2
7368619 8417170 1
7368619 9460492 1
7368619 9520425 1
7368619 9908633 1
7368619 11157335 1
7368619 12254487 1
7368619 12530125 1
7368619 12629822 1
7368619 12735350 1
8142968 9908633 1
8142968 12254487 1
8142968 12530125 1
8142968 12629822 1
8142968 12735350 1
8417170 9460492 1
8417170 9520425 2
8417170 9908633 1
8417170 12254487 1
8417170 12530125 1
8417170 12629822 1
8417170 12735350 1
9460492 9908633 1
9460492 11002082 1
9460492 11157335 1
9460492 12254487 1
9460492 12530125 1
9460492 12629822 2
9460492 12735350 2
9520425 9908633 1
9520425 11002082 1
9520425 11157335 1
9520425 12254487 1
9520425 12530125 1
9520425 12629822 1
9520425 12735350 1
9908633 11002082 1
9908633 11157335 1
9908633 12225952 1
9908633 12254487 1
9908633 12530125 1
9908633 12629822 1
9908633 12735350 1
11002082 12254487 1
11002082 12530125 1
11002082 12629822 1
11002082 12735350 1
11157335 12254487 1
11157335 12530125 1
11157335 12629822 1
11157335 12735350 1
12225952 12254487 1
12225952 12530125 1
12225952 12629822 1
12225952 12735350 1
12254487 12530125 1
12254487 12629822 1
12254487 12735350 1
12530125 12629822 1
12530125 12735350 1
12629822 12735350 2
4040123 4445443 1
4040123 5186245 1
4040123 5669899 1
4040123 7056845 1
4040123 7796700 1
4040123 7879085 1
4040123 7913118 1
4040123 8055899 1
4040123 8065806 1
4040123 8417170 1
4040123 9353356 1
4040123 9520425 1
4040123 9561248 1
4040123 9646740 1
4040123 10199903 1
4040123 10883900 1
4040123 11184785 1
4040123 11487858 1
4040123 11639860 1
4040123 11873775 1
4040123 12147332 1
4040123 12225952 1
4040123 12400469 1
4040123 12799337 1
4445443 7879085 1
4445443 7913118 1
4445443 8065806 1
4445443 9561248 1
4445443 10199903 1
4445443 10883900 1
4445443 11184785 1
4445443 11487858 1
4445443 11639860 1
4445443 11873775 2
4445443 12147332 1
4445443 12799337 1
5186245 5669899 1
5186245 7056845 1
5186245 7796700 1
5186245 7879085 1
5186245 7913118 1
5186245 8055899 1
5186245 8065806 1
5186245 9353356 1
5186245 9520425 1
5186245 9561248 1
5186245 9646740 1
5186245 10199903 1
5186245 10883900 1
5186245 11184785 1
5186245 11487858 1
5186245 11639860 1
5186245 11873775 1
5186245 12147332 1
5186245 12225952 1
5186245 12400469 1
5186245 12799337 1
5669899 7056845 1
5669899 7796700 1
5669899 7879085 1
5669899 7913118 1
5669899 8055899 1
5669899 8065806 1
5669899 9353356 1
5669899 9561248 1
5669899 9646740 1
5669899 10199903 1
5669899 10883900 1
5669899 11184785 1
5669899 11487858 1
5669899 11639860 1
5669899 11873775 1
5669899 12147332 1
5669899 12400469 1
5669899 12799337 1
7056845 7879085 1
7056845 7913118 1
7056845 8065806 1
7056845 9561248 1
7056845 10199903 1
7056845 10883900 1
7056845 11184785 1
7056845 11487858 1
7056845 11639860 1
7056845 11873775 2
7056845 12147332 1
7056845 12400469 1
7056845 12799337 1
7796700 7879085 1
7796700 7913118 1
7796700 8065806 1
7796700 8417170 1
7796700 9520425 1
7796700 9561248 1
7796700 10199903 1
7796700 10883900 1
7796700 11184785 1
7796700 11487858 1
7796700 11639860 1
7796700 11873775 1
7796700 12147332 1
7796700 12400469 1
7796700 12799337 1
7879085 7913118 1
7879085 8055899 1
7879085 8065806 1
7879085 8417170 1
7879085 9353356 1
7879085 9520425 1
7879085 9561248 1
7879085 9646740 1
7879085 10199903 1
7879085 10883900 1
7879085 11184785 1
7879085 11487858 1
7879085 11639860 1
7879085 11873775 1
7879085 12147332 1
7879085 12225952 1
7879085 12400469 1
7879085 12799337 1
7913118 8055899 1
7913118 8065806 1
7913118 8417170 1
7913118 9353356 1
7913118 9520425 1
7913118 9561248 1
7913118 9646740 1
7913118 10199903 1
7913118 10883900 1
7913118 11184785 1
7913118 11487858 1
7913118 11639860 1
7913118 11873775 1
7913118 12147332 1
7913118 12225952 1
7913118 12400469 1
7913118 12799337 1
8055899 8065806 1
8055899 9561248 1
8055899 10199903 1
8055899 10883900 1
8055899 11184785 1
8055899 11487858 1
8055899 11639860 1
8055899 11873775 1
8055899 12147332 1
8055899 12400469 1
8055899 12799337 1
8065806 8417170 1
8065806 9353356 1
8065806 9520425 1
8065806 9561248 1
8065806 9646740 1
8065806 10199903 1
8065806 10883900 1
8065806 11184785 1
8065806 11487858 1
8065806 11639860 1
8065806 11873775 1
8065806 12147332 1
8065806 12225952 1
8065806 12400469 1
8065806 12799337 1
8417170 9353356 1
8417170 9561248 1
8417170 9646740 1
8417170 10199903 1
8417170 10883900 1
8417170 11184785 1
8417170 11487858 1
8417170 11639860 1
8417170 11873775 1
8417170 12147332 1
8417170 12400469 1
8417170 12799337 1
9353356 9520425 1
9353356 9561248 1
9353356 10199903 1
9353356 10883900 1
9353356 11184785 1
9353356 11487858 1
9353356 11639860 1
9353356 11873775 1
9353356 12147332 1
9353356 12400469 1
9353356 12799337 1
9520425 9561248 1
9520425 9646740 1
9520425 10199903 1
9520425 10883900 1
9520425 11184785 1
9520425 11487858 1
9520425 11639860 1
9520425 11873775 1
9520425 12147332 1
9520425 12799337 1
9561248 9646740 1
9561248 10199903 1
9561248 10883900 1
9561248 11184785 1
9561248 11487858 1
9561248 11639860 1
9561248 11873775 1
9561248 12147332 1
9561248 12225952 1
9561248 12400469 1
9561248 12799337 1
9646740 10199903 1
9646740 10883900 1
9646740 11184785 1
9646740 11487858 1
9646740 11639860 1
9646740 11873775 1
9646740 12147332 1
9646740 12400469 1
9646740 12799337 1
10199903 10883900 1
10199903 11184785 1
10199903 11487858 1
10199903 11639860 1
10199903 11873775 1
10199903 12147332 1
10199903 12225952 1
10199903 12400469 1
10199903 12799337 1
10883900 11184785 1
10883900 11487858 1
10883900 11639860 1
10883900 11873775 1
10883900 12147332 1
10883900 12225952 1
10883900 12400469 1
10883900 12799337 1
11184785 11487858 1
11184785 11639860 1
11184785 11873775 1
11184785 12147332 1
11184785 12225952 1
11184785 12400469 1
11184785 12799337 1
11487858 11639860 1
11487858 11873775 1
11487858 12147332 1
11487858 12225952 1
11487858 12400469 1
11487858 12799337 1
11639860 11873775 1
11639860 12147332 1
11639860 12225952 1
11639860 12400469 1
11639860 12799337 1
11873775 12147332 1
11873775 12225952 1
11873775 12400469 1
11873775 12799337 1
12147332 12225952 1
12147332 12400469 1
12147332 12799337 1
12225952 12400469 1
12225952 12799337 1
12400469 12799337 1
3243388 4562410 1
3243388 7140667 1
3243388 7362467 1
3243388 7418382 1
3243388 7709693 1
3243388 11228592 1
3243388 11873775 1
3243388 12425301 1
4445443 4562410 1
4445443 7140667 1
4445443 7418382 1
4445443 7709693 1
4445443 11228592 1
4562410 6740341 1
4562410 7056845 1
4562410 7140667 1
4562410 7230346 1
4562410 7362467 1
4562410 7418382 1
4562410 7709693 1
4562410 7811627 1
4562410 9460492 1
4562410 11228592 1
4562410 11873775 1
4562410 12425301 1
4562410 12516568 1
4562410 12629822 1
4562410 12662684 1
4562410 12735350 1
6740341 7056845 1
6740341 7140667 1
6740341 7362467 1
6740341 7418382 1
6740341 7709693 1
6740341 7811627 1
6740341 11228592 1
6740341 11873775 1
6740341 12516568 1
7056845 7140667 1
7056845 7362467 1
7056845 7418382 1
7056845 7709693 1
7056845 11228592 1
7056845 12425301 1
7056845 12629822 1
7056845 12735350 1
7140667 7230346 1
7140667 7362467 1
7140667 7418382 1
7140667 7709693 1
7140667 7811627 1
7140667 9460492 1
7140667 11228592 1
7140667 11873775 1
7140667 12425301 1
7140667 12516568 1
7140667 12629822 1
7140667 12662684 1
7140667 12735350 1
7230346 7362467 1
7230346 7418382 1
7230346 7709693 1
7230346 11228592 1
7230346 11873775 1
7230346 12425301 1
7362467 7418382 1
7362467 7709693 1
7362467 7811627 1
7362467 9460492 1
7362467 11228592 1
7362467 11873775 1
7362467 12425301 1
7362467 12516568 1
7362467 12629822 1
7362467 12735350 1
7418382 7709693 1
7418382 7811627 1
7418382 9460492 1
7418382 11228592 1
7418382 11873775 1
7418382 12425301 1
7418382 12516568 1
7418382 12629822 1
7418382 12662684 1
7418382 12735350 1
7709693 7811627 1
7709693 9460492 1
7709693 11228592 1
7709693 11873775 1
7709693 12425301 1
7709693 12516568 1
7709693 12629822 1
7709693 12662684 1
7709693 12735350 1
7811627 9460492 1
7811627 11228592 1
7811627 11873775 1
7811627 12425301 1
7811627 12516568 1
7811627 12629822 1
7811627 12662684 1
7811627 12735350 1
9460492 11228592 1
9460492 11873775 1
9460492 12425301 1
9460492 12662684 1
11228592 11873775 1
11228592 12425301 1
11228592 12516568 1
11228592 12629822 1
11228592 12662684 1
11228592 12735350 1
11873775 12425301 1
11873775 12516568 1
11873775 12629822 1
11873775 12662684 1
11873775 12735350 1
12425301 12516568 1
12425301 12629822 1
12425301 12662684 1
12425301 12735350 1
12516568 12629822 1
12516568 12662684 1
12516568 12735350 1
12629822 12662684 1
12662684 12735350 1
