8418826 5669899 12835342 15412751 10264593 3896852 13354008 12868639 4605479 9813035 14273604 9279045 3191373 9891407 19065941 8055899 19453531 18416741 19012201 14262382 7680624 10649712 11487858 12141173 8142968 5481599 12907654 9353356 8247445 16319641 14632621 11964086 9618621 6810822 11384014 1679568 19538131 9592533 12516568 9651931 17070811 10200294 13903596 18923761 10365170 5861116 4891903 12383488 4445443 18635011 5765892 11507459 12587273 9460492 17797911 9520425 10353967 19363121 18837301 12346171 10883900 12925247 10011968 18206531 4200771 11380038 8901447 10706763 3321675 9413458 5931862 7982424 10231132 10199903 14562151 7391595 4426604 6740341 10011510 18124151 13890426 3243388 13121421 14569360 8417170 17985941 14457754 12662684 9039778 12423092 12528053 12372926 6871500 6090701 7056845 19367891 8280543 3948000 5045216 19486691 12769764 8331238 7648752 11949046
3243388 4445443 1
3243388 4605479 1
3243388 6740341 1
3243388 6810822 1
3243388 7391595 1
3243388 7680624 1
3243388 9353356 1
3243388 9618621 1
3243388 10199903 1
3243388 10200294 1
3243388 10365170 1
3243388 10706763 1
3243388 11487858 1
3243388 12662684 1
3243388 12868639 1
3243388 14273604 1
3243388 14569360 1
3243388 15412751 1
3243388 17985941 1
3243388 18635011 1
3243388 19012201 1
4445443 4605479 1
4445443 6740341 6
4445443 6810822 1
4445443 7391595 2
4445443 7680624 3
4445443 9353356 4
4445443 9618621 1
4445443 10199903 1
4445443 10200294 1
4445443 10365170 1
4445443 10706763 3
4445443 11487858 1
4445443 12662684 1
4445443 12868639 3
4445443 14273604 7
4445443 14569360 1
4445443 15412751 2
4445443 17985941 1
4445443 18635011 4
4445443 19012201 3
4605479 6740341 1
4605479 6810822 1
4605479 7391595 1
4605479 7680624 1
4605479 9353356 1
4605479 9618621 1
4605479 10199903 1
4605479 10200294 1
4605479 10365170 1
4605479 10706763 1
4605479 11487858 1
4605479 12662684 1
4605479 12868639 1
4605479 14273604 1
4605479 14569360 1
4605479 15412751 1
4605479 17985941 1
4605479 18635011 1
4605479 19012201 1
6740341 6810822 1
6740341 7391595 1
6740341 7680624 2
6740341 9353356 1
6740341 9618621 1
6740341 10199903 1
6740341 10200294 1
6740341 10365170 1
6740341 10706763 3
6740341 11487858 1
6740341 12662684 1
6740341 12868639 1
6740341 14273604 5
6740341 14569360 1
6740341 15412751 1
6740341 17985941 1
6740341 18635011 1
6740341 19012201 3
6810822 7391595 1
6810822 7680624 1
6810822 9353356 1
6810822 9618621 1
6810822 10199903 1
6810822 10200294 1
6810822 10365170 1
6810822 10706763 1
6810822 11487858 1
6810822 12662684 1
6810822 12868639 1
6810822 14273604 1
6810822 14569360 1
6810822 15412751 1
6810822 17985941 1
6810822 18635011 1
6810822 19012201 1
7391595 7680624 1
7391595 9353356 2
7391595 9618621 1
7391595 10199903 1
7391595 10200294 1
7391595 10365170 1
7391595 10706763 1
7391595 11487858 1
7391595 12662684 1
7391595 12868639 1
7391595 14273604 1
7391595 14569360 1
7391595 15412751 1
7391595 17985941 1
7391595 18635011 1
7391595 19012201 1
7680624 9353356 2
7680624 9618621 1
7680624 10199903 1
7680624 10200294 1
7680624 10365170 1
7680624 10706763 1
7680624 11487858 1
7680624 12662684 1
7680624 12868639 2
7680624 14273604 3
7680624 14569360 1
7680624 15412751 2
7680624 17985941 1
7680624 18635011 2
7680624 19012201 2
9353356 9618621 1
9353356 10199903 1
9353356 10200294 1
9353356 10365170 1
9353356 10706763 1
9353356 11487858 1
9353356 12662684 1
9353356 12868639 2
9353356 14273604 2
9353356 14569360 1
9353356 15412751 2
9353356 17985941 1
9353356 18635011 3
9353356 19012201 1
9618621 10199903 1
9618621 10200294 1
9618621 10365170 1
9618621 10706763 1
9618621 11487858 1
9618621 12662684 1
9618621 12868639 1
9618621 14273604 1
9618621 14569360 1
9618621 15412751 1
9618621 17985941 1
9618621 18635011 1
9618621 19012201 1
10199903 10200294 1
10199903 10365170 1
10199903 10706763 1
10199903 11487858 1
10199903 12662684 1
10199903 12868639 1
10199903 14273604 1
10199903 14569360 1
10199903 15412751 1
10199903 17985941 1
10199903 18635011 1
10199903 19012201 1
10200294 10365170 1
10200294 10706763 1
10200294 11487858 1
10200294 12662684 1
10200294 12868639 1
10200294 14273604 1
10200294 14569360 1
10200294 15412751 1
10200294 17985941 1
10200294 18635011 1
10200294 19012201 1
10365170 10706763 1
10365170 11487858 1
10365170 12662684 1
10365170 12868639 1
10365170 14273604 1
10365170 14569360 1
10365170 15412751 1
10365170 17985941 1
10365170 18635011 1
10365170 19012201 1
10706763 11487858 1
10706763 12662684 1
10706763 12868639 1
10706763 14273604 3
10706763 14569360 1
10706763 15412751 1
10706763 17985941 1
10706763 18635011 1
10706763 19012201 2
11487858 12662684 1
11487858 12868639 1
11487858 14273604 1
11487858 14569360 1
11487858 15412751 1
11487858 17985941 1
11487858 18635011 1
11487858 19012201 1
12662684 12868639 1
12662684 14273604 1
12662684 14569360 1
12662684 15412751 1
12662684 17985941 1
12662684 18635011 1
12662684 19012201 1
12868639 14273604 3
12868639 14569360 1
12868639 15412751 2
12868639 17985941 1
12868639 18635011 3
12868639 19012201 1
14273604 14569360 1
14273604 15412751 2
14273604 17985941 1
14273604 18635011 3
14273604 19012201 3
14569360 15412751 1
14569360 17985941 1
14569360 18635011 1
14569360 19012201 1
15412751 17985941 1
15412751 18635011 2
15412751 19012201 1
17985941 18635011 1
17985941 19012201 1
18635011 19012201 1
1679568 3191373 1
1679568 4445443 5
1679568 5669899 2
1679568 5931862 1
1679568 6090701 2
1679568 6740341 3
1679568 7680624 2
1679568 8142968 3
1679568 8331238 2
1679568 8901447 1
1679568 9413458 2
1679568 9520425 4
1679568 10883900 1
1679568 11380038 1
1679568 12516568 2
1679568 12835342 1
1679568 13903596 2
1679568 14273604 3
1679568 18206531 3
1679568 19012201 2
1679568 19065941 5
3191373 4445443 3
3191373 5669899 1
3191373 5931862 1
3191373 6090701 1
3191373 6740341 2
3191373 7680624 1
3191373 8142968 2
3191373 8331238 1
3191373 8901447 2
3191373 9413458 1
3191373 9520425 3
3191373 10883900 1
3191373 11380038 1
3191373 12516568 1
3191373 12835342 1
3191373 13903596 1
3191373 14273604 3
3191373 18206531 3
3191373 19012201 1
3191373 19065941 2
4445443 5669899 2
4445443 5931862 1
4445443 6090701 3
4445443 8142968 4
4445443 8331238 2
4445443 8901447 2
4445443 9413458 2
4445443 9520425 6
4445443 10883900 1
4445443 11380038 1
4445443 12516568 2
4445443 12835342 1
4445443 13903596 2
4445443 18206531 5
4445443 19065941 7
5669899 5931862 1
5669899 6090701 1
5669899 6740341 2
5669899 7680624 1
5669899 8142968 1
5669899 8331238 2
5669899 8901447 1
5669899 9413458 1
5669899 9520425 2
5669899 10883900 1
5669899 11380038 1
5669899 12516568 2
5669899 12835342 1
5669899 13903596 2
5669899 14273604 1
5669899 18206531 2
5669899 19012201 1
5669899 19065941 2
5931862 6090701 1
5931862 6740341 1
5931862 7680624 1
5931862 8142968 1
5931862 8331238 1
5931862 8901447 1
5931862 9413458 1
5931862 9520425 1
5931862 10883900 1
5931862 11380038 1
5931862 12516568 1
5931862 12835342 1
5931862 13903596 1
5931862 14273604 1
5931862 18206531 1
5931862 19012201 1
5931862 19065941 1
6090701 6740341 3
6090701 7680624 1
6090701 8142968 1
6090701 8331238 1
6090701 8901447 1
6090701 9413458 1
6090701 9520425 1
6090701 10883900 1
6090701 11380038 1
6090701 12516568 1
6090701 12835342 1
6090701 13903596 1
6090701 14273604 3
6090701 18206531 1
6090701 19012201 2
6090701 19065941 3
6740341 8142968 2
6740341 8331238 2
6740341 8901447 1
6740341 9413458 1
6740341 9520425 3
6740341 10883900 1
6740341 11380038 1
6740341 12516568 2
6740341 12835342 1
6740341 13903596 2
6740341 18206531 3
6740341 19065941 5
7680624 8142968 2
7680624 8331238 1
7680624 8901447 1
7680624 9413458 1
7680624 9520425 2
7680624 10883900 1
7680624 11380038 1
7680624 12516568 1
7680624 12835342 1
7680624 13903596 1
7680624 18206531 2
7680624 19065941 2
8142968 8331238 1
8142968 8901447 1
8142968 9413458 2
8142968 9520425 4
8142968 10883900 1
8142968 11380038 1
8142968 12516568 1
8142968 12835342 1
8142968 13903596 1
8142968 14273604 3
8142968 18206531 3
8142968 19012201 1
8142968 19065941 4
8331238 8901447 1
8331238 9413458 1
8331238 9520425 2
8331238 10883900 1
8331238 11380038 1
8331238 12516568 2
8331238 12835342 1
8331238 13903596 2
8331238 14273604 1
8331238 18206531 2
8331238 19012201 1
8331238 19065941 2
8901447 9413458 1
8901447 9520425 2
8901447 10883900 1
8901447 11380038 1
8901447 12516568 1
8901447 12835342 1
8901447 13903596 1
8901447 14273604 2
8901447 18206531 2
8901447 19012201 1
8901447 19065941 1
9413458 9520425 2
9413458 10883900 1
9413458 11380038 1
9413458 12516568 1
9413458 12835342 1
9413458 13903596 1
9413458 14273604 1
9413458 18206531 1
9413458 19012201 1
9413458 19065941 2
9520425 10883900 1
9520425 11380038 1
9520425 12516568 2
9520425 12835342 1
9520425 13903596 2
9520425 14273604 4
9520425 18206531 5
9520425 19012201 1
9520425 19065941 5
10883900 11380038 1
10883900 12516568 1
10883900 12835342 1
10883900 13903596 1
10883900 14273604 1
10883900 18206531 1
10883900 19012201 1
10883900 19065941 1
11380038 12516568 1
11380038 12835342 1
11380038 13903596 1
11380038 14273604 1
11380038 18206531 1
11380038 19012201 1
11380038 19065941 1
12516568 12835342 1
12516568 13903596 2
12516568 14273604 1
12516568 18206531 2
12516568 19012201 1
12516568 19065941 2
12835342 13903596 1
12835342 14273604 1
12835342 18206531 1
12835342 19012201 1
12835342 19065941 1
13903596 14273604 1
13903596 18206531 2
13903596 19012201 1
13903596 19065941 2
14273604 18206531 4
14273604 19065941 5
18206531 19012201 1
18206531 19065941 4
19012201 19065941 2
3191373 3948000 2
3191373 5045216 1
3191373 5765892 2
3191373 7056845 2
3191373 8055899 2
3191373 10264593 2
3191373 10353967 1
3191373 10649712 2
3191373 12423092 2
3191373 12528053 1
3191373 12868639 1
3191373 12925247 2
3191373 13121421 1
3191373 18635011 1
3191373 18837301 1
3191373 18923761 2
3191373 19363121 2
3948000 4445443 2
3948000 5045216 1
3948000 5765892 2
3948000 7056845 2
3948000 8055899 2
3948000 8901447 1
3948000 9520425 2
3948000 10264593 2
3948000 10353967 1
3948000 10649712 2
3948000 12423092 2
3948000 12528053 1
3948000 12868639 1
3948000 12925247 2
3948000 13121421 1
3948000 14273604 2
3948000 18206531 2
3948000 18635011 1
3948000 18837301 1
3948000 18923761 2
3948000 19363121 2
4445443 5045216 1
4445443 5765892 2
4445443 7056845 3
4445443 8055899 2
4445443 10264593 6
4445443 10353967 1
4445443 10649712 3
4445443 12423092 3
4445443 12528053 1
4445443 12925247 2
4445443 13121421 1
4445443 18837301 3
4445443 18923761 7
4445443 19363121 5
5045216 5765892 1
5045216 7056845 1
5045216 8055899 1
5045216 8901447 1
5045216 9520425 1
5045216 10264593 1
5045216 10353967 1
5045216 10649712 1
5045216 12423092 1
5045216 12528053 1
5045216 12868639 1
5045216 12925247 1
5045216 13121421 1
5045216 14273604 1
5045216 18206531 1
5045216 18635011 1
5045216 18837301 1
5045216 18923761 1
5045216 19363121 1
5765892 7056845 2
5765892 8055899 2
5765892 8901447 1
5765892 9520425 2
5765892 10264593 2
5765892 10353967 1
5765892 10649712 2
5765892 12423092 2
5765892 12528053 1
5765892 12868639 1
5765892 12925247 2
5765892 13121421 1
5765892 14273604 2
5765892 18206531 2
5765892 18635011 1
5765892 18837301 1
5765892 18923761 2
5765892 19363121 2
7056845 8055899 2
7056845 8901447 1
7056845 9520425 2
7056845 10264593 2
7056845 10353967 1
7056845 10649712 2
7056845 12423092 2
7056845 12528053 1
7056845 12868639 1
7056845 12925247 2
7056845 13121421 1
7056845 14273604 3
7056845 18206531 2
7056845 18635011 1
7056845 18837301 2
7056845 18923761 3
7056845 19363121 3
8055899 8901447 1
8055899 9520425 2
8055899 10264593 2
8055899 10353967 1
8055899 10649712 2
8055899 12423092 2
8055899 12528053 1
8055899 12868639 1
8055899 12925247 2
8055899 13121421 1
8055899 14273604 2
8055899 18206531 2
8055899 18635011 1
8055899 18837301 1
8055899 18923761 2
8055899 19363121 2
8901447 10264593 1
8901447 10353967 1
8901447 10649712 1
8901447 12423092 1
8901447 12528053 1
8901447 12868639 1
8901447 12925247 1
8901447 13121421 1
8901447 18635011 1
8901447 18837301 1
8901447 18923761 1
8901447 19363121 1
9520425 10264593 5
9520425 10353967 1
9520425 10649712 3
9520425 12423092 3
9520425 12528053 1
9520425 12868639 2
9520425 12925247 2
9520425 13121421 1
9520425 18635011 2
9520425 18837301 2
9520425 18923761 5
9520425 19363121 3
10264593 10353967 1
10264593 10649712 3
10264593 12423092 3
10264593 12528053 1
10264593 12868639 2
10264593 12925247 2
10264593 13121421 1
10264593 14273604 3
10264593 18206531 4
10264593 18635011 3
10264593 18837301 2
10264593 18923761 6
10264593 19363121 3
10353967 10649712 1
10353967 12423092 1
10353967 12528053 1
10353967 12868639 1
10353967 12925247 1
10353967 13121421 1
10353967 14273604 1
10353967 18206531 1
10353967 18635011 1
10353967 18837301 1
10353967 18923761 1
10353967 19363121 1
10649712 12423092 2
10649712 12528053 1
10649712 12868639 2
10649712 12925247 2
10649712 13121421 1
10649712 14273604 3
10649712 18206531 3
10649712 18635011 2
10649712 18837301 2
10649712 18923761 3
10649712 19363121 2
12423092 12528053 1
12423092 12868639 1
12423092 12925247 2
12423092 13121421 1
12423092 14273604 2
12423092 18206531 3
12423092 18635011 1
12423092 18837301 1
12423092 18923761 3
12423092 19363121 3
12528053 12868639 1
12528053 12925247 1
12528053 13121421 1
12528053 14273604 1
12528053 18206531 1
12528053 18635011 1
12528053 18837301 1
12528053 18923761 1
12528053 19363121 1
12868639 12925247 1
12868639 13121421 1
12868639 18206531 2
12868639 18837301 2
12868639 18923761 2
12868639 19363121 1
12925247 13121421 1
12925247 14273604 2
12925247 18206531 2
12925247 18635011 1
12925247 18837301 1
12925247 18923761 2
12925247 19363121 2
13121421 14273604 1
13121421 18206531 1
13121421 18635011 1
13121421 18837301 1
13121421 18923761 1
13121421 19363121 1
14273604 18837301 3
14273604 18923761 4
14273604 19363121 4
18206531 18635011 2
18206531 18837301 2
18206531 18923761 4
18206531 19363121 3
18635011 18837301 2
18635011 18923761 3
18635011 19363121 1
18837301 18923761 3
18837301 19363121 2
18923761 19363121 4
1679568 4891903 1
1679568 5861116 2
1679568 6871500 3
1679568 9039778 1
1679568 9651931 1
1679568 10011510 1
1679568 10706763 1
1679568 13890426 1
1679568 19363121 2
1679568 19367891 2
4445443 4891903 2
4445443 5861116 4
4445443 6871500 4
4445443 9039778 3
4445443 9651931 1
4445443 10011510 2
4445443 13890426 1
4445443 19367891 2
4891903 5861116 2
4891903 6090701 2
4891903 6740341 2
4891903 6871500 2
4891903 9039778 2
4891903 9651931 1
4891903 10011510 2
4891903 10706763 2
4891903 13890426 1
4891903 14273604 2
4891903 19012201 1
4891903 19065941 2
4891903 19363121 2
4891903 19367891 1
5861116 6090701 2
5861116 6740341 4
5861116 6871500 2
5861116 9039778 2
5861116 9651931 1
5861116 10011510 2
5861116 10706763 2
5861116 13890426 1
5861116 14273604 3
5861116 19012201 1
5861116 19065941 4
5861116 19363121 4
5861116 19367891 2
6090701 6871500 2
6090701 9039778 2
6090701 9651931 1
6090701 10011510 2
6090701 10706763 2
6090701 13890426 1
6090701 19363121 2
6090701 19367891 1
6740341 6871500 2
6740341 9039778 2
6740341 9651931 1
6740341 10011510 2
6740341 13890426 1
6740341 19363121 4
6740341 19367891 2
6871500 9039778 2
6871500 9651931 1
6871500 10011510 2
6871500 10706763 2
6871500 13890426 1
6871500 14273604 3
6871500 19012201 1
6871500 19065941 4
6871500 19363121 2
6871500 19367891 1
9039778 9651931 1
9039778 10011510 2
9039778 10706763 2
9039778 13890426 1
9039778 14273604 2
9039778 19012201 1
9039778 19065941 2
9039778 19363121 2
9039778 19367891 1
9651931 10011510 1
9651931 10706763 1
9651931 13890426 1
9651931 14273604 1
9651931 19012201 1
9651931 19065941 1
9651931 19363121 1
9651931 19367891 1
10011510 10706763 2
10011510 13890426 1
10011510 14273604 2
10011510 19012201 1
10011510 19065941 2
10011510 19363121 2
10011510 19367891 1
10706763 13890426 1
10706763 19065941 2
10706763 19363121 2
10706763 19367891 1
13890426 14273604 1
13890426 19012201 1
13890426 19065941 1
13890426 19363121 1
13890426 19367891 1
14273604 19367891 1
19012201 19363121 1
19012201 19367891 1
19065941 19363121 4
19065941 19367891 2
19363121 19367891 2
4426604 4445443 2
4426604 5481599 1
4426604 8247445 1
4426604 9039778 1
4426604 9279045 1
4426604 9353356 2
4426604 10264593 2
4426604 12141173 1
4426604 12372926 1
4426604 12587273 1
4426604 14457754 1
4426604 18635011 1
4426604 18923761 2
4426604 19453531 1
4445443 5481599 2
4445443 8247445 1
4445443 9279045 1
4445443 12141173 1
4445443 12372926 1
4445443 12587273 1
4445443 14457754 1
4445443 19453531 1
5481599 8247445 1
5481599 9039778 1
5481599 9279045 1
5481599 9353356 1
5481599 10264593 2
5481599 12141173 1
5481599 12372926 1
5481599 12587273 1
5481599 14457754 1
5481599 18635011 1
5481599 18923761 2
5481599 19453531 1
8247445 9039778 1
8247445 9279045 1
8247445 9353356 1
8247445 10264593 1
8247445 12141173 1
8247445 12372926 1
8247445 12587273 1
8247445 14457754 1
8247445 18635011 1
8247445 18923761 1
8247445 19453531 1
9039778 9279045 1
9039778 9353356 1
9039778 10264593 1
9039778 12141173 1
9039778 12372926 1
9039778 12587273 1
9039778 14457754 1
9039778 18635011 1
9039778 18923761 2
9039778 19453531 1
9279045 9353356 1
9279045 10264593 1
9279045 12141173 1
9279045 12372926 1
9279045 12587273 1
9279045 14457754 1
9279045 18635011 1
9279045 18923761 1
9279045 19453531 1
9353356 10264593 3
9353356 12141173 1
9353356 12372926 1
9353356 12587273 1
9353356 14457754 1
9353356 18923761 3
9353356 19453531 1
10264593 12141173 1
10264593 12372926 1
10264593 12587273 1
10264593 14457754 1
10264593 19453531 1
12141173 12372926 1
12141173 12587273 1
12141173 14457754 1
12141173 18635011 1
12141173 18923761 1
12141173 19453531 1
12372926 12587273 1
12372926 14457754 1
12372926 18635011 1
12372926 18923761 1
12372926 19453531 1
12587273 14457754 1
12587273 18635011 1
12587273 18923761 1
12587273 19453531 1
14457754 18635011 1
14457754 18923761 1
14457754 19453531 1
18635011 19453531 1
18923761 19453531 1
3896852 4445443 2
3896852 4891903 1
3896852 5861116 1
3896852 6090701 1
3896852 6740341 1
3896852 6871500 2
3896852 7056845 1
3896852 7648752 1
3896852 9039778 1
3896852 9592533 2
3896852 9813035 1
3896852 10011510 1
3896852 10231132 1
3896852 10706763 1
3896852 11507459 1
3896852 11949046 1
3896852 11964086 1
3896852 12907654 2
3896852 14273604 2
3896852 18837301 2
3896852 18923761 2
3896852 19065941 2
3896852 19363121 1
4445443 7648752 1
4445443 9592533 3
4445443 9813035 1
4445443 10231132 2
4445443 11507459 1
4445443 11949046 2
4445443 11964086 1
4445443 12907654 3
4891903 7056845 1
4891903 7648752 1
4891903 9592533 1
4891903 9813035 1
4891903 10231132 1
4891903 11507459 1
4891903 11949046 1
4891903 11964086 1
4891903 12907654 1
4891903 18837301 1
4891903 18923761 1
5861116 7056845 2
5861116 7648752 1
5861116 9592533 1
5861116 9813035 1
5861116 10231132 2
5861116 11507459 1
5861116 11949046 1
5861116 11964086 1
5861116 12907654 1
5861116 18837301 1
5861116 18923761 3
6090701 7056845 1
6090701 7648752 1
6090701 9592533 1
6090701 9813035 1
6090701 10231132 1
6090701 11507459 1
6090701 11949046 1
6090701 11964086 1
6090701 12907654 1
6090701 18837301 1
6090701 18923761 1
6740341 7056845 2
6740341 7648752 1
6740341 9592533 1
6740341 9813035 1
6740341 10231132 2
6740341 11507459 1
6740341 11949046 1
6740341 11964086 1
6740341 12907654 1
6740341 18837301 1
6740341 18923761 3
6871500 7056845 1
6871500 7648752 1
6871500 9592533 3
6871500 9813035 1
6871500 10231132 1
6871500 11507459 1
6871500 11949046 2
6871500 11964086 1
6871500 12907654 3
6871500 18837301 2
6871500 18923761 3
7056845 7648752 1
7056845 9039778 1
7056845 9592533 1
7056845 9813035 1
7056845 10011510 1
7056845 10231132 2
7056845 10706763 1
7056845 11507459 1
7056845 11949046 1
7056845 11964086 1
7056845 12907654 1
7056845 19065941 2
7648752 9039778 1
7648752 9592533 1
7648752 9813035 1
7648752 10011510 1
7648752 10231132 1
7648752 10706763 1
7648752 11507459 1
7648752 11949046 1
7648752 11964086 1
7648752 12907654 1
7648752 14273604 1
7648752 18837301 1
7648752 18923761 1
7648752 19065941 1
7648752 19363121 1
9039778 9592533 1
9039778 9813035 1
9039778 10231132 1
9039778 11507459 1
9039778 11949046 1
9039778 11964086 1
9039778 12907654 1
9039778 18837301 1
9592533 9813035 1
9592533 10011510 1
9592533 10231132 1
9592533 10706763 1
9592533 11507459 1
9592533 11949046 2
9592533 11964086 1
9592533 12907654 3
9592533 14273604 2
9592533 18837301 2
9592533 18923761 3
9592533 19065941 3
9592533 19363121 1
9813035 10011510 1
9813035 10231132 1
9813035 10706763 1
9813035 11507459 1
9813035 11949046 1
9813035 11964086 1
9813035 12907654 1
9813035 14273604 1
9813035 18837301 1
9813035 18923761 1
9813035 19065941 1
9813035 19363121 1
10011510 10231132 1
10011510 11507459 1
10011510 11949046 1
10011510 11964086 1
10011510 12907654 1
10011510 18837301 1
10011510 18923761 1
10231132 10706763 1
10231132 11507459 1
10231132 11949046 1
10231132 11964086 1
10231132 12907654 1
10231132 14273604 2
10231132 18837301 1
10231132 18923761 2
10231132 19065941 2
10231132 19363121 2
10706763 11507459 1
10706763 11949046 1
10706763 11964086 1
10706763 12907654 1
10706763 18837301 1
10706763 18923761 1
11507459 11949046 1
11507459 11964086 1
11507459 12907654 1
11507459 14273604 1
11507459 18837301 1
11507459 18923761 1
11507459 19065941 1
11507459 19363121 1
11949046 11964086 1
11949046 12907654 2
11949046 14273604 1
11949046 18837301 1
11949046 18923761 2
11949046 19065941 2
11949046 19363121 1
11964086 12907654 1
11964086 14273604 1
11964086 18837301 1
11964086 18923761 1
11964086 19065941 1
11964086 19363121 1
12907654 14273604 2
12907654 18837301 2
12907654 18923761 3
12907654 19065941 3
12907654 19363121 1
18837301 19065941 2
18923761 19065941 5
1679568 3321675 2
1679568 5481599 1
1679568 7982424 1
1679568 8417170 1
1679568 9460492 3
1679568 9891407 1
1679568 10264593 3
1679568 12423092 1
1679568 12769764 1
1679568 14562151 1
1679568 14632621 3
1679568 17797911 1
1679568 18416741 2
1679568 18923761 3
1679568 19538131 3
3321675 4445443 2
3321675 5481599 1
3321675 5669899 1
3321675 5861116 1
3321675 6740341 1
3321675 7982424 1
3321675 8331238 1
3321675 8417170 1
3321675 9460492 2
3321675 9520425 2
3321675 9891407 1
3321675 10264593 2
3321675 12423092 1
3321675 12516568 1
3321675 12769764 1
3321675 13903596 1
3321675 14562151 1
3321675 14632621 2
3321675 17797911 1
3321675 18206531 1
3321675 18416741 1
3321675 18923761 2
3321675 19065941 2
3321675 19363121 1
3321675 19367891 1
3321675 19538131 2
4445443 7982424 1
4445443 8417170 2
4445443 9460492 4
4445443 9891407 1
4445443 12769764 1
4445443 14562151 1
4445443 14632621 3
4445443 17797911 1
4445443 18416741 2
4445443 19538131 4
5481599 5669899 1
5481599 5861116 1
5481599 6740341 1
5481599 7982424 1
5481599 8331238 1
5481599 8417170 1
5481599 9460492 1
5481599 9520425 1
5481599 9891407 1
5481599 12423092 1
5481599 12516568 1
5481599 12769764 1
5481599 13903596 1
5481599 14562151 1
5481599 14632621 1
5481599 17797911 1
5481599 18206531 1
5481599 18416741 1
5481599 19065941 1
5481599 19363121 1
5481599 19367891 1
5481599 19538131 1
5669899 5861116 1
5669899 7982424 1
5669899 8417170 1
5669899 9460492 1
5669899 9891407 1
5669899 10264593 1
5669899 12423092 1
5669899 12769764 1
5669899 14562151 1
5669899 14632621 1
5669899 17797911 1
5669899 18416741 1
5669899 18923761 1
5669899 19363121 1
5669899 19367891 1
5669899 19538131 1
5861116 7982424 1
5861116 8331238 1
5861116 8417170 2
5861116 9460492 2
5861116 9520425 2
5861116 9891407 1
5861116 10264593 2
5861116 12423092 2
5861116 12516568 1
5861116 12769764 1
5861116 13903596 1
5861116 14562151 1
5861116 14632621 1
5861116 17797911 1
5861116 18206531 2
5861116 18416741 1
5861116 19538131 2
6740341 7982424 1
6740341 8417170 2
6740341 9460492 2
6740341 9891407 1
6740341 10264593 2
6740341 12423092 2
6740341 12769764 1
6740341 14562151 1
6740341 14632621 1
6740341 17797911 1
6740341 18416741 1
6740341 19538131 2
7982424 8331238 1
7982424 8417170 1
7982424 9460492 1
7982424 9520425 1
7982424 9891407 1
7982424 10264593 1
7982424 12423092 1
7982424 12516568 1
7982424 12769764 1
7982424 13903596 1
7982424 14562151 1
7982424 14632621 1
7982424 17797911 1
7982424 18206531 1
7982424 18416741 1
7982424 18923761 1
7982424 19065941 1
7982424 19363121 1
7982424 19367891 1
7982424 19538131 1
8331238 8417170 1
8331238 9460492 1
8331238 9891407 1
8331238 10264593 1
8331238 12423092 1
8331238 12769764 1
8331238 14562151 1
8331238 14632621 1
8331238 17797911 1
8331238 18416741 1
8331238 18923761 1
8331238 19363121 1
8331238 19367891 1
8331238 19538131 1
8417170 9460492 2
8417170 9520425 2
8417170 9891407 1
8417170 10264593 2
8417170 12423092 2
8417170 12516568 1
8417170 12769764 1
8417170 13903596 1
8417170 14562151 1
8417170 14632621 1
8417170 17797911 1
8417170 18206531 2
8417170 18416741 1
8417170 18923761 2
8417170 19065941 2
8417170 19363121 2
8417170 19367891 1
8417170 19538131 2
9460492 9520425 4
9460492 9891407 1
9460492 10264593 4
9460492 12423092 2
9460492 12516568 1
9460492 12769764 1
9460492 13903596 1
9460492 14562151 1
9460492 14632621 3
9460492 17797911 1
9460492 18206531 3
9460492 18416741 2
9460492 18923761 4
9460492 19065941 4
9460492 19363121 2
9460492 19367891 1
9460492 19538131 4
9520425 9891407 1
9520425 12769764 1
9520425 14562151 1
9520425 14632621 3
9520425 17797911 1
9520425 18416741 2
9520425 19367891 1
9520425 19538131 4
9891407 10264593 1
9891407 12423092 1
9891407 12516568 1
9891407 12769764 1
9891407 13903596 1
9891407 14562151 1
9891407 14632621 1
9891407 17797911 1
9891407 18206531 1
9891407 18416741 1
9891407 18923761 1
9891407 19065941 1
9891407 19363121 1
9891407 19367891 1
9891407 19538131 1
10264593 12516568 1
10264593 12769764 1
10264593 13903596 1
10264593 14562151 1
10264593 14632621 3
10264593 17797911 1
10264593 18416741 2
10264593 19065941 4
10264593 19367891 1
10264593 19538131 4
12423092 12516568 1
12423092 12769764 1
12423092 13903596 1
12423092 14562151 1
12423092 14632621 1
12423092 17797911 1
12423092 18416741 1
12423092 19065941 2
12423092 19367891 1
12423092 19538131 2
12516568 12769764 1
12516568 14562151 1
12516568 14632621 1
12516568 17797911 1
12516568 18416741 1
12516568 18923761 1
12516568 19363121 1
12516568 19367891 1
12516568 19538131 1
12769764 13903596 1
12769764 14562151 1
12769764 14632621 1
12769764 17797911 1
12769764 18206531 1
12769764 18416741 1
12769764 18923761 1
12769764 19065941 1
12769764 19363121 1
12769764 19367891 1
12769764 19538131 1
13903596 14562151 1
13903596 14632621 1
13903596 17797911 1
13903596 18416741 1
13903596 18923761 1
13903596 19363121 1
13903596 19367891 1
13903596 19538131 1
14562151 14632621 1
14562151 17797911 1
14562151 18206531 1
14562151 18416741 1
14562151 18923761 1
14562151 19065941 1
14562151 19363121 1
14562151 19367891 1
14562151 19538131 1
14632621 17797911 1
14632621 18206531 2
14632621 18416741 2
14632621 18923761 3
14632621 19065941 3
14632621 19363121 1
14632621 19367891 1
14632621 19538131 3
17797911 18206531 1
17797911 18416741 1
17797911 18923761 1
17797911 19065941 1
17797911 19363121 1
17797911 19367891 1
17797911 19538131 1
18206531 18416741 2
18206531 19367891 1
18206531 19538131 3
18416741 18923761 2
18416741 19065941 2
18416741 19363121 1
18416741 19367891 1
18416741 19538131 2
18923761 19367891 1
18923761 19538131 4
19065941 19538131 4
19363121 19538131 2
19367891 19538131 1
3191373 5861116 1
3191373 8417170 1
3191373 9460492 1
3191373 10011968 1
3191373 10231132 1
3191373 12346171 1
3191373 12383488 1
3191373 13354008 1
3191373 14262382 1
3191373 17070811 1
3191373 19486691 1
3191373 19538131 1
3948000 5861116 1
3948000 6740341 1
3948000 8142968 1
3948000 8417170 1
3948000 9460492 1
3948000 10011968 1
3948000 10231132 1
3948000 12346171 1
3948000 12383488 1
3948000 13354008 1
3948000 14262382 1
3948000 17070811 1
3948000 19065941 1
3948000 19486691 1
3948000 19538131 1
4445443 10011968 2
4445443 12346171 1
4445443 12383488 2
4445443 13354008 1
4445443 14262382 1
4445443 17070811 1
4445443 19486691 1
5765892 5861116 1
5765892 6740341 1
5765892 8142968 1
5765892 8417170 1
5765892 9460492 1
5765892 10011968 1
5765892 10231132 1
5765892 12346171 1
5765892 12383488 1
5765892 13354008 1
5765892 14262382 1
5765892 17070811 1
5765892 19065941 1
5765892 19486691 1
5765892 19538131 1
5861116 8055899 1
5861116 8142968 1
5861116 10011968 1
5861116 10649712 1
5861116 12346171 1
5861116 12383488 1
5861116 12925247 1
5861116 13354008 1
5861116 14262382 1
5861116 17070811 1
5861116 19486691 1
6740341 8055899 1
6740341 10011968 1
6740341 10649712 1
6740341 12346171 1
6740341 12383488 1
6740341 12925247 1
6740341 13354008 1
6740341 14262382 1
6740341 17070811 1
6740341 19486691 1
7056845 8142968 1
7056845 8417170 1
7056845 9460492 1
7056845 10011968 1
7056845 12346171 1
7056845 12383488 1
7056845 13354008 1
7056845 14262382 1
7056845 17070811 1
7056845 19486691 1
7056845 19538131 1
8055899 8142968 1
8055899 8417170 1
8055899 9460492 1
8055899 10011968 1
8055899 10231132 1
8055899 12346171 1
8055899 12383488 1
8055899 13354008 1
8055899 14262382 1
8055899 17070811 1
8055899 19065941 1
8055899 19486691 1
8055899 19538131 1
8142968 8417170 1
8142968 9460492 3
8142968 10011968 2
8142968 10231132 1
8142968 10264593 3
8142968 10649712 2
8142968 12346171 1
8142968 12383488 2
8142968 12423092 1
8142968 12925247 1
8142968 13354008 1
8142968 14262382 1
8142968 17070811 1
8142968 18923761 3
8142968 19363121 1
8142968 19486691 1
8142968 19538131 3
8417170 10011968 1
8417170 10231132 1
8417170 10649712 1
8417170 12346171 1
8417170 12383488 1
8417170 12925247 1
8417170 13354008 1
8417170 14262382 1
8417170 14273604 1
8417170 17070811 1
8417170 19486691 1
9460492 10011968 2
9460492 10231132 1
9460492 10649712 2
9460492 12346171 1
9460492 12383488 2
9460492 12925247 1
9460492 13354008 1
9460492 14262382 1
9460492 14273604 2
9460492 17070811 1
9460492 19486691 1
9520425 10011968 2
9520425 10231132 1
9520425 12346171 1
9520425 12383488 2
9520425 13354008 1
9520425 14262382 1
9520425 17070811 1
9520425 19486691 1
10011968 10231132 1
10011968 10264593 2
10011968 10649712 2
10011968 12346171 1
10011968 12383488 2
10011968 12423092 1
10011968 12925247 1
10011968 13354008 1
10011968 14262382 1
10011968 14273604 2
10011968 17070811 1
10011968 18206531 2
10011968 18923761 2
10011968 19065941 2
10011968 19363121 1
10011968 19486691 1
10011968 19538131 2
10231132 10264593 1
10231132 10649712 1
10231132 12346171 1
10231132 12383488 1
10231132 12423092 1
10231132 12925247 1
10231132 13354008 1
10231132 14262382 1
10231132 17070811 1
10231132 18206531 1
10231132 19486691 1
10231132 19538131 1
10264593 12346171 1
10264593 12383488 2
10264593 13354008 1
10264593 14262382 1
10264593 17070811 1
10264593 19486691 1
10649712 12346171 1
10649712 12383488 2
10649712 13354008 1
10649712 14262382 1
10649712 17070811 1
10649712 19065941 2
10649712 19486691 1
10649712 19538131 2
12346171 12383488 1
12346171 12423092 1
12346171 12925247 1
12346171 13354008 1
12346171 14262382 1
12346171 14273604 1
12346171 17070811 1
12346171 18206531 1
12346171 18923761 1
12346171 19065941 1
12346171 19363121 1
12346171 19486691 1
12346171 19538131 1
12383488 12423092 1
12383488 12925247 1
12383488 13354008 1
12383488 14262382 1
12383488 14273604 2
12383488 17070811 1
12383488 18206531 2
12383488 18923761 2
12383488 19065941 2
12383488 19363121 1
12383488 19486691 1
12383488 19538131 2
12423092 13354008 1
12423092 14262382 1
12423092 17070811 1
12423092 19486691 1
12925247 13354008 1
12925247 14262382 1
12925247 17070811 1
12925247 19065941 1
12925247 19486691 1
12925247 19538131 1
13354008 14262382 1
13354008 14273604 1
13354008 17070811 1
13354008 18206531 1
13354008 18923761 1
13354008 19065941 1
13354008 19363121 1
13354008 19486691 1
13354008 19538131 1
14262382 14273604 1
14262382 17070811 1
14262382 18206531 1
14262382 18923761 1
14262382 19065941 1
14262382 19363121 1
14262382 19486691 1
14262382 19538131 1
14273604 17070811 1
14273604 19486691 1
14273604 19538131 2
17070811 18206531 1
17070811 18923761 1
17070811 19065941 1
17070811 19363121 1
17070811 19486691 1
17070811 19538131 1
18206531 19486691 1
18923761 19486691 1
19065941 19486691 1
19363121 19486691 1
19486691 19538131 1
1679568 4200771 1
1679568 4426604 1
1679568 7391595 1
1679568 9353356 2
1679568 9592533 2
1679568 11949046 1
1679568 12907654 2
1679568 16319641 1
1679568 18124151 1
3321675 4200771 1
3321675 4426604 1
3321675 6871500 1
3321675 7391595 1
3321675 8142968 1
3321675 9353356 1
3321675 9413458 1
3321675 9592533 1
3321675 11949046 1
3321675 12907654 1
3321675 16319641 1
3321675 18124151 1
4200771 4426604 1
4200771 4445443 1
4200771 6871500 1
4200771 7391595 1
4200771 8142968 1
4200771 9353356 1
4200771 9413458 1
4200771 9460492 1
4200771 9520425 1
4200771 9592533 1
4200771 10264593 1
4200771 11949046 1
4200771 12907654 1
4200771 14632621 1
4200771 16319641 1
4200771 18124151 1
4200771 18923761 1
4200771 19065941 1
4200771 19538131 1
4426604 6871500 1
4426604 7391595 1
4426604 8142968 1
4426604 9413458 1
4426604 9460492 1
4426604 9520425 1
4426604 9592533 1
4426604 11949046 1
4426604 12907654 1
4426604 14632621 1
4426604 16319641 1
4426604 18124151 1
4426604 19065941 1
4426604 19538131 1
4445443 16319641 1
4445443 18124151 1
6871500 7391595 1
6871500 8142968 2
6871500 9353356 2
6871500 9413458 1
6871500 9460492 2
6871500 9520425 2
6871500 10264593 2
6871500 14632621 2
6871500 16319641 1
6871500 18124151 1
6871500 19538131 2
7391595 8142968 1
7391595 9413458 1
7391595 9460492 1
7391595 9520425 1
7391595 9592533 1
7391595 10264593 1
7391595 11949046 1
7391595 12907654 1
7391595 14632621 1
7391595 16319641 1
7391595 18124151 1
7391595 18923761 1
7391595 19065941 1
7391595 19538131 1
8142968 9353356 2
8142968 9592533 2
8142968 11949046 1
8142968 12907654 2
8142968 14632621 2
8142968 16319641 1
8142968 18124151 1
9353356 9413458 1
9353356 9460492 2
9353356 9520425 2
9353356 9592533 2
9353356 11949046 1
9353356 12907654 2
9353356 14632621 2
9353356 16319641 1
9353356 18124151 1
9353356 19065941 2
9353356 19538131 2
9413458 9460492 1
9413458 9592533 1
9413458 10264593 1
9413458 11949046 1
9413458 12907654 1
9413458 14632621 1
9413458 16319641 1
9413458 18124151 1
9413458 18923761 1
9413458 19538131 1
9460492 9592533 2
9460492 11949046 1
9460492 12907654 2
9460492 16319641 1
9460492 18124151 1
9520425 9592533 2
9520425 11949046 1
9520425 12907654 2
9520425 16319641 1
9520425 18124151 1
9592533 10264593 2
9592533 14632621 2
9592533 16319641 1
9592533 18124151 1
9592533 19538131 2
10264593 11949046 1
10264593 12907654 2
10264593 16319641 1
10264593 18124151 1
11949046 14632621 1
11949046 16319641 1
11949046 18124151 1
11949046 19538131 1
12907654 14632621 2
12907654 16319641 1
12907654 18124151 1
12907654 19538131 2
14632621 16319641 1
14632621 18124151 1
16319641 18124151 1
16319641 18923761 1
16319641 19065941 1
16319641 19538131 1
18124151 18923761 1
18124151 19065941 1
18124151 19538131 1
1679568 3896852 1
1679568 8280543 1
1679568 8418826 1
1679568 10011968 1
1679568 10649712 1
1679568 11384014 1
1679568 12383488 1
1679568 12868639 1
1679568 15412751 1
1679568 18635011 1
1679568 18837301 1
3896852 7680624 1
3896852 8142968 1
3896852 8280543 1
3896852 8418826 1
3896852 9353356 1
3896852 9460492 1
3896852 9520425 1
3896852 10011968 1
3896852 10264593 1
3896852 10649712 1
3896852 11384014 1
3896852 12383488 1
3896852 12868639 1
3896852 14632621 1
3896852 15412751 1
3896852 18206531 1
3896852 18416741 1
3896852 18635011 1
3896852 19538131 1
4445443 8280543 1
4445443 8418826 1
4445443 11384014 1
6871500 7680624 1
6871500 8280543 1
6871500 8418826 1
6871500 10011968 1
6871500 10649712 1
6871500 11384014 1
6871500 12383488 1
6871500 12868639 1
6871500 15412751 1
6871500 18206531 1
6871500 18416741 1
6871500 18635011 1
7680624 8280543 1
7680624 8418826 1
7680624 9460492 1
7680624 9592533 1
7680624 10011968 1
7680624 10264593 1
7680624 10649712 1
7680624 11384014 1
7680624 12383488 1
7680624 12907654 1
7680624 14632621 1
7680624 18416741 1
7680624 18837301 1
7680624 18923761 1
7680624 19538131 1
8142968 8280543 1
8142968 8418826 1
8142968 11384014 1
8142968 12868639 1
8142968 15412751 1
8142968 18416741 1
8142968 18635011 1
8142968 18837301 1
8280543 8418826 1
8280543 9353356 1
8280543 9460492 1
8280543 9520425 1
8280543 9592533 1
8280543 10011968 1
8280543 10264593 1
8280543 10649712 1
8280543 11384014 1
8280543 12383488 1
8280543 12868639 1
8280543 12907654 1
8280543 14273604 1
8280543 14632621 1
8280543 15412751 1
8280543 18206531 1
8280543 18416741 1
8280543 18635011 1
8280543 18837301 1
8280543 18923761 1
8280543 19065941 1
8280543 19538131 1
8418826 9353356 1
8418826 9460492 1
8418826 9520425 1
8418826 9592533 1
8418826 10011968 1
8418826 10264593 1
8418826 10649712 1
8418826 11384014 1
8418826 12383488 1
8418826 12868639 1
8418826 12907654 1
8418826 14273604 1
8418826 14632621 1
8418826 15412751 1
8418826 18206531 1
8418826 18416741 1
8418826 18635011 1
8418826 18837301 1
8418826 18923761 1
8418826 19065941 1
8418826 19538131 1
9353356 10011968 1
9353356 10649712 1
9353356 11384014 1
9353356 12383488 1
9353356 18206531 1
9353356 18416741 1
9353356 18837301 1
9460492 11384014 1
9460492 12868639 1
9460492 15412751 1
9460492 18635011 1
9460492 18837301 1
9520425 11384014 1
9520425 15412751 1
9592533 10011968 1
9592533 10649712 1
9592533 11384014 1
9592533 12383488 1
9592533 12868639 1
9592533 15412751 1
9592533 18206531 1
9592533 18416741 1
9592533 18635011 1
10011968 11384014 1
10011968 12868639 1
10011968 12907654 1
10011968 14632621 1
10011968 15412751 1
10011968 18416741 1
10011968 18635011 1
10011968 18837301 1
10264593 11384014 1
10264593 15412751 1
10649712 11384014 1
10649712 12907654 1
10649712 14632621 1
10649712 15412751 1
10649712 18416741 1
11384014 12383488 1
11384014 12868639 1
11384014 12907654 1
11384014 14273604 1
11384014 14632621 1
11384014 15412751 1
11384014 18206531 1
11384014 18416741 1
11384014 18635011 1
11384014 18837301 1
11384014 18923761 1
11384014 19065941 1
11384014 19538131 1
12383488 12868639 1
12383488 12907654 1
12383488 14632621 1
12383488 15412751 1
12383488 18416741 1
12383488 18635011 1
12383488 18837301 1
12868639 12907654 1
12868639 14632621 1
12868639 18416741 1
12868639 19065941 1
12868639 19538131 1
12907654 15412751 1
12907654 18206531 1
12907654 18416741 1
12907654 18635011 1
14273604 14632621 1
14273604 18416741 1
14632621 15412751 1
14632621 18635011 1
14632621 18837301 1
15412751 18206531 1
15412751 18416741 1
15412751 18837301 1
15412751 18923761 1
15412751 19065941 1
15412751 19538131 1
18416741 18635011 1
18416741 18837301 1
18635011 19065941 1
18635011 19538131 1
18837301 19538131 1
