10000391 8418826 11804683 5669899 10264593 7504409 11956767 12868639 7119391 9582115 4605479 7811627 12857912 7855688 12425301 8055899 10649712 4447351 8142968 5481599 6935168 12907654 7973527 7913118 9561248 12009634 9618621 12847815 11384014 8367316 4342491 6899421 11002082 12216037 11632358 4985581 4445443 12587273 9460492 11917076 9795861 12254487 3318552 12814617 3540766 6994214 9520425 5266736 7214388 10011968 12857678 10860369 12868955 5579112 7391595 12347246 10466161 6740341 12735350 7678840 3243388 12602236 7230346 12576651 8030608 8417170 12662684 12225952 7362467 3333543 6613930 7368619 9884080 12423092 9845175 4040123 9587649 12530125 7056845 11996622 9986512 12027859 12618201 7796700 4762077 3948000 12769764 8331238 12008950 8679933
4040123 4342491 1
4040123 4445443 7
4040123 5481599 2
4040123 7362467 2
4040123 7368619 3
4040123 7796700 3
4040123 7973527 3
4040123 8055899 3
4040123 8142968 4
4040123 8679933 1
4040123 9520425 4
4040123 11002082 1
4040123 11384014 3
4040123 11804683 1
4040123 11956767 1
4040123 12027859 1
4040123 12423092 6
4040123 12576651 2
4040123 12587273 2
4040123 12618201 1
4040123 12662684 1
4040123 12735350 2
4040123 12814617 2
4040123 12847815 3
4040123 12857912 1
4040123 12907654 3
4342491 4445443 1
4342491 5481599 1
4342491 7362467 1
4342491 7368619 1
4342491 7796700 1
4342491 7973527 1
4342491 8055899 1
4342491 8142968 1
4342491 8679933 1
4342491 9520425 1
4342491 11002082 1
4342491 11384014 1
4342491 11804683 1
4342491 11956767 1
4342491 12027859 1
4342491 12423092 1
4342491 12576651 1
4342491 12587273 1
4342491 12618201 1
4342491 12662684 1
4342491 12735350 1
4342491 12814617 1
4342491 12847815 1
4342491 12857912 1
4342491 12907654 1
4445443 5481599 2
4445443 7362467 2
4445443 7368619 3
4445443 7796700 6
4445443 7973527 5
4445443 8055899 4
4445443 8142968 7
4445443 8679933 1
4445443 9520425 6
4445443 11002082 1
4445443 11384014 3
4445443 11804683 1
4445443 11956767 1
4445443 12027859 1
4445443 12423092 8
4445443 12576651 3
4445443 12587273 3
4445443 12618201 1
4445443 12662684 3
4445443 12735350 2
4445443 12814617 2
4445443 12847815 5
4445443 12857912 1
4445443 12907654 3
5481599 7362467 1
5481599 7368619 1
5481599 7796700 2
5481599 7973527 2
5481599 8055899 1
5481599 8142968 1
5481599 8679933 1
5481599 9520425 1
5481599 11002082 1
5481599 11384014 1
5481599 11804683 1
5481599 11956767 1
5481599 12027859 1
5481599 12423092 2
5481599 12576651 1
5481599 12587273 1
5481599 12618201 1
5481599 12662684 1
5481599 12735350 1
5481599 12814617 1
5481599 12847815 2
5481599 12857912 1
5481599 12907654 1
7362467 7368619 1
7362467 7796700 1
7362467 7973527 1
7362467 8055899 1
7362467 8142968 2
7362467 8679933 1
7362467 9520425 2
7362467 11002082 1
7362467 11384014 1
7362467 11804683 1
7362467 11956767 1
7362467 12027859 1
7362467 12423092 2
7362467 12576651 1
7362467 12587273 1
7362467 12618201 1
7362467 12662684 1
7362467 12735350 1
7362467 12814617 2
7362467 12847815 1
7362467 12857912 1
7362467 12907654 1
7368619 7796700 2
7368619 7973527 2
7368619 8055899 3
7368619 8142968 3
7368619 8679933 1
7368619 9520425 2
7368619 11002082 1
7368619 11384014 3
7368619 11804683 1
7368619 11956767 1
7368619 12027859 1
7368619 12423092 3
7368619 12576651 2
7368619 12587273 2
7368619 12618201 1
7368619 12662684 1
7368619 12735350 2
7368619 12814617 1
7368619 12847815 1
7368619 12857912 1
7368619 12907654 2
7796700 7973527 5
7796700 8055899 3
7796700 8142968 5
7796700 8679933 1
7796700 9520425 3
7796700 11002082 1
7796700 11384014 2
7796700 11804683 1
7796700 11956767 1
7796700 12027859 1
7796700 12423092 5
7796700 12576651 3
7796700 12587273 3
7796700 12618201 1
7796700 12662684 3
7796700 12735350 1
7796700 12814617 1
7796700 12847815 4
7796700 12857912 1
7796700 12907654 1
7973527 8055899 3
7973527 8142968 4
7973527 8679933 1
7973527 9520425 3
7973527 11002082 1
7973527 11384014 2
7973527 11804683 1
7973527 11956767 1
7973527 12027859 1
7973527 12423092 5
7973527 12576651 3
7973527 12587273 3
7973527 12618201 1
7973527 12662684 3
7973527 12735350 1
7973527 12814617 1
7973527 12847815 3
7973527 12857912 1
7973527 12907654 1
8055899 8142968 4
8055899 8679933 1
8055899 9520425 3
8055899 11002082 1
8055899 11384014 3
8055899 11804683 1
8055899 11956767 1
8055899 12027859 1
8055899 12423092 4
8055899 12576651 3
8055899 12587273 3
8055899 12618201 1
8055899 12662684 2
8055899 12735350 2
8055899 12814617 1
8055899 12847815 1
8055899 12857912 1
8055899 12907654 2
8142968 8679933 1
8142968 9520425 5
8142968 11002082 1
8142968 11384014 3
8142968 11804683 1
8142968 11956767 1
8142968 12027859 1
8142968 12423092 6
8142968 12576651 3
8142968 12587273 3
8142968 12618201 1
8142968 12662684 3
8142968 12735350 2
8142968 12814617 2
8142968 12847815 3
8142968 12857912 1
8142968 12907654 2
8679933 9520425 1
8679933 11002082 1
8679933 11384014 1
8679933 11804683 1
8679933 11956767 1
8679933 12027859 1
8679933 12423092 1
8679933 12576651 1
8679933 12587273 1
8679933 12618201 1
8679933 12662684 1
8679933 12735350 1
8679933 12814617 1
8679933 12847815 1
8679933 12857912 1
8679933 12907654 1
9520425 11002082 1
9520425 11384014 2
9520425 11804683 1
9520425 11956767 1
9520425 12027859 1
9520425 12423092 6
9520425 12576651 2
9520425 12587273 2
9520425 12618201 1
9520425 12662684 3
9520425 12735350 2
9520425 12814617 2
9520425 12847815 2
9520425 12857912 1
9520425 12907654 3
11002082 11384014 1
11002082 11804683 1
11002082 11956767 1
11002082 12027859 1
11002082 12423092 1
11002082 12576651 1
11002082 12587273 1
11002082 12618201 1
11002082 12662684 1
11002082 12735350 1
11002082 12814617 1
11002082 12847815 1
11002082 12857912 1
11002082 12907654 1
11384014 11804683 1
11384014 11956767 1
11384014 12027859 1
11384014 12423092 3
11384014 12576651 2
11384014 12587273 2
11384014 12618201 1
11384014 12662684 1
11384014 12735350 2
11384014 12814617 1
11384014 12847815 1
11384014 12857912 1
11384014 12907654 2
11804683 11956767 1
11804683 12027859 1
11804683 12423092 1
11804683 12576651 1
11804683 12587273 1
11804683 12618201 1
11804683 12662684 1
11804683 12735350 1
11804683 12814617 1
11804683 12847815 1
11804683 12857912 1
11804683 12907654 1
11956767 12027859 1
11956767 12423092 1
11956767 12576651 1
11956767 12587273 1
11956767 12618201 1
11956767 12662684 1
11956767 12735350 1
11956767 12814617 1
11956767 12847815 1
11956767 12857912 1
11956767 12907654 1
12027859 12423092 1
12027859 12576651 1
12027859 12587273 1
12027859 12618201 1
12027859 12662684 1
12027859 12735350 1
12027859 12814617 1
12027859 12847815 1
12027859 12857912 1
12027859 12907654 1
12423092 12576651 3
12423092 12587273 3
12423092 12618201 1
12423092 12662684 3
12423092 12735350 2
12423092 12814617 2
12423092 12847815 3
12423092 12857912 1
12423092 12907654 3
12576651 12587273 3
12576651 12618201 1
12576651 12662684 2
12576651 12735350 1
12576651 12814617 1
12576651 12847815 1
12576651 12857912 1
12576651 12907654 1
12587273 12618201 1
12587273 12662684 2
12587273 12735350 1
12587273 12814617 1
12587273 12847815 1
12587273 12857912 1
12587273 12907654 1
12618201 12662684 1
12618201 12735350 1
12618201 12814617 1
12618201 12847815 1
12618201 12857912 1
12618201 12907654 1
12662684 12735350 1
12662684 12814617 1
12662684 12847815 2
12662684 12857912 1
12662684 12907654 1
12735350 12814617 1
12735350 12847815 1
12735350 12857912 1
12735350 12907654 2
12814617 12847815 1
12814617 12857912 1
12814617 12907654 1
12847815 12857912 1
12847815 12907654 1
12857912 12907654 1
4040123 6899421 2
4040123 6935168 2
4040123 8418826 2
4040123 9582115 4
4040123 9618621 5
4040123 9795861 2
4040123 10000391 2
4040123 10264593 5
4040123 10466161 2
4040123 10649712 5
4040123 11632358 1
4040123 12530125 2
4040123 12769764 2
4040123 12857678 1
4445443 6899421 2
4445443 6935168 3
4445443 8418826 2
4445443 9582115 4
4445443 9618621 7
4445443 9795861 3
4445443 10000391 2
4445443 10264593 8
4445443 10466161 3
4445443 10649712 7
4445443 11632358 1
4445443 12530125 2
4445443 12769764 2
4445443 12857678 1
5481599 6899421 1
5481599 6935168 1
5481599 8418826 1
5481599 9582115 1
5481599 9618621 1
5481599 9795861 1
5481599 10000391 1
5481599 10264593 1
5481599 10466161 1
5481599 10649712 1
5481599 11632358 1
5481599 12530125 1
5481599 12769764 1
5481599 12857678 1
6899421 6935168 2
6899421 7796700 1
6899421 7973527 1
6899421 8418826 1
6899421 9582115 2
6899421 9618621 2
6899421 9795861 1
6899421 10000391 1
6899421 10264593 2
6899421 10466161 1
6899421 10649712 2
6899421 11632358 1
6899421 12423092 2
6899421 12530125 2
6899421 12769764 2
6899421 12847815 1
6899421 12857678 1
6935168 7796700 2
6935168 7973527 2
6935168 8418826 1
6935168 9582115 2
6935168 9618621 3
6935168 9795861 2
6935168 10000391 1
6935168 10264593 3
6935168 10466161 2
6935168 10649712 3
6935168 11632358 1
6935168 12423092 3
6935168 12530125 2
6935168 12769764 2
6935168 12847815 2
6935168 12857678 1
7796700 8418826 2
7796700 9582115 2
7796700 9618621 4
7796700 9795861 2
7796700 10000391 2
7796700 10264593 5
7796700 10466161 2
7796700 10649712 4
7796700 11632358 1
7796700 12530125 1
7796700 12769764 1
7796700 12857678 1
7973527 8418826 2
7973527 9582115 2
7973527 9618621 4
7973527 9795861 2
7973527 10000391 2
7973527 10264593 4
7973527 10466161 2
7973527 10649712 3
7973527 11632358 1
7973527 12530125 1
7973527 12769764 1
7973527 12857678 1
8418826 9582115 2
8418826 9618621 2
8418826 9795861 1
8418826 10000391 2
8418826 10264593 2
8418826 10466161 1
8418826 10649712 2
8418826 11632358 1
8418826 12423092 2
8418826 12530125 1
8418826 12769764 1
8418826 12847815 1
8418826 12857678 1
9582115 9618621 4
9582115 9795861 1
9582115 10000391 2
9582115 10264593 4
9582115 10466161 1
9582115 10649712 4
9582115 11632358 1
9582115 12423092 4
9582115 12530125 2
9582115 12769764 2
9582115 12847815 1
9582115 12857678 1
9618621 9795861 2
9618621 10000391 2
9618621 10264593 7
9618621 10466161 2
9618621 10649712 6
9618621 11632358 1
9618621 12423092 7
9618621 12530125 2
9618621 12769764 2
9618621 12847815 2
9618621 12857678 1
9795861 10000391 1
9795861 10264593 2
9795861 10466161 3
9795861 10649712 2
9795861 11632358 1
9795861 12423092 2
9795861 12530125 1
9795861 12769764 1
9795861 12847815 3
9795861 12857678 1
10000391 10264593 2
10000391 10466161 1
10000391 10649712 2
10000391 11632358 1
10000391 12423092 2
10000391 12530125 1
10000391 12769764 1
10000391 12847815 1
10000391 12857678 1
10264593 10466161 2
10264593 10649712 7
10264593 11632358 1
10264593 12423092 7
10264593 12530125 2
10264593 12769764 2
10264593 12847815 3
10264593 12857678 1
10466161 10649712 2
10466161 11632358 1
10466161 12423092 2
10466161 12530125 1
10466161 12769764 1
10466161 12847815 3
10466161 12857678 1
10649712 11632358 1
10649712 12423092 6
10649712 12530125 2
10649712 12769764 2
10649712 12847815 3
10649712 12857678 1
11632358 12423092 1
11632358 12530125 1
11632358 12769764 1
11632358 12847815 1
11632358 12857678 1
12423092 12530125 2
12423092 12769764 2
12423092 12857678 1
12530125 12769764 2
12530125 12847815 1
12530125 12857678 1
12769764 12847815 1
12769764 12857678 1
12847815 12857678 1
3318552 3540766 1
3318552 4040123 1
3318552 4445443 2
3318552 5266736 1
3318552 7368619 1
3318552 7796700 2
3318552 7811627 1
3318552 7973527 2
3318552 8055899 2
3318552 8142968 2
3318552 8418826 1
3318552 9582115 1
3318552 9618621 2
3318552 9845175 1
3318552 10000391 1
3318552 10011968 1
3318552 10264593 2
3318552 10649712 1
3318552 11384014 1
3318552 12423092 2
3318552 12576651 2
3318552 12587273 2
3318552 12868639 1
3318552 12868955 1
3540766 4040123 2
3540766 4445443 2
3540766 5266736 2
3540766 7368619 1
3540766 7796700 1
3540766 7811627 1
3540766 7973527 1
3540766 8055899 1
3540766 8142968 2
3540766 8418826 1
3540766 9582115 1
3540766 9618621 2
3540766 9845175 2
3540766 10000391 1
3540766 10011968 2
3540766 10264593 2
3540766 10649712 2
3540766 11384014 1
3540766 12423092 2
3540766 12576651 1
3540766 12587273 1
3540766 12868639 1
3540766 12868955 1
4040123 5266736 2
4040123 7811627 1
4040123 9845175 2
4040123 10011968 2
4040123 12868639 2
4040123 12868955 1
4445443 5266736 2
4445443 7811627 1
4445443 9845175 2
4445443 10011968 2
4445443 12868639 2
4445443 12868955 1
5266736 7368619 1
5266736 7796700 1
5266736 7811627 1
5266736 7973527 1
5266736 8055899 1
5266736 8142968 2
5266736 8418826 1
5266736 9582115 1
5266736 9618621 2
5266736 9845175 2
5266736 10000391 1
5266736 10011968 2
5266736 10264593 2
5266736 10649712 2
5266736 11384014 1
5266736 12423092 2
5266736 12576651 1
5266736 12587273 1
5266736 12868639 1
5266736 12868955 1
7368619 7811627 1
7368619 8418826 1
7368619 9582115 2
7368619 9618621 2
7368619 9845175 1
7368619 10000391 1
7368619 10011968 1
7368619 10264593 2
7368619 10649712 2
7368619 12868639 2
7368619 12868955 1
7796700 7811627 1
7796700 9845175 1
7796700 10011968 1
7796700 12868639 1
7796700 12868955 1
7811627 7973527 1
7811627 8055899 1
7811627 8142968 1
7811627 8418826 1
7811627 9582115 1
7811627 9618621 1
7811627 9845175 1
7811627 10000391 1
7811627 10011968 1
7811627 10264593 1
7811627 10649712 1
7811627 11384014 1
7811627 12423092 1
7811627 12576651 1
7811627 12587273 1
7811627 12868639 1
7811627 12868955 1
7973527 9845175 1
7973527 10011968 1
7973527 12868639 1
7973527 12868955 1
8055899 8418826 1
8055899 9582115 2
8055899 9618621 3
8055899 9845175 1
8055899 10000391 1
8055899 10011968 1
8055899 10264593 3
8055899 10649712 2
8055899 12868639 2
8055899 12868955 1
8142968 8418826 1
8142968 9582115 2
8142968 9618621 5
8142968 9845175 2
8142968 10000391 1
8142968 10011968 2
8142968 10264593 6
8142968 10649712 5
8142968 12868639 2
8142968 12868955 1
8418826 9845175 1
8418826 10011968 1
8418826 11384014 1
8418826 12576651 1
8418826 12587273 1
8418826 12868639 1
8418826 12868955 1
9582115 9845175 1
9582115 10011968 1
9582115 11384014 2
9582115 12576651 1
9582115 12587273 1
9582115 12868639 2
9582115 12868955 1
9618621 9845175 2
9618621 10011968 2
9618621 11384014 2
9618621 12576651 2
9618621 12587273 2
9618621 12868639 2
9618621 12868955 1
9845175 10000391 1
9845175 10011968 2
9845175 10264593 2
9845175 10649712 2
9845175 11384014 1
9845175 12423092 2
9845175 12576651 1
9845175 12587273 1
9845175 12868639 1
9845175 12868955 1
10000391 10011968 1
10000391 11384014 1
10000391 12576651 1
10000391 12587273 1
10000391 12868639 1
10000391 12868955 1
10011968 10264593 2
10011968 10649712 2
10011968 11384014 1
10011968 12423092 2
10011968 12576651 1
10011968 12587273 1
10011968 12868639 1
10011968 12868955 1
10264593 11384014 2
10264593 12576651 2
10264593 12587273 2
10264593 12868639 2
10264593 12868955 1
10649712 11384014 2
10649712 12576651 1
10649712 12587273 1
10649712 12868639 2
10649712 12868955 1
11384014 12868639 2
11384014 12868955 1
12423092 12868639 2
12423092 12868955 1
12576651 12868639 1
12576651 12868955 1
12587273 12868639 1
12587273 12868955 1
12868639 12868955 1
4445443 7119391 1
4445443 7504409 1
4445443 9460492 5
4445443 9561248 1
4445443 12216037 1
4445443 12225952 5
7119391 7504409 1
7119391 7796700 1
7119391 8142968 1
7119391 9460492 1
7119391 9561248 1
7119391 10264593 1
7119391 10649712 1
7119391 12216037 1
7119391 12225952 1
7119391 12847815 1
7504409 7796700 1
7504409 8142968 1
7504409 9460492 1
7504409 9561248 1
7504409 10264593 1
7504409 10649712 1
7504409 12216037 1
7504409 12225952 1
7504409 12847815 1
7796700 9460492 3
7796700 9561248 1
7796700 12216037 1
7796700 12225952 3
8142968 9460492 4
8142968 9561248 1
8142968 12216037 1
8142968 12225952 4
9460492 9561248 1
9460492 10264593 5
9460492 10649712 4
9460492 12216037 1
9460492 12225952 5
9460492 12847815 2
9561248 10264593 1
9561248 10649712 1
9561248 12216037 1
9561248 12225952 1
9561248 12847815 1
10264593 12216037 1
10264593 12225952 5
10649712 12216037 1
10649712 12225952 4
12216037 12225952 1
12216037 12847815 1
12225952 12847815 2
4445443 7056845 2
4445443 7855688 1
4445443 11996622 2
4445443 12425301 2
6935168 7056845 1
6935168 7855688 1
6935168 8142968 1
6935168 9460492 2
6935168 9520425 2
6935168 11996622 2
6935168 12225952 2
6935168 12425301 1
6935168 12662684 1
7056845 7796700 2
7056845 7855688 1
7056845 7973527 2
7056845 8142968 2
7056845 9460492 2
7056845 9520425 2
7056845 9618621 2
7056845 9795861 1
7056845 10264593 2
7056845 10466161 1
7056845 10649712 1
7056845 11996622 1
7056845 12225952 2
7056845 12423092 2
7056845 12425301 2
7056845 12662684 2
7056845 12847815 1
7796700 7855688 1
7796700 11996622 1
7796700 12425301 2
7855688 7973527 1
7855688 8142968 1
7855688 9460492 1
7855688 9520425 1
7855688 9618621 1
7855688 9795861 1
7855688 10264593 1
7855688 10466161 1
7855688 10649712 1
7855688 11996622 1
7855688 12225952 1
7855688 12423092 1
7855688 12425301 1
7855688 12662684 1
7855688 12847815 1
7973527 9460492 2
7973527 11996622 1
7973527 12225952 2
7973527 12425301 2
8142968 9795861 1
8142968 10466161 1
8142968 11996622 1
8142968 12425301 2
9460492 9520425 4
9460492 9618621 4
9460492 9795861 1
9460492 10466161 1
9460492 11996622 2
9460492 12423092 4
9460492 12425301 2
9460492 12662684 2
9520425 9618621 5
9520425 9795861 1
9520425 10264593 5
9520425 10466161 1
9520425 10649712 4
9520425 11996622 2
9520425 12225952 4
9520425 12425301 2
9618621 11996622 2
9618621 12225952 4
9618621 12425301 2
9618621 12662684 2
9795861 11996622 1
9795861 12225952 1
9795861 12425301 1
9795861 12662684 1
10264593 11996622 2
10264593 12425301 2
10264593 12662684 2
10466161 11996622 1
10466161 12225952 1
10466161 12425301 1
10466161 12662684 1
10649712 11996622 2
10649712 12425301 1
10649712 12662684 1
11996622 12225952 2
11996622 12423092 2
11996622 12425301 1
11996622 12662684 1
11996622 12847815 1
12225952 12423092 4
12225952 12425301 2
12225952 12662684 2
12423092 12425301 2
12425301 12662684 2
12425301 12847815 1
3318552 3948000 1
3318552 4447351 1
3318552 5579112 1
3318552 7056845 1
3318552 7913118 1
3318552 9460492 1
3318552 9520425 1
3318552 9587649 1
3318552 12225952 1
3318552 12425301 1
3318552 12662684 1
3948000 4445443 1
3948000 4447351 1
3948000 5579112 1
3948000 7056845 1
3948000 7796700 1
3948000 7913118 1
3948000 7973527 1
3948000 8055899 1
3948000 8142968 1
3948000 9460492 1
3948000 9520425 1
3948000 9587649 1
3948000 9618621 1
3948000 10264593 1
3948000 12225952 1
3948000 12423092 1
3948000 12425301 1
3948000 12576651 1
3948000 12587273 1
3948000 12662684 1
4445443 4447351 1
4445443 5579112 1
4445443 7913118 1
4445443 9587649 2
4447351 5579112 1
4447351 7056845 1
4447351 7796700 1
4447351 7913118 1
4447351 7973527 1
4447351 8055899 1
4447351 8142968 1
4447351 9460492 1
4447351 9520425 1
4447351 9587649 1
4447351 9618621 1
4447351 10264593 1
4447351 12225952 1
4447351 12423092 1
4447351 12425301 1
4447351 12576651 1
4447351 12587273 1
4447351 12662684 1
5579112 7056845 1
5579112 7796700 1
5579112 7913118 1
5579112 7973527 1
5579112 8055899 1
5579112 8142968 1
5579112 9460492 1
5579112 9520425 1
5579112 9587649 1
5579112 9618621 1
5579112 10264593 1
5579112 12225952 1
5579112 12423092 1
5579112 12425301 1
5579112 12576651 1
5579112 12587273 1
5579112 12662684 1
7056845 7913118 1
7056845 8055899 1
7056845 9587649 1
7056845 12576651 1
7056845 12587273 1
7796700 7913118 1
7796700 9587649 1
7913118 7973527 1
7913118 8055899 1
7913118 8142968 1
7913118 9460492 1
7913118 9520425 1
7913118 9587649 1
7913118 9618621 1
7913118 10264593 1
7913118 12225952 1
7913118 12423092 1
7913118 12425301 1
7913118 12576651 1
7913118 12587273 1
7913118 12662684 1
7973527 9587649 1
8055899 9460492 2
8055899 9587649 1
8055899 12225952 2
8055899 12425301 1
8142968 9587649 2
9460492 9587649 1
9460492 12576651 1
9460492 12587273 1
9520425 9587649 2
9587649 9618621 2
9587649 10264593 2
9587649 12225952 1
9587649 12423092 2
9587649 12425301 1
9587649 12576651 1
9587649 12587273 1
9587649 12662684 1
12225952 12576651 1
12225952 12587273 1
12425301 12576651 1
12425301 12587273 1
4040123 4605479 2
4040123 5669899 1
4040123 6613930 1
4040123 6740341 2
4040123 7214388 1
4040123 7230346 1
4040123 7391595 1
4040123 7678840 3
4040123 8331238 1
4040123 8417170 3
4040123 9460492 2
4040123 11917076 1
4040123 11996622 1
4040123 12009634 1
4040123 12225952 2
4445443 4605479 2
4445443 5669899 1
4445443 6613930 1
4445443 6740341 2
4445443 7214388 1
4445443 7230346 1
4445443 7391595 1
4445443 7678840 3
4445443 8331238 1
4445443 8417170 3
4445443 11917076 1
4445443 12009634 1
4605479 5669899 1
4605479 6613930 1
4605479 6740341 2
4605479 6899421 1
4605479 6935168 1
4605479 7214388 1
4605479 7230346 1
4605479 7391595 1
4605479 7678840 2
4605479 8331238 1
4605479 8417170 2
4605479 9460492 2
4605479 9520425 2
4605479 9582115 2
4605479 9618621 2
4605479 10264593 2
4605479 10649712 2
4605479 11917076 1
4605479 11996622 1
4605479 12009634 1
4605479 12225952 2
4605479 12423092 2
4605479 12530125 1
4605479 12769764 1
4605479 12907654 2
5669899 6613930 1
5669899 6740341 1
5669899 6899421 1
5669899 6935168 1
5669899 7214388 1
5669899 7230346 1
5669899 7391595 1
5669899 7678840 1
5669899 8331238 1
5669899 8417170 1
5669899 9460492 1
5669899 9520425 1
5669899 9582115 1
5669899 9618621 1
5669899 10264593 1
5669899 10649712 1
5669899 11917076 1
5669899 11996622 1
5669899 12009634 1
5669899 12225952 1
5669899 12423092 1
5669899 12530125 1
5669899 12769764 1
5669899 12907654 1
6613930 6740341 1
6613930 6899421 1
6613930 6935168 1
6613930 7214388 1
6613930 7230346 1
6613930 7391595 1
6613930 7678840 1
6613930 8331238 1
6613930 8417170 1
6613930 9460492 1
6613930 9520425 1
6613930 9582115 1
6613930 9618621 1
6613930 10264593 1
6613930 10649712 1
6613930 11917076 1
6613930 11996622 1
6613930 12009634 1
6613930 12225952 1
6613930 12423092 1
6613930 12530125 1
6613930 12769764 1
6613930 12907654 1
6740341 6899421 1
6740341 6935168 1
6740341 7214388 1
6740341 7230346 1
6740341 7391595 1
6740341 7678840 2
6740341 8331238 1
6740341 8417170 2
6740341 9460492 2
6740341 9520425 2
6740341 9582115 2
6740341 9618621 2
6740341 10264593 2
6740341 10649712 2
6740341 11917076 1
6740341 11996622 1
6740341 12009634 1
6740341 12225952 2
6740341 12423092 2
6740341 12530125 1
6740341 12769764 1
6740341 12907654 2
6899421 7214388 1
6899421 7230346 1
6899421 7391595 1
6899421 7678840 1
6899421 8331238 1
6899421 8417170 1
6899421 9460492 1
6899421 9520425 1
6899421 11917076 1
6899421 11996622 1
6899421 12009634 1
6899421 12225952 1
6899421 12907654 1
6935168 7214388 1
6935168 7230346 1
6935168 7391595 1
6935168 7678840 1
6935168 8331238 1
6935168 8417170 1
6935168 11917076 1
6935168 12009634 1
6935168 12907654 1
7214388 7230346 1
7214388 7391595 1
7214388 7678840 1
7214388 8331238 1
7214388 8417170 1
7214388 9460492 1
7214388 9520425 1
7214388 9582115 1
7214388 9618621 1
7214388 10264593 1
7214388 10649712 1
7214388 11917076 1
7214388 11996622 1
7214388 12009634 1
7214388 12225952 1
7214388 12423092 1
7214388 12530125 1
7214388 12769764 1
7214388 12907654 1
7230346 7391595 1
7230346 7678840 1
7230346 8331238 1
7230346 8417170 1
7230346 9460492 1
7230346 9520425 1
7230346 9582115 1
7230346 9618621 1
7230346 10264593 1
7230346 10649712 1
7230346 11917076 1
7230346 11996622 1
7230346 12009634 1
7230346 12225952 1
7230346 12423092 1
7230346 12530125 1
7230346 12769764 1
7230346 12907654 1
7391595 7678840 1
7391595 8331238 1
7391595 8417170 1
7391595 9460492 1
7391595 9520425 1
7391595 9582115 1
7391595 9618621 1
7391595 10264593 1
7391595 10649712 1
7391595 11917076 1
7391595 11996622 1
7391595 12009634 1
7391595 12225952 1
7391595 12423092 1
7391595 12530125 1
7391595 12769764 1
7391595 12907654 1
7678840 8331238 1
7678840 8417170 3
7678840 9460492 2
7678840 9520425 3
7678840 9582115 2
7678840 9618621 3
7678840 10264593 3
7678840 10649712 3
7678840 11917076 1
7678840 11996622 1
7678840 12009634 1
7678840 12225952 2
7678840 12423092 3
7678840 12530125 1
7678840 12769764 1
7678840 12907654 2
8331238 8417170 1
8331238 9460492 1
8331238 9520425 1
8331238 9582115 1
8331238 9618621 1
8331238 10264593 1
8331238 10649712 1
8331238 11917076 1
8331238 11996622 1
8331238 12009634 1
8331238 12225952 1
8331238 12423092 1
8331238 12530125 1
8331238 12769764 1
8331238 12907654 1
8417170 9460492 2
8417170 9520425 3
8417170 9582115 2
8417170 9618621 3
8417170 10264593 3
8417170 10649712 3
8417170 11917076 1
8417170 11996622 1
8417170 12009634 1
8417170 12225952 2
8417170 12423092 3
8417170 12530125 1
8417170 12769764 1
8417170 12907654 2
9460492 9582115 2
9460492 11917076 1
9460492 12009634 1
9460492 12530125 1
9460492 12769764 1
9460492 12907654 2
9520425 9582115 2
9520425 11917076 1
9520425 12009634 1
9520425 12530125 1
9520425 12769764 1
9582115 11917076 1
9582115 11996622 1
9582115 12009634 1
9582115 12225952 2
9582115 12907654 2
9618621 11917076 1
9618621 12009634 1
9618621 12907654 2
10264593 11917076 1
10264593 12009634 1
10264593 12907654 2
10649712 11917076 1
10649712 12009634 1
10649712 12907654 2
11917076 11996622 1
11917076 12009634 1
11917076 12225952 1
11917076 12423092 1
11917076 12530125 1
11917076 12769764 1
11917076 12907654 1
11996622 12009634 1
11996622 12530125 1
11996622 12769764 1
11996622 12907654 1
12009634 12225952 1
12009634 12423092 1
12009634 12530125 1
12009634 12769764 1
12009634 12907654 1
12225952 12530125 1
12225952 12769764 1
12225952 12907654 2
12530125 12907654 1
12769764 12907654 1
3243388 4040123 2
3243388 4445443 2
3243388 4605479 1
3243388 6740341 1
3243388 7368619 1
3243388 7678840 2
3243388 8055899 1
3243388 8142968 2
3243388 8417170 2
3243388 9460492 1
3243388 9520425 2
3243388 9582115 1
3243388 9618621 2
3243388 10264593 2
3243388 10649712 2
3243388 11384014 1
3243388 12225952 1
3243388 12254487 1
3243388 12423092 2
3243388 12735350 1
3243388 12868639 1
3243388 12907654 1
4040123 12254487 1
4445443 12254487 1
4605479 7368619 1
4605479 8055899 1
4605479 8142968 1
4605479 11384014 1
4605479 12254487 1
4605479 12735350 1
4605479 12868639 1
6740341 7368619 1
6740341 8055899 1
6740341 8142968 1
6740341 11384014 1
6740341 12254487 1
6740341 12735350 1
6740341 12868639 1
7368619 7678840 1
7368619 8417170 1
7368619 9460492 1
7368619 12225952 1
7368619 12254487 1
7678840 8055899 1
7678840 8142968 2
7678840 11384014 1
7678840 12254487 1
7678840 12735350 1
7678840 12868639 1
8055899 8417170 1
8055899 12254487 1
8142968 8417170 2
8142968 12254487 1
8417170 11384014 1
8417170 12254487 1
8417170 12735350 1
8417170 12868639 1
9460492 11384014 1
9460492 12254487 1
9460492 12735350 1
9460492 12868639 1
9520425 12254487 1
9520425 12868639 1
9582115 12254487 1
9582115 12735350 1
9618621 12254487 1
9618621 12735350 1
10264593 12254487 1
10264593 12735350 1
10649712 12254487 1
10649712 12735350 1
11384014 12225952 1
11384014 12254487 1
12225952 12254487 1
12225952 12735350 1
12225952 12868639 1
12254487 12423092 1
12254487 12735350 1
12254487 12868639 1
12254487 12907654 1
12735350 12868639 1
12868639 12907654 1
4040123 4762077 1
4040123 4985581 1
4040123 8367316 1
4040123 9986512 1
4040123 12008950 1
4040123 12602236 1
4445443 4762077 1
4445443 4985581 1
4445443 8367316 1
4445443 9986512 1
4445443 12008950 1
4445443 12602236 1
4762077 4985581 1
4762077 8367316 1
4762077 9795861 1
4762077 9986512 1
4762077 10466161 1
4762077 12008950 1
4762077 12602236 1
4762077 12847815 1
4985581 8367316 1
4985581 9795861 1
4985581 9986512 1
4985581 10466161 1
4985581 12008950 1
4985581 12602236 1
4985581 12847815 1
8367316 9795861 1
8367316 9986512 1
8367316 10466161 1
8367316 12008950 1
8367316 12602236 1
8367316 12847815 1
9795861 9986512 1
9795861 12008950 1
9795861 12602236 1
9986512 10466161 1
9986512 12008950 1
9986512 12602236 1
9986512 12847815 1
10466161 12008950 1
10466161 12602236 1
12008950 12602236 1
12008950 12847815 1
12602236 12847815 1
3243388 3333543 1
3243388 3540766 1
3243388 5266736 1
3243388 6994214 1
3243388 7362467 1
3243388 8030608 1
3243388 9587649 1
3243388 9845175 1
3243388 9884080 1
3243388 10011968 1
3243388 10860369 1
3243388 12347246 1
3243388 12814617 1
3333543 3540766 1
3333543 4040123 1
3333543 4445443 1
3333543 5266736 1
3333543 6994214 1
3333543 7362467 1
3333543 7678840 1
3333543 8030608 1
3333543 8142968 1
3333543 8417170 1
3333543 9520425 1
3333543 9587649 1
3333543 9618621 1
3333543 9845175 1
3333543 9884080 1
3333543 10011968 1
3333543 10264593 1
3333543 10649712 1
3333543 10860369 1
3333543 12347246 1
3333543 12423092 1
3333543 12814617 1
3540766 6994214 1
3540766 7362467 1
3540766 7678840 1
3540766 8030608 1
3540766 8417170 1
3540766 9520425 1
3540766 9587649 1
3540766 9884080 1
3540766 10860369 1
3540766 12347246 1
3540766 12814617 1
4040123 6994214 1
4040123 8030608 1
4040123 9587649 1
4040123 9884080 1
4040123 10860369 1
4040123 12347246 1
4445443 6994214 1
4445443 8030608 1
4445443 9884080 1
4445443 10860369 1
4445443 12347246 1
5266736 6994214 1
5266736 7362467 1
5266736 7678840 1
5266736 8030608 1
5266736 8417170 1
5266736 9520425 1
5266736 9587649 1
5266736 9884080 1
5266736 10860369 1
5266736 12347246 1
5266736 12814617 1
6994214 7362467 1
6994214 7678840 1
6994214 8030608 1
6994214 8142968 1
6994214 8417170 1
6994214 9520425 1
6994214 9587649 1
6994214 9618621 1
6994214 9845175 1
6994214 9884080 1
6994214 10011968 1
6994214 10264593 1
6994214 10649712 1
6994214 10860369 1
6994214 12347246 1
6994214 12423092 1
6994214 12814617 1
7362467 7678840 1
7362467 8030608 1
7362467 8417170 1
7362467 9587649 1
7362467 9618621 1
7362467 9845175 1
7362467 9884080 1
7362467 10011968 1
7362467 10264593 1
7362467 10649712 1
7362467 10860369 1
7362467 12347246 1
7678840 8030608 1
7678840 9587649 1
7678840 9845175 1
7678840 9884080 1
7678840 10011968 1
7678840 10860369 1
7678840 12347246 1
7678840 12814617 1
8030608 8142968 1
8030608 8417170 1
8030608 9520425 1
8030608 9587649 1
8030608 9618621 1
8030608 9845175 1
8030608 9884080 1
8030608 10011968 1
8030608 10264593 1
8030608 10649712 1
8030608 10860369 1
8030608 12347246 1
8030608 12423092 1
8030608 12814617 1
8142968 9884080 1
8142968 10860369 1
8142968 12347246 1
8417170 9587649 1
8417170 9845175 1
8417170 9884080 1
8417170 10011968 1
8417170 10860369 1
8417170 12347246 1
8417170 12814617 1
9520425 9845175 1
9520425 9884080 1
9520425 10011968 1
9520425 10860369 1
9520425 12347246 1
9587649 9845175 1
9587649 9884080 1
9587649 10011968 1
9587649 10649712 1
9587649 10860369 1
9587649 12347246 1
9587649 12814617 1
9618621 9884080 1
9618621 10860369 1
9618621 12347246 1
9618621 12814617 1
9845175 9884080 1
9845175 10860369 1
9845175 12347246 1
9845175 12814617 1
9884080 10011968 1
9884080 10264593 1
9884080 10649712 1
9884080 10860369 1
9884080 12347246 1
9884080 12423092 1
9884080 12814617 1
10011968 10860369 1
10011968 12347246 1
10011968 12814617 1
10264593 10860369 1
10264593 12347246 1
10264593 12814617 1
10649712 10860369 1
10649712 12347246 1
10649712 12814617 1
10860369 12347246 1
10860369 12423092 1
10860369 12814617 1
12347246 12423092 1
12347246 12814617 1
