6028291 9406983 11508744 5669899 7418382 10264593 3896852 7504409 9792027 9104413 6753316 9385001 7811627 2409006 9781325 9891407 8055899 7512169 10649712 11487858 10195064 8142968 5481599 9353356 11184785 9646740 9250966 11590813 8553118 4401321 2489521 8638131 8315092 5323479 4758231 9651931 6899421 7558882 6876395 10713842 5861116 4891903 4445443 3540766 6557474 9592625 7214388 10011968 10198339 9413458 3936598 10199903 5968740 7966063 6740341 3779962 3243388 7230346 4404107 8030608 8417170 11701144 10809252 6613930 7368619 7879085 8022960 9884080 6519221 4040123 6871500 7056845 6090701 9986512 9984979 7327700 7796700 8280543 4562410
3896852 4401321 1
3896852 4445443 3
3896852 5481599 2
3896852 6753316 1
3896852 6899421 2
3896852 7056845 3
3896852 7214388 1
3896852 8280543 1
3896852 9104413 1
3896852 9250966 3
3896852 9353356 3
3896852 9413458 1
3896852 9592625 2
3896852 9792027 1
3896852 10264593 2
4401321 4445443 1
4401321 5481599 1
4401321 6753316 1
4401321 6899421 1
4401321 7056845 1
4401321 7214388 1
4401321 8280543 1
4401321 9104413 1
4401321 9250966 1
4401321 9353356 1
4401321 9413458 1
4401321 9592625 1
4401321 9792027 1
4401321 10264593 1
4445443 5481599 8
4445443 6753316 1
4445443 6899421 3
4445443 7056845 6
4445443 7214388 4
4445443 8280543 2
4445443 9104413 2
4445443 9250966 4
4445443 9353356 8
4445443 9413458 1
4445443 9592625 5
4445443 9792027 1
4445443 10264593 7
5481599 6753316 1
5481599 6899421 2
5481599 7056845 4
5481599 7214388 3
5481599 8280543 2
5481599 9104413 1
5481599 9250966 3
5481599 9353356 6
5481599 9413458 1
5481599 9592625 4
5481599 9792027 1
5481599 10264593 7
6753316 6899421 1
6753316 7056845 1
6753316 7214388 1
6753316 8280543 1
6753316 9104413 1
6753316 9250966 1
6753316 9353356 1
6753316 9413458 1
6753316 9592625 1
6753316 9792027 1
6753316 10264593 1
6899421 7056845 2
6899421 7214388 2
6899421 8280543 1
6899421 9104413 1
6899421 9250966 2
6899421 9353356 3
6899421 9413458 1
6899421 9592625 1
6899421 9792027 1
6899421 10264593 2
7056845 7214388 2
7056845 8280543 1
7056845 9104413 2
7056845 9250966 4
7056845 9353356 6
7056845 9413458 1
7056845 9592625 4
7056845 9792027 1
7056845 10264593 4
7214388 8280543 2
7214388 9104413 2
7214388 9250966 1
7214388 9353356 4
7214388 9413458 1
7214388 9592625 3
7214388 9792027 1
7214388 10264593 3
8280543 9104413 1
8280543 9250966 1
8280543 9353356 2
8280543 9413458 1
8280543 9592625 2
8280543 9792027 1
8280543 10264593 2
9104413 9250966 1
9104413 9353356 2
9104413 9413458 1
9104413 9592625 2
9104413 9792027 1
9104413 10264593 1
9250966 9353356 4
9250966 9413458 1
9250966 9592625 3
9250966 9792027 1
9250966 10264593 3
9353356 9413458 1
9353356 9592625 5
9353356 9792027 1
9353356 10264593 6
9413458 9592625 1
9413458 9792027 1
9413458 10264593 1
9592625 9792027 1
9592625 10264593 4
9792027 10264593 1
2409006 2489521 2
2409006 3540766 2
2409006 4040123 1
2409006 4445443 3
2409006 4891903 1
2409006 5481599 2
2409006 5669899 2
2409006 7214388 2
2409006 7368619 1
2409006 7504409 1
2409006 7796700 1
2409006 7966063 2
2409006 8280543 1
2409006 9353356 3
2409006 9385001 1
2409006 9592625 3
2409006 9646740 3
2409006 10264593 2
2409006 10809252 1
2409006 11590813 1
2489521 3540766 1
2489521 4040123 1
2489521 4445443 3
2489521 4891903 1
2489521 5481599 1
2489521 5669899 2
2489521 7214388 2
2489521 7368619 1
2489521 7504409 1
2489521 7796700 1
2489521 7966063 2
2489521 8280543 1
2489521 9353356 3
2489521 9385001 1
2489521 9592625 2
2489521 9646740 2
2489521 10264593 1
2489521 10809252 1
2489521 11590813 1
3540766 4040123 1
3540766 4445443 2
3540766 4891903 1
3540766 5481599 2
3540766 5669899 1
3540766 7214388 1
3540766 7368619 1
3540766 7504409 1
3540766 7796700 1
3540766 7966063 1
3540766 8280543 1
3540766 9353356 2
3540766 9385001 1
3540766 9592625 2
3540766 9646740 2
3540766 10264593 2
3540766 10809252 1
3540766 11590813 1
4040123 4445443 3
4040123 4891903 1
4040123 5481599 3
4040123 5669899 2
4040123 7214388 1
4040123 7368619 1
4040123 7504409 1
4040123 7796700 1
4040123 7966063 2
4040123 8280543 1
4040123 9353356 2
4040123 9385001 1
4040123 9592625 1
4040123 9646740 1
4040123 10264593 3
4040123 10809252 1
4040123 11590813 1
4445443 4891903 2
4445443 5669899 4
4445443 7368619 1
4445443 7504409 1
4445443 7796700 2
4445443 7966063 3
4445443 9385001 2
4445443 9646740 4
4445443 10809252 2
4445443 11590813 1
4891903 5481599 2
4891903 5669899 1
4891903 7214388 1
4891903 7368619 1
4891903 7504409 1
4891903 7796700 1
4891903 7966063 1
4891903 8280543 1
4891903 9353356 1
4891903 9385001 1
4891903 9592625 1
4891903 9646740 1
4891903 10264593 1
4891903 10809252 1
4891903 11590813 1
5481599 5669899 3
5481599 7368619 1
5481599 7504409 1
5481599 7796700 2
5481599 7966063 2
5481599 9385001 2
5481599 9646740 3
5481599 10809252 2
5481599 11590813 1
5669899 7214388 3
5669899 7368619 1
5669899 7504409 1
5669899 7796700 2
5669899 7966063 3
5669899 8280543 1
5669899 9353356 4
5669899 9385001 2
5669899 9592625 2
5669899 9646740 3
5669899 10264593 3
5669899 10809252 2
5669899 11590813 1
7214388 7368619 1
7214388 7504409 1
7214388 7796700 2
7214388 7966063 2
7214388 9385001 2
7214388 9646740 3
7214388 10809252 2
7214388 11590813 1
7368619 7504409 1
7368619 7796700 1
7368619 7966063 1
7368619 8280543 1
7368619 9353356 1
7368619 9385001 1
7368619 9592625 1
7368619 9646740 1
7368619 10264593 1
7368619 10809252 1
7368619 11590813 1
7504409 7796700 1
7504409 7966063 1
7504409 8280543 1
7504409 9353356 1
7504409 9385001 1
7504409 9592625 1
7504409 9646740 1
7504409 10264593 1
7504409 10809252 1
7504409 11590813 1
7796700 7966063 1
7796700 8280543 1
7796700 9353356 2
7796700 9385001 2
7796700 9592625 1
7796700 9646740 2
7796700 10264593 2
7796700 10809252 2
7796700 11590813 1
7966063 8280543 1
7966063 9353356 3
7966063 9385001 1
7966063 9592625 2
7966063 9646740 2
7966063 10264593 2
7966063 10809252 1
7966063 11590813 1
8280543 9385001 1
8280543 9646740 1
8280543 10809252 1
8280543 11590813 1
9353356 9385001 2
9353356 9646740 4
9353356 10809252 2
9353356 11590813 1
9385001 9592625 1
9385001 9646740 2
9385001 10264593 2
9385001 10809252 2
9385001 11590813 1
9592625 9646740 3
9592625 10809252 1
9592625 11590813 1
9646740 10264593 3
9646740 10809252 2
9646740 11590813 1
10264593 10809252 2
10264593 11590813 1
10809252 11590813 1
2489521 3243388 2
2489521 3896852 1
2489521 5323479 1
2489521 5861116 1
2489521 6899421 1
2489521 7056845 2
2489521 7230346 1
2489521 7512169 1
2489521 8417170 1
2489521 9250966 1
2489521 9986512 1
3243388 3896852 2
3243388 4445443 4
3243388 5323479 3
3243388 5861116 2
3243388 6899421 1
3243388 7056845 4
3243388 7230346 3
3243388 7512169 1
3243388 8417170 3
3243388 9250966 3
3243388 9353356 4
3243388 9986512 3
3896852 5323479 2
3896852 5861116 1
3896852 7230346 2
3896852 7512169 1
3896852 8417170 2
3896852 9986512 2
4445443 5323479 5
4445443 5861116 3
4445443 7230346 3
4445443 7512169 1
4445443 8417170 3
4445443 9986512 3
5323479 5861116 3
5323479 6899421 1
5323479 7056845 4
5323479 7230346 3
5323479 7512169 1
5323479 8417170 3
5323479 9250966 3
5323479 9353356 4
5323479 9986512 3
5861116 6899421 1
5861116 7056845 2
5861116 7230346 2
5861116 7512169 1
5861116 8417170 2
5861116 9250966 2
5861116 9353356 2
5861116 9986512 2
6899421 7230346 1
6899421 7512169 1
6899421 8417170 1
6899421 9986512 1
7056845 7230346 3
7056845 7512169 1
7056845 8417170 3
7056845 9986512 3
7230346 7512169 1
7230346 8417170 3
7230346 9250966 3
7230346 9353356 3
7230346 9986512 3
7512169 8417170 1
7512169 9250966 1
7512169 9353356 1
7512169 9986512 1
8417170 9250966 3
8417170 9353356 3
8417170 9986512 3
9250966 9986512 3
9353356 9986512 3
2409006 3243388 2
2409006 3896852 1
2409006 5323479 1
2409006 6519221 1
2409006 7056845 2
2409006 7230346 1
2409006 8055899 2
2409006 8142968 1
2409006 8417170 1
2409006 9250966 1
2409006 9891407 1
2409006 9986512 1
2409006 10199903 1
2409006 11184785 2
3243388 3540766 1
3243388 5481599 2
3243388 6519221 1
3243388 8055899 3
3243388 8142968 2
3243388 9592625 3
3243388 9646740 2
3243388 9891407 1
3243388 10199903 2
3243388 10264593 2
3243388 11184785 3
3540766 3896852 1
3540766 5323479 1
3540766 6519221 1
3540766 7056845 1
3540766 7230346 1
3540766 8055899 1
3540766 8142968 1
3540766 8417170 1
3540766 9250966 1
3540766 9891407 1
3540766 9986512 1
3540766 10199903 1
3540766 11184785 1
3896852 6519221 1
3896852 8055899 1
3896852 8142968 1
3896852 9646740 1
3896852 9891407 1
3896852 10199903 1
3896852 11184785 1
4445443 6519221 1
4445443 8055899 4
4445443 8142968 2
4445443 9891407 1
4445443 10199903 5
4445443 11184785 3
5323479 5481599 4
5323479 6519221 1
5323479 8055899 3
5323479 8142968 2
5323479 9592625 2
5323479 9646740 1
5323479 9891407 1
5323479 10199903 4
5323479 10264593 4
5323479 11184785 2
5481599 6519221 1
5481599 7230346 2
5481599 8055899 3
5481599 8142968 2
5481599 8417170 2
5481599 9891407 1
5481599 9986512 2
5481599 10199903 5
5481599 11184785 2
6519221 7056845 1
6519221 7230346 1
6519221 8055899 1
6519221 8142968 1
6519221 8417170 1
6519221 9250966 1
6519221 9353356 1
6519221 9592625 1
6519221 9646740 1
6519221 9891407 1
6519221 9986512 1
6519221 10199903 1
6519221 10264593 1
6519221 11184785 1
7056845 8055899 4
7056845 8142968 2
7056845 9646740 2
7056845 9891407 1
7056845 10199903 3
7056845 11184785 3
7230346 8055899 2
7230346 8142968 2
7230346 9592625 2
7230346 9646740 1
7230346 9891407 1
7230346 10199903 2
7230346 10264593 2
7230346 11184785 2
8055899 8142968 2
8055899 8417170 2
8055899 9250966 2
8055899 9353356 4
8055899 9592625 3
8055899 9646740 2
8055899 9891407 1
8055899 9986512 2
8055899 10199903 3
8055899 10264593 3
8055899 11184785 3
8142968 8417170 2
8142968 9250966 2
8142968 9353356 2
8142968 9592625 2
8142968 9646740 1
8142968 9891407 1
8142968 9986512 2
8142968 10199903 2
8142968 10264593 2
8142968 11184785 2
8417170 9592625 2
8417170 9646740 1
8417170 9891407 1
8417170 10199903 2
8417170 10264593 2
8417170 11184785 2
9250966 9646740 1
9250966 9891407 1
9250966 10199903 2
9250966 11184785 2
9353356 9891407 1
9353356 10199903 4
9353356 11184785 3
9592625 9891407 1
9592625 9986512 2
9592625 10199903 2
9592625 11184785 3
9646740 9891407 1
9646740 9986512 1
9646740 10199903 2
9646740 11184785 2
9891407 9986512 1
9891407 10199903 1
9891407 10264593 1
9891407 11184785 1
9986512 10199903 2
9986512 10264593 2
9986512 11184785 2
10199903 10264593 5
10199903 11184785 2
10264593 11184785 2
3243388 6557474 1
3243388 6876395 1
3243388 7811627 1
4445443 6557474 1
4445443 6876395 1
4445443 7811627 1
5323479 6557474 1
5323479 6876395 1
5323479 7811627 1
5481599 5861116 2
5481599 6557474 1
5481599 6876395 1
5481599 7811627 1
5861116 6557474 1
5861116 6876395 1
5861116 7811627 1
5861116 8055899 1
5861116 8142968 1
5861116 9592625 1
5861116 10199903 2
5861116 10264593 2
5861116 11184785 1
6557474 6876395 1
6557474 7056845 1
6557474 7230346 1
6557474 7811627 1
6557474 8055899 1
6557474 8142968 1
6557474 8417170 1
6557474 9250966 1
6557474 9353356 1
6557474 9592625 1
6557474 9986512 1
6557474 10199903 1
6557474 10264593 1
6557474 11184785 1
6876395 7056845 1
6876395 7230346 1
6876395 7811627 1
6876395 8055899 1
6876395 8142968 1
6876395 8417170 1
6876395 9250966 1
6876395 9353356 1
6876395 9592625 1
6876395 9986512 1
6876395 10199903 1
6876395 10264593 1
6876395 11184785 1
7056845 7811627 1
7230346 7811627 1
7811627 8055899 1
7811627 8142968 1
7811627 8417170 1
7811627 9250966 1
7811627 9353356 1
7811627 9592625 1
7811627 9986512 1
7811627 10199903 1
7811627 10264593 1
7811627 11184785 1
4445443 6613930 3
4445443 6740341 1
4445443 6871500 1
4445443 7327700 1
4445443 7879085 1
4445443 8022960 2
4445443 8553118 1
4445443 9406983 2
4445443 9984979 1
4445443 10195064 3
4445443 10198339 3
4445443 10649712 2
4445443 11487858 1
4445443 11701144 1
5481599 6613930 3
5481599 6740341 1
5481599 6871500 1
5481599 7327700 1
5481599 7879085 1
5481599 8022960 1
5481599 8553118 1
5481599 9406983 1
5481599 9984979 1
5481599 10195064 2
5481599 10198339 2
5481599 10649712 1
5481599 11487858 1
5481599 11701144 1
5669899 6613930 2
5669899 6740341 1
5669899 6871500 1
5669899 6899421 1
5669899 7327700 1
5669899 7879085 1
5669899 8022960 2
5669899 8553118 1
5669899 9406983 2
5669899 9984979 1
5669899 10195064 3
5669899 10198339 2
5669899 10199903 2
5669899 10649712 2
5669899 11487858 1
5669899 11701144 1
6613930 6740341 1
6613930 6871500 1
6613930 6899421 1
6613930 7214388 1
6613930 7327700 1
6613930 7796700 1
6613930 7879085 1
6613930 8022960 1
6613930 8553118 1
6613930 9353356 2
6613930 9385001 1
6613930 9406983 1
6613930 9646740 1
6613930 9984979 1
6613930 10195064 2
6613930 10198339 2
6613930 10199903 3
6613930 10264593 3
6613930 10649712 1
6613930 10809252 1
6613930 11487858 1
6613930 11701144 1
6740341 6871500 1
6740341 6899421 1
6740341 7214388 1
6740341 7327700 1
6740341 7796700 1
6740341 7879085 1
6740341 8022960 1
6740341 8553118 1
6740341 9353356 1
6740341 9385001 1
6740341 9406983 1
6740341 9646740 1
6740341 9984979 1
6740341 10195064 1
6740341 10198339 1
6740341 10199903 1
6740341 10264593 1
6740341 10649712 1
6740341 10809252 1
6740341 11487858 1
6740341 11701144 1
6871500 6899421 1
6871500 7214388 1
6871500 7327700 1
6871500 7796700 1
6871500 7879085 1
6871500 8022960 1
6871500 8553118 1
6871500 9353356 1
6871500 9385001 1
6871500 9406983 1
6871500 9646740 1
6871500 9984979 1
6871500 10195064 1
6871500 10198339 1
6871500 10199903 1
6871500 10264593 1
6871500 10649712 1
6871500 10809252 1
6871500 11487858 1
6871500 11701144 1
6899421 7327700 1
6899421 7796700 1
6899421 7879085 1
6899421 8022960 1
6899421 8553118 1
6899421 9385001 1
6899421 9406983 1
6899421 9646740 1
6899421 9984979 1
6899421 10195064 1
6899421 10198339 1
6899421 10199903 1
6899421 10649712 1
6899421 10809252 1
6899421 11487858 1
6899421 11701144 1
7214388 7327700 1
7214388 7879085 1
7214388 8022960 2
7214388 8553118 1
7214388 9406983 2
7214388 9984979 1
7214388 10195064 2
7214388 10198339 2
7214388 10199903 1
7214388 10649712 2
7214388 11487858 1
7214388 11701144 1
7327700 7796700 1
7327700 7879085 1
7327700 8022960 1
7327700 8553118 1
7327700 9353356 1
7327700 9385001 1
7327700 9406983 1
7327700 9646740 1
7327700 9984979 1
7327700 10195064 1
7327700 10198339 1
7327700 10199903 1
7327700 10264593 1
7327700 10649712 1
7327700 10809252 1
7327700 11487858 1
7327700 11701144 1
7796700 7879085 1
7796700 8022960 1
7796700 8553118 1
7796700 9406983 1
7796700 9984979 1
7796700 10195064 1
7796700 10198339 1
7796700 10199903 1
7796700 10649712 1
7796700 11487858 1
7796700 11701144 1
7879085 8022960 1
7879085 8553118 1
7879085 9353356 1
7879085 9385001 1
7879085 9406983 1
7879085 9646740 1
7879085 9984979 1
7879085 10195064 1
7879085 10198339 1
7879085 10199903 1
7879085 10264593 1
7879085 10649712 1
7879085 10809252 1
7879085 11487858 1
7879085 11701144 1
8022960 8553118 1
8022960 9353356 2
8022960 9385001 1
8022960 9406983 2
8022960 9646740 2
8022960 9984979 1
8022960 10195064 2
8022960 10198339 2
8022960 10199903 1
8022960 10264593 1
8022960 10649712 2
8022960 10809252 1
8022960 11487858 1
8022960 11701144 1
8553118 9353356 1
8553118 9385001 1
8553118 9406983 1
8553118 9646740 1
8553118 9984979 1
8553118 10195064 1
8553118 10198339 1
8553118 10199903 1
8553118 10264593 1
8553118 10649712 1
8553118 10809252 1
8553118 11487858 1
8553118 11701144 1
9353356 9406983 2
9353356 9984979 1
9353356 10195064 3
9353356 10198339 2
9353356 10649712 2
9353356 11487858 1
9353356 11701144 1
9385001 9406983 1
9385001 9984979 1
9385001 10195064 1
9385001 10198339 1
9385001 10199903 1
9385001 10649712 1
9385001 11487858 1
9385001 11701144 1
9406983 9646740 2
9406983 9984979 1
9406983 10195064 2
9406983 10198339 2
9406983 10199903 1
9406983 10264593 1
9406983 10649712 2
9406983 10809252 1
9406983 11487858 1
9406983 11701144 1
9646740 9984979 1
9646740 10195064 2
9646740 10198339 2
9646740 10649712 2
9646740 11487858 1
9646740 11701144 1
9984979 10195064 1
9984979 10198339 1
9984979 10199903 1
9984979 10264593 1
9984979 10649712 1
9984979 10809252 1
9984979 11487858 1
9984979 11701144 1
10195064 10198339 2
10195064 10199903 2
10195064 10264593 2
10195064 10649712 2
10195064 10809252 1
10195064 11487858 1
10195064 11701144 1
10198339 10199903 2
10198339 10264593 2
10198339 10649712 2
10198339 10809252 1
10198339 11487858 1
10198339 11701144 1
10199903 10649712 1
10199903 10809252 1
10199903 11487858 1
10199903 11701144 1
10264593 10649712 1
10264593 11487858 1
10264593 11701144 1
10649712 10809252 1
10649712 11487858 1
10649712 11701144 1
10809252 11487858 1
10809252 11701144 1
11487858 11701144 1
2409006 3779962 1
2409006 4404107 1
2409006 5968740 1
2409006 6090701 1
2409006 7418382 1
2409006 7558882 1
2409006 8022960 1
2409006 8638131 1
2409006 9104413 1
2409006 9406983 1
2409006 10195064 1
2409006 10198339 1
2409006 10649712 1
2409006 11508744 1
2489521 3779962 1
2489521 4404107 1
2489521 5968740 1
2489521 6090701 1
2489521 7418382 1
2489521 7558882 1
2489521 8022960 1
2489521 8055899 1
2489521 8638131 1
2489521 9104413 1
2489521 9406983 1
2489521 10195064 1
2489521 10198339 1
2489521 10649712 1
2489521 11184785 1
2489521 11508744 1
3243388 3779962 1
3243388 4404107 1
3243388 5669899 1
3243388 5968740 1
3243388 6090701 1
3243388 7214388 1
3243388 7418382 1
3243388 7558882 1
3243388 7966063 1
3243388 8022960 1
3243388 8638131 1
3243388 9104413 1
3243388 9406983 1
3243388 10195064 1
3243388 10198339 1
3243388 10649712 1
3243388 11508744 1
3779962 4404107 1
3779962 4445443 1
3779962 5669899 1
3779962 5968740 1
3779962 6090701 1
3779962 7056845 1
3779962 7214388 1
3779962 7418382 1
3779962 7558882 1
3779962 7966063 1
3779962 8022960 1
3779962 8055899 1
3779962 8638131 1
3779962 9104413 1
3779962 9353356 1
3779962 9406983 1
3779962 9592625 1
3779962 9646740 1
3779962 10195064 1
3779962 10198339 1
3779962 10649712 1
3779962 11184785 1
3779962 11508744 1
4404107 4445443 2
4404107 5669899 2
4404107 5968740 1
4404107 6090701 1
4404107 7056845 2
4404107 7214388 1
4404107 7418382 2
4404107 7558882 2
4404107 7966063 2
4404107 8022960 1
4404107 8055899 2
4404107 8638131 1
4404107 9104413 1
4404107 9353356 2
4404107 9406983 1
4404107 9592625 1
4404107 9646740 1
4404107 10195064 2
4404107 10198339 1
4404107 10649712 1
4404107 11184785 1
4404107 11508744 2
4445443 5968740 1
4445443 6090701 1
4445443 7418382 2
4445443 7558882 2
4445443 8638131 1
4445443 11508744 2
5669899 5968740 1
5669899 6090701 1
5669899 7056845 2
5669899 7418382 2
5669899 7558882 2
5669899 8055899 2
5669899 8638131 1
5669899 9104413 1
5669899 11184785 1
5669899 11508744 2
5968740 6090701 1
5968740 7056845 1
5968740 7214388 1
5968740 7418382 1
5968740 7558882 1
5968740 7966063 1
5968740 8022960 1
5968740 8055899 1
5968740 8638131 1
5968740 9104413 1
5968740 9353356 1
5968740 9406983 1
5968740 9592625 1
5968740 9646740 1
5968740 10195064 1
5968740 10198339 1
5968740 10649712 1
5968740 11184785 1
5968740 11508744 1
6090701 7056845 1
6090701 7214388 1
6090701 7418382 1
6090701 7558882 1
6090701 7966063 1
6090701 8022960 1
6090701 8055899 1
6090701 8638131 1
6090701 9104413 1
6090701 9353356 1
6090701 9406983 1
6090701 9592625 1
6090701 9646740 1
6090701 10195064 1
6090701 10198339 1
6090701 10649712 1
6090701 11184785 1
6090701 11508744 1
7056845 7418382 2
7056845 7558882 2
7056845 7966063 2
7056845 8022960 1
7056845 8638131 1
7056845 9406983 1
7056845 10195064 2
7056845 10198339 1
7056845 10649712 1
7056845 11508744 2
7214388 7418382 1
7214388 7558882 1
7214388 8055899 1
7214388 8638131 1
7214388 11184785 1
7214388 11508744 1
7418382 7558882 2
7418382 7966063 2
7418382 8022960 1
7418382 8055899 2
7418382 8638131 1
7418382 9104413 1
7418382 9353356 2
7418382 9406983 1
7418382 9592625 1
7418382 9646740 1
7418382 10195064 2
7418382 10198339 1
7418382 10649712 1
7418382 11184785 1
7418382 11508744 2
7558882 7966063 2
7558882 8022960 1
7558882 8055899 2
7558882 8638131 1
7558882 9104413 1
7558882 9353356 2
7558882 9406983 1
7558882 9592625 1
7558882 9646740 1
7558882 10195064 2
7558882 10198339 1
7558882 10649712 1
7558882 11184785 1
7558882 11508744 2
7966063 8022960 1
7966063 8055899 2
7966063 8638131 1
7966063 9104413 1
7966063 9406983 1
7966063 10195064 2
7966063 10198339 1
7966063 10649712 1
7966063 11184785 1
7966063 11508744 2
8022960 8055899 1
8022960 8638131 1
8022960 9104413 1
8022960 9592625 1
8022960 11184785 1
8022960 11508744 1
8055899 8638131 1
8055899 9104413 1
8055899 9406983 1
8055899 10195064 2
8055899 10198339 1
8055899 10649712 1
8055899 11508744 2
8638131 9104413 1
8638131 9353356 1
8638131 9406983 1
8638131 9592625 1
8638131 9646740 1
8638131 10195064 1
8638131 10198339 1
8638131 10649712 1
8638131 11184785 1
8638131 11508744 1
9104413 9406983 1
9104413 9646740 1
9104413 10195064 1
9104413 10198339 1
9104413 10649712 1
9104413 11184785 1
9104413 11508744 1
9353356 11508744 2
9406983 9592625 1
9406983 11184785 1
9406983 11508744 1
9592625 10195064 1
9592625 10198339 1
9592625 10649712 1
9592625 11508744 1
9646740 11508744 1
10195064 11184785 1
10195064 11508744 2
10198339 11184785 1
10198339 11508744 1
10649712 11184785 1
10649712 11508744 1
11184785 11508744 1
3936598 4040123 1
3936598 4404107 1
3936598 4445443 1
3936598 4562410 1
3936598 5323479 1
3936598 5481599 1
3936598 5669899 1
3936598 6613930 1
3936598 7056845 1
3936598 7418382 1
3936598 7558882 1
3936598 7966063 1
3936598 8055899 1
3936598 8315092 1
3936598 9353356 1
3936598 9651931 1
3936598 10195064 1
3936598 10199903 1
3936598 10264593 1
3936598 11508744 1
4040123 4404107 1
4040123 4562410 2
4040123 5323479 2
4040123 6613930 2
4040123 7056845 1
4040123 7418382 1
4040123 7558882 1
4040123 8055899 1
4040123 8315092 2
4040123 9651931 1
4040123 10195064 1
4040123 10199903 2
4040123 11508744 1
4404107 4562410 1
4404107 5323479 1
4404107 5481599 1
4404107 6613930 1
4404107 8315092 1
4404107 9651931 1
4404107 10199903 1
4404107 10264593 1
4445443 4562410 2
4445443 8315092 2
4445443 9651931 1
4562410 5323479 2
4562410 5481599 2
4562410 5669899 1
4562410 6613930 2
4562410 7056845 1
4562410 7418382 1
4562410 7558882 1
4562410 7966063 1
4562410 8055899 1
4562410 8315092 2
4562410 9353356 1
4562410 9651931 1
4562410 10195064 1
4562410 10199903 2
4562410 10264593 2
4562410 11508744 1
5323479 5669899 1
5323479 6613930 2
5323479 7418382 1
5323479 7558882 1
5323479 7966063 1
5323479 8315092 2
5323479 9651931 1
5323479 10195064 1
5323479 11508744 1
5481599 7418382 1
5481599 7558882 1
5481599 8315092 2
5481599 9651931 1
5481599 11508744 1
5669899 8315092 1
5669899 9651931 1
6613930 7056845 1
6613930 7418382 1
6613930 7558882 1
6613930 7966063 1
6613930 8055899 1
6613930 8315092 2
6613930 9651931 1
6613930 11508744 1
7056845 8315092 1
7056845 9651931 1
7418382 8315092 1
7418382 9651931 1
7418382 10199903 1
7418382 10264593 1
7558882 8315092 1
7558882 9651931 1
7558882 10199903 1
7558882 10264593 1
7966063 8315092 1
7966063 9651931 1
7966063 10199903 1
8055899 8315092 1
8055899 9651931 1
8315092 9353356 1
8315092 9651931 1
8315092 10195064 1
8315092 10199903 2
8315092 10264593 2
8315092 11508744 1
9353356 9651931 1
9651931 10195064 1
9651931 10199903 1
9651931 10264593 1
9651931 11508744 1
10199903 11508744 1
10264593 11508744 1
4040123 4758231 1
4040123 5861116 1
4040123 6028291 1
4040123 8030608 1
4040123 9781325 1
4040123 9884080 1
4040123 10011968 1
4040123 10198339 1
4040123 10713842 1
4445443 4758231 1
4445443 6028291 1
4445443 8030608 1
4445443 9781325 1
4445443 9884080 1
4445443 10011968 1
4445443 10713842 1
4562410 4758231 1
4562410 5861116 1
4562410 6028291 1
4562410 8030608 1
4562410 9781325 1
4562410 9884080 1
4562410 10011968 1
4562410 10198339 1
4562410 10713842 1
4758231 5323479 1
4758231 5481599 1
4758231 5861116 1
4758231 6028291 1
4758231 6613930 1
4758231 8030608 1
4758231 8315092 1
4758231 9781325 1
4758231 9884080 1
4758231 10011968 1
4758231 10198339 1
4758231 10199903 1
4758231 10264593 1
4758231 10713842 1
5323479 6028291 1
5323479 8030608 1
5323479 9781325 1
5323479 9884080 1
5323479 10011968 1
5323479 10198339 1
5323479 10713842 1
5481599 6028291 1
5481599 8030608 1
5481599 9781325 1
5481599 9884080 1
5481599 10011968 1
5481599 10713842 1
5861116 6028291 1
5861116 6613930 1
5861116 8030608 1
5861116 8315092 1
5861116 9781325 1
5861116 9884080 1
5861116 10011968 1
5861116 10198339 1
5861116 10713842 1
6028291 6613930 1
6028291 8030608 1
6028291 8315092 1
6028291 9781325 1
6028291 9884080 1
6028291 10011968 1
6028291 10198339 1
6028291 10199903 1
6028291 10264593 1
6028291 10713842 1
6613930 8030608 1
6613930 9781325 1
6613930 9884080 1
6613930 10011968 1
6613930 10713842 1
8030608 8315092 1
8030608 9781325 1
8030608 9884080 1
8030608 10011968 1
8030608 10198339 1
8030608 10199903 1
8030608 10264593 1
8030608 10713842 1
8315092 9781325 1
8315092 9884080 1
8315092 10011968 1
8315092 10198339 1
8315092 10713842 1
9781325 9884080 1
9781325 10011968 1
9781325 10198339 1
9781325 10199903 1
9781325 10264593 1
9781325 10713842 1
9884080 10011968 1
9884080 10198339 1
9884080 10199903 1
9884080 10264593 1
9884080 10713842 1
10011968 10198339 1
10011968 10199903 1
10011968 10264593 1
10011968 10713842 1
10198339 10713842 1
10199903 10713842 1
10264593 10713842 1
