4445443 7228808 7230346 5669899 9138060 7418382 8030608 8417170 8782356 9646740 7973527 9908633 2179482 7969307 9792027 9104413 7913118 9561248 6557474 9039778 6994214 4401321 9520425 7924907 7804075 7879085 8022960 5266736 9884080 8638131 7214388 6519221 9845175 7140667 6871500 7056845 9891407 9984979 9592533 7982424 9175897 6600282 8055899 7796700 7439070 9620574 3148384 7572446 7558882 8408543 5968740 7544295 4562410 4734576 6740341 10011510 10164085 7678840 3779962 3243388 7709693 4891903
3148384 3779962 2
3148384 4401321 2
3148384 4445443 2
3148384 6740341 1
3148384 7230346 2
3148384 7558882 2
3148384 7982424 1
3148384 8782356 1
3148384 9520425 2
3148384 9908633 2
3148384 9984979 2
3779962 4401321 2
3779962 4445443 5
3779962 6740341 2
3779962 7230346 2
3779962 7558882 4
3779962 7982424 1
3779962 8782356 1
3779962 9520425 5
3779962 9908633 3
3779962 9984979 2
4401321 4445443 4
4401321 6740341 1
4401321 7230346 2
4401321 7558882 3
4401321 7982424 2
4401321 8782356 1
4401321 9520425 2
4401321 9908633 4
4401321 9984979 2
4445443 6740341 2
4445443 7230346 2
4445443 7558882 5
4445443 7982424 2
4445443 8782356 1
4445443 9520425 5
4445443 9908633 5
4445443 9984979 2
6740341 7230346 1
6740341 7558882 2
6740341 7982424 1
6740341 8782356 1
6740341 9520425 2
6740341 9908633 1
6740341 9984979 1
7230346 7558882 2
7230346 7982424 1
7230346 8782356 1
7230346 9520425 2
7230346 9908633 2
7230346 9984979 2
7558882 7982424 2
7558882 8782356 1
7558882 9520425 4
7558882 9908633 3
7558882 9984979 2
7982424 8782356 1
7982424 9520425 1
7982424 9908633 2
7982424 9984979 1
8782356 9520425 1
8782356 9908633 1
8782356 9984979 1
9520425 9908633 3
9520425 9984979 2
9908633 9984979 2
2179482 3148384 1
2179482 3779962 1
2179482 4401321 1
2179482 4445443 1
2179482 6519221 1
2179482 7230346 1
2179482 7418382 1
2179482 7439070 1
2179482 7558882 1
2179482 7796700 1
2179482 7924907 1
2179482 8022960 1
2179482 8030608 1
2179482 9175897 1
2179482 9520425 1
2179482 9908633 1
2179482 9984979 1
2179482 10011510 1
3148384 6519221 1
3148384 7418382 1
3148384 7439070 1
3148384 7796700 1
3148384 7924907 1
3148384 8022960 1
3148384 8030608 1
3148384 9175897 1
3148384 10011510 1
3779962 6519221 1
3779962 7418382 3
3779962 7439070 1
3779962 7796700 2
3779962 7924907 3
3779962 8022960 3
3779962 8030608 2
3779962 9175897 1
3779962 10011510 1
4401321 6519221 2
4401321 7418382 1
4401321 7439070 1
4401321 7796700 1
4401321 7924907 1
4401321 8022960 1
4401321 8030608 1
4401321 9175897 1
4401321 10011510 3
4445443 6519221 2
4445443 7418382 3
4445443 7439070 1
4445443 7796700 2
4445443 7924907 3
4445443 8022960 3
4445443 8030608 2
4445443 9175897 1
4445443 10011510 3
6519221 7230346 1
6519221 7418382 1
6519221 7439070 1
6519221 7558882 1
6519221 7796700 1
6519221 7924907 1
6519221 8022960 1
6519221 8030608 1
6519221 9175897 1
6519221 9520425 1
6519221 9908633 2
6519221 9984979 1
6519221 10011510 2
7230346 7418382 1
7230346 7439070 1
7230346 7796700 1
7230346 7924907 1
7230346 8022960 1
7230346 8030608 1
7230346 9175897 1
7230346 10011510 1
7418382 7439070 1
7418382 7558882 3
7418382 7796700 2
7418382 7924907 3
7418382 8022960 3
7418382 8030608 2
7418382 9175897 1
7418382 9520425 3
7418382 9908633 1
7418382 9984979 1
7418382 10011510 1
7439070 7558882 1
7439070 7796700 1
7439070 7924907 1
7439070 8022960 1
7439070 8030608 1
7439070 9175897 1
7439070 9520425 1
7439070 9908633 1
7439070 9984979 1
7439070 10011510 1
7558882 7796700 2
7558882 7924907 3
7558882 8022960 3
7558882 8030608 2
7558882 9175897 1
7558882 10011510 2
7796700 7924907 2
7796700 8022960 2
7796700 8030608 2
7796700 9175897 1
7796700 9520425 2
7796700 9908633 1
7796700 9984979 1
7796700 10011510 1
7924907 8022960 3
7924907 8030608 2
7924907 9175897 1
7924907 9520425 3
7924907 9908633 1
7924907 9984979 1
7924907 10011510 1
8022960 8030608 2
8022960 9175897 1
8022960 9520425 3
8022960 9908633 1
8022960 9984979 1
8022960 10011510 1
8030608 9175897 1
8030608 9520425 2
8030608 9908633 1
8030608 9984979 1
8030608 10011510 1
9175897 9520425 1
9175897 9908633 1
9175897 9984979 1
9175897 10011510 1
9520425 10011510 1
9908633 10011510 3
9984979 10011510 1
4445443 7056845 3
4445443 7228808 1
4445443 7969307 1
4445443 9845175 2
7056845 7228808 1
7056845 7969307 1
7056845 9845175 2
7228808 7969307 1
7228808 9845175 1
7969307 9845175 1
3779962 5669899 1
3779962 6600282 1
3779962 7056845 2
3779962 7140667 2
3779962 7678840 2
3779962 9138060 1
3779962 9592533 2
4445443 5669899 1
4445443 6600282 1
4445443 7140667 2
4445443 7678840 2
4445443 9138060 1
4445443 9592533 3
5669899 6600282 1
5669899 7056845 1
5669899 7140667 1
5669899 7418382 1
5669899 7558882 1
5669899 7678840 1
5669899 7924907 1
5669899 8022960 1
5669899 9138060 1
5669899 9520425 1
5669899 9592533 1
6600282 7056845 1
6600282 7140667 1
6600282 7418382 1
6600282 7558882 1
6600282 7678840 1
6600282 7924907 1
6600282 8022960 1
6600282 9138060 1
6600282 9520425 1
6600282 9592533 1
7056845 7140667 2
7056845 7418382 2
7056845 7558882 2
7056845 7678840 2
7056845 7924907 2
7056845 8022960 2
7056845 9138060 1
7056845 9520425 2
7056845 9592533 2
7140667 7418382 2
7140667 7558882 2
7140667 7678840 2
7140667 7924907 2
7140667 8022960 2
7140667 9138060 1
7140667 9520425 2
7140667 9592533 2
7418382 7678840 2
7418382 9138060 1
7418382 9592533 2
7558882 7678840 2
7558882 9138060 1
7558882 9592533 2
7678840 7924907 2
7678840 8022960 2
7678840 9138060 1
7678840 9520425 2
7678840 9592533 2
7924907 9138060 1
7924907 9592533 2
8022960 9138060 1
8022960 9592533 2
9138060 9520425 1
9138060 9592533 1
9520425 9592533 2
3243388 3779962 2
3243388 4445443 2
3243388 4562410 1
3243388 4734576 1
3243388 5266736 1
3243388 5968740 1
3243388 6557474 1
3243388 6740341 1
3243388 6994214 1
3243388 7056845 1
3243388 7140667 1
3243388 7418382 1
3243388 7544295 1
3243388 7558882 1
3243388 7678840 1
3243388 7709693 1
3243388 7796700 1
3243388 7804075 1
3243388 7879085 1
3243388 7913118 1
3243388 7924907 1
3243388 8022960 1
3243388 8030608 1
3243388 8055899 1
3243388 8417170 1
3243388 8638131 1
3243388 9104413 1
3243388 9520425 2
3243388 9561248 1
3243388 9592533 1
3243388 9620574 1
3243388 9646740 1
3243388 9792027 1
3243388 9845175 1
3243388 9884080 1
3243388 9891407 1
3779962 4562410 1
3779962 4734576 1
3779962 5266736 1
3779962 5968740 1
3779962 6557474 1
3779962 6994214 1
3779962 7544295 1
3779962 7709693 1
3779962 7804075 1
3779962 7879085 1
3779962 7913118 1
3779962 8055899 1
3779962 8417170 1
3779962 8638131 1
3779962 9104413 1
3779962 9561248 1
3779962 9620574 1
3779962 9646740 1
3779962 9792027 1
3779962 9845175 1
3779962 9884080 1
3779962 9891407 1
4445443 4562410 1
4445443 4734576 1
4445443 5266736 1
4445443 5968740 1
4445443 6557474 1
4445443 6994214 1
4445443 7544295 1
4445443 7709693 1
4445443 7804075 1
4445443 7879085 1
4445443 7913118 1
4445443 8055899 1
4445443 8417170 1
4445443 8638131 1
4445443 9104413 1
4445443 9561248 1
4445443 9620574 1
4445443 9646740 1
4445443 9792027 1
4445443 9884080 1
4445443 9891407 1
4562410 4734576 1
4562410 5266736 1
4562410 5968740 1
4562410 6557474 1
4562410 6740341 1
4562410 6994214 1
4562410 7056845 1
4562410 7140667 1
4562410 7418382 1
4562410 7544295 1
4562410 7558882 1
4562410 7678840 1
4562410 7709693 1
4562410 7796700 1
4562410 7804075 1
4562410 7879085 1
4562410 7913118 1
4562410 7924907 1
4562410 8022960 1
4562410 8030608 1
4562410 8055899 1
4562410 8417170 1
4562410 8638131 1
4562410 9104413 1
4562410 9520425 1
4562410 9561248 1
4562410 9592533 1
4562410 9620574 1
4562410 9646740 1
4562410 9792027 1
4562410 9845175 1
4562410 9884080 1
4562410 9891407 1
4734576 5266736 1
4734576 5968740 1
4734576 6557474 1
4734576 6740341 1
4734576 6994214 1
4734576 7056845 1
4734576 7140667 1
4734576 7418382 1
4734576 7544295 1
4734576 7558882 1
4734576 7678840 1
4734576 7709693 1
4734576 7796700 1
4734576 7804075 1
4734576 7879085 1
4734576 7913118 1
4734576 7924907 1
4734576 8022960 1
4734576 8030608 1
4734576 8055899 1
4734576 8417170 1
4734576 8638131 1
4734576 9104413 1
4734576 9520425 1
4734576 9561248 1
4734576 9592533 1
4734576 9620574 1
4734576 9646740 1
4734576 9792027 1
4734576 9845175 1
4734576 9884080 1
4734576 9891407 1
5266736 5968740 1
5266736 6557474 1
5266736 6740341 1
5266736 6994214 1
5266736 7056845 1
5266736 7140667 1
5266736 7418382 1
5266736 7544295 1
5266736 7558882 1
5266736 7678840 1
5266736 7709693 1
5266736 7796700 1
5266736 7804075 1
5266736 7879085 1
5266736 7913118 1
5266736 7924907 1
5266736 8022960 1
5266736 8030608 1
5266736 8055899 1
5266736 8417170 1
5266736 8638131 1
5266736 9104413 1
5266736 9520425 1
5266736 9561248 1
5266736 9592533 1
5266736 9620574 1
5266736 9646740 1
5266736 9792027 1
5266736 9845175 1
5266736 9884080 1
5266736 9891407 1
5968740 6557474 1
5968740 6740341 1
5968740 6994214 1
5968740 7056845 1
5968740 7140667 1
5968740 7418382 1
5968740 7544295 1
5968740 7558882 1
5968740 7678840 1
5968740 7709693 1
5968740 7796700 1
5968740 7804075 1
5968740 7879085 1
5968740 7913118 1
5968740 7924907 1
5968740 8022960 1
5968740 8030608 1
5968740 8055899 1
5968740 8417170 1
5968740 8638131 1
5968740 9104413 1
5968740 9520425 1
5968740 9561248 1
5968740 9592533 1
5968740 9620574 1
5968740 9646740 1
5968740 9792027 1
5968740 9845175 1
5968740 9884080 1
5968740 9891407 1
6557474 6740341 1
6557474 6994214 1
6557474 7056845 1
6557474 7140667 1
6557474 7418382 1
6557474 7544295 1
6557474 7558882 1
6557474 7678840 1
6557474 7709693 1
6557474 7796700 1
6557474 7804075 1
6557474 7879085 1
6557474 7913118 1
6557474 7924907 1
6557474 8022960 1
6557474 8030608 1
6557474 8055899 1
6557474 8417170 1
6557474 8638131 1
6557474 9104413 1
6557474 9520425 1
6557474 9561248 1
6557474 9592533 1
6557474 9620574 1
6557474 9646740 1
6557474 9792027 1
6557474 9845175 1
6557474 9884080 1
6557474 9891407 1
6740341 6994214 1
6740341 7056845 1
6740341 7140667 1
6740341 7418382 1
6740341 7544295 1
6740341 7678840 1
6740341 7709693 1
6740341 7796700 1
6740341 7804075 1
6740341 7879085 1
6740341 7913118 1
6740341 7924907 1
6740341 8022960 1
6740341 8030608 1
6740341 8055899 1
6740341 8417170 1
6740341 8638131 1
6740341 9104413 1
6740341 9561248 1
6740341 9592533 1
6740341 9620574 1
6740341 9646740 1
6740341 9792027 1
6740341 9845175 1
6740341 9884080 1
6740341 9891407 1
6994214 7056845 1
6994214 7140667 1
6994214 7418382 1
6994214 7544295 1
6994214 7558882 1
6994214 7678840 1
6994214 7709693 1
6994214 7796700 1
6994214 7804075 1
6994214 7879085 1
6994214 7913118 1
6994214 7924907 1
6994214 8022960 1
6994214 8030608 1
6994214 8055899 1
6994214 8417170 1
6994214 8638131 1
6994214 9104413 1
6994214 9520425 1
6994214 9561248 1
6994214 9592533 1
6994214 9620574 1
6994214 9646740 1
6994214 9792027 1
6994214 9845175 1
6994214 9884080 1
6994214 9891407 1
7056845 7544295 1
7056845 7709693 1
7056845 7796700 1
7056845 7804075 1
7056845 7879085 1
7056845 7913118 1
7056845 8030608 1
7056845 8055899 1
7056845 8417170 1
7056845 8638131 1
7056845 9104413 1
7056845 9561248 1
7056845 9620574 1
7056845 9646740 1
7056845 9792027 1
7056845 9884080 1
7056845 9891407 1
7140667 7544295 1
7140667 7709693 1
7140667 7796700 1
7140667 7804075 1
7140667 7879085 1
7140667 7913118 1
7140667 8030608 1
7140667 8055899 1
7140667 8417170 1
7140667 8638131 1
7140667 9104413 1
7140667 9561248 1
7140667 9620574 1
7140667 9646740 1
7140667 9792027 1
7140667 9845175 1
7140667 9884080 1
7140667 9891407 1
7418382 7544295 1
7418382 7709693 1
7418382 7804075 1
7418382 7879085 1
7418382 7913118 1
7418382 8055899 1
7418382 8417170 1
7418382 8638131 1
7418382 9104413 1
7418382 9561248 1
7418382 9620574 1
7418382 9646740 1
7418382 9792027 1
7418382 9845175 1
7418382 9884080 1
7418382 9891407 1
7544295 7558882 1
7544295 7678840 1
7544295 7709693 1
7544295 7796700 1
7544295 7804075 1
7544295 7879085 1
7544295 7913118 1
7544295 7924907 1
7544295 8022960 1
7544295 8030608 1
7544295 8055899 1
7544295 8417170 1
7544295 8638131 1
7544295 9104413 1
7544295 9520425 1
7544295 9561248 1
7544295 9592533 1
7544295 9620574 1
7544295 9646740 1
7544295 9792027 1
7544295 9845175 1
7544295 9884080 1
7544295 9891407 1
7558882 7709693 1
7558882 7804075 1
7558882 7879085 1
7558882 7913118 1
7558882 8055899 1
7558882 8417170 1
7558882 8638131 1
7558882 9104413 1
7558882 9561248 1
7558882 9620574 1
7558882 9646740 1
7558882 9792027 1
7558882 9845175 1
7558882 9884080 1
7558882 9891407 1
7678840 7709693 1
7678840 7796700 1
7678840 7804075 1
7678840 7879085 1
7678840 7913118 1
7678840 8030608 1
7678840 8055899 1
7678840 8417170 1
7678840 8638131 1
7678840 9104413 1
7678840 9561248 1
7678840 9620574 1
7678840 9646740 1
7678840 9792027 1
7678840 9845175 1
7678840 9884080 1
7678840 9891407 1
7709693 7796700 1
7709693 7804075 1
7709693 7879085 1
7709693 7913118 1
7709693 7924907 1
7709693 8022960 1
7709693 8030608 1
7709693 8055899 1
7709693 8417170 1
7709693 8638131 1
7709693 9104413 1
7709693 9520425 1
7709693 9561248 1
7709693 9592533 1
7709693 9620574 1
7709693 9646740 1
7709693 9792027 1
7709693 9845175 1
7709693 9884080 1
7709693 9891407 1
7796700 7804075 1
7796700 7879085 1
7796700 7913118 1
7796700 8055899 1
7796700 8417170 1
7796700 8638131 1
7796700 9104413 1
7796700 9561248 1
7796700 9592533 1
7796700 9620574 1
7796700 9646740 1
7796700 9792027 1
7796700 9845175 1
7796700 9884080 1
7796700 9891407 1
7804075 7879085 1
7804075 7913118 1
7804075 7924907 1
7804075 8022960 1
7804075 8030608 1
7804075 8055899 1
7804075 8417170 1
7804075 8638131 1
7804075 9104413 1
7804075 9520425 1
7804075 9561248 1
7804075 9592533 1
7804075 9620574 1
7804075 9646740 1
7804075 9792027 1
7804075 9845175 1
7804075 9884080 1
7804075 9891407 1
7879085 7913118 1
7879085 7924907 1
7879085 8022960 1
7879085 8030608 1
7879085 8055899 1
7879085 8417170 1
7879085 8638131 1
7879085 9104413 1
7879085 9520425 1
7879085 9561248 1
7879085 9592533 1
7879085 9620574 1
7879085 9646740 1
7879085 9792027 1
7879085 9845175 1
7879085 9884080 1
7879085 9891407 1
7913118 7924907 1
7913118 8022960 1
7913118 8030608 1
7913118 8055899 1
7913118 8417170 1
7913118 8638131 1
7913118 9104413 1
7913118 9520425 1
7913118 9561248 1
7913118 9592533 1
7913118 9620574 1
7913118 9646740 1
7913118 9792027 1
7913118 9845175 1
7913118 9884080 1
7913118 9891407 1
7924907 8055899 1
7924907 8417170 1
7924907 8638131 1
7924907 9104413 1
7924907 9561248 1
7924907 9620574 1
7924907 9646740 1
7924907 9792027 1
7924907 9845175 1
7924907 9884080 1
7924907 9891407 1
8022960 8055899 1
8022960 8417170 1
8022960 8638131 1
8022960 9104413 1
8022960 9561248 1
8022960 9620574 1
8022960 9646740 1
8022960 9792027 1
8022960 9845175 1
8022960 9884080 1
8022960 9891407 1
8030608 8055899 1
8030608 8417170 1
8030608 8638131 1
8030608 9104413 1
8030608 9561248 1
8030608 9592533 1
8030608 9620574 1
8030608 9646740 1
8030608 9792027 1
8030608 9845175 1
8030608 9884080 1
8030608 9891407 1
8055899 8417170 1
8055899 8638131 1
8055899 9104413 1
8055899 9520425 1
8055899 9561248 1
8055899 9592533 1
8055899 9620574 1
8055899 9646740 1
8055899 9792027 1
8055899 9845175 1
8055899 9884080 1
8055899 9891407 1
8417170 8638131 1
8417170 9104413 1
8417170 9520425 1
8417170 9561248 1
8417170 9592533 1
8417170 9620574 1
8417170 9646740 1
8417170 9792027 1
8417170 9845175 1
8417170 9884080 1
8417170 9891407 1
8638131 9104413 1
8638131 9520425 1
8638131 9561248 1
8638131 9592533 1
8638131 9620574 1
8638131 9646740 1
8638131 9792027 1
8638131 9845175 1
8638131 9884080 1
8638131 9891407 1
9104413 9520425 1
9104413 9561248 1
9104413 9592533 1
9104413 9620574 1
9104413 9646740 1
9104413 9792027 1
9104413 9845175 1
9104413 9884080 1
9104413 9891407 1
9520425 9561248 1
9520425 9620574 1
9520425 9646740 1
9520425 9792027 1
9520425 9845175 1
9520425 9884080 1
9520425 9891407 1
9561248 9592533 1
9561248 9620574 1
9561248 9646740 1
9561248 9792027 1
9561248 9845175 1
9561248 9884080 1
9561248 9891407 1
9592533 9620574 1
9592533 9646740 1
9592533 9792027 1
9592533 9845175 1
9592533 9884080 1
9592533 9891407 1
9620574 9646740 1
9620574 9792027 1
9620574 9845175 1
9620574 9884080 1
9620574 9891407 1
9646740 9792027 1
9646740 9845175 1
9646740 9884080 1
9646740 9891407 1
9792027 9845175 1
9792027 9884080 1
9792027 9891407 1
9845175 9884080 1
9845175 9891407 1
9884080 9891407 1
4401321 4891903 2
4401321 7214388 2
4401321 9039778 2
4445443 4891903 2
4445443 7214388 2
4445443 9039778 2
4891903 7214388 2
4891903 7558882 1
4891903 7982424 1
4891903 9039778 2
4891903 9908633 2
4891903 10011510 2
7214388 7558882 1
7214388 7982424 1
7214388 9039778 2
7214388 9908633 2
7214388 10011510 2
7558882 9039778 1
7982424 9039778 1
7982424 10011510 1
9039778 9908633 2
9039778 10011510 2
4401321 7973527 1
4401321 9592533 1
4445443 7973527 1
4891903 6519221 1
4891903 7973527 1
4891903 9592533 1
6519221 7214388 1
6519221 7973527 1
6519221 9039778 1
6519221 9592533 1
7214388 7973527 1
7214388 9592533 1
7973527 9039778 1
7973527 9592533 1
7973527 9908633 1
7973527 10011510 1
9039778 9592533 1
9592533 9908633 1
9592533 10011510 1
3243388 6871500 1
3243388 7572446 1
3243388 8408543 1
3243388 9908633 1
3243388 10164085 1
3779962 6871500 1
3779962 7572446 1
3779962 8408543 1
3779962 10164085 1
4445443 6871500 1
4445443 7572446 1
4445443 8408543 1
4445443 10164085 1
6871500 7572446 1
6871500 8408543 1
6871500 9520425 1
6871500 9908633 1
6871500 10164085 1
7572446 8408543 1
7572446 9520425 1
7572446 9908633 1
7572446 10164085 1
8408543 9520425 1
8408543 9908633 1
8408543 10164085 1
9520425 10164085 1
9908633 10164085 1
