84758022 184195599 10264593 9104413 13372460 13132850 156222002 174438452 185648704 158059592 187448410 8055899 51492452 142213222 7512169 14262382 100359792 10649712 143595632 80352372 11230327 188220028 12352641 98780802 44371592 38303372 70903952 10695825 13879459 10550435 23483051 188140722 53865142 107049142 45298872 184123587 188221138 126421202 8315092 188234965 9192151 10200294 20820201 13903596 41805042 173841152 50912002 4445443 9460492 9795861 187796757 9520425 14351153 40112952 10011968 10198339 74961742 80581972 184524122 51690332 42829162 172053872 3243388 184159617 184999810 34153872 13653393 141445522 14569360 8566188 12528053 53190582 182967735 184358328 22268871 183607754 15481291 173269452 9986512 166625232 179373522 188222934 7796700 13364702 188263397 51213802 11873775 76945912
3243388 7796700 1
3243388 9104413 1
3243388 9192151 1
3243388 9460492 1
3243388 9795861 1
3243388 9986512 1
3243388 11230327 1
3243388 12352641 1
3243388 23483051 1
3243388 34153872 1
3243388 51690332 1
3243388 53865142 1
3243388 80581972 1
3243388 98780802 1
3243388 141445522 1
3243388 173841152 1
3243388 179373522 1
3243388 185648704 1
3243388 188220028 1
3243388 188221138 1
3243388 188222934 1
7796700 9104413 1
7796700 9192151 1
7796700 9460492 1
7796700 9795861 1
7796700 9986512 1
7796700 11230327 1
7796700 12352641 1
7796700 23483051 1
7796700 34153872 1
7796700 51690332 1
7796700 53865142 1
7796700 80581972 1
7796700 98780802 1
7796700 141445522 1
7796700 173841152 1
7796700 179373522 1
7796700 185648704 1
7796700 188220028 1
7796700 188221138 1
7796700 188222934 1
9104413 9192151 1
9104413 9460492 1
9104413 9795861 1
9104413 9986512 1
9104413 11230327 1
9104413 12352641 1
9104413 23483051 1
9104413 34153872 1
9104413 51690332 1
9104413 53865142 1
9104413 80581972 1
9104413 98780802 1
9104413 141445522 1
9104413 173841152 1
9104413 179373522 1
9104413 185648704 1
9104413 188220028 1
9104413 188221138 1
9104413 188222934 1
9192151 9460492 1
9192151 9795861 1
9192151 9986512 1
9192151 11230327 1
9192151 12352641 1
9192151 23483051 1
9192151 34153872 1
9192151 51690332 1
9192151 53865142 1
9192151 80581972 1
9192151 98780802 1
9192151 141445522 1
9192151 173841152 1
9192151 179373522 1
9192151 185648704 1
9192151 188220028 1
9192151 188221138 1
9192151 188222934 1
9460492 9795861 1
9460492 9986512 1
9460492 11230327 1
9460492 12352641 1
9460492 23483051 1
9460492 34153872 1
9460492 51690332 1
9460492 53865142 1
9460492 80581972 1
9460492 98780802 1
9460492 141445522 1
9460492 173841152 1
9460492 179373522 1
9460492 185648704 1
9460492 188220028 1
9460492 188221138 1
9460492 188222934 1
9795861 9986512 1
9795861 11230327 1
9795861 12352641 1
9795861 23483051 1
9795861 34153872 1
9795861 51690332 1
9795861 53865142 1
9795861 80581972 1
9795861 98780802 1
9795861 141445522 1
9795861 173841152 1
9795861 179373522 1
9795861 185648704 1
9795861 188220028 1
9795861 188221138 1
9795861 188222934 1
9986512 11230327 1
9986512 12352641 1
9986512 23483051 1
9986512 34153872 1
9986512 51690332 1
9986512 53865142 1
9986512 80581972 1
9986512 98780802 1
9986512 141445522 1
9986512 173841152 1
9986512 179373522 1
9986512 185648704 1
9986512 188220028 1
9986512 188221138 1
9986512 188222934 1
11230327 12352641 1
11230327 23483051 1
11230327 34153872 1
11230327 51690332 1
11230327 53865142 1
11230327 80581972 1
11230327 98780802 1
11230327 141445522 1
11230327 173841152 1
11230327 179373522 1
11230327 185648704 1
11230327 188220028 1
11230327 188221138 1
11230327 188222934 1
12352641 23483051 1
12352641 34153872 1
12352641 51690332 1
12352641 53865142 1
12352641 80581972 1
12352641 98780802 1
12352641 141445522 1
12352641 173841152 1
12352641 179373522 1
12352641 185648704 1
12352641 188220028 1
12352641 188221138 1
12352641 188222934 1
23483051 34153872 1
23483051 51690332 1
23483051 53865142 1
23483051 80581972 1
23483051 98780802 1
23483051 141445522 1
23483051 173841152 1
23483051 179373522 1
23483051 185648704 1
23483051 188220028 1
23483051 188221138 1
23483051 188222934 1
34153872 51690332 1
34153872 53865142 1
34153872 80581972 1
34153872 98780802 1
34153872 141445522 1
34153872 173841152 1
34153872 179373522 1
34153872 185648704 1
34153872 188220028 1
34153872 188221138 1
34153872 188222934 1
51690332 53865142 1
51690332 80581972 1
51690332 98780802 1
51690332 141445522 1
51690332 173841152 1
51690332 179373522 1
51690332 185648704 1
51690332 188220028 1
51690332 188221138 1
51690332 188222934 1
53865142 80581972 1
53865142 98780802 1
53865142 141445522 1
53865142 173841152 1
53865142 179373522 1
53865142 185648704 1
53865142 188220028 1
53865142 188221138 1
53865142 188222934 1
80581972 98780802 1
80581972 141445522 1
80581972 173841152 1
80581972 179373522 1
80581972 185648704 1
80581972 188220028 1
80581972 188221138 1
80581972 188222934 1
98780802 141445522 1
98780802 173841152 1
98780802 179373522 1
98780802 185648704 1
98780802 188220028 1
98780802 188221138 1
98780802 188222934 1
141445522 173841152 1
141445522 179373522 1
141445522 185648704 1
141445522 188220028 1
141445522 188221138 1
141445522 188222934 1
173841152 179373522 1
173841152 185648704 1
173841152 188220028 1
173841152 188221138 1
173841152 188222934 1
179373522 185648704 1
179373522 188220028 1
179373522 188221138 1
179373522 188222934 1
185648704 188220028 1
185648704 188221138 1
185648704 188222934 1
188220028 188221138 1
188220028 188222934 1
188221138 188222934 1
4445443 7512169 2
4445443 8055899 1
4445443 9460492 1
4445443 9520425 1
4445443 10198339 2
4445443 10264593 2
4445443 10695825 1
4445443 13879459 1
4445443 13903596 1
4445443 14262382 1
4445443 20820201 1
4445443 22268871 1
4445443 38303372 1
4445443 41805042 1
4445443 42829162 1
4445443 51213802 2
4445443 70903952 1
4445443 74961742 1
4445443 76945912 1
4445443 100359792 3
4445443 158059592 1
4445443 166625232 1
4445443 172053872 2
4445443 183607754 3
4445443 184123587 2
4445443 184195599 1
4445443 184999810 1
4445443 188140722 1
4445443 188234965 1
7512169 8055899 1
7512169 9460492 1
7512169 9520425 1
7512169 10198339 2
7512169 10264593 2
7512169 10695825 1
7512169 13879459 1
7512169 13903596 1
7512169 14262382 1
7512169 20820201 1
7512169 22268871 1
7512169 38303372 1
7512169 41805042 1
7512169 42829162 1
7512169 51213802 2
7512169 70903952 1
7512169 74961742 1
7512169 76945912 1
7512169 100359792 2
7512169 158059592 1
7512169 166625232 1
7512169 172053872 1
7512169 183607754 2
7512169 184123587 2
7512169 184195599 1
7512169 184999810 1
7512169 188140722 1
7512169 188234965 1
8055899 9460492 1
8055899 9520425 1
8055899 10198339 1
8055899 10264593 1
8055899 10695825 1
8055899 13879459 1
8055899 13903596 1
8055899 14262382 1
8055899 20820201 1
8055899 22268871 1
8055899 38303372 1
8055899 41805042 1
8055899 42829162 1
8055899 51213802 1
8055899 70903952 1
8055899 74961742 1
8055899 76945912 1
8055899 100359792 1
8055899 158059592 1
8055899 166625232 1
8055899 172053872 1
8055899 183607754 1
8055899 184123587 1
8055899 184195599 1
8055899 184999810 1
8055899 188140722 1
8055899 188234965 1
9460492 9520425 1
9460492 10198339 1
9460492 10264593 1
9460492 10695825 1
9460492 13879459 1
9460492 13903596 1
9460492 14262382 1
9460492 20820201 1
9460492 22268871 1
9460492 38303372 1
9460492 41805042 1
9460492 42829162 1
9460492 51213802 1
9460492 70903952 1
9460492 74961742 1
9460492 76945912 1
9460492 100359792 1
9460492 158059592 1
9460492 166625232 1
9460492 172053872 1
9460492 183607754 1
9460492 184123587 1
9460492 184195599 1
9460492 184999810 1
9460492 188140722 1
9460492 188234965 1
9520425 10198339 1
9520425 10264593 1
9520425 10695825 1
9520425 13879459 1
9520425 13903596 1
9520425 14262382 1
9520425 20820201 1
9520425 22268871 1
9520425 38303372 1
9520425 41805042 1
9520425 42829162 1
9520425 51213802 1
9520425 70903952 1
9520425 74961742 1
9520425 76945912 1
9520425 100359792 1
9520425 158059592 1
9520425 166625232 1
9520425 172053872 1
9520425 183607754 1
9520425 184123587 1
9520425 184195599 1
9520425 184999810 1
9520425 188140722 1
9520425 188234965 1
10198339 10264593 2
10198339 10695825 1
10198339 13879459 1
10198339 13903596 1
10198339 14262382 1
10198339 20820201 1
10198339 22268871 1
10198339 38303372 1
10198339 41805042 1
10198339 42829162 1
10198339 51213802 2
10198339 70903952 1
10198339 74961742 1
10198339 76945912 1
10198339 100359792 2
10198339 158059592 1
10198339 166625232 1
10198339 172053872 1
10198339 183607754 2
10198339 184123587 2
10198339 184195599 1
10198339 184999810 1
10198339 188140722 1
10198339 188234965 1
10264593 10695825 1
10264593 13879459 1
10264593 13903596 1
10264593 14262382 1
10264593 20820201 1
10264593 22268871 1
10264593 38303372 1
10264593 41805042 1
10264593 42829162 1
10264593 51213802 2
10264593 70903952 1
10264593 74961742 1
10264593 76945912 1
10264593 100359792 2
10264593 158059592 1
10264593 166625232 1
10264593 172053872 1
10264593 183607754 2
10264593 184123587 2
10264593 184195599 1
10264593 184999810 1
10264593 188140722 1
10264593 188234965 1
10695825 13879459 1
10695825 13903596 1
10695825 14262382 1
10695825 20820201 1
10695825 22268871 1
10695825 38303372 1
10695825 41805042 1
10695825 42829162 1
10695825 51213802 1
10695825 70903952 1
10695825 74961742 1
10695825 76945912 1
10695825 100359792 1
10695825 158059592 1
10695825 166625232 1
10695825 172053872 1
10695825 183607754 1
10695825 184123587 1
10695825 184195599 1
10695825 184999810 1
10695825 188140722 1
10695825 188234965 1
13879459 13903596 1
13879459 14262382 1
13879459 20820201 1
13879459 22268871 1
13879459 38303372 1
13879459 41805042 1
13879459 42829162 1
13879459 51213802 1
13879459 70903952 1
13879459 74961742 1
13879459 76945912 1
13879459 100359792 1
13879459 158059592 1
13879459 166625232 1
13879459 172053872 1
13879459 183607754 1
13879459 184123587 1
13879459 184195599 1
13879459 184999810 1
13879459 188140722 1
13879459 188234965 1
13903596 14262382 1
13903596 20820201 1
13903596 22268871 1
13903596 38303372 1
13903596 41805042 1
13903596 42829162 1
13903596 51213802 1
13903596 70903952 1
13903596 74961742 1
13903596 76945912 1
13903596 100359792 1
13903596 158059592 1
13903596 166625232 1
13903596 172053872 1
13903596 183607754 1
13903596 184123587 1
13903596 184195599 1
13903596 184999810 1
13903596 188140722 1
13903596 188234965 1
14262382 20820201 1
14262382 22268871 1
14262382 38303372 1
14262382 41805042 1
14262382 42829162 1
14262382 51213802 1
14262382 70903952 1
14262382 74961742 1
14262382 76945912 1
14262382 100359792 1
14262382 158059592 1
14262382 166625232 1
14262382 172053872 1
14262382 183607754 1
14262382 184123587 1
14262382 184195599 1
14262382 184999810 1
14262382 188140722 1
14262382 188234965 1
20820201 22268871 1
20820201 38303372 1
20820201 41805042 1
20820201 42829162 1
20820201 51213802 1
20820201 70903952 1
20820201 74961742 1
20820201 76945912 1
20820201 100359792 1
20820201 158059592 1
20820201 166625232 1
20820201 172053872 1
20820201 183607754 1
20820201 184123587 1
20820201 184195599 1
20820201 184999810 1
20820201 188140722 1
20820201 188234965 1
22268871 38303372 1
22268871 41805042 1
22268871 42829162 1
22268871 51213802 1
22268871 70903952 1
22268871 74961742 1
22268871 76945912 1
22268871 100359792 1
22268871 158059592 1
22268871 166625232 1
22268871 172053872 1
22268871 183607754 1
22268871 184123587 1
22268871 184195599 1
22268871 184999810 1
22268871 188140722 1
22268871 188234965 1
38303372 41805042 1
38303372 42829162 1
38303372 51213802 1
38303372 70903952 1
38303372 74961742 1
38303372 76945912 1
38303372 100359792 1
38303372 158059592 1
38303372 166625232 1
38303372 172053872 1
38303372 183607754 1
38303372 184123587 1
38303372 184195599 1
38303372 184999810 1
38303372 188140722 1
38303372 188234965 1
41805042 42829162 1
41805042 51213802 1
41805042 70903952 1
41805042 74961742 1
41805042 76945912 1
41805042 100359792 1
41805042 158059592 1
41805042 166625232 1
41805042 172053872 1
41805042 183607754 1
41805042 184123587 1
41805042 184195599 1
41805042 184999810 1
41805042 188140722 1
41805042 188234965 1
42829162 51213802 1
42829162 70903952 1
42829162 74961742 1
42829162 76945912 1
42829162 100359792 1
42829162 158059592 1
42829162 166625232 1
42829162 172053872 1
42829162 183607754 1
42829162 184123587 1
42829162 184195599 1
42829162 184999810 1
42829162 188140722 1
42829162 188234965 1
51213802 70903952 1
51213802 74961742 1
51213802 76945912 1
51213802 100359792 2
51213802 158059592 1
51213802 166625232 1
51213802 172053872 1
51213802 183607754 2
51213802 184123587 2
51213802 184195599 1
51213802 184999810 1
51213802 188140722 1
51213802 188234965 1
70903952 74961742 1
70903952 76945912 1
70903952 100359792 1
70903952 158059592 1
70903952 166625232 1
70903952 172053872 1
70903952 183607754 1
70903952 184123587 1
70903952 184195599 1
70903952 184999810 1
70903952 188140722 1
70903952 188234965 1
74961742 76945912 1
74961742 100359792 1
74961742 158059592 1
74961742 166625232 1
74961742 172053872 1
74961742 183607754 1
74961742 184123587 1
74961742 184195599 1
74961742 184999810 1
74961742 188140722 1
74961742 188234965 1
76945912 100359792 1
76945912 158059592 1
76945912 166625232 1
76945912 172053872 1
76945912 183607754 1
76945912 184123587 1
76945912 184195599 1
76945912 184999810 1
76945912 188140722 1
76945912 188234965 1
100359792 158059592 1
100359792 166625232 1
100359792 172053872 2
100359792 183607754 3
100359792 184123587 2
100359792 184195599 1
100359792 184999810 1
100359792 188140722 1
100359792 188234965 1
158059592 166625232 1
158059592 172053872 1
158059592 183607754 1
158059592 184123587 1
158059592 184195599 1
158059592 184999810 1
158059592 188140722 1
158059592 188234965 1
166625232 172053872 1
166625232 183607754 1
166625232 184123587 1
166625232 184195599 1
166625232 184999810 1
166625232 188140722 1
166625232 188234965 1
172053872 183607754 2
172053872 184123587 1
172053872 184195599 1
172053872 184999810 1
172053872 188140722 1
172053872 188234965 1
183607754 184123587 2
183607754 184195599 1
183607754 184999810 1
183607754 188140722 1
183607754 188234965 1
184123587 184195599 1
184123587 184999810 1
184123587 188140722 1
184123587 188234965 1
184195599 184999810 1
184195599 188140722 1
184195599 188234965 1
184999810 188140722 1
184999810 188234965 1
188140722 188234965 1
4445443 8315092 1
4445443 10649712 1
4445443 11873775 1
4445443 14351153 1
4445443 40112952 1
4445443 44371592 1
4445443 50912002 1
4445443 84758022 1
4445443 126421202 1
4445443 143595632 2
4445443 182967735 1
4445443 184358328 1
4445443 188263397 1
8315092 10649712 1
8315092 11873775 1
8315092 14351153 1
8315092 40112952 1
8315092 44371592 1
8315092 50912002 1
8315092 84758022 1
8315092 100359792 1
8315092 126421202 1
8315092 143595632 1
8315092 172053872 1
8315092 182967735 1
8315092 183607754 1
8315092 184358328 1
8315092 188263397 1
10649712 11873775 1
10649712 14351153 1
10649712 40112952 1
10649712 44371592 1
10649712 50912002 1
10649712 84758022 1
10649712 100359792 1
10649712 126421202 1
10649712 143595632 1
10649712 172053872 1
10649712 182967735 1
10649712 183607754 1
10649712 184358328 1
10649712 188263397 1
11873775 14351153 1
11873775 40112952 1
11873775 44371592 1
11873775 50912002 1
11873775 84758022 1
11873775 100359792 1
11873775 126421202 1
11873775 143595632 1
11873775 172053872 1
11873775 182967735 1
11873775 183607754 1
11873775 184358328 1
11873775 188263397 1
14351153 40112952 1
14351153 44371592 1
14351153 50912002 1
14351153 84758022 1
14351153 100359792 1
14351153 126421202 1
14351153 143595632 1
14351153 172053872 1
14351153 182967735 1
14351153 183607754 1
14351153 184358328 1
14351153 188263397 1
40112952 44371592 1
40112952 50912002 1
40112952 84758022 1
40112952 100359792 1
40112952 126421202 1
40112952 143595632 1
40112952 172053872 1
40112952 182967735 1
40112952 183607754 1
40112952 184358328 1
40112952 188263397 1
44371592 50912002 1
44371592 84758022 1
44371592 100359792 1
44371592 126421202 1
44371592 143595632 1
44371592 172053872 1
44371592 182967735 1
44371592 183607754 1
44371592 184358328 1
44371592 188263397 1
50912002 84758022 1
50912002 100359792 1
50912002 126421202 1
50912002 143595632 1
50912002 172053872 1
50912002 182967735 1
50912002 183607754 1
50912002 184358328 1
50912002 188263397 1
84758022 100359792 1
84758022 126421202 1
84758022 143595632 1
84758022 172053872 1
84758022 182967735 1
84758022 183607754 1
84758022 184358328 1
84758022 188263397 1
100359792 126421202 1
100359792 143595632 2
100359792 182967735 1
100359792 184358328 1
100359792 188263397 1
126421202 143595632 1
126421202 172053872 1
126421202 182967735 1
126421202 183607754 1
126421202 184358328 1
126421202 188263397 1
143595632 172053872 1
143595632 182967735 1
143595632 183607754 2
143595632 184358328 1
143595632 188263397 1
172053872 182967735 1
172053872 184358328 1
172053872 188263397 1
182967735 183607754 1
182967735 184358328 1
182967735 188263397 1
183607754 184358328 1
183607754 188263397 1
184358328 188263397 1
4445443 7796700 1
4445443 8566188 1
4445443 10011968 1
4445443 10200294 1
4445443 10550435 1
4445443 12528053 1
4445443 13132850 1
4445443 13364702 1
4445443 13372460 1
4445443 13653393 1
4445443 14569360 1
4445443 15481291 1
4445443 45298872 1
4445443 51492452 1
4445443 53190582 1
4445443 80352372 1
4445443 107049142 1
4445443 142213222 1
4445443 156222002 1
4445443 173269452 1
4445443 174438452 1
4445443 184159617 1
4445443 184524122 1
4445443 187448410 1
4445443 187796757 1
7512169 7796700 1
7512169 8566188 1
7512169 10011968 1
7512169 10200294 1
7512169 10550435 1
7512169 12528053 1
7512169 13132850 1
7512169 13364702 1
7512169 13372460 1
7512169 13653393 1
7512169 14569360 1
7512169 15481291 1
7512169 45298872 1
7512169 51492452 1
7512169 53190582 1
7512169 80352372 1
7512169 107049142 1
7512169 142213222 1
7512169 143595632 1
7512169 156222002 1
7512169 173269452 1
7512169 174438452 1
7512169 184159617 1
7512169 184524122 1
7512169 187448410 1
7512169 187796757 1
7796700 8566188 1
7796700 10011968 1
7796700 10198339 1
7796700 10200294 1
7796700 10264593 1
7796700 10550435 1
7796700 12528053 1
7796700 13132850 1
7796700 13364702 1
7796700 13372460 1
7796700 13653393 1
7796700 14569360 1
7796700 15481291 1
7796700 45298872 1
7796700 51213802 1
7796700 51492452 1
7796700 53190582 1
7796700 80352372 1
7796700 100359792 1
7796700 107049142 1
7796700 142213222 1
7796700 143595632 1
7796700 156222002 1
7796700 173269452 1
7796700 174438452 1
7796700 183607754 1
7796700 184123587 1
7796700 184159617 1
7796700 184524122 1
7796700 187448410 1
7796700 187796757 1
8566188 10011968 1
8566188 10198339 1
8566188 10200294 1
8566188 10264593 1
8566188 10550435 1
8566188 12528053 1
8566188 13132850 1
8566188 13364702 1
8566188 13372460 1
8566188 13653393 1
8566188 14569360 1
8566188 15481291 1
8566188 45298872 1
8566188 51213802 1
8566188 51492452 1
8566188 53190582 1
8566188 80352372 1
8566188 100359792 1
8566188 107049142 1
8566188 142213222 1
8566188 143595632 1
8566188 156222002 1
8566188 173269452 1
8566188 174438452 1
8566188 183607754 1
8566188 184123587 1
8566188 184159617 1
8566188 184524122 1
8566188 187448410 1
8566188 187796757 1
10011968 10198339 1
10011968 10200294 1
10011968 10264593 1
10011968 10550435 1
10011968 12528053 1
10011968 13132850 1
10011968 13364702 1
10011968 13372460 1
10011968 13653393 1
10011968 14569360 1
10011968 15481291 1
10011968 45298872 1
10011968 51213802 1
10011968 51492452 1
10011968 53190582 1
10011968 80352372 1
10011968 100359792 1
10011968 107049142 1
10011968 142213222 1
10011968 143595632 1
10011968 156222002 1
10011968 173269452 1
10011968 174438452 1
10011968 183607754 1
10011968 184123587 1
10011968 184159617 1
10011968 184524122 1
10011968 187448410 1
10011968 187796757 1
10198339 10200294 1
10198339 10550435 1
10198339 12528053 1
10198339 13132850 1
10198339 13364702 1
10198339 13372460 1
10198339 13653393 1
10198339 14569360 1
10198339 15481291 1
10198339 45298872 1
10198339 51492452 1
10198339 53190582 1
10198339 80352372 1
10198339 107049142 1
10198339 142213222 1
10198339 143595632 1
10198339 156222002 1
10198339 173269452 1
10198339 174438452 1
10198339 184159617 1
10198339 184524122 1
10198339 187448410 1
10198339 187796757 1
10200294 10264593 1
10200294 10550435 1
10200294 12528053 1
10200294 13132850 1
10200294 13364702 1
10200294 13372460 1
10200294 13653393 1
10200294 14569360 1
10200294 15481291 1
10200294 45298872 1
10200294 51213802 1
10200294 51492452 1
10200294 53190582 1
10200294 80352372 1
10200294 100359792 1
10200294 107049142 1
10200294 142213222 1
10200294 143595632 1
10200294 156222002 1
10200294 173269452 1
10200294 174438452 1
10200294 183607754 1
10200294 184123587 1
10200294 184159617 1
10200294 184524122 1
10200294 187448410 1
10200294 187796757 1
10264593 10550435 1
10264593 12528053 1
10264593 13132850 1
10264593 13364702 1
10264593 13372460 1
10264593 13653393 1
10264593 14569360 1
10264593 15481291 1
10264593 45298872 1
10264593 51492452 1
10264593 53190582 1
10264593 80352372 1
10264593 107049142 1
10264593 142213222 1
10264593 143595632 1
10264593 156222002 1
10264593 173269452 1
10264593 174438452 1
10264593 184159617 1
10264593 184524122 1
10264593 187448410 1
10264593 187796757 1
10550435 12528053 1
10550435 13132850 1
10550435 13364702 1
10550435 13372460 1
10550435 13653393 1
10550435 14569360 1
10550435 15481291 1
10550435 45298872 1
10550435 51213802 1
10550435 51492452 1
10550435 53190582 1
10550435 80352372 1
10550435 100359792 1
10550435 107049142 1
10550435 142213222 1
10550435 143595632 1
10550435 156222002 1
10550435 173269452 1
10550435 174438452 1
10550435 183607754 1
10550435 184123587 1
10550435 184159617 1
10550435 184524122 1
10550435 187448410 1
10550435 187796757 1
12528053 13132850 1
12528053 13364702 1
12528053 13372460 1
12528053 13653393 1
12528053 14569360 1
12528053 15481291 1
12528053 45298872 1
12528053 51213802 1
12528053 51492452 1
12528053 53190582 1
12528053 80352372 1
12528053 100359792 1
12528053 107049142 1
12528053 142213222 1
12528053 143595632 1
12528053 156222002 1
12528053 173269452 1
12528053 174438452 1
12528053 183607754 1
12528053 184123587 1
12528053 184159617 1
12528053 184524122 1
12528053 187448410 1
12528053 187796757 1
13132850 13364702 1
13132850 13372460 1
13132850 13653393 1
13132850 14569360 1
13132850 15481291 1
13132850 45298872 1
13132850 51213802 1
13132850 51492452 1
13132850 53190582 1
13132850 80352372 1
13132850 100359792 1
13132850 107049142 1
13132850 142213222 1
13132850 143595632 1
13132850 156222002 1
13132850 173269452 1
13132850 174438452 1
13132850 183607754 1
13132850 184123587 1
13132850 184159617 1
13132850 184524122 1
13132850 187448410 1
13132850 187796757 1
13364702 13372460 1
13364702 13653393 1
13364702 14569360 1
13364702 15481291 1
13364702 45298872 1
13364702 51213802 1
13364702 51492452 1
13364702 53190582 1
13364702 80352372 1
13364702 100359792 1
13364702 107049142 1
13364702 142213222 1
13364702 143595632 1
13364702 156222002 1
13364702 173269452 1
13364702 174438452 1
13364702 183607754 1
13364702 184123587 1
13364702 184159617 1
13364702 184524122 1
13364702 187448410 1
13364702 187796757 1
13372460 13653393 1
13372460 14569360 1
13372460 15481291 1
13372460 45298872 1
13372460 51213802 1
13372460 51492452 1
13372460 53190582 1
13372460 80352372 1
13372460 100359792 1
13372460 107049142 1
13372460 142213222 1
13372460 143595632 1
13372460 156222002 1
13372460 173269452 1
13372460 174438452 1
13372460 183607754 1
13372460 184123587 1
13372460 184159617 1
13372460 184524122 1
13372460 187448410 1
13372460 187796757 1
13653393 14569360 1
13653393 15481291 1
13653393 45298872 1
13653393 51213802 1
13653393 51492452 1
13653393 53190582 1
13653393 80352372 1
13653393 100359792 1
13653393 107049142 1
13653393 142213222 1
13653393 143595632 1
13653393 156222002 1
13653393 173269452 1
13653393 174438452 1
13653393 183607754 1
13653393 184123587 1
13653393 184159617 1
13653393 184524122 1
13653393 187448410 1
13653393 187796757 1
14569360 15481291 1
14569360 45298872 1
14569360 51213802 1
14569360 51492452 1
14569360 53190582 1
14569360 80352372 1
14569360 100359792 1
14569360 107049142 1
14569360 142213222 1
14569360 143595632 1
14569360 156222002 1
14569360 173269452 1
14569360 174438452 1
14569360 183607754 1
14569360 184123587 1
14569360 184159617 1
14569360 184524122 1
14569360 187448410 1
14569360 187796757 1
15481291 45298872 1
15481291 51213802 1
15481291 51492452 1
15481291 53190582 1
15481291 80352372 1
15481291 100359792 1
15481291 107049142 1
15481291 142213222 1
15481291 143595632 1
15481291 156222002 1
15481291 173269452 1
15481291 174438452 1
15481291 183607754 1
15481291 184123587 1
15481291 184159617 1
15481291 184524122 1
15481291 187448410 1
15481291 187796757 1
45298872 51213802 1
45298872 51492452 1
45298872 53190582 1
45298872 80352372 1
45298872 100359792 1
45298872 107049142 1
45298872 142213222 1
45298872 143595632 1
45298872 156222002 1
45298872 173269452 1
45298872 174438452 1
45298872 183607754 1
45298872 184123587 1
45298872 184159617 1
45298872 184524122 1
45298872 187448410 1
45298872 187796757 1
51213802 51492452 1
51213802 53190582 1
51213802 80352372 1
51213802 107049142 1
51213802 142213222 1
51213802 143595632 1
51213802 156222002 1
51213802 173269452 1
51213802 174438452 1
51213802 184159617 1
51213802 184524122 1
51213802 187448410 1
51213802 187796757 1
51492452 53190582 1
51492452 80352372 1
51492452 100359792 1
51492452 107049142 1
51492452 142213222 1
51492452 143595632 1
51492452 156222002 1
51492452 173269452 1
51492452 174438452 1
51492452 183607754 1
51492452 184123587 1
51492452 184159617 1
51492452 184524122 1
51492452 187448410 1
51492452 187796757 1
53190582 80352372 1
53190582 100359792 1
53190582 107049142 1
53190582 142213222 1
53190582 143595632 1
53190582 156222002 1
53190582 173269452 1
53190582 174438452 1
53190582 183607754 1
53190582 184123587 1
53190582 184159617 1
53190582 184524122 1
53190582 187448410 1
53190582 187796757 1
80352372 100359792 1
80352372 107049142 1
80352372 142213222 1
80352372 143595632 1
80352372 156222002 1
80352372 173269452 1
80352372 174438452 1
80352372 183607754 1
80352372 184123587 1
80352372 184159617 1
80352372 184524122 1
80352372 187448410 1
80352372 187796757 1
100359792 107049142 1
100359792 142213222 1
100359792 156222002 1
100359792 173269452 1
100359792 174438452 1
100359792 184159617 1
100359792 184524122 1
100359792 187448410 1
100359792 187796757 1
107049142 142213222 1
107049142 143595632 1
107049142 156222002 1
107049142 173269452 1
107049142 174438452 1
107049142 183607754 1
107049142 184123587 1
107049142 184159617 1
107049142 184524122 1
107049142 187448410 1
107049142 187796757 1
142213222 143595632 1
142213222 156222002 1
142213222 173269452 1
142213222 174438452 1
142213222 183607754 1
142213222 184123587 1
142213222 184159617 1
142213222 184524122 1
142213222 187448410 1
142213222 187796757 1
143595632 156222002 1
143595632 173269452 1
143595632 174438452 1
143595632 184123587 1
143595632 184159617 1
143595632 184524122 1
143595632 187448410 1
143595632 187796757 1
156222002 173269452 1
156222002 174438452 1
156222002 183607754 1
156222002 184123587 1
156222002 184159617 1
156222002 184524122 1
156222002 187448410 1
156222002 187796757 1
173269452 174438452 1
173269452 183607754 1
173269452 184123587 1
173269452 184159617 1
173269452 184524122 1
173269452 187448410 1
173269452 187796757 1
174438452 183607754 1
174438452 184123587 1
174438452 184159617 1
174438452 184524122 1
174438452 187448410 1
174438452 187796757 1
183607754 184159617 1
183607754 184524122 1
183607754 187448410 1
183607754 187796757 1
184123587 184159617 1
184123587 184524122 1
184123587 187448410 1
184123587 187796757 1
184159617 184524122 1
184159617 187448410 1
184159617 187796757 1
184524122 187448410 1
184524122 187796757 1
187448410 187796757 1
