37862912 10896900 84758022 10264593 3896852 105190932 151737372 12868639 153747492 4605479 146614832 156222002 72128052 44646972 30213182 134507582 137017412 7855688 140426312 58070092 155886672 153330262 156869212 7512169 13067374 14262382 10649712 72591472 76482162 100359792 11230327 38303372 158187152 101128852 4129941 84833942 7973527 51029662 12930723 48063142 10124462 115355822 155371182 155224242 45298872 20522171 156766912 60955852 1679568 106160852 157063892 8315092 96561882 4342491 6899421 10200294 153500392 24505072 5861116 4445443 9460492 68196622 8065806 91942162 135772952 3318552 26587932 152066852 9520425 152090412 153023282 25071932 156494652 154727742 143260992 45290312 10706763 9413458 12868955 14116197 9744744 42829162 146836332 3243388 35584382 119061892 7230346 24354192 13653393 141445522 116449682 157820822 146041242 154284962 6519221 155724222 41248702 148560832 19637701 150727112 15481291 125963212 7056845 9986512 149333972 86018522 7796700 25123292 151458782 8280543 147899872 12769764 153824742 8331238 51213802 122681322 11873775 12345328 77956082
4445443 4605479 1
4445443 6519221 1
4445443 6899421 1
4445443 7230346 1
4445443 7796700 1
4445443 7855688 1
4445443 8280543 1
4445443 9986512 2
4445443 10200294 3
4445443 11230327 1
4445443 11873775 1
4445443 13067374 1
4445443 24505072 1
4445443 30213182 1
4445443 45290312 1
4445443 48063142 1
4445443 58070092 1
4445443 86018522 1
4445443 119061892 1
4445443 146836332 1
4445443 153824742 1
4445443 155886672 2
4605479 6519221 1
4605479 6899421 1
4605479 7230346 1
4605479 7796700 1
4605479 7855688 1
4605479 8280543 1
4605479 9986512 1
4605479 10200294 1
4605479 11230327 1
4605479 11873775 1
4605479 13067374 1
4605479 24505072 1
4605479 30213182 1
4605479 45290312 1
4605479 48063142 1
4605479 58070092 1
4605479 86018522 1
4605479 119061892 1
4605479 146836332 1
4605479 153824742 1
4605479 155886672 1
6519221 6899421 1
6519221 7230346 1
6519221 7796700 1
6519221 7855688 1
6519221 8280543 1
6519221 9986512 1
6519221 10200294 1
6519221 11230327 1
6519221 11873775 1
6519221 13067374 1
6519221 24505072 1
6519221 30213182 1
6519221 45290312 1
6519221 48063142 1
6519221 58070092 1
6519221 86018522 1
6519221 119061892 1
6519221 146836332 1
6519221 153824742 1
6519221 155886672 1
6899421 7230346 1
6899421 7796700 1
6899421 7855688 1
6899421 8280543 1
6899421 9986512 1
6899421 10200294 1
6899421 11230327 1
6899421 11873775 1
6899421 13067374 1
6899421 24505072 1
6899421 30213182 1
6899421 45290312 1
6899421 48063142 1
6899421 58070092 1
6899421 86018522 1
6899421 119061892 1
6899421 146836332 1
6899421 153824742 1
6899421 155886672 1
7230346 7796700 1
7230346 7855688 1
7230346 8280543 1
7230346 9986512 1
7230346 10200294 1
7230346 11230327 1
7230346 11873775 1
7230346 13067374 1
7230346 24505072 1
7230346 30213182 1
7230346 45290312 1
7230346 48063142 1
7230346 58070092 1
7230346 86018522 1
7230346 119061892 1
7230346 146836332 1
7230346 153824742 1
7230346 155886672 1
7796700 7855688 1
7796700 8280543 1
7796700 9986512 1
7796700 10200294 1
7796700 11230327 1
7796700 11873775 1
7796700 13067374 1
7796700 24505072 1
7796700 30213182 1
7796700 45290312 1
7796700 48063142 1
7796700 58070092 1
7796700 86018522 1
7796700 119061892 1
7796700 146836332 1
7796700 153824742 1
7796700 155886672 2
7855688 8280543 1
7855688 9986512 1
7855688 10200294 1
7855688 11230327 1
7855688 11873775 1
7855688 13067374 1
7855688 24505072 1
7855688 30213182 1
7855688 45290312 1
7855688 48063142 1
7855688 58070092 1
7855688 86018522 1
7855688 119061892 1
7855688 146836332 1
7855688 153824742 1
7855688 155886672 1
8280543 9986512 1
8280543 10200294 1
8280543 11230327 1
8280543 11873775 1
8280543 13067374 1
8280543 24505072 1
8280543 30213182 1
8280543 45290312 1
8280543 48063142 1
8280543 58070092 1
8280543 86018522 1
8280543 119061892 1
8280543 146836332 1
8280543 153824742 1
8280543 155886672 1
9986512 10200294 2
9986512 11230327 1
9986512 11873775 1
9986512 13067374 1
9986512 24505072 1
9986512 30213182 1
9986512 45290312 1
9986512 48063142 1
9986512 58070092 1
9986512 86018522 1
9986512 119061892 1
9986512 146836332 1
9986512 153824742 1
9986512 155886672 2
10200294 11230327 1
10200294 11873775 1
10200294 13067374 1
10200294 24505072 1
10200294 30213182 1
10200294 45290312 1
10200294 48063142 1
10200294 58070092 1
10200294 86018522 1
10200294 119061892 1
10200294 146836332 1
10200294 153824742 1
10200294 155886672 2
11230327 11873775 1
11230327 13067374 1
11230327 24505072 1
11230327 30213182 1
11230327 45290312 1
11230327 48063142 1
11230327 58070092 1
11230327 86018522 1
11230327 119061892 1
11230327 146836332 1
11230327 153824742 1
11230327 155886672 1
11873775 13067374 1
11873775 24505072 1
11873775 30213182 1
11873775 45290312 1
11873775 48063142 1
11873775 58070092 1
11873775 86018522 1
11873775 119061892 1
11873775 146836332 1
11873775 153824742 1
11873775 155886672 1
13067374 24505072 1
13067374 30213182 1
13067374 45290312 1
13067374 48063142 1
13067374 58070092 1
13067374 86018522 1
13067374 119061892 1
13067374 146836332 1
13067374 153824742 1
13067374 155886672 1
24505072 30213182 1
24505072 45290312 1
24505072 48063142 1
24505072 58070092 1
24505072 86018522 1
24505072 119061892 1
24505072 146836332 1
24505072 153824742 1
24505072 155886672 1
30213182 45290312 1
30213182 48063142 1
30213182 58070092 1
30213182 86018522 1
30213182 119061892 1
30213182 146836332 1
30213182 153824742 1
30213182 155886672 1
45290312 48063142 1
45290312 58070092 1
45290312 86018522 1
45290312 119061892 1
45290312 146836332 1
45290312 153824742 1
45290312 155886672 1
48063142 58070092 1
48063142 86018522 1
48063142 119061892 1
48063142 146836332 1
48063142 153824742 1
48063142 155886672 1
58070092 86018522 1
58070092 119061892 1
58070092 146836332 1
58070092 153824742 1
58070092 155886672 1
86018522 119061892 1
86018522 146836332 1
86018522 153824742 1
86018522 155886672 1
119061892 146836332 1
119061892 153824742 1
119061892 155886672 1
146836332 153824742 1
146836332 155886672 1
153824742 155886672 1
4445443 5861116 1
4445443 20522171 1
4445443 140426312 1
4445443 155724222 1
5861116 20522171 1
5861116 140426312 1
5861116 155724222 1
20522171 140426312 1
20522171 155724222 1
140426312 155724222 1
1679568 3896852 1
1679568 7056845 1
1679568 7512169 1
1679568 9413458 1
1679568 10649712 1
1679568 14262382 1
1679568 25071932 1
1679568 25123292 1
1679568 26587932 1
1679568 38303372 1
1679568 44646972 1
1679568 45298872 1
1679568 51029662 1
1679568 72128052 1
1679568 72591472 1
1679568 86018522 1
1679568 91942162 1
1679568 105190932 1
1679568 106160852 1
1679568 135772952 1
1679568 141445522 1
1679568 147899872 1
1679568 151458782 1
1679568 152090412 1
1679568 154727742 1
1679568 155224242 1
1679568 156494652 1
1679568 156869212 1
3896852 7056845 1
3896852 7512169 1
3896852 9413458 1
3896852 10649712 1
3896852 14262382 1
3896852 25071932 1
3896852 25123292 1
3896852 26587932 1
3896852 38303372 1
3896852 44646972 1
3896852 45298872 1
3896852 51029662 1
3896852 72128052 1
3896852 72591472 1
3896852 86018522 1
3896852 91942162 1
3896852 105190932 1
3896852 106160852 1
3896852 135772952 1
3896852 141445522 1
3896852 147899872 1
3896852 151458782 1
3896852 152090412 1
3896852 154727742 1
3896852 155224242 1
3896852 156494652 1
3896852 156869212 1
7056845 7512169 1
7056845 9413458 1
7056845 10649712 1
7056845 14262382 1
7056845 25071932 1
7056845 25123292 1
7056845 26587932 1
7056845 38303372 1
7056845 44646972 1
7056845 45298872 1
7056845 51029662 1
7056845 72128052 1
7056845 72591472 1
7056845 86018522 1
7056845 91942162 1
7056845 105190932 1
7056845 106160852 1
7056845 135772952 1
7056845 141445522 1
7056845 147899872 1
7056845 151458782 1
7056845 152090412 1
7056845 154727742 1
7056845 155224242 1
7056845 156494652 1
7056845 156869212 1
7512169 9413458 1
7512169 10649712 1
7512169 14262382 1
7512169 25071932 1
7512169 25123292 1
7512169 26587932 1
7512169 38303372 1
7512169 44646972 1
7512169 45298872 1
7512169 51029662 1
7512169 72128052 1
7512169 72591472 1
7512169 86018522 1
7512169 91942162 1
7512169 105190932 1
7512169 106160852 1
7512169 135772952 1
7512169 141445522 1
7512169 147899872 1
7512169 151458782 1
7512169 152090412 1
7512169 154727742 1
7512169 155224242 1
7512169 156494652 1
7512169 156869212 1
9413458 10649712 1
9413458 14262382 1
9413458 25071932 1
9413458 25123292 1
9413458 26587932 1
9413458 38303372 1
9413458 44646972 1
9413458 45298872 1
9413458 51029662 1
9413458 72128052 1
9413458 72591472 1
9413458 86018522 1
9413458 91942162 1
9413458 105190932 1
9413458 106160852 1
9413458 135772952 1
9413458 141445522 1
9413458 147899872 1
9413458 151458782 1
9413458 152090412 1
9413458 154727742 1
9413458 155224242 1
9413458 156494652 1
9413458 156869212 1
10649712 14262382 1
10649712 25071932 1
10649712 25123292 1
10649712 26587932 2
10649712 38303372 1
10649712 44646972 1
10649712 45298872 1
10649712 51029662 1
10649712 72128052 2
10649712 72591472 1
10649712 86018522 1
10649712 91942162 1
10649712 105190932 1
10649712 106160852 1
10649712 135772952 1
10649712 141445522 1
10649712 147899872 1
10649712 151458782 2
10649712 152090412 1
10649712 154727742 1
10649712 155224242 1
10649712 156494652 1
10649712 156869212 1
14262382 25071932 1
14262382 25123292 1
14262382 26587932 1
14262382 38303372 1
14262382 44646972 1
14262382 45298872 1
14262382 51029662 1
14262382 72128052 1
14262382 72591472 1
14262382 86018522 1
14262382 91942162 1
14262382 105190932 1
14262382 106160852 1
14262382 135772952 1
14262382 141445522 1
14262382 147899872 1
14262382 151458782 1
14262382 152090412 1
14262382 154727742 1
14262382 155224242 1
14262382 156494652 1
14262382 156869212 1
25071932 25123292 1
25071932 26587932 1
25071932 38303372 1
25071932 44646972 1
25071932 45298872 1
25071932 51029662 1
25071932 72128052 1
25071932 72591472 1
25071932 86018522 1
25071932 91942162 1
25071932 105190932 1
25071932 106160852 1
25071932 135772952 1
25071932 141445522 1
25071932 147899872 1
25071932 151458782 1
25071932 152090412 1
25071932 154727742 1
25071932 155224242 1
25071932 156494652 1
25071932 156869212 1
25123292 26587932 1
25123292 38303372 1
25123292 44646972 1
25123292 45298872 1
25123292 51029662 1
25123292 72128052 1
25123292 72591472 1
25123292 86018522 1
25123292 91942162 1
25123292 105190932 1
25123292 106160852 1
25123292 135772952 1
25123292 141445522 1
25123292 147899872 1
25123292 151458782 1
25123292 152090412 1
25123292 154727742 1
25123292 155224242 1
25123292 156494652 1
25123292 156869212 1
26587932 38303372 1
26587932 44646972 1
26587932 45298872 1
26587932 51029662 1
26587932 72128052 2
26587932 72591472 1
26587932 86018522 1
26587932 91942162 1
26587932 105190932 1
26587932 106160852 1
26587932 135772952 1
26587932 141445522 1
26587932 147899872 1
26587932 151458782 2
26587932 152090412 1
26587932 154727742 1
26587932 155224242 1
26587932 156494652 1
26587932 156869212 1
38303372 44646972 1
38303372 45298872 1
38303372 51029662 1
38303372 72128052 1
38303372 72591472 1
38303372 86018522 1
38303372 91942162 1
38303372 105190932 1
38303372 106160852 1
38303372 135772952 1
38303372 141445522 1
38303372 147899872 1
38303372 151458782 1
38303372 152090412 1
38303372 154727742 1
38303372 155224242 1
38303372 156494652 1
38303372 156869212 1
44646972 45298872 1
44646972 51029662 1
44646972 72128052 1
44646972 72591472 1
44646972 86018522 1
44646972 91942162 1
44646972 105190932 1
44646972 106160852 1
44646972 135772952 1
44646972 141445522 1
44646972 147899872 1
44646972 151458782 1
44646972 152090412 1
44646972 154727742 1
44646972 155224242 1
44646972 156494652 1
44646972 156869212 1
45298872 51029662 1
45298872 72128052 1
45298872 72591472 1
45298872 86018522 1
45298872 91942162 1
45298872 105190932 1
45298872 106160852 1
45298872 135772952 1
45298872 141445522 1
45298872 147899872 1
45298872 151458782 1
45298872 152090412 1
45298872 154727742 1
45298872 155224242 1
45298872 156494652 1
45298872 156869212 1
51029662 72128052 1
51029662 72591472 1
51029662 86018522 1
51029662 91942162 1
51029662 105190932 1
51029662 106160852 1
51029662 135772952 1
51029662 141445522 1
51029662 147899872 1
51029662 151458782 1
51029662 152090412 1
51029662 154727742 1
51029662 155224242 1
51029662 156494652 1
51029662 156869212 1
72128052 72591472 1
72128052 86018522 1
72128052 91942162 1
72128052 105190932 1
72128052 106160852 1
72128052 135772952 1
72128052 141445522 1
72128052 147899872 1
72128052 151458782 2
72128052 152090412 1
72128052 154727742 1
72128052 155224242 1
72128052 156494652 1
72128052 156869212 1
72591472 86018522 1
72591472 91942162 1
72591472 105190932 1
72591472 106160852 1
72591472 135772952 1
72591472 141445522 1
72591472 147899872 1
72591472 151458782 1
72591472 152090412 1
72591472 154727742 1
72591472 155224242 1
72591472 156494652 1
72591472 156869212 1
86018522 91942162 1
86018522 105190932 1
86018522 106160852 1
86018522 135772952 1
86018522 141445522 1
86018522 147899872 1
86018522 151458782 1
86018522 152090412 1
86018522 154727742 1
86018522 155224242 1
86018522 156494652 1
86018522 156869212 1
91942162 105190932 1
91942162 106160852 1
91942162 135772952 1
91942162 141445522 1
91942162 147899872 1
91942162 151458782 1
91942162 152090412 1
91942162 154727742 1
91942162 155224242 1
91942162 156494652 1
91942162 156869212 1
105190932 106160852 1
105190932 135772952 1
105190932 141445522 1
105190932 147899872 1
105190932 151458782 1
105190932 152090412 1
105190932 154727742 1
105190932 155224242 1
105190932 156494652 1
105190932 156869212 1
106160852 135772952 1
106160852 141445522 1
106160852 147899872 1
106160852 151458782 1
106160852 152090412 1
106160852 154727742 1
106160852 155224242 1
106160852 156494652 1
106160852 156869212 1
135772952 141445522 1
135772952 147899872 1
135772952 151458782 1
135772952 152090412 1
135772952 154727742 1
135772952 155224242 1
135772952 156494652 1
135772952 156869212 1
141445522 147899872 1
141445522 151458782 1
141445522 152090412 1
141445522 154727742 1
141445522 155224242 1
141445522 156494652 1
141445522 156869212 1
147899872 151458782 1
147899872 152090412 1
147899872 154727742 1
147899872 155224242 1
147899872 156494652 1
147899872 156869212 1
151458782 152090412 1
151458782 154727742 1
151458782 155224242 1
151458782 156494652 1
151458782 156869212 1
152090412 154727742 1
152090412 155224242 1
152090412 156494652 1
152090412 156869212 1
154727742 155224242 1
154727742 156494652 1
154727742 156869212 1
155224242 156494652 1
155224242 156869212 1
156494652 156869212 1
3318552 4445443 1
3318552 7973527 1
3318552 9460492 1
3318552 9520425 1
3318552 9986512 1
3318552 10124462 1
3318552 10200294 1
3318552 10264593 1
3318552 10706763 1
3318552 12345328 1
3318552 12868639 1
3318552 15481291 1
3318552 19637701 1
3318552 24354192 1
3318552 35584382 1
3318552 42829162 1
3318552 51213802 1
3318552 68196622 1
3318552 76482162 1
3318552 77956082 1
3318552 84758022 1
3318552 84833942 1
3318552 100359792 1
3318552 115355822 1
3318552 125963212 1
3318552 135772952 1
3318552 137017412 1
3318552 146041242 1
3318552 149333972 1
3318552 150727112 1
3318552 151737372 1
3318552 152066852 1
3318552 153500392 1
3318552 154284962 1
3318552 155371182 1
3318552 155886672 1
3318552 156222002 1
3318552 157063892 1
3318552 157820822 1
3318552 158187152 1
4445443 7973527 2
4445443 9460492 2
4445443 9520425 2
4445443 10124462 1
4445443 10264593 2
4445443 10706763 1
4445443 12345328 2
4445443 12868639 1
4445443 15481291 1
4445443 19637701 1
4445443 24354192 1
4445443 35584382 1
4445443 42829162 1
4445443 51213802 1
4445443 68196622 1
4445443 76482162 1
4445443 77956082 1
4445443 84758022 1
4445443 84833942 1
4445443 100359792 1
4445443 115355822 1
4445443 125963212 1
4445443 135772952 1
4445443 137017412 1
4445443 146041242 1
4445443 149333972 1
4445443 150727112 1
4445443 151737372 1
4445443 152066852 1
4445443 153500392 1
4445443 154284962 1
4445443 155371182 1
4445443 156222002 1
4445443 157063892 1
4445443 157820822 1
4445443 158187152 1
7973527 9460492 2
7973527 9520425 2
7973527 9986512 1
7973527 10124462 1
7973527 10200294 2
7973527 10264593 2
7973527 10706763 1
7973527 12345328 2
7973527 12868639 1
7973527 15481291 1
7973527 19637701 1
7973527 24354192 1
7973527 35584382 1
7973527 42829162 1
7973527 51213802 1
7973527 68196622 1
7973527 76482162 1
7973527 77956082 1
7973527 84758022 1
7973527 84833942 1
7973527 100359792 1
7973527 115355822 1
7973527 125963212 1
7973527 135772952 1
7973527 137017412 1
7973527 146041242 1
7973527 149333972 1
7973527 150727112 1
7973527 151737372 1
7973527 152066852 1
7973527 153500392 1
7973527 154284962 1
7973527 155371182 1
7973527 155886672 1
7973527 156222002 1
7973527 157063892 1
7973527 157820822 1
7973527 158187152 1
9460492 9520425 2
9460492 9986512 1
9460492 10124462 1
9460492 10200294 2
9460492 10264593 3
9460492 10706763 1
9460492 12345328 3
9460492 12868639 1
9460492 15481291 1
9460492 19637701 2
9460492 24354192 1
9460492 35584382 1
9460492 42829162 2
9460492 51213802 2
9460492 68196622 1
9460492 76482162 1
9460492 77956082 1
9460492 84758022 1
9460492 84833942 1
9460492 100359792 2
9460492 115355822 1
9460492 125963212 2
9460492 135772952 1
9460492 137017412 1
9460492 146041242 1
9460492 149333972 2
9460492 150727112 1
9460492 151737372 1
9460492 152066852 2
9460492 153500392 2
9460492 154284962 1
9460492 155371182 1
9460492 155886672 2
9460492 156222002 1
9460492 157063892 1
9460492 157820822 1
9460492 158187152 1
9520425 9986512 1
9520425 10124462 1
9520425 10200294 2
9520425 10264593 2
9520425 10706763 1
9520425 12345328 2
9520425 12868639 1
9520425 15481291 1
9520425 19637701 1
9520425 24354192 1
9520425 35584382 1
9520425 42829162 1
9520425 51213802 1
9520425 68196622 1
9520425 76482162 1
9520425 77956082 1
9520425 84758022 1
9520425 84833942 1
9520425 100359792 1
9520425 115355822 1
9520425 125963212 1
9520425 135772952 1
9520425 137017412 1
9520425 146041242 1
9520425 149333972 1
9520425 150727112 1
9520425 151737372 1
9520425 152066852 1
9520425 153500392 1
9520425 154284962 1
9520425 155371182 1
9520425 155886672 1
9520425 156222002 1
9520425 157063892 1
9520425 157820822 1
9520425 158187152 1
9986512 10124462 1
9986512 10264593 1
9986512 10706763 1
9986512 12345328 1
9986512 12868639 1
9986512 15481291 1
9986512 19637701 1
9986512 24354192 1
9986512 35584382 1
9986512 42829162 1
9986512 51213802 1
9986512 68196622 1
9986512 76482162 1
9986512 77956082 1
9986512 84758022 1
9986512 84833942 1
9986512 100359792 1
9986512 115355822 1
9986512 125963212 1
9986512 135772952 1
9986512 137017412 1
9986512 146041242 1
9986512 149333972 1
9986512 150727112 1
9986512 151737372 1
9986512 152066852 1
9986512 153500392 1
9986512 154284962 1
9986512 155371182 1
9986512 156222002 1
9986512 157063892 1
9986512 157820822 1
9986512 158187152 1
10124462 10200294 1
10124462 10264593 1
10124462 10706763 1
10124462 12345328 1
10124462 12868639 1
10124462 15481291 1
10124462 19637701 1
10124462 24354192 1
10124462 35584382 1
10124462 42829162 1
10124462 51213802 1
10124462 68196622 1
10124462 76482162 1
10124462 77956082 1
10124462 84758022 1
10124462 84833942 1
10124462 100359792 1
10124462 115355822 1
10124462 125963212 1
10124462 135772952 1
10124462 137017412 1
10124462 146041242 1
10124462 149333972 1
10124462 150727112 1
10124462 151737372 1
10124462 152066852 1
10124462 153500392 1
10124462 154284962 1
10124462 155371182 1
10124462 155886672 1
10124462 156222002 1
10124462 157063892 1
10124462 157820822 1
10124462 158187152 1
10200294 10264593 2
10200294 10706763 1
10200294 12345328 2
10200294 12868639 1
10200294 15481291 1
10200294 19637701 1
10200294 24354192 1
10200294 35584382 1
10200294 42829162 1
10200294 51213802 1
10200294 68196622 1
10200294 76482162 1
10200294 77956082 1
10200294 84758022 1
10200294 84833942 1
10200294 100359792 1
10200294 115355822 1
10200294 125963212 1
10200294 135772952 1
10200294 137017412 1
10200294 146041242 1
10200294 149333972 1
10200294 150727112 1
10200294 151737372 1
10200294 152066852 1
10200294 153500392 1
10200294 154284962 1
10200294 155371182 1
10200294 156222002 1
10200294 157063892 1
10200294 157820822 1
10200294 158187152 1
10264593 10706763 1
10264593 12345328 3
10264593 12868639 1
10264593 15481291 1
10264593 19637701 2
10264593 24354192 1
10264593 35584382 1
10264593 42829162 2
10264593 51213802 2
10264593 68196622 1
10264593 76482162 1
10264593 77956082 1
10264593 84758022 1
10264593 84833942 1
10264593 100359792 2
10264593 115355822 1
10264593 125963212 2
10264593 135772952 1
10264593 137017412 1
10264593 146041242 1
10264593 149333972 2
10264593 150727112 1
10264593 151737372 1
10264593 152066852 2
10264593 153500392 2
10264593 154284962 1
10264593 155371182 1
10264593 155886672 2
10264593 156222002 1
10264593 157063892 1
10264593 157820822 1
10264593 158187152 1
10706763 12345328 1
10706763 12868639 1
10706763 15481291 1
10706763 19637701 1
10706763 24354192 1
10706763 35584382 1
10706763 42829162 1
10706763 51213802 1
10706763 68196622 1
10706763 76482162 1
10706763 77956082 1
10706763 84758022 1
10706763 84833942 1
10706763 100359792 1
10706763 115355822 1
10706763 125963212 1
10706763 135772952 1
10706763 137017412 1
10706763 146041242 1
10706763 149333972 1
10706763 150727112 1
10706763 151737372 1
10706763 152066852 1
10706763 153500392 1
10706763 154284962 1
10706763 155371182 1
10706763 155886672 1
10706763 156222002 1
10706763 157063892 1
10706763 157820822 1
10706763 158187152 1
12345328 12868639 1
12345328 15481291 1
12345328 19637701 2
12345328 24354192 1
12345328 35584382 1
12345328 42829162 2
12345328 51213802 2
12345328 68196622 1
12345328 76482162 1
12345328 77956082 1
12345328 84758022 1
12345328 84833942 1
12345328 100359792 2
12345328 115355822 1
12345328 125963212 2
12345328 135772952 1
12345328 137017412 1
12345328 146041242 1
12345328 149333972 2
12345328 150727112 1
12345328 151737372 1
12345328 152066852 2
12345328 153500392 2
12345328 154284962 1
12345328 155371182 1
12345328 155886672 2
12345328 156222002 1
12345328 157063892 1
12345328 157820822 1
12345328 158187152 1
12868639 15481291 1
12868639 19637701 1
12868639 24354192 1
12868639 35584382 1
12868639 42829162 1
12868639 51213802 1
12868639 68196622 1
12868639 76482162 1
12868639 77956082 1
12868639 84758022 1
12868639 84833942 1
12868639 100359792 1
12868639 115355822 1
12868639 125963212 1
12868639 135772952 1
12868639 137017412 1
12868639 146041242 1
12868639 149333972 1
12868639 150727112 1
12868639 151737372 1
12868639 152066852 1
12868639 153500392 1
12868639 154284962 1
12868639 155371182 1
12868639 155886672 1
12868639 156222002 1
12868639 157063892 1
12868639 157820822 1
12868639 158187152 1
15481291 19637701 1
15481291 24354192 1
15481291 35584382 1
15481291 42829162 1
15481291 51213802 1
15481291 68196622 1
15481291 76482162 1
15481291 77956082 1
15481291 84758022 1
15481291 84833942 1
15481291 100359792 1
15481291 115355822 1
15481291 125963212 1
15481291 135772952 1
15481291 137017412 1
15481291 146041242 1
15481291 149333972 1
15481291 150727112 1
15481291 151737372 1
15481291 152066852 1
15481291 153500392 1
15481291 154284962 1
15481291 155371182 1
15481291 155886672 1
15481291 156222002 1
15481291 157063892 1
15481291 157820822 1
15481291 158187152 1
19637701 24354192 1
19637701 35584382 1
19637701 42829162 2
19637701 51213802 2
19637701 68196622 1
19637701 76482162 1
19637701 77956082 1
19637701 84758022 1
19637701 84833942 1
19637701 100359792 2
19637701 115355822 1
19637701 125963212 2
19637701 135772952 1
19637701 137017412 1
19637701 146041242 1
19637701 149333972 2
19637701 150727112 1
19637701 151737372 1
19637701 152066852 2
19637701 153500392 2
19637701 154284962 1
19637701 155371182 1
19637701 155886672 2
19637701 156222002 1
19637701 157063892 1
19637701 157820822 1
19637701 158187152 1
24354192 35584382 1
24354192 42829162 1
24354192 51213802 1
24354192 68196622 1
24354192 76482162 1
24354192 77956082 1
24354192 84758022 1
24354192 84833942 1
24354192 100359792 1
24354192 115355822 1
24354192 125963212 1
24354192 135772952 1
24354192 137017412 1
24354192 146041242 1
24354192 149333972 1
24354192 150727112 1
24354192 151737372 1
24354192 152066852 1
24354192 153500392 1
24354192 154284962 1
24354192 155371182 1
24354192 155886672 1
24354192 156222002 1
24354192 157063892 1
24354192 157820822 1
24354192 158187152 1
35584382 42829162 1
35584382 51213802 1
35584382 68196622 1
35584382 76482162 1
35584382 77956082 1
35584382 84758022 1
35584382 84833942 1
35584382 100359792 1
35584382 115355822 1
35584382 125963212 1
35584382 135772952 1
35584382 137017412 1
35584382 146041242 1
35584382 149333972 1
35584382 150727112 1
35584382 151737372 1
35584382 152066852 1
35584382 153500392 1
35584382 154284962 1
35584382 155371182 1
35584382 155886672 1
35584382 156222002 1
35584382 157063892 1
35584382 157820822 1
35584382 158187152 1
42829162 51213802 2
42829162 68196622 1
42829162 76482162 1
42829162 77956082 1
42829162 84758022 1
42829162 84833942 1
42829162 100359792 2
42829162 115355822 1
42829162 125963212 2
42829162 135772952 1
42829162 137017412 1
42829162 146041242 1
42829162 149333972 2
42829162 150727112 1
42829162 151737372 1
42829162 152066852 2
42829162 153500392 2
42829162 154284962 1
42829162 155371182 1
42829162 155886672 2
42829162 156222002 1
42829162 157063892 1
42829162 157820822 1
42829162 158187152 1
51213802 68196622 1
51213802 76482162 1
51213802 77956082 1
51213802 84758022 1
51213802 84833942 1
51213802 100359792 2
51213802 115355822 1
51213802 125963212 2
51213802 135772952 1
51213802 137017412 1
51213802 146041242 1
51213802 149333972 2
51213802 150727112 1
51213802 151737372 1
51213802 152066852 2
51213802 153500392 2
51213802 154284962 1
51213802 155371182 1
51213802 155886672 2
51213802 156222002 1
51213802 157063892 1
51213802 157820822 1
51213802 158187152 1
68196622 76482162 1
68196622 77956082 1
68196622 84758022 1
68196622 84833942 1
68196622 100359792 1
68196622 115355822 1
68196622 125963212 1
68196622 135772952 1
68196622 137017412 1
68196622 146041242 1
68196622 149333972 1
68196622 150727112 1
68196622 151737372 1
68196622 152066852 1
68196622 153500392 1
68196622 154284962 1
68196622 155371182 1
68196622 155886672 1
68196622 156222002 1
68196622 157063892 1
68196622 157820822 1
68196622 158187152 1
76482162 77956082 1
76482162 84758022 1
76482162 84833942 1
76482162 100359792 1
76482162 115355822 1
76482162 125963212 1
76482162 135772952 1
76482162 137017412 1
76482162 146041242 1
76482162 149333972 1
76482162 150727112 1
76482162 151737372 1
76482162 152066852 1
76482162 153500392 1
76482162 154284962 1
76482162 155371182 1
76482162 155886672 1
76482162 156222002 1
76482162 157063892 1
76482162 157820822 1
76482162 158187152 1
77956082 84758022 1
77956082 84833942 1
77956082 100359792 1
77956082 115355822 1
77956082 125963212 1
77956082 135772952 1
77956082 137017412 1
77956082 146041242 1
77956082 149333972 1
77956082 150727112 1
77956082 151737372 1
77956082 152066852 1
77956082 153500392 1
77956082 154284962 1
77956082 155371182 1
77956082 155886672 1
77956082 156222002 1
77956082 157063892 1
77956082 157820822 1
77956082 158187152 1
84758022 84833942 1
84758022 100359792 1
84758022 115355822 1
84758022 125963212 1
84758022 135772952 1
84758022 137017412 1
84758022 146041242 1
84758022 149333972 1
84758022 150727112 1
84758022 151737372 1
84758022 152066852 1
84758022 153500392 1
84758022 154284962 1
84758022 155371182 1
84758022 155886672 1
84758022 156222002 1
84758022 157063892 1
84758022 157820822 1
84758022 158187152 1
84833942 100359792 1
84833942 115355822 1
84833942 125963212 1
84833942 135772952 1
84833942 137017412 1
84833942 146041242 1
84833942 149333972 1
84833942 150727112 1
84833942 151737372 1
84833942 152066852 1
84833942 153500392 1
84833942 154284962 1
84833942 155371182 1
84833942 155886672 1
84833942 156222002 1
84833942 157063892 1
84833942 157820822 1
84833942 158187152 1
100359792 115355822 1
100359792 125963212 2
100359792 135772952 1
100359792 137017412 1
100359792 146041242 1
100359792 149333972 2
100359792 150727112 1
100359792 151737372 1
100359792 152066852 2
100359792 153500392 2
100359792 154284962 1
100359792 155371182 1
100359792 155886672 2
100359792 156222002 1
100359792 157063892 1
100359792 157820822 1
100359792 158187152 1
115355822 125963212 1
115355822 135772952 1
115355822 137017412 1
115355822 146041242 1
115355822 149333972 1
115355822 150727112 1
115355822 151737372 1
115355822 152066852 1
115355822 153500392 1
115355822 154284962 1
115355822 155371182 1
115355822 155886672 1
115355822 156222002 1
115355822 157063892 1
115355822 157820822 1
115355822 158187152 1
125963212 135772952 1
125963212 137017412 1
125963212 146041242 1
125963212 149333972 2
125963212 150727112 1
125963212 151737372 1
125963212 152066852 2
125963212 153500392 2
125963212 154284962 1
125963212 155371182 1
125963212 155886672 2
125963212 156222002 1
125963212 157063892 1
125963212 157820822 1
125963212 158187152 1
135772952 137017412 1
135772952 146041242 1
135772952 149333972 1
135772952 150727112 1
135772952 151737372 1
135772952 152066852 1
135772952 153500392 1
135772952 154284962 1
135772952 155371182 1
135772952 155886672 1
135772952 156222002 1
135772952 157063892 1
135772952 157820822 1
135772952 158187152 1
137017412 146041242 1
137017412 149333972 1
137017412 150727112 1
137017412 151737372 1
137017412 152066852 1
137017412 153500392 1
137017412 154284962 1
137017412 155371182 1
137017412 155886672 1
137017412 156222002 1
137017412 157063892 1
137017412 157820822 1
137017412 158187152 1
146041242 149333972 1
146041242 150727112 1
146041242 151737372 1
146041242 152066852 1
146041242 153500392 1
146041242 154284962 1
146041242 155371182 1
146041242 155886672 1
146041242 156222002 1
146041242 157063892 1
146041242 157820822 1
146041242 158187152 1
149333972 150727112 1
149333972 151737372 1
149333972 152066852 2
149333972 153500392 2
149333972 154284962 1
149333972 155371182 1
149333972 155886672 2
149333972 156222002 1
149333972 157063892 1
149333972 157820822 1
149333972 158187152 1
150727112 151737372 1
150727112 152066852 1
150727112 153500392 1
150727112 154284962 1
150727112 155371182 1
150727112 155886672 1
150727112 156222002 1
150727112 157063892 1
150727112 157820822 1
150727112 158187152 1
151737372 152066852 1
151737372 153500392 1
151737372 154284962 1
151737372 155371182 1
151737372 155886672 1
151737372 156222002 1
151737372 157063892 1
151737372 157820822 1
151737372 158187152 1
152066852 153500392 2
152066852 154284962 1
152066852 155371182 1
152066852 155886672 2
152066852 156222002 1
152066852 157063892 1
152066852 157820822 1
152066852 158187152 1
153500392 154284962 1
153500392 155371182 1
153500392 155886672 2
153500392 156222002 1
153500392 157063892 1
153500392 157820822 1
153500392 158187152 1
154284962 155371182 1
154284962 155886672 1
154284962 156222002 1
154284962 157063892 1
154284962 157820822 1
154284962 158187152 1
155371182 155886672 1
155371182 156222002 1
155371182 157063892 1
155371182 157820822 1
155371182 158187152 1
155886672 156222002 1
155886672 157063892 1
155886672 157820822 1
155886672 158187152 1
156222002 157063892 1
156222002 157820822 1
156222002 158187152 1
157063892 157820822 1
157063892 158187152 1
157820822 158187152 1
3243388 4129941 1
3243388 4342491 1
3243388 4445443 1
3243388 7973527 1
3243388 8315092 1
3243388 9460492 1
3243388 9520425 1
3243388 9744744 1
3243388 10200294 1
3243388 10264593 1
3243388 10649712 1
3243388 10896900 1
3243388 12345328 1
3243388 12769764 1
4129941 4342491 1
4129941 4445443 1
4129941 7973527 1
4129941 8315092 1
4129941 9460492 1
4129941 9520425 1
4129941 9744744 1
4129941 10200294 1
4129941 10264593 1
4129941 10649712 1
4129941 10896900 1
4129941 12345328 1
4129941 12769764 1
4342491 4445443 1
4342491 7973527 1
4342491 8315092 1
4342491 9460492 1
4342491 9520425 1
4342491 9744744 1
4342491 10200294 1
4342491 10264593 1
4342491 10649712 1
4342491 10896900 1
4342491 12345328 1
4342491 12769764 1
4445443 8315092 1
4445443 9744744 1
4445443 10649712 1
4445443 10896900 1
4445443 12769764 1
7973527 8315092 1
7973527 9744744 1
7973527 10649712 1
7973527 10896900 1
7973527 12769764 1
8315092 9460492 1
8315092 9520425 1
8315092 9744744 1
8315092 10200294 1
8315092 10264593 1
8315092 10649712 1
8315092 10896900 1
8315092 12345328 1
8315092 12769764 1
9460492 9744744 1
9460492 10649712 2
9460492 10896900 1
9460492 12769764 1
9520425 9744744 1
9520425 10649712 1
9520425 10896900 1
9520425 12769764 1
9744744 10200294 1
9744744 10264593 1
9744744 10649712 1
9744744 10896900 1
9744744 12345328 1
9744744 12769764 1
10200294 10649712 1
10200294 10896900 1
10200294 12769764 1
10264593 10649712 2
10264593 10896900 1
10264593 12769764 1
10649712 10896900 1
10649712 12345328 2
10649712 12769764 1
10896900 12345328 1
10896900 12769764 1
12345328 12769764 1
7796700 8065806 1
7796700 8331238 1
7796700 9460492 1
7796700 10264593 1
7796700 10649712 1
7796700 12345328 1
7796700 12868955 1
7796700 12930723 1
7796700 13653393 1
7796700 14116197 1
7796700 19637701 1
7796700 20522171 1
7796700 26587932 1
7796700 37862912 1
7796700 41248702 1
7796700 42829162 1
7796700 51213802 1
7796700 60955852 1
7796700 72128052 1
7796700 96561882 1
7796700 100359792 1
7796700 101128852 1
7796700 116449682 1
7796700 122681322 1
7796700 125963212 1
7796700 134507582 1
7796700 143260992 1
7796700 146614832 1
7796700 148560832 1
7796700 149333972 1
7796700 151458782 1
7796700 152066852 1
7796700 153023282 1
7796700 153330262 1
7796700 153500392 1
7796700 153747492 1
7796700 156766912 1
8065806 8331238 1
8065806 9460492 1
8065806 10264593 1
8065806 10649712 1
8065806 12345328 1
8065806 12868955 1
8065806 12930723 1
8065806 13653393 1
8065806 14116197 1
8065806 19637701 1
8065806 20522171 1
8065806 26587932 1
8065806 37862912 1
8065806 41248702 1
8065806 42829162 1
8065806 51213802 1
8065806 60955852 1
8065806 72128052 1
8065806 96561882 1
8065806 100359792 1
8065806 101128852 1
8065806 116449682 1
8065806 122681322 1
8065806 125963212 1
8065806 134507582 1
8065806 143260992 1
8065806 146614832 1
8065806 148560832 1
8065806 149333972 1
8065806 151458782 1
8065806 152066852 1
8065806 153023282 1
8065806 153330262 1
8065806 153500392 1
8065806 153747492 1
8065806 155886672 1
8065806 156766912 1
8331238 9460492 1
8331238 10264593 1
8331238 10649712 1
8331238 12345328 1
8331238 12868955 1
8331238 12930723 1
8331238 13653393 1
8331238 14116197 1
8331238 19637701 1
8331238 20522171 1
8331238 26587932 1
8331238 37862912 1
8331238 41248702 1
8331238 42829162 1
8331238 51213802 1
8331238 60955852 1
8331238 72128052 1
8331238 96561882 1
8331238 100359792 1
8331238 101128852 1
8331238 116449682 1
8331238 122681322 1
8331238 125963212 1
8331238 134507582 1
8331238 143260992 1
8331238 146614832 1
8331238 148560832 1
8331238 149333972 1
8331238 151458782 1
8331238 152066852 1
8331238 153023282 1
8331238 153330262 1
8331238 153500392 1
8331238 153747492 1
8331238 155886672 1
8331238 156766912 1
9460492 12868955 1
9460492 12930723 1
9460492 13653393 1
9460492 14116197 1
9460492 20522171 1
9460492 26587932 1
9460492 37862912 1
9460492 41248702 1
9460492 60955852 1
9460492 72128052 1
9460492 96561882 1
9460492 101128852 1
9460492 116449682 1
9460492 122681322 1
9460492 134507582 1
9460492 143260992 1
9460492 146614832 1
9460492 148560832 1
9460492 151458782 1
9460492 153023282 1
9460492 153330262 1
9460492 153747492 1
9460492 156766912 1
10264593 12868955 1
10264593 12930723 1
10264593 13653393 1
10264593 14116197 1
10264593 20522171 1
10264593 26587932 1
10264593 37862912 1
10264593 41248702 1
10264593 60955852 1
10264593 72128052 1
10264593 96561882 1
10264593 101128852 1
10264593 116449682 1
10264593 122681322 1
10264593 134507582 1
10264593 143260992 1
10264593 146614832 1
10264593 148560832 1
10264593 151458782 1
10264593 153023282 1
10264593 153330262 1
10264593 153747492 1
10264593 156766912 1
10649712 12868955 1
10649712 12930723 1
10649712 13653393 1
10649712 14116197 1
10649712 19637701 1
10649712 20522171 1
10649712 37862912 1
10649712 41248702 1
10649712 42829162 1
10649712 51213802 1
10649712 60955852 1
10649712 96561882 1
10649712 100359792 1
10649712 101128852 1
10649712 116449682 1
10649712 122681322 1
10649712 125963212 1
10649712 134507582 1
10649712 143260992 1
10649712 146614832 1
10649712 148560832 1
10649712 149333972 1
10649712 152066852 1
10649712 153023282 1
10649712 153330262 1
10649712 153500392 1
10649712 153747492 1
10649712 155886672 1
10649712 156766912 1
12345328 12868955 1
12345328 12930723 1
12345328 13653393 1
12345328 14116197 1
12345328 20522171 1
12345328 26587932 1
12345328 37862912 1
12345328 41248702 1
12345328 60955852 1
12345328 72128052 1
12345328 96561882 1
12345328 101128852 1
12345328 116449682 1
12345328 122681322 1
12345328 134507582 1
12345328 143260992 1
12345328 146614832 1
12345328 148560832 1
12345328 151458782 1
12345328 153023282 1
12345328 153330262 1
12345328 153747492 1
12345328 156766912 1
12868955 12930723 1
12868955 13653393 1
12868955 14116197 1
12868955 19637701 1
12868955 20522171 1
12868955 26587932 1
12868955 37862912 1
12868955 41248702 1
12868955 42829162 1
12868955 51213802 1
12868955 60955852 1
12868955 72128052 1
12868955 96561882 1
12868955 100359792 1
12868955 101128852 1
12868955 116449682 1
12868955 122681322 1
12868955 125963212 1
12868955 134507582 1
12868955 143260992 1
12868955 146614832 1
12868955 148560832 1
12868955 149333972 1
12868955 151458782 1
12868955 152066852 1
12868955 153023282 1
12868955 153330262 1
12868955 153500392 1
12868955 153747492 1
12868955 155886672 1
12868955 156766912 1
12930723 13653393 1
12930723 14116197 1
12930723 19637701 1
12930723 20522171 1
12930723 26587932 1
12930723 37862912 1
12930723 41248702 1
12930723 42829162 1
12930723 51213802 1
12930723 60955852 1
12930723 72128052 1
12930723 96561882 1
12930723 100359792 1
12930723 101128852 1
12930723 116449682 1
12930723 122681322 1
12930723 125963212 1
12930723 134507582 1
12930723 143260992 1
12930723 146614832 1
12930723 148560832 1
12930723 149333972 1
12930723 151458782 1
12930723 152066852 1
12930723 153023282 1
12930723 153330262 1
12930723 153500392 1
12930723 153747492 1
12930723 155886672 1
12930723 156766912 1
13653393 14116197 1
13653393 19637701 1
13653393 20522171 1
13653393 26587932 1
13653393 37862912 1
13653393 41248702 1
13653393 42829162 1
13653393 51213802 1
13653393 60955852 1
13653393 72128052 1
13653393 96561882 1
13653393 100359792 1
13653393 101128852 1
13653393 116449682 1
13653393 122681322 1
13653393 125963212 1
13653393 134507582 1
13653393 143260992 1
13653393 146614832 1
13653393 148560832 1
13653393 149333972 1
13653393 151458782 1
13653393 152066852 1
13653393 153023282 1
13653393 153330262 1
13653393 153500392 1
13653393 153747492 1
13653393 155886672 1
13653393 156766912 1
14116197 19637701 1
14116197 20522171 1
14116197 26587932 1
14116197 37862912 1
14116197 41248702 1
14116197 42829162 1
14116197 51213802 1
14116197 60955852 1
14116197 72128052 1
14116197 96561882 1
14116197 100359792 1
14116197 101128852 1
14116197 116449682 1
14116197 122681322 1
14116197 125963212 1
14116197 134507582 1
14116197 143260992 1
14116197 146614832 1
14116197 148560832 1
14116197 149333972 1
14116197 151458782 1
14116197 152066852 1
14116197 153023282 1
14116197 153330262 1
14116197 153500392 1
14116197 153747492 1
14116197 155886672 1
14116197 156766912 1
19637701 20522171 1
19637701 26587932 1
19637701 37862912 1
19637701 41248702 1
19637701 60955852 1
19637701 72128052 1
19637701 96561882 1
19637701 101128852 1
19637701 116449682 1
19637701 122681322 1
19637701 134507582 1
19637701 143260992 1
19637701 146614832 1
19637701 148560832 1
19637701 151458782 1
19637701 153023282 1
19637701 153330262 1
19637701 153747492 1
19637701 156766912 1
20522171 26587932 1
20522171 37862912 1
20522171 41248702 1
20522171 42829162 1
20522171 51213802 1
20522171 60955852 1
20522171 72128052 1
20522171 96561882 1
20522171 100359792 1
20522171 101128852 1
20522171 116449682 1
20522171 122681322 1
20522171 125963212 1
20522171 134507582 1
20522171 143260992 1
20522171 146614832 1
20522171 148560832 1
20522171 149333972 1
20522171 151458782 1
20522171 152066852 1
20522171 153023282 1
20522171 153330262 1
20522171 153500392 1
20522171 153747492 1
20522171 155886672 1
20522171 156766912 1
26587932 37862912 1
26587932 41248702 1
26587932 42829162 1
26587932 51213802 1
26587932 60955852 1
26587932 96561882 1
26587932 100359792 1
26587932 101128852 1
26587932 116449682 1
26587932 122681322 1
26587932 125963212 1
26587932 134507582 1
26587932 143260992 1
26587932 146614832 1
26587932 148560832 1
26587932 149333972 1
26587932 152066852 1
26587932 153023282 1
26587932 153330262 1
26587932 153500392 1
26587932 153747492 1
26587932 155886672 1
26587932 156766912 1
37862912 41248702 1
37862912 42829162 1
37862912 51213802 1
37862912 60955852 1
37862912 72128052 1
37862912 96561882 1
37862912 100359792 1
37862912 101128852 1
37862912 116449682 1
37862912 122681322 1
37862912 125963212 1
37862912 134507582 1
37862912 143260992 1
37862912 146614832 1
37862912 148560832 1
37862912 149333972 1
37862912 151458782 1
37862912 152066852 1
37862912 153023282 1
37862912 153330262 1
37862912 153500392 1
37862912 153747492 1
37862912 155886672 1
37862912 156766912 1
41248702 42829162 1
41248702 51213802 1
41248702 60955852 1
41248702 72128052 1
41248702 96561882 1
41248702 100359792 1
41248702 101128852 1
41248702 116449682 1
41248702 122681322 1
41248702 125963212 1
41248702 134507582 1
41248702 143260992 1
41248702 146614832 1
41248702 148560832 1
41248702 149333972 1
41248702 151458782 1
41248702 152066852 1
41248702 153023282 1
41248702 153330262 1
41248702 153500392 1
41248702 153747492 1
41248702 155886672 1
41248702 156766912 1
42829162 60955852 1
42829162 72128052 1
42829162 96561882 1
42829162 101128852 1
42829162 116449682 1
42829162 122681322 1
42829162 134507582 1
42829162 143260992 1
42829162 146614832 1
42829162 148560832 1
42829162 151458782 1
42829162 153023282 1
42829162 153330262 1
42829162 153747492 1
42829162 156766912 1
51213802 60955852 1
51213802 72128052 1
51213802 96561882 1
51213802 101128852 1
51213802 116449682 1
51213802 122681322 1
51213802 134507582 1
51213802 143260992 1
51213802 146614832 1
51213802 148560832 1
51213802 151458782 1
51213802 153023282 1
51213802 153330262 1
51213802 153747492 1
51213802 156766912 1
60955852 72128052 1
60955852 96561882 1
60955852 100359792 1
60955852 101128852 1
60955852 116449682 1
60955852 122681322 1
60955852 125963212 1
60955852 134507582 1
60955852 143260992 1
60955852 146614832 1
60955852 148560832 1
60955852 149333972 1
60955852 151458782 1
60955852 152066852 1
60955852 153023282 1
60955852 153330262 1
60955852 153500392 1
60955852 153747492 1
60955852 155886672 1
60955852 156766912 1
72128052 96561882 1
72128052 100359792 1
72128052 101128852 1
72128052 116449682 1
72128052 122681322 1
72128052 125963212 1
72128052 134507582 1
72128052 143260992 1
72128052 146614832 1
72128052 148560832 1
72128052 149333972 1
72128052 152066852 1
72128052 153023282 1
72128052 153330262 1
72128052 153500392 1
72128052 153747492 1
72128052 155886672 1
72128052 156766912 1
96561882 100359792 1
96561882 101128852 1
96561882 116449682 1
96561882 122681322 1
96561882 125963212 1
96561882 134507582 1
96561882 143260992 1
96561882 146614832 1
96561882 148560832 1
96561882 149333972 1
96561882 151458782 1
96561882 152066852 1
96561882 153023282 1
96561882 153330262 1
96561882 153500392 1
96561882 153747492 1
96561882 155886672 1
96561882 156766912 1
100359792 101128852 1
100359792 116449682 1
100359792 122681322 1
100359792 134507582 1
100359792 143260992 1
100359792 146614832 1
100359792 148560832 1
100359792 151458782 1
100359792 153023282 1
100359792 153330262 1
100359792 153747492 1
100359792 156766912 1
101128852 116449682 1
101128852 122681322 1
101128852 125963212 1
101128852 134507582 1
101128852 143260992 1
101128852 146614832 1
101128852 148560832 1
101128852 149333972 1
101128852 151458782 1
101128852 152066852 1
101128852 153023282 1
101128852 153330262 1
101128852 153500392 1
101128852 153747492 1
101128852 155886672 1
101128852 156766912 1
116449682 122681322 1
116449682 125963212 1
116449682 134507582 1
116449682 143260992 1
116449682 146614832 1
116449682 148560832 1
116449682 149333972 1
116449682 151458782 1
116449682 152066852 1
116449682 153023282 1
116449682 153330262 1
116449682 153500392 1
116449682 153747492 1
116449682 155886672 1
116449682 156766912 1
122681322 125963212 1
122681322 134507582 1
122681322 143260992 1
122681322 146614832 1
122681322 148560832 1
122681322 149333972 1
122681322 151458782 1
122681322 152066852 1
122681322 153023282 1
122681322 153330262 1
122681322 153500392 1
122681322 153747492 1
122681322 155886672 1
122681322 156766912 1
125963212 134507582 1
125963212 143260992 1
125963212 146614832 1
125963212 148560832 1
125963212 151458782 1
125963212 153023282 1
125963212 153330262 1
125963212 153747492 1
125963212 156766912 1
134507582 143260992 1
134507582 146614832 1
134507582 148560832 1
134507582 149333972 1
134507582 151458782 1
134507582 152066852 1
134507582 153023282 1
134507582 153330262 1
134507582 153500392 1
134507582 153747492 1
134507582 155886672 1
134507582 156766912 1
143260992 146614832 1
143260992 148560832 1
143260992 149333972 1
143260992 151458782 1
143260992 152066852 1
143260992 153023282 1
143260992 153330262 1
143260992 153500392 1
143260992 153747492 1
143260992 155886672 1
143260992 156766912 1
146614832 148560832 1
146614832 149333972 1
146614832 151458782 1
146614832 152066852 1
146614832 153023282 1
146614832 153330262 1
146614832 153500392 1
146614832 153747492 1
146614832 155886672 1
146614832 156766912 1
148560832 149333972 1
148560832 151458782 1
148560832 152066852 1
148560832 153023282 1
148560832 153330262 1
148560832 153500392 1
148560832 153747492 1
148560832 155886672 1
148560832 156766912 1
149333972 151458782 1
149333972 153023282 1
149333972 153330262 1
149333972 153747492 1
149333972 156766912 1
151458782 152066852 1
151458782 153023282 1
151458782 153330262 1
151458782 153500392 1
151458782 153747492 1
151458782 155886672 1
151458782 156766912 1
152066852 153023282 1
152066852 153330262 1
152066852 153747492 1
152066852 156766912 1
153023282 153330262 1
153023282 153500392 1
153023282 153747492 1
153023282 155886672 1
153023282 156766912 1
153330262 153500392 1
153330262 153747492 1
153330262 155886672 1
153330262 156766912 1
153500392 153747492 1
153500392 156766912 1
153747492 155886672 1
153747492 156766912 1
155886672 156766912 1
