32071232 1345633 11287779 19525091 7124389 4174693 15251811 8404426 81234572 12105998 13606323 51401652 805238
805238 11287779 4
805238 12105998 3
805238 19525091 2
11287779 12105998 1
11287779 19525091 1
12105998 19525091 2
805238 51401652 2
11287779 51401652 2
805238 7124389 1
805238 8404426 1
7124389 8404426 1
7124389 12105998 1
7124389 19525091 1
8404426 12105998 1
8404426 19525091 1
805238 1345633 1
805238 4174693 1
1345633 4174693 1
1345633 11287779 1
4174693 11287779 1
805238 32071232 1
805238 13606323 1
805238 15251811 1
805238 81234572 1
12105998 13606323 1
12105998 15251811 1
12105998 81234572 1
13606323 15251811 1
13606323 81234572 1
15251811 81234572 1
