927233 183992075 170517522 2650644 2253990 6348970 151085102 56967472 99635002 94955972 10372680 3163465 61619662 6253909 35186262 10711268 805238 12130423 14384248 13986299
805238 927233 4
805238 6348970 1
805238 10711268 3
805238 13986299 4
805238 56967472 2
805238 170517522 1
927233 6348970 1
927233 10711268 3
927233 13986299 4
927233 56967472 2
927233 170517522 1
6348970 10711268 1
6348970 13986299 1
6348970 56967472 1
6348970 170517522 1
10711268 13986299 3
10711268 56967472 2
10711268 170517522 1
13986299 56967472 2
13986299 170517522 1
56967472 170517522 1
805238 2253990 1
805238 3163465 1
805238 10372680 2
805238 61619662 1
805238 99635002 1
927233 2253990 1
927233 3163465 1
927233 10372680 2
927233 61619662 1
927233 99635002 1
2253990 3163465 1
2253990 10372680 1
2253990 10711268 1
2253990 13986299 1
2253990 56967472 1
2253990 61619662 1
2253990 99635002 1
3163465 10372680 1
3163465 10711268 1
3163465 13986299 1
3163465 56967472 1
3163465 61619662 1
3163465 99635002 1
10372680 10711268 2
10372680 13986299 2
10372680 56967472 1
10372680 61619662 1
10372680 99635002 1
10711268 61619662 1
10711268 99635002 1
13986299 61619662 1
13986299 99635002 1
56967472 61619662 1
56967472 99635002 1
61619662 99635002 1
927233 6253909 1
12130423 183992075 1
805238 14384248 1
927233 14384248 1
13986299 14384248 1
6253909 13986299 1
805238 2650644 1
805238 35186262 1
805238 94955972 1
805238 151085102 1
927233 2650644 1
927233 35186262 1
927233 94955972 1
927233 151085102 1
2650644 10372680 1
2650644 10711268 1
2650644 13986299 1
2650644 35186262 1
2650644 94955972 1
2650644 151085102 1
10372680 35186262 1
10372680 94955972 1
10372680 151085102 1
10711268 35186262 1
10711268 94955972 1
10711268 151085102 1
13986299 35186262 1
13986299 94955972 1
13986299 151085102 1
35186262 94955972 1
35186262 151085102 1
94955972 151085102 1
