48648352 184381474 184201980 8301797 184051850 4497611 5038252 85347372 184978479 80391922 135976242 183260762 183786104 128537562 183558203 163763932
4497611 80391922 1
4497611 128537562 1
4497611 163763932 1
4497611 183260762 2
4497611 183558203 1
4497611 183786104 1
80391922 128537562 1
80391922 163763932 1
80391922 183260762 1
80391922 183558203 1
80391922 183786104 1
128537562 163763932 1
128537562 183260762 1
128537562 183558203 1
128537562 183786104 1
163763932 183260762 1
163763932 183558203 1
163763932 183786104 1
183260762 183558203 1
183260762 183786104 1
183558203 183786104 1
4497611 5038252 1
4497611 8301797 1
4497611 85347372 1
8301797 85347372 1
4497611 48648352 1
4497611 135976242 1
4497611 184051850 1
4497611 184201980 1
4497611 184381474 1
4497611 184978479 1
48648352 135976242 1
48648352 183260762 1
48648352 184051850 1
48648352 184201980 1
48648352 184381474 1
48648352 184978479 1
135976242 183260762 1
135976242 184051850 1
135976242 184201980 1
135976242 184381474 1
135976242 184978479 1
183260762 184051850 1
183260762 184201980 1
183260762 184381474 1
183260762 184978479 1
184051850 184201980 1
184051850 184381474 1
184051850 184978479 1
184201980 184381474 1
184201980 184978479 1
184381474 184978479 1
