7256581 14858891 12200205 7634968 10813083 6525852 5313695 12908711 9559079 9282984 29396272 7354161 10187315 12496821 436923 5455931 7968445 10304445 32553532 31326912 12392257 13585981 12424387 9713734 11709254 13781449 13613899 4303181 10488525 5954893 12501715 12146387 23147731 15357401 10372957 12930667 7488761 6991101
436923 5313695 3
436923 7968445 3
436923 9713734 3
436923 10304445 3
436923 10813083 3
436923 12392257 2
436923 12424387 1
436923 12501715 1
436923 13613899 2
436923 13781449 2
436923 14858891 2
5313695 7968445 3
5313695 9713734 4
5313695 10304445 4
5313695 10813083 4
5313695 12392257 2
5313695 12424387 1
5313695 12501715 1
5313695 13613899 2
5313695 13781449 2
5313695 14858891 3
7968445 9713734 4
7968445 10304445 4
7968445 10813083 4
7968445 12392257 2
7968445 12424387 1
7968445 12501715 2
7968445 13613899 3
7968445 13781449 2
7968445 14858891 3
9713734 10304445 9
9713734 10813083 8
9713734 12392257 5
9713734 12424387 3
9713734 12501715 3
9713734 13613899 4
9713734 13781449 2
9713734 14858891 9
10304445 10813083 8
10304445 12392257 4
10304445 12424387 2
10304445 12501715 3
10304445 13613899 4
10304445 13781449 2
10304445 14858891 8
10813083 12392257 4
10813083 12424387 2
10813083 12501715 3
10813083 13613899 4
10813083 13781449 2
10813083 14858891 7
12392257 12424387 3
12392257 12501715 2
12392257 13613899 3
12392257 13781449 2
12392257 14858891 4
12424387 12501715 2
12424387 13613899 2
12424387 13781449 1
12424387 14858891 3
12501715 13613899 3
12501715 13781449 1
12501715 14858891 3
13613899 13781449 2
13613899 14858891 3
13781449 14858891 1
436923 4303181 1
436923 6525852 1
436923 7256581 2
436923 11709254 1
436923 12908711 1
436923 12930667 1
436923 15357401 1
4303181 5313695 1
4303181 6525852 1
4303181 7256581 2
4303181 7968445 2
4303181 9713734 3
4303181 10304445 2
4303181 10813083 2
4303181 11709254 1
4303181 12392257 2
4303181 12908711 2
4303181 12930667 1
4303181 13613899 2
4303181 13781449 1
4303181 15357401 1
5313695 6525852 1
5313695 7256581 2
5313695 11709254 1
5313695 12908711 1
5313695 12930667 1
5313695 15357401 1
6525852 7256581 1
6525852 7968445 1
6525852 9713734 1
6525852 10304445 1
6525852 10813083 1
6525852 11709254 1
6525852 12392257 1
6525852 12908711 1
6525852 12930667 1
6525852 13613899 1
6525852 13781449 1
6525852 15357401 1
7256581 7968445 3
7256581 9713734 4
7256581 10304445 4
7256581 10813083 3
7256581 11709254 1
7256581 12392257 1
7256581 12908711 2
7256581 12930667 1
7256581 13613899 2
7256581 13781449 1
7256581 15357401 1
7968445 11709254 1
7968445 12908711 2
7968445 12930667 1
7968445 15357401 1
9713734 11709254 1
9713734 12908711 2
9713734 12930667 1
9713734 15357401 1
10304445 11709254 1
10304445 12908711 2
10304445 12930667 1
10304445 15357401 1
10813083 11709254 1
10813083 12908711 2
10813083 12930667 1
10813083 15357401 1
11709254 12392257 1
11709254 12908711 1
11709254 12930667 1
11709254 13613899 1
11709254 13781449 1
11709254 15357401 1
12392257 12908711 1
12392257 12930667 1
12392257 15357401 1
12908711 12930667 1
12908711 13613899 2
12908711 13781449 1
12908711 15357401 1
12930667 13613899 1
12930667 13781449 1
12930667 15357401 1
13613899 15357401 1
13781449 15357401 1
7354161 9713734 2
7354161 10304445 2
7354161 10488525 1
7354161 10813083 1
7354161 12392257 1
7354161 14858891 2
9713734 10488525 5
10304445 10488525 5
10488525 10813083 5
10488525 12392257 2
10488525 14858891 5
436923 5954893 1
436923 10488525 1
436923 12146387 1
436923 12200205 1
436923 29396272 1
436923 31326912 1
5313695 5954893 2
5313695 10488525 2
5313695 12146387 1
5313695 12200205 1
5313695 29396272 1
5313695 31326912 1
5954893 7256581 2
5954893 7968445 2
5954893 9713734 4
5954893 10304445 4
5954893 10488525 3
5954893 10813083 4
5954893 12146387 2
5954893 12200205 1
5954893 14858891 4
5954893 29396272 1
5954893 31326912 1
7256581 10488525 1
7256581 12146387 1
7256581 12200205 1
7256581 14858891 3
7256581 29396272 1
7256581 31326912 1
7968445 10488525 1
7968445 12146387 1
7968445 12200205 1
7968445 29396272 1
7968445 31326912 1
9713734 12146387 2
9713734 12200205 1
9713734 29396272 1
9713734 31326912 1
10304445 12146387 2
10304445 12200205 1
10304445 29396272 1
10304445 31326912 1
10488525 12146387 2
10488525 12200205 1
10488525 29396272 1
10488525 31326912 1
10813083 12146387 2
10813083 12200205 1
10813083 29396272 1
10813083 31326912 1
12146387 12200205 1
12146387 14858891 2
12146387 29396272 1
12146387 31326912 1
12200205 14858891 1
12200205 29396272 1
12200205 31326912 1
14858891 29396272 1
14858891 31326912 1
29396272 31326912 1
5954893 7488761 1
5954893 9559079 2
5954893 10187315 2
5954893 12392257 1
5954893 12424387 1
5954893 12501715 2
5954893 13613899 2
5954893 23147731 1
7488761 9559079 1
7488761 9713734 2
7488761 10187315 1
7488761 10304445 2
7488761 10488525 1
7488761 10813083 1
7488761 12146387 1
7488761 12392257 1
7488761 12424387 1
7488761 12501715 1
7488761 13613899 1
7488761 14858891 2
7488761 23147731 1
9559079 9713734 2
9559079 10187315 2
9559079 10304445 2
9559079 10488525 2
9559079 10813083 2
9559079 12146387 1
9559079 12392257 1
9559079 12424387 1
9559079 12501715 1
9559079 13613899 1
9559079 14858891 2
9559079 23147731 1
9713734 10187315 3
9713734 23147731 1
10187315 10304445 2
10187315 10488525 2
10187315 10813083 2
10187315 12146387 1
10187315 12392257 2
10187315 12424387 2
10187315 12501715 1
10187315 13613899 1
10187315 14858891 3
10187315 23147731 1
10304445 23147731 1
10488525 12424387 1
10488525 12501715 1
10488525 13613899 1
10488525 23147731 1
10813083 23147731 1
12146387 12392257 1
12146387 12424387 1
12146387 12501715 1
12146387 13613899 1
12146387 23147731 1
12392257 23147731 1
12424387 23147731 1
12501715 23147731 1
13613899 23147731 1
14858891 23147731 1
5313695 5455931 1
5313695 9559079 1
5313695 10187315 1
5313695 12496821 1
5313695 32553532 1
5455931 5954893 2
5455931 9559079 1
5455931 9713734 2
5455931 10187315 1
5455931 10304445 2
5455931 10488525 1
5455931 10813083 2
5455931 12496821 1
5455931 14858891 2
5455931 32553532 1
5954893 12496821 1
5954893 32553532 1
9559079 12496821 1
9559079 32553532 1
9713734 12496821 1
9713734 32553532 1
10187315 12496821 1
10187315 32553532 1
10304445 12496821 1
10304445 32553532 1
10488525 12496821 1
10488525 32553532 1
10813083 12496821 1
10813083 32553532 1
12496821 14858891 1
12496821 32553532 1
14858891 32553532 1
4303181 7634968 2
4303181 10187315 1
4303181 10372957 2
4303181 12424387 1
4303181 14858891 2
7634968 9713734 2
7634968 10187315 1
7634968 10372957 2
7634968 12392257 1
7634968 12424387 1
7634968 14858891 2
9713734 10372957 3
10187315 10372957 1
10372957 12392257 1
10372957 12424387 1
10372957 14858891 3
4303181 5455931 1
4303181 5954893 1
4303181 9282984 1
4303181 12501715 1
5455931 7256581 1
5455931 7634968 1
5455931 7968445 1
5455931 9282984 1
5455931 10372957 1
5455931 12501715 1
5455931 12908711 1
5455931 13613899 1
5954893 7634968 1
5954893 9282984 1
5954893 10372957 1
5954893 12908711 1
7256581 7634968 1
7256581 9282984 1
7256581 10372957 2
7256581 12501715 1
7634968 7968445 1
7634968 9282984 1
7634968 10304445 1
7634968 10813083 1
7634968 12501715 1
7634968 12908711 1
7634968 13613899 1
7968445 9282984 1
7968445 10372957 1
9282984 9713734 1
9282984 10304445 1
9282984 10372957 1
9282984 10813083 1
9282984 12501715 1
9282984 12908711 1
9282984 13613899 1
9282984 14858891 1
10304445 10372957 2
10372957 10813083 1
10372957 12501715 1
10372957 12908711 1
10372957 13613899 1
12501715 12908711 1
12908711 14858891 1
6991101 7256581 1
6991101 7354161 1
6991101 7488761 1
6991101 9713734 1
6991101 10304445 1
6991101 10372957 1
6991101 13585981 1
6991101 14858891 1
7256581 7354161 1
7256581 7488761 1
7256581 13585981 1
7354161 7488761 1
7354161 10372957 1
7354161 13585981 1
7488761 10372957 1
7488761 13585981 1
9713734 13585981 1
10304445 13585981 1
10372957 13585981 1
13585981 14858891 1
