7256581 66594442 13371275 14858891 62810892 13755802 10813083 64051232 65167142 7354161 5455931 7968445 10304445 12424387 9713734 13613899 10488525 5954893 23147731 38396892 15898601 44778872 7488761 6991101
7354161 13755802 1
6991101 9713734 1
6991101 10488525 1
6991101 10813083 1
6991101 13371275 1
6991101 13613899 1
6991101 14858891 1
6991101 44778872 1
9713734 10488525 3
9713734 10813083 6
9713734 13371275 1
9713734 13613899 5
9713734 14858891 3
9713734 44778872 7
10488525 10813083 2
10488525 13371275 1
10488525 13613899 2
10488525 14858891 2
10488525 44778872 2
10813083 13371275 1
10813083 13613899 5
10813083 14858891 1
10813083 44778872 6
13371275 13613899 1
13371275 14858891 1
13371275 44778872 1
13613899 14858891 1
13613899 44778872 5
14858891 44778872 2
7488761 9713734 1
7488761 10813083 1
7488761 12424387 1
7488761 44778872 1
9713734 12424387 6
10813083 12424387 5
12424387 44778872 6
5455931 7968445 1
5455931 9713734 4
5455931 10304445 4
5455931 10813083 4
5455931 12424387 4
5455931 13613899 4
5455931 15898601 1
5455931 44778872 4
5455931 62810892 2
5455931 64051232 1
5455931 65167142 2
5455931 66594442 1
7968445 9713734 1
7968445 10304445 1
7968445 10813083 1
7968445 12424387 1
7968445 13613899 1
7968445 15898601 1
7968445 44778872 1
7968445 62810892 1
7968445 64051232 1
7968445 65167142 1
7968445 66594442 1
9713734 10304445 6
9713734 15898601 1
9713734 62810892 4
9713734 64051232 1
9713734 65167142 2
9713734 66594442 2
10304445 10813083 4
10304445 12424387 5
10304445 13613899 4
10304445 15898601 1
10304445 44778872 5
10304445 62810892 4
10304445 64051232 1
10304445 65167142 2
10304445 66594442 2
10813083 15898601 1
10813083 62810892 2
10813083 64051232 1
10813083 65167142 2
10813083 66594442 1
12424387 13613899 4
12424387 15898601 1
12424387 62810892 3
12424387 64051232 1
12424387 65167142 2
12424387 66594442 1
13613899 15898601 1
13613899 62810892 2
13613899 64051232 1
13613899 65167142 2
13613899 66594442 1
15898601 44778872 1
15898601 62810892 1
15898601 64051232 1
15898601 65167142 1
15898601 66594442 1
44778872 62810892 3
44778872 64051232 1
44778872 65167142 2
44778872 66594442 1
62810892 64051232 1
62810892 65167142 2
62810892 66594442 2
64051232 65167142 1
64051232 66594442 1
65167142 66594442 1
5455931 7256581 2
5455931 13755802 1
7256581 9713734 2
7256581 10304445 2
7256581 10813083 2
7256581 12424387 2
7256581 13613899 2
7256581 13755802 1
7256581 44778872 2
9713734 13755802 1
10304445 13755802 1
10813083 13755802 1
12424387 13755802 1
13613899 13755802 1
13755802 44778872 1
7354161 9713734 1
7354161 10304445 1
7354161 10488525 1
7354161 14858891 1
7354161 62810892 1
7354161 66594442 1
10304445 10488525 2
10304445 14858891 2
10488525 62810892 1
10488525 66594442 1
14858891 62810892 2
14858891 66594442 1
9713734 38396892 1
10304445 38396892 1
12424387 14858891 1
12424387 38396892 1
14858891 38396892 1
38396892 44778872 1
38396892 62810892 1
5455931 5954893 1
5455931 10488525 1
5455931 23147731 1
5954893 7256581 1
5954893 9713734 1
5954893 10304445 1
5954893 10488525 1
5954893 10813083 1
5954893 12424387 1
5954893 13613899 1
5954893 23147731 1
5954893 44778872 1
7256581 10488525 1
7256581 23147731 1
9713734 23147731 1
10304445 23147731 1
10488525 12424387 1
10488525 23147731 1
10813083 23147731 1
12424387 23147731 1
13613899 23147731 1
23147731 44778872 1
