7256581 13371275 14858891 15749521 76120722 13755802 10813083 47533982 5313695 12908711 75819312 76464432 5455931 10304445 7968445 12424387 77219012 9713734 13613899 10488525 26187982 5954893 23147731 14288468 8869973 10372957 15898601 23736681 44778872 7488761 63848702
10813083 12424387 7
10813083 44778872 4
10813083 47533982 1
12424387 44778872 4
12424387 47533982 3
44778872 47533982 1
5455931 7256581 4
5455931 7488761 1
5455931 9713734 6
5455931 10304445 6
5455931 10372957 1
5455931 10813083 6
5455931 12424387 6
5455931 13371275 2
5455931 13613899 6
5455931 14288468 2
5455931 23147731 6
5455931 44778872 3
5455931 75819312 1
7256581 7488761 1
7256581 9713734 4
7256581 10304445 4
7256581 10372957 1
7256581 10813083 4
7256581 12424387 4
7256581 13371275 2
7256581 13613899 4
7256581 14288468 2
7256581 23147731 4
7256581 44778872 2
7256581 75819312 1
7488761 9713734 1
7488761 10304445 1
7488761 10372957 1
7488761 10813083 1
7488761 12424387 2
7488761 13371275 1
7488761 13613899 1
7488761 14288468 1
7488761 23147731 1
7488761 44778872 1
7488761 75819312 1
9713734 10304445 6
9713734 10372957 1
9713734 10813083 6
9713734 12424387 6
9713734 13371275 2
9713734 13613899 6
9713734 14288468 2
9713734 23147731 6
9713734 44778872 3
9713734 75819312 1
10304445 10372957 1
10304445 10813083 6
10304445 12424387 6
10304445 13371275 2
10304445 13613899 6
10304445 14288468 2
10304445 23147731 6
10304445 44778872 3
10304445 75819312 1
10372957 10813083 1
10372957 12424387 1
10372957 13371275 1
10372957 13613899 1
10372957 14288468 1
10372957 23147731 1
10372957 44778872 1
10372957 75819312 1
10813083 13371275 2
10813083 13613899 6
10813083 14288468 2
10813083 23147731 7
10813083 75819312 1
12424387 13371275 2
12424387 13613899 6
12424387 14288468 2
12424387 23147731 6
12424387 75819312 1
13371275 13613899 2
13371275 14288468 1
13371275 23147731 2
13371275 44778872 2
13371275 75819312 1
13613899 14288468 2
13613899 23147731 6
13613899 44778872 3
13613899 75819312 1
14288468 23147731 2
14288468 44778872 1
14288468 75819312 1
23147731 44778872 3
23147731 75819312 1
44778872 75819312 1
5313695 5455931 1
5313695 7256581 1
5313695 9713734 1
5313695 10304445 1
5313695 10488525 1
5313695 10813083 1
5313695 12424387 1
5313695 12908711 1
5313695 13613899 1
5313695 14288468 1
5313695 23147731 1
5455931 10488525 2
5455931 12908711 2
7256581 10488525 2
7256581 12908711 1
9713734 10488525 2
9713734 12908711 2
10304445 10488525 2
10304445 12908711 2
10488525 10813083 2
10488525 12424387 2
10488525 12908711 1
10488525 13613899 2
10488525 14288468 1
10488525 23147731 2
10813083 12908711 2
12424387 12908711 2
12908711 13613899 2
12908711 14288468 1
12908711 23147731 2
12424387 14858891 2
14858891 47533982 2
5455931 13755802 2
5455931 15898601 1
5455931 23736681 1
7256581 13755802 1
7256581 15898601 1
7256581 23736681 1
9713734 13755802 2
9713734 15898601 1
9713734 23736681 1
10304445 13755802 2
10304445 15898601 1
10304445 23736681 1
10813083 13755802 3
10813083 15898601 1
10813083 23736681 1
12424387 13755802 3
12424387 15898601 1
12424387 23736681 1
13371275 13755802 1
13371275 15898601 1
13371275 23736681 1
13613899 13755802 2
13613899 15898601 1
13613899 23736681 1
13755802 15898601 1
13755802 23147731 3
13755802 23736681 1
13755802 44778872 2
15898601 23147731 1
15898601 23736681 1
15898601 44778872 1
23147731 23736681 1
23736681 44778872 1
5455931 26187982 1
5455931 63848702 1
5455931 76120722 1
9713734 26187982 1
9713734 63848702 1
9713734 76120722 1
10304445 26187982 1
10304445 63848702 1
10304445 76120722 1
10813083 26187982 1
10813083 63848702 1
10813083 76120722 1
12424387 26187982 1
12424387 63848702 1
12424387 76120722 1
13613899 26187982 1
13613899 63848702 1
13613899 76120722 1
13755802 26187982 1
13755802 63848702 1
13755802 76120722 1
23147731 26187982 1
23147731 63848702 1
23147731 76120722 1
26187982 44778872 1
26187982 63848702 1
26187982 76120722 1
44778872 63848702 1
44778872 76120722 1
63848702 76120722 1
5954893 7488761 1
5954893 8869973 1
5954893 12424387 2
5954893 13755802 1
5954893 14858891 1
5954893 47533982 1
5954893 77219012 1
7488761 8869973 1
7488761 13755802 1
7488761 14858891 1
7488761 47533982 1
7488761 77219012 1
8869973 12424387 1
8869973 13755802 1
8869973 14858891 1
8869973 47533982 1
8869973 77219012 1
12424387 77219012 1
13755802 14858891 1
13755802 47533982 1
13755802 77219012 1
14858891 77219012 1
47533982 77219012 1
5455931 5954893 1
5455931 15749521 1
5455931 76464432 1
5954893 9713734 1
5954893 10304445 1
5954893 10813083 1
5954893 12908711 1
5954893 13613899 1
5954893 15749521 1
5954893 23147731 1
5954893 76464432 1
9713734 15749521 1
9713734 76464432 1
10304445 15749521 1
10304445 76464432 1
10813083 15749521 1
10813083 76464432 1
12424387 15749521 1
12424387 76464432 1
12908711 15749521 1
12908711 76464432 1
13613899 15749521 1
13613899 76464432 1
15749521 23147731 1
15749521 76464432 1
23147731 76464432 1
5455931 7968445 1
7256581 7968445 1
7968445 9713734 1
7968445 10304445 1
7968445 10488525 1
7968445 10813083 1
7968445 12424387 1
7968445 13613899 1
7968445 23147731 1
