7256581 107828102 14858891 10374938 10813083 40856732 106495782 177321642 12912042 153506482 10187315 101381042 62755132 10304445 7968445 12424387 9713734 10488525 12501715 89976022 159386972 14664176 44778872 53846652 63848702
9713734 12424387 3
9713734 12501715 1
9713734 14664176 1
9713734 14858891 2
9713734 40856732 1
9713734 44778872 1
9713734 53846652 1
9713734 107828102 1
9713734 177321642 1
12424387 12501715 1
12424387 14664176 1
12424387 14858891 2
12424387 40856732 1
12424387 44778872 1
12424387 53846652 1
12424387 107828102 1
12424387 177321642 1
12501715 14664176 1
12501715 14858891 1
12501715 40856732 1
12501715 44778872 1
12501715 53846652 1
12501715 107828102 1
12501715 177321642 1
14664176 14858891 1
14664176 40856732 1
14664176 44778872 1
14664176 53846652 1
14664176 107828102 1
14664176 177321642 1
14858891 40856732 1
14858891 44778872 1
14858891 53846652 1
14858891 107828102 1
14858891 177321642 1
40856732 44778872 1
40856732 53846652 1
40856732 107828102 1
40856732 177321642 1
44778872 53846652 1
44778872 107828102 1
44778872 177321642 1
53846652 107828102 1
53846652 177321642 1
107828102 177321642 1
10187315 10374938 1
10187315 12424387 1
10187315 12912042 1
10187315 89976022 1
10374938 12424387 2
10374938 12912042 1
10374938 89976022 2
12424387 12912042 1
12424387 89976022 4
12912042 89976022 1
7256581 7968445 2
7256581 9713734 2
7256581 10813083 2
7256581 12424387 2
7256581 89976022 2
7968445 9713734 2
7968445 10813083 3
7968445 12424387 3
7968445 89976022 3
9713734 10813083 3
9713734 89976022 2
10813083 12424387 3
10813083 89976022 3
10304445 44778872 1
10304445 62755132 1
44778872 62755132 1
12424387 153506482 2
12424387 159386972 1
14858891 153506482 1
14858891 159386972 1
153506482 159386972 1
7968445 10304445 2
7968445 153506482 1
10304445 10813083 2
10304445 12424387 2
10304445 89976022 2
10304445 153506482 1
10813083 153506482 1
89976022 153506482 1
7256581 10304445 1
7256581 10374938 1
7256581 63848702 1
7256581 101381042 1
7256581 106495782 1
7968445 10374938 1
7968445 63848702 1
7968445 101381042 1
7968445 106495782 1
9713734 10304445 1
9713734 10374938 1
9713734 63848702 1
9713734 101381042 1
9713734 106495782 1
10304445 10374938 1
10304445 63848702 1
10304445 101381042 1
10304445 106495782 1
10374938 10813083 1
10374938 63848702 1
10374938 101381042 1
10374938 106495782 1
10813083 63848702 1
10813083 101381042 1
10813083 106495782 1
12424387 63848702 1
12424387 101381042 1
12424387 106495782 1
63848702 89976022 1
63848702 101381042 1
63848702 106495782 1
89976022 101381042 1
89976022 106495782 1
101381042 106495782 1
9713734 10187315 1
9713734 10488525 1
10187315 10488525 1
10187315 10813083 1
10187315 14858891 1
10488525 10813083 1
10488525 14858891 1
10813083 14858891 1
