7256581 7634968 9668601 8773157 9282984 9625134 7354161 7669425 9520817 436923 9807548 5455931 9614540 5954893 4303181 9569615 3435343 5313616 8869973 8740569 10057179 1851876 7222377 8369769 9940087 7488761 6991101
4303181 5954893 1
4303181 7256581 3
4303181 7354161 3
4303181 7488761 3
4303181 7634968 3
4303181 7669425 2
4303181 8740569 3
4303181 8869973 2
4303181 9282984 2
4303181 9569615 1
4303181 9625134 2
4303181 9668601 2
5954893 7256581 1
5954893 7354161 1
5954893 7488761 1
5954893 7634968 1
5954893 7669425 1
5954893 8740569 1
5954893 8869973 1
5954893 9282984 1
5954893 9569615 1
5954893 9625134 1
5954893 9668601 1
7256581 7354161 10
7256581 7488761 10
7256581 7634968 5
7256581 7669425 3
7256581 8740569 10
7256581 8869973 7
7256581 9282984 4
7256581 9569615 1
7256581 9625134 4
7256581 9668601 5
7354161 7488761 10
7354161 7634968 5
7354161 7669425 3
7354161 8740569 10
7354161 8869973 7
7354161 9282984 4
7354161 9569615 1
7354161 9625134 4
7354161 9668601 5
7488761 7634968 5
7488761 7669425 3
7488761 8740569 10
7488761 8869973 7
7488761 9282984 4
7488761 9569615 1
7488761 9625134 4
7488761 9668601 5
7634968 7669425 2
7634968 8740569 5
7634968 8869973 3
7634968 9282984 4
7634968 9569615 1
7634968 9625134 4
7634968 9668601 4
7669425 8740569 3
7669425 8869973 3
7669425 9282984 1
7669425 9569615 1
7669425 9625134 1
7669425 9668601 1
8740569 8869973 7
8740569 9282984 4
8740569 9569615 1
8740569 9625134 4
8740569 9668601 5
8869973 9282984 2
8869973 9569615 1
8869973 9625134 2
8869973 9668601 3
9282984 9569615 1
9282984 9625134 4
9282984 9668601 4
9569615 9625134 1
9569615 9668601 1
9625134 9668601 4
1851876 4303181 1
1851876 7256581 5
1851876 7354161 5
1851876 7488761 5
1851876 7634968 2
1851876 7669425 1
1851876 8740569 5
1851876 8869973 5
4303181 7222377 1
4303181 8369769 1
4303181 9520817 1
4303181 9614540 1
4303181 9940087 1
7222377 7256581 6
7222377 7354161 6
7222377 7488761 6
7222377 7634968 2
7222377 8369769 2
7222377 8740569 6
7222377 9282984 2
7222377 9520817 4
7222377 9614540 2
7222377 9625134 2
7222377 9668601 3
7222377 9940087 1
7256581 8369769 2
7256581 9520817 5
7256581 9614540 3
7256581 9940087 2
7354161 8369769 2
7354161 9520817 5
7354161 9614540 3
7354161 9940087 2
7488761 8369769 2
7488761 9520817 5
7488761 9614540 3
7488761 9940087 2
7634968 8369769 1
7634968 9520817 3
7634968 9614540 3
7634968 9940087 2
8369769 8740569 2
8369769 9282984 1
8369769 9520817 2
8369769 9614540 1
8369769 9625134 1
8369769 9668601 2
8369769 9940087 1
8740569 9520817 5
8740569 9614540 3
8740569 9940087 2
9282984 9520817 3
9282984 9614540 3
9282984 9940087 2
9520817 9614540 3
9520817 9625134 3
9520817 9668601 4
9520817 9940087 2
9614540 9625134 3
9614540 9668601 3
9614540 9940087 2
9625134 9940087 2
9668601 9940087 2
1851876 7222377 3
1851876 8369769 1
1851876 9520817 3
1851876 9668601 2
1851876 9807548 1
7222377 8869973 4
7222377 9807548 2
7256581 9807548 2
7354161 9807548 2
7488761 9807548 2
8369769 8869973 1
8369769 9807548 1
8740569 9807548 2
8869973 9520817 3
8869973 9807548 1
9520817 9807548 2
9668601 9807548 2
1851876 3435343 1
1851876 6991101 2
3435343 6991101 1
3435343 7222377 1
3435343 7256581 1
3435343 7354161 1
3435343 7488761 1
3435343 8740569 1
3435343 8869973 1
3435343 9520817 1
6991101 7222377 2
6991101 7256581 3
6991101 7354161 3
6991101 7488761 3
6991101 8740569 3
6991101 8869973 2
6991101 9520817 3
436923 6991101 1
436923 7222377 1
436923 7256581 1
436923 7354161 1
436923 7488761 1
436923 7634968 1
436923 8740569 1
436923 9282984 1
436923 9520817 1
436923 9614540 1
436923 9625134 1
436923 9668601 1
436923 9807548 1
6991101 7634968 2
6991101 9282984 2
6991101 9614540 2
6991101 9625134 2
6991101 9668601 2
6991101 9807548 1
7634968 9807548 1
9282984 9807548 1
9614540 9807548 1
9625134 9807548 1
5313616 5455931 2
5313616 7222377 1
5313616 7256581 2
5313616 7354161 2
5313616 7488761 2
5313616 7669425 1
5313616 8740569 2
5313616 8869973 1
5455931 7222377 2
5455931 7256581 4
5455931 7354161 4
5455931 7488761 4
5455931 7669425 1
5455931 8740569 4
5455931 8869973 3
7222377 7669425 1
1851876 5455931 2
1851876 8773157 1
1851876 9282984 1
1851876 9614540 1
1851876 9625134 1
1851876 9940087 1
1851876 10057179 1
5455931 6991101 1
5455931 7634968 1
5455931 8773157 1
5455931 9282984 1
5455931 9520817 1
5455931 9614540 1
5455931 9625134 1
5455931 9668601 1
5455931 9940087 1
5455931 10057179 1
6991101 8773157 1
6991101 9940087 1
6991101 10057179 1
7256581 8773157 1
7256581 10057179 1
7354161 8773157 1
7354161 10057179 1
7488761 8773157 1
7488761 10057179 1
7634968 8773157 1
7634968 10057179 1
8740569 8773157 1
8740569 10057179 1
8773157 8869973 1
8773157 9282984 1
8773157 9520817 1
8773157 9614540 1
8773157 9625134 1
8773157 9668601 1
8773157 9940087 1
8773157 10057179 1
8869973 9614540 1
8869973 9940087 1
8869973 10057179 1
9282984 10057179 1
9520817 10057179 1
9614540 10057179 1
9625134 10057179 1
9668601 10057179 1
9940087 10057179 1
