28583552 7256581 14858891 13371275 10374938 10813083 29192102 9559079 9282984 12908711 29396272 7354161 10187315 13132853 5455931 10304445 7968445 12392257 12424387 9713734 13613899 5954893 10488525 12299342 12501715 10372957 23736681 4626542 7488761 15906171
4626542 5455931 1
4626542 5954893 1
4626542 7256581 1
4626542 7488761 1
4626542 7968445 1
4626542 9559079 1
4626542 9713734 1
4626542 10304445 1
4626542 10372957 1
4626542 10488525 1
4626542 10813083 1
4626542 12299342 1
4626542 12501715 1
4626542 13132853 1
4626542 13613899 1
4626542 14858891 1
4626542 23736681 1
4626542 28583552 1
4626542 29192102 1
4626542 29396272 1
5455931 5954893 1
5455931 7256581 2
5455931 7488761 1
5455931 7968445 2
5455931 9559079 1
5455931 9713734 2
5455931 10304445 2
5455931 10372957 1
5455931 10488525 1
5455931 10813083 2
5455931 12299342 1
5455931 12501715 1
5455931 13132853 1
5455931 13613899 1
5455931 14858891 2
5455931 23736681 1
5455931 28583552 1
5455931 29192102 1
5455931 29396272 1
5954893 7256581 2
5954893 7488761 3
5954893 7968445 3
5954893 9559079 1
5954893 9713734 5
5954893 10304445 4
5954893 10372957 1
5954893 10488525 1
5954893 10813083 4
5954893 12299342 1
5954893 12501715 3
5954893 13132853 1
5954893 13613899 1
5954893 14858891 3
5954893 23736681 1
5954893 28583552 1
5954893 29192102 1
5954893 29396272 1
7256581 7488761 1
7256581 7968445 4
7256581 9559079 1
7256581 9713734 5
7256581 10304445 5
7256581 10372957 1
7256581 10488525 1
7256581 10813083 5
7256581 12299342 2
7256581 12501715 2
7256581 13132853 1
7256581 13613899 1
7256581 14858891 4
7256581 23736681 1
7256581 28583552 1
7256581 29192102 1
7256581 29396272 1
7488761 7968445 2
7488761 9559079 1
7488761 9713734 5
7488761 10304445 4
7488761 10372957 1
7488761 10488525 1
7488761 10813083 2
7488761 12299342 1
7488761 12501715 3
7488761 13132853 1
7488761 13613899 2
7488761 14858891 4
7488761 23736681 1
7488761 28583552 1
7488761 29192102 1
7488761 29396272 1
7968445 9559079 1
7968445 9713734 5
7968445 10304445 5
7968445 10372957 1
7968445 10488525 1
7968445 10813083 5
7968445 12299342 1
7968445 12501715 2
7968445 13132853 1
7968445 13613899 1
7968445 14858891 4
7968445 23736681 1
7968445 28583552 1
7968445 29192102 1
7968445 29396272 1
9559079 9713734 1
9559079 10304445 1
9559079 10372957 1
9559079 10488525 1
9559079 10813083 1
9559079 12299342 1
9559079 12501715 1
9559079 13132853 1
9559079 13613899 1
9559079 14858891 1
9559079 23736681 1
9559079 28583552 1
9559079 29192102 1
9559079 29396272 1
9713734 10304445 8
9713734 10372957 1
9713734 10488525 1
9713734 10813083 7
9713734 12299342 2
9713734 12501715 4
9713734 13132853 1
9713734 13613899 2
9713734 14858891 7
9713734 23736681 1
9713734 28583552 1
9713734 29192102 1
9713734 29396272 1
10304445 10372957 1
10304445 10488525 1
10304445 10813083 6
10304445 12299342 2
10304445 12501715 3
10304445 13132853 1
10304445 13613899 2
10304445 14858891 6
10304445 23736681 1
10304445 28583552 1
10304445 29192102 1
10304445 29396272 1
10372957 10488525 1
10372957 10813083 1
10372957 12299342 1
10372957 12501715 1
10372957 13132853 1
10372957 13613899 1
10372957 14858891 1
10372957 23736681 1
10372957 28583552 1
10372957 29192102 1
10372957 29396272 1
10488525 10813083 1
10488525 12299342 1
10488525 12501715 1
10488525 13132853 1
10488525 13613899 1
10488525 14858891 1
10488525 23736681 1
10488525 28583552 1
10488525 29192102 1
10488525 29396272 1
10813083 12299342 2
10813083 12501715 2
10813083 13132853 1
10813083 13613899 1
10813083 14858891 4
10813083 23736681 1
10813083 28583552 1
10813083 29192102 1
10813083 29396272 1
12299342 12501715 1
12299342 13132853 1
12299342 13613899 1
12299342 14858891 1
12299342 23736681 1
12299342 28583552 1
12299342 29192102 1
12299342 29396272 1
12501715 13132853 1
12501715 13613899 1
12501715 14858891 4
12501715 23736681 1
12501715 28583552 1
12501715 29192102 1
12501715 29396272 1
13132853 13613899 1
13132853 14858891 1
13132853 23736681 1
13132853 28583552 1
13132853 29192102 1
13132853 29396272 1
13613899 14858891 2
13613899 23736681 1
13613899 28583552 1
13613899 29192102 1
13613899 29396272 1
14858891 23736681 1
14858891 28583552 1
14858891 29192102 1
14858891 29396272 1
23736681 28583552 1
23736681 29192102 1
23736681 29396272 1
28583552 29192102 1
28583552 29396272 1
29192102 29396272 1
5954893 12424387 2
7488761 12424387 2
7968445 12424387 1
9713734 12424387 2
10304445 12424387 2
10813083 12424387 1
5954893 10187315 1
5954893 13371275 1
7488761 10187315 2
7488761 13371275 1
9713734 10187315 3
9713734 13371275 1
10187315 10304445 3
10187315 12424387 1
10187315 12501715 1
10187315 13371275 1
10187315 14858891 2
10304445 13371275 1
12424387 12501715 1
12424387 13371275 1
12424387 14858891 1
12501715 13371275 1
13371275 14858891 1
5954893 9282984 1
7256581 9282984 1
7968445 9282984 1
9282984 9713734 1
9282984 10304445 1
9282984 10813083 1
9282984 12501715 1
9282984 14858891 1
7488761 12392257 2
9713734 12392257 3
10187315 12392257 1
10187315 13613899 1
10304445 12392257 2
12392257 13613899 1
12392257 14858891 3
7256581 10187315 1
7256581 12908711 2
9713734 12908711 2
10187315 10813083 1
10187315 12299342 1
10187315 12908711 1
10304445 12908711 2
10813083 12908711 2
12299342 12908711 1
5455931 10374938 1
5455931 12392257 1
5455931 12908711 1
5455931 15906171 1
7256581 10374938 1
7256581 12392257 1
7256581 15906171 1
7968445 10374938 1
7968445 12392257 1
7968445 12908711 1
7968445 15906171 1
9713734 10374938 1
9713734 15906171 1
10304445 10374938 1
10304445 15906171 1
10374938 10813083 1
10374938 12392257 1
10374938 12908711 1
10374938 14858891 1
10374938 15906171 1
10813083 12392257 1
10813083 15906171 1
12392257 12908711 1
12392257 15906171 1
12908711 14858891 1
12908711 15906171 1
14858891 15906171 1
7354161 7488761 1
7354161 9713734 1
7354161 12392257 1
7354161 12501715 1
7354161 14858891 1
12392257 12501715 1
