112008192 182561409 195043200 71986182 182014982 117031432 192168455 95496582 24700812 174894632 25676852 187532981 69803832 192046396 195568829 3252286 34749762 136269382 185561676 113912782 11599700 138030422 7733848 195945180 191148000 53320932 7146853 116290532 53846632 186009064 161101172 151607422
7146853 11599700 1
7146853 24700812 1
7146853 25676852 1
7146853 53320932 1
7146853 53846632 1
7146853 71986182 1
7146853 161101172 1
7146853 185561676 1
7146853 186009064 1
11599700 24700812 1
11599700 25676852 1
11599700 53320932 1
11599700 53846632 1
11599700 71986182 1
11599700 161101172 1
11599700 185561676 1
11599700 186009064 1
24700812 25676852 1
24700812 53320932 1
24700812 53846632 1
24700812 71986182 1
24700812 161101172 1
24700812 185561676 1
24700812 186009064 1
25676852 53320932 1
25676852 53846632 1
25676852 71986182 2
25676852 161101172 2
25676852 185561676 1
25676852 186009064 1
53320932 53846632 1
53320932 71986182 1
53320932 161101172 1
53320932 185561676 1
53320932 186009064 1
53846632 71986182 1
53846632 161101172 1
53846632 185561676 1
53846632 186009064 1
71986182 161101172 2
71986182 185561676 1
71986182 186009064 1
161101172 185561676 1
161101172 186009064 1
185561676 186009064 1
3252286 7733848 1
3252286 71986182 1
3252286 174894632 1
3252286 187532981 1
7733848 71986182 1
7733848 174894632 1
7733848 187532981 1
71986182 174894632 1
71986182 187532981 1
174894632 187532981 1
34749762 71986182 2
34749762 112008192 1
34749762 113912782 1
34749762 117031432 1
34749762 182561409 1
71986182 112008192 1
71986182 113912782 1
71986182 117031432 1
71986182 182561409 1
112008192 113912782 1
112008192 117031432 1
112008192 182561409 1
113912782 117031432 1
113912782 182561409 1
117031432 182561409 1
69803832 71986182 1
69803832 116290532 1
69803832 151607422 1
71986182 116290532 1
71986182 151607422 2
116290532 151607422 1
25676852 34749762 1
25676852 136269382 1
25676852 138030422 1
25676852 151607422 1
25676852 182014982 1
25676852 191148000 1
25676852 192168455 1
34749762 136269382 1
34749762 138030422 1
34749762 151607422 1
34749762 161101172 1
34749762 182014982 1
34749762 191148000 1
34749762 192168455 1
71986182 136269382 1
71986182 138030422 1
71986182 182014982 1
71986182 191148000 1
71986182 192168455 3
136269382 138030422 1
136269382 151607422 1
136269382 161101172 1
136269382 182014982 1
136269382 191148000 1
136269382 192168455 1
138030422 151607422 1
138030422 161101172 1
138030422 182014982 1
138030422 191148000 1
138030422 192168455 1
151607422 161101172 1
151607422 182014982 1
151607422 191148000 1
151607422 192168455 1
161101172 182014982 1
161101172 191148000 1
161101172 192168455 1
182014982 191148000 1
182014982 192168455 1
191148000 192168455 1
71986182 95496582 1
71986182 192046396 1
71986182 195043200 1
95496582 192046396 1
95496582 192168455 1
95496582 195043200 1
192046396 192168455 1
192046396 195043200 1
192168455 195043200 1
71986182 195568829 1
71986182 195945180 1
192168455 195568829 1
192168455 195945180 1
195568829 195945180 1
