8703616 106129792 143199872 187198605 121232142 183784718 187084053 187532438 179011352 185820568 38192922 189350296 52332062 188808607 162311462 11945383 3114026 8748586 185654060 188697134 190025518 186526898 130839092 2853686 105920312 117493182 4981321 188235465 189886032 4529747 73007452 109592292 183924582 7788263 135213032 11612392 188276967 34336112 45628662 122560122
3114026 4529747 1
3114026 4981321 2
3114026 7788263 1
3114026 8703616 1
3114026 11945383 1
3114026 34336112 1
3114026 45628662 1
3114026 52332062 2
3114026 73007452 1
3114026 106129792 2
3114026 121232142 1
3114026 130839092 2
3114026 143199872 1
3114026 162311462 1
3114026 183784718 1
3114026 185654060 1
4529747 4981321 1
4529747 7788263 1
4529747 8703616 1
4529747 11945383 1
4529747 34336112 1
4529747 45628662 1
4529747 52332062 1
4529747 73007452 1
4529747 106129792 1
4529747 121232142 1
4529747 130839092 1
4529747 143199872 1
4529747 162311462 1
4529747 183784718 1
4529747 185654060 1
4981321 7788263 1
4981321 8703616 1
4981321 11945383 1
4981321 34336112 1
4981321 45628662 1
4981321 52332062 4
4981321 73007452 1
4981321 106129792 3
4981321 121232142 1
4981321 130839092 4
4981321 143199872 1
4981321 162311462 1
4981321 183784718 1
4981321 185654060 1
7788263 8703616 1
7788263 11945383 1
7788263 34336112 1
7788263 45628662 1
7788263 52332062 1
7788263 73007452 1
7788263 106129792 1
7788263 121232142 1
7788263 130839092 1
7788263 143199872 1
7788263 162311462 1
7788263 183784718 1
7788263 185654060 1
8703616 11945383 1
8703616 34336112 2
8703616 45628662 1
8703616 52332062 2
8703616 73007452 1
8703616 106129792 1
8703616 121232142 2
8703616 130839092 2
8703616 143199872 2
8703616 162311462 2
8703616 183784718 1
8703616 185654060 1
11945383 34336112 1
11945383 45628662 1
11945383 52332062 2
11945383 73007452 1
11945383 106129792 1
11945383 121232142 2
11945383 130839092 2
11945383 143199872 1
11945383 162311462 1
11945383 183784718 1
11945383 185654060 1
34336112 45628662 1
34336112 52332062 4
34336112 73007452 1
34336112 106129792 1
34336112 121232142 3
34336112 130839092 3
34336112 143199872 2
34336112 162311462 2
34336112 183784718 1
34336112 185654060 1
45628662 52332062 1
45628662 73007452 1
45628662 106129792 1
45628662 121232142 1
45628662 130839092 1
45628662 143199872 1
45628662 162311462 1
45628662 183784718 1
45628662 185654060 1
52332062 73007452 1
52332062 106129792 3
52332062 121232142 5
52332062 130839092 9
52332062 143199872 2
52332062 162311462 2
52332062 183784718 1
52332062 185654060 1
73007452 106129792 1
73007452 121232142 1
73007452 130839092 1
73007452 143199872 1
73007452 162311462 1
73007452 183784718 1
73007452 185654060 1
106129792 121232142 1
106129792 130839092 3
106129792 143199872 1
106129792 162311462 1
106129792 183784718 1
106129792 185654060 1
121232142 130839092 5
121232142 143199872 2
121232142 162311462 2
121232142 183784718 1
121232142 185654060 1
130839092 143199872 2
130839092 162311462 2
130839092 183784718 1
130839092 185654060 1
143199872 162311462 2
143199872 183784718 1
143199872 185654060 1
162311462 183784718 1
162311462 185654060 1
183784718 185654060 1
8703616 8748586 1
8703616 38192922 1
8703616 105920312 1
8703616 183924582 1
8703616 186526898 1
8703616 187084053 1
8703616 187198605 1
8748586 34336112 1
8748586 38192922 1
8748586 52332062 1
8748586 105920312 1
8748586 121232142 1
8748586 130839092 1
8748586 143199872 1
8748586 162311462 1
8748586 183924582 1
8748586 186526898 1
8748586 187084053 1
8748586 187198605 1
34336112 38192922 1
34336112 105920312 1
34336112 183924582 1
34336112 186526898 2
34336112 187084053 1
34336112 187198605 1
38192922 52332062 1
38192922 105920312 1
38192922 121232142 1
38192922 130839092 1
38192922 143199872 1
38192922 162311462 1
38192922 183924582 1
38192922 186526898 1
38192922 187084053 1
38192922 187198605 1
52332062 105920312 1
52332062 183924582 1
52332062 186526898 2
52332062 187084053 1
52332062 187198605 1
105920312 121232142 1
105920312 130839092 1
105920312 143199872 1
105920312 162311462 1
105920312 183924582 1
105920312 186526898 1
105920312 187084053 1
105920312 187198605 1
121232142 183924582 1
121232142 186526898 2
121232142 187084053 1
121232142 187198605 1
130839092 183924582 1
130839092 186526898 2
130839092 187084053 1
130839092 187198605 1
143199872 183924582 1
143199872 186526898 1
143199872 187084053 1
143199872 187198605 1
162311462 183924582 1
162311462 186526898 1
162311462 187084053 1
162311462 187198605 1
183924582 186526898 1
183924582 187084053 1
183924582 187198605 1
186526898 187084053 1
186526898 187198605 1
187084053 187198605 1
34336112 187532438 1
52332062 187532438 1
34336112 135213032 1
34336112 179011352 1
34336112 185820568 1
34336112 188235465 1
52332062 135213032 1
52332062 179011352 1
52332062 185820568 3
52332062 188235465 1
121232142 135213032 1
121232142 179011352 1
121232142 185820568 1
121232142 188235465 1
130839092 135213032 1
130839092 179011352 1
130839092 185820568 3
130839092 188235465 1
135213032 179011352 1
135213032 185820568 1
135213032 186526898 1
135213032 188235465 1
179011352 185820568 1
179011352 186526898 1
179011352 188235465 1
185820568 186526898 1
185820568 188235465 1
186526898 188235465 1
11612392 52332062 1
11612392 130839092 1
11612392 185820568 1
4981321 117493182 1
4981321 185820568 1
4981321 188697134 2
4981321 188808607 1
52332062 117493182 1
52332062 188697134 2
52332062 188808607 1
106129792 117493182 1
106129792 185820568 1
106129792 188697134 2
106129792 188808607 1
117493182 130839092 1
117493182 185820568 1
117493182 188697134 1
117493182 188808607 1
130839092 188697134 2
130839092 188808607 1
185820568 188697134 1
185820568 188808607 1
188697134 188808607 1
11945383 122560122 1
52332062 122560122 2
121232142 122560122 1
122560122 130839092 2
3114026 122560122 1
3114026 188697134 1
4981321 122560122 1
106129792 122560122 1
122560122 188697134 1
4981321 189350296 1
52332062 189350296 2
130839092 189350296 2
2853686 52332062 1
2853686 109592292 1
2853686 121232142 1
2853686 130839092 1
2853686 188276967 1
2853686 189350296 1
2853686 189886032 1
2853686 190025518 1
52332062 109592292 1
52332062 188276967 1
52332062 189886032 1
52332062 190025518 1
109592292 121232142 1
109592292 130839092 1
109592292 188276967 1
109592292 189350296 1
109592292 189886032 1
109592292 190025518 1
121232142 188276967 1
121232142 189350296 1
121232142 189886032 1
121232142 190025518 1
130839092 188276967 1
130839092 189886032 1
130839092 190025518 1
188276967 189350296 1
188276967 189886032 1
188276967 190025518 1
189350296 189886032 1
189350296 190025518 1
189886032 190025518 1
