12999681 159727622 111456262 21046281 4224250 7567888 82125592 39488032 4262434 83080482 7379363 7173158 28101672 2814764 169097392 6319284 3719477 10713525 39760952 53938112 10414662 10340552 4121418 114358222 8766031 176936272 1612116 11463254 146049112 56597082 8074077 142532452 92911462 758762 91327472 9047537 165828212 142657272 104183802 7848827
758762 2814764 1
758762 4121418 1
758762 4262434 1
758762 6319284 1
758762 9047537 1
758762 10340552 1
758762 12999681 1
758762 21046281 1
758762 28101672 1
758762 39488032 1
758762 39760952 1
758762 56597082 1
758762 91327472 1
758762 146049112 1
758762 159727622 1
2814764 4121418 1
2814764 4262434 1
2814764 6319284 1
2814764 9047537 2
2814764 10340552 2
2814764 12999681 1
2814764 21046281 1
2814764 28101672 1
2814764 39488032 1
2814764 39760952 1
2814764 56597082 1
2814764 91327472 5
2814764 146049112 1
2814764 159727622 1
4121418 4262434 1
4121418 6319284 1
4121418 9047537 1
4121418 10340552 1
4121418 12999681 1
4121418 21046281 1
4121418 28101672 1
4121418 39488032 1
4121418 39760952 1
4121418 56597082 1
4121418 91327472 1
4121418 146049112 1
4121418 159727622 1
4262434 6319284 1
4262434 9047537 1
4262434 10340552 1
4262434 12999681 1
4262434 21046281 1
4262434 28101672 1
4262434 39488032 1
4262434 39760952 1
4262434 56597082 1
4262434 91327472 1
4262434 146049112 1
4262434 159727622 1
6319284 9047537 1
6319284 10340552 1
6319284 12999681 1
6319284 21046281 1
6319284 28101672 1
6319284 39488032 1
6319284 39760952 1
6319284 56597082 1
6319284 91327472 1
6319284 146049112 1
6319284 159727622 1
9047537 10340552 1
9047537 12999681 1
9047537 21046281 1
9047537 28101672 1
9047537 39488032 1
9047537 39760952 1
9047537 56597082 1
9047537 91327472 1
9047537 146049112 1
9047537 159727622 1
10340552 12999681 1
10340552 21046281 1
10340552 28101672 1
10340552 39488032 1
10340552 39760952 1
10340552 56597082 1
10340552 91327472 2
10340552 146049112 1
10340552 159727622 1
12999681 21046281 1
12999681 28101672 1
12999681 39488032 1
12999681 39760952 1
12999681 56597082 1
12999681 91327472 1
12999681 146049112 1
12999681 159727622 1
21046281 28101672 1
21046281 39488032 1
21046281 39760952 1
21046281 56597082 1
21046281 91327472 1
21046281 146049112 1
21046281 159727622 1
28101672 39488032 1
28101672 39760952 1
28101672 56597082 1
28101672 91327472 1
28101672 146049112 1
28101672 159727622 1
39488032 39760952 1
39488032 56597082 1
39488032 91327472 1
39488032 146049112 1
39488032 159727622 1
39760952 56597082 1
39760952 91327472 1
39760952 146049112 1
39760952 159727622 1
56597082 91327472 1
56597082 146049112 1
56597082 159727622 1
91327472 146049112 1
91327472 159727622 1
146049112 159727622 1
2814764 3719477 4
2814764 8074077 2
2814764 8766031 1
3719477 8074077 3
3719477 8766031 1
3719477 91327472 6
8074077 8766031 1
8074077 91327472 2
8766031 91327472 1
2814764 10414662 1
2814764 82125592 2
2814764 83080482 1
2814764 104183802 1
2814764 114358222 1
2814764 165828212 1
10414662 82125592 1
10414662 83080482 1
10414662 104183802 1
10414662 114358222 1
10414662 165828212 1
82125592 83080482 1
82125592 104183802 1
82125592 114358222 1
82125592 165828212 1
83080482 104183802 1
83080482 114358222 1
83080482 165828212 1
104183802 114358222 1
104183802 165828212 1
114358222 165828212 1
3719477 11463254 1
11463254 91327472 1
1612116 2814764 1
1612116 3719477 1
1612116 7567888 1
1612116 8074077 1
1612116 9047537 1
1612116 111456262 1
1612116 169097392 1
2814764 7567888 1
2814764 111456262 1
2814764 169097392 2
3719477 7567888 1
3719477 9047537 1
3719477 111456262 1
3719477 169097392 2
7567888 8074077 1
7567888 9047537 1
7567888 111456262 1
7567888 169097392 1
8074077 9047537 1
8074077 111456262 1
8074077 169097392 1
9047537 111456262 1
9047537 169097392 1
111456262 169097392 1
2814764 7379363 1
2814764 142657272 1
7379363 82125592 1
7379363 91327472 1
7379363 142657272 1
82125592 91327472 1
82125592 142657272 1
91327472 142657272 1
2814764 92911462 1
2814764 142532452 1
3719477 92911462 1
3719477 142532452 1
91327472 92911462 1
91327472 142532452 1
91327472 169097392 1
92911462 142532452 1
92911462 169097392 1
142532452 169097392 1
3719477 4224250 1
3719477 7173158 1
3719477 53938112 1
4224250 7173158 1
4224250 53938112 1
4224250 91327472 1
7173158 53938112 1
7173158 91327472 1
53938112 91327472 1
2814764 7848827 1
2814764 176936272 1
3719477 7848827 1
3719477 10340552 1
3719477 176936272 2
7848827 10340552 1
7848827 91327472 1
7848827 176936272 1
10340552 176936272 1
91327472 176936272 2
3719477 10713525 1
8074077 10713525 1
8074077 176936272 1
10713525 91327472 1
10713525 176936272 1
