190832007 185988622 158716562 191274515 61541012 82125592 192157594 86326302 72122912 2936352 83080482 7379363 12964386 2294180 7955235 184750118 51575712 2902569 9931437 14524973 14377408 192502723 38302532 191600325 190943688 150835402 165961802 114358222 1464786 14079442 191835223 148073052 7070301 174933982 170830172 6467554 92911462 192059623 185639152 181167472 91327472 168290672 33646452 5048824 104183802 11878651 191426685
1464786 14377408 1
1464786 38302532 1
1464786 72122912 1
1464786 82125592 1
1464786 83080482 1
1464786 104183802 1
1464786 114358222 1
1464786 158716562 1
1464786 185639152 1
1464786 190832007 1
14377408 38302532 1
14377408 72122912 1
14377408 82125592 1
14377408 83080482 1
14377408 104183802 1
14377408 114358222 1
14377408 158716562 1
14377408 185639152 1
14377408 190832007 1
38302532 72122912 1
38302532 82125592 1
38302532 83080482 1
38302532 104183802 1
38302532 114358222 1
38302532 158716562 1
38302532 185639152 1
38302532 190832007 1
72122912 82125592 1
72122912 83080482 1
72122912 104183802 1
72122912 114358222 1
72122912 158716562 1
72122912 185639152 1
72122912 190832007 1
82125592 83080482 2
82125592 104183802 2
82125592 114358222 2
82125592 158716562 1
82125592 185639152 1
82125592 190832007 1
83080482 104183802 2
83080482 114358222 2
83080482 158716562 1
83080482 185639152 1
83080482 190832007 1
104183802 114358222 2
104183802 158716562 1
104183802 185639152 1
104183802 190832007 1
114358222 158716562 1
114358222 185639152 1
114358222 190832007 1
158716562 185639152 1
158716562 190832007 1
185639152 190832007 1
6467554 7379363 1
6467554 82125592 1
6467554 86326302 1
6467554 92911462 1
6467554 150835402 1
6467554 174933982 1
6467554 181167472 1
7379363 82125592 1
7379363 86326302 1
7379363 92911462 1
7379363 150835402 1
7379363 174933982 1
7379363 181167472 1
82125592 86326302 1
82125592 92911462 1
82125592 150835402 1
82125592 174933982 1
82125592 181167472 1
86326302 92911462 1
86326302 150835402 1
86326302 174933982 1
86326302 181167472 1
92911462 150835402 1
92911462 174933982 1
92911462 181167472 1
150835402 174933982 1
150835402 181167472 2
174933982 181167472 1
5048824 12964386 1
5048824 33646452 2
5048824 61541012 1
5048824 91327472 2
5048824 168290672 1
12964386 33646452 1
12964386 61541012 1
12964386 91327472 1
12964386 168290672 1
33646452 61541012 1
33646452 91327472 2
33646452 168290672 1
61541012 91327472 1
61541012 168290672 1
91327472 168290672 1
9931437 91327472 1
9931437 114358222 1
9931437 150835402 1
9931437 181167472 1
9931437 190943688 1
91327472 114358222 1
91327472 150835402 1
91327472 181167472 1
91327472 190943688 1
114358222 150835402 1
114358222 181167472 1
114358222 190943688 1
150835402 190943688 1
181167472 190943688 1
2294180 7070301 1
2294180 9931437 1
2294180 14524973 1
2294180 86326302 1
2294180 148073052 1
2294180 170830172 1
2294180 191274515 1
2294180 192059623 1
7070301 9931437 1
7070301 14524973 1
7070301 86326302 1
7070301 148073052 1
7070301 170830172 1
7070301 191274515 1
7070301 192059623 1
9931437 14524973 1
9931437 86326302 1
9931437 148073052 1
9931437 170830172 1
9931437 191274515 1
9931437 192059623 1
14524973 86326302 1
14524973 148073052 1
14524973 170830172 1
14524973 191274515 1
14524973 192059623 1
86326302 148073052 1
86326302 170830172 1
86326302 191274515 1
86326302 192059623 1
148073052 170830172 1
148073052 191274515 1
148073052 192059623 1
170830172 191274515 1
170830172 192059623 1
191274515 192059623 1
5048824 14079442 1
5048824 191274515 1
14079442 33646452 1
14079442 91327472 1
14079442 191274515 1
33646452 191274515 1
91327472 191274515 2
2902569 2936352 1
2902569 7955235 1
2902569 91327472 1
2902569 191274515 1
2936352 7955235 1
2936352 91327472 1
2936352 191274515 1
7955235 91327472 1
7955235 191274515 1
5048824 7955235 1
5048824 165961802 1
5048824 184750118 1
5048824 185988622 1
5048824 191600325 1
5048824 191835223 1
5048824 192157594 1
7955235 165961802 2
7955235 184750118 1
7955235 185988622 1
7955235 191600325 1
7955235 191835223 1
7955235 192157594 1
165961802 184750118 1
165961802 185988622 1
165961802 191600325 1
165961802 191835223 1
165961802 192157594 1
184750118 185988622 1
184750118 191600325 1
184750118 191835223 1
184750118 192157594 1
185988622 191600325 1
185988622 191835223 1
185988622 192157594 1
191600325 191835223 1
191600325 192157594 1
191835223 192157594 1
7955235 11878651 1
7955235 51575712 1
7955235 82125592 1
7955235 83080482 1
7955235 104183802 1
7955235 114358222 1
7955235 191426685 1
7955235 192059623 1
7955235 192502723 1
11878651 51575712 1
11878651 82125592 1
11878651 83080482 1
11878651 104183802 1
11878651 114358222 1
11878651 165961802 1
11878651 191426685 1
11878651 192059623 1
11878651 192502723 1
51575712 82125592 1
51575712 83080482 1
51575712 104183802 1
51575712 114358222 1
51575712 165961802 1
51575712 191426685 1
51575712 192059623 1
51575712 192502723 1
82125592 165961802 1
82125592 191426685 1
82125592 192059623 1
82125592 192502723 1
83080482 165961802 1
83080482 191426685 1
83080482 192059623 1
83080482 192502723 1
104183802 165961802 1
104183802 191426685 1
104183802 192059623 1
104183802 192502723 1
114358222 165961802 1
114358222 191426685 1
114358222 192059623 1
114358222 192502723 1
165961802 191426685 1
165961802 192059623 1
165961802 192502723 1
191426685 192059623 1
191426685 192502723 1
192059623 192502723 1
