4299399 8712330 4818186 1662353 3755030 10391831 4315687 12335144 10382131 5611833 12032199 10386259 10572756 5844565 11517269 9223767 8857440 11756769 5257445 7529061 8850022 7976810 3522035 7395573 7940729 8393596
1662353 5257445 2
1662353 7395573 1
1662353 8393596 1
1662353 8712330 2
1662353 8857440 1
1662353 9223767 1
1662353 10382131 1
1662353 10386259 1
1662353 10391831 1
5257445 7395573 1
5257445 8393596 1
5257445 8712330 2
5257445 8857440 1
5257445 9223767 1
5257445 10382131 1
5257445 10386259 1
5257445 10391831 3
7395573 8393596 1
7395573 8712330 1
7395573 8857440 1
7395573 9223767 1
7395573 10382131 1
7395573 10386259 1
7395573 10391831 1
8393596 8712330 1
8393596 8857440 1
8393596 9223767 1
8393596 10382131 1
8393596 10386259 1
8393596 10391831 1
8712330 8857440 1
8712330 9223767 1
8712330 10382131 1
8712330 10386259 1
8712330 10391831 1
8857440 9223767 1
8857440 10382131 1
8857440 10386259 1
8857440 10391831 1
9223767 10382131 1
9223767 10386259 1
9223767 10391831 1
10382131 10386259 1
10382131 10391831 1
10386259 10391831 1
3755030 4315687 1
3755030 5257445 3
3755030 10572756 1
4315687 5257445 3
4315687 10572756 1
5257445 10572756 1
1662353 3522035 1
1662353 3755030 1
3522035 3755030 1
3522035 5257445 1
3522035 8712330 1
3755030 8712330 1
4315687 5844565 1
4315687 7940729 1
4315687 10391831 1
5257445 5844565 1
5257445 7940729 1
5844565 7940729 1
5844565 10391831 1
7940729 10391831 1
4315687 4818186 1
4315687 7976810 1
4315687 11517269 1
4315687 11756769 1
4315687 12335144 1
4818186 5257445 1
4818186 7976810 1
4818186 11517269 1
4818186 11756769 1
4818186 12335144 1
5257445 7976810 1
5257445 11517269 1
5257445 11756769 1
5257445 12335144 1
7976810 11517269 1
7976810 11756769 1
7976810 12335144 1
11517269 11756769 1
11517269 12335144 1
11756769 12335144 1
4299399 5257445 2
4299399 7529061 1
4299399 10391831 1
5257445 7529061 2
7529061 10391831 1
5257445 5611833 1
5257445 8850022 1
5611833 7529061 1
5611833 8850022 1
7529061 8850022 1
4299399 12032199 1
