195729377 89705922 37047172 190518628 119776522 7698252 185370608 178870352 11825362 195423538 17648921 68374362 149338972 183181919
37047172 185370608 1
11825362 37047172 1
11825362 119776522 1
11825362 178870352 1
37047172 119776522 1
37047172 178870352 1
119776522 178870352 1
37047172 149338972 1
37047172 183181919 1
37047172 190518628 2
37047172 195729377 1
183181919 190518628 1
183181919 195729377 1
190518628 195729377 1
7698252 37047172 1
7698252 89705922 1
37047172 89705922 1
17648921 37047172 1
37047172 68374362 1
37047172 195423538 1
68374362 195423538 1
