4400513 180355 714761 2977040 2566417 5066134 3586588 7143964 3075998 7930654 80674 4425252 2141482 2434099 1834805 7865022 2376386 3065027 7908675 2431689 5383759 6200530 6765017 2275036 5999334 6136042 7909739 1997421 3171697 2173812 4453493 1205239 719099 4171388 6601597
1997421 2173812 2
1997421 2566417 1
1997421 3065027 1
1997421 3075998 2
1997421 4171388 5
1997421 5066134 1
1997421 5383759 1
1997421 5999334 6
1997421 6136042 1
1997421 6765017 2
2173812 2566417 1
2173812 3065027 1
2173812 3075998 1
2173812 4171388 3
2173812 5066134 1
2173812 5383759 1
2173812 5999334 3
2173812 6136042 1
2173812 6765017 2
2566417 3065027 1
2566417 3075998 1
2566417 4171388 1
2566417 5066134 1
2566417 5383759 1
2566417 5999334 1
2566417 6136042 1
2566417 6765017 1
3065027 3075998 1
3065027 4171388 2
3065027 5066134 1
3065027 5383759 1
3065027 5999334 2
3065027 6136042 1
3065027 6765017 1
3075998 4171388 2
3075998 5066134 1
3075998 5383759 1
3075998 5999334 2
3075998 6136042 1
3075998 6765017 1
4171388 5066134 1
4171388 5383759 1
4171388 5999334 8
4171388 6136042 1
4171388 6765017 2
5066134 5383759 1
5066134 5999334 1
5066134 6136042 1
5066134 6765017 1
5383759 5999334 1
5383759 6136042 1
5383759 6765017 1
5999334 6136042 1
5999334 6765017 2
6136042 6765017 1
180355 1205239 1
180355 1834805 1
180355 1997421 1
180355 2141482 1
180355 2376386 1
180355 2431689 1
180355 3075998 1
180355 3171697 1
180355 3586588 1
180355 4171388 1
180355 4453493 1
180355 5999334 1
180355 6200530 1
180355 6601597 1
180355 7143964 1
1205239 1834805 1
1205239 1997421 1
1205239 2141482 1
1205239 2376386 1
1205239 2431689 1
1205239 3075998 1
1205239 3171697 1
1205239 3586588 1
1205239 4171388 1
1205239 4453493 1
1205239 5999334 1
1205239 6200530 1
1205239 6601597 1
1205239 7143964 1
1834805 1997421 1
1834805 2141482 3
1834805 2376386 1
1834805 2431689 1
1834805 3075998 1
1834805 3171697 1
1834805 3586588 1
1834805 4171388 3
1834805 4453493 1
1834805 5999334 3
1834805 6200530 1
1834805 6601597 2
1834805 7143964 1
1997421 2141482 4
1997421 2376386 1
1997421 2431689 1
1997421 3171697 1
1997421 3586588 1
1997421 4453493 1
1997421 6200530 1
1997421 6601597 1
1997421 7143964 1
2141482 2376386 1
2141482 2431689 1
2141482 3075998 1
2141482 3171697 1
2141482 3586588 1
2141482 4171388 7
2141482 4453493 1
2141482 5999334 8
2141482 6200530 1
2141482 6601597 2
2141482 7143964 1
2376386 2431689 1
2376386 3075998 1
2376386 3171697 1
2376386 3586588 1
2376386 4171388 1
2376386 4453493 1
2376386 5999334 1
2376386 6200530 1
2376386 6601597 1
2376386 7143964 1
2431689 3075998 1
2431689 3171697 1
2431689 3586588 1
2431689 4171388 1
2431689 4453493 1
2431689 5999334 1
2431689 6200530 1
2431689 6601597 1
2431689 7143964 1
3075998 3171697 1
3075998 3586588 1
3075998 4453493 1
3075998 6200530 1
3075998 6601597 1
3075998 7143964 1
3171697 3586588 1
3171697 4171388 1
3171697 4453493 1
3171697 5999334 1
3171697 6200530 1
3171697 6601597 1
3171697 7143964 1
3586588 4171388 1
3586588 4453493 1
3586588 5999334 1
3586588 6200530 1
3586588 6601597 1
3586588 7143964 1
4171388 4453493 1
4171388 6200530 1
4171388 6601597 2
4171388 7143964 1
4453493 5999334 1
4453493 6200530 1
4453493 6601597 1
4453493 7143964 1
5999334 6200530 1
5999334 6601597 2
5999334 7143964 1
6200530 6601597 1
6200530 7143964 1
6601597 7143964 1
714761 1997421 1
714761 2141482 1
714761 2173812 1
714761 4171388 1
714761 5999334 1
714761 6765017 1
714761 7909739 1
1997421 7909739 1
2141482 2173812 2
2141482 6765017 1
2141482 7909739 1
2173812 7909739 1
4171388 7909739 1
5999334 7909739 1
6765017 7909739 1
1997421 7908675 1
2141482 7908675 2
4171388 7908675 2
5999334 7908675 2
2141482 2275036 1
2141482 7930654 3
2275036 5999334 1
2275036 7930654 1
5999334 7930654 3
719099 1834805 2
719099 2141482 2
719099 3065027 1
719099 4171388 2
719099 5999334 2
719099 7865022 1
719099 7930654 2
1834805 3065027 1
1834805 7865022 1
1834805 7930654 2
2141482 3065027 1
2141482 7865022 1
3065027 7865022 1
3065027 7930654 1
4171388 7865022 1
4171388 7930654 2
5999334 7865022 1
7865022 7930654 1
80674 719099 1
80674 1834805 1
80674 2141482 1
80674 2173812 1
80674 2434099 1
80674 2977040 1
80674 4171388 1
80674 4400513 1
80674 4425252 1
80674 5999334 1
80674 6601597 1
80674 7908675 1
80674 7930654 1
719099 2173812 1
719099 2434099 1
719099 2977040 1
719099 4400513 1
719099 4425252 1
719099 6601597 1
719099 7908675 1
1834805 2173812 1
1834805 2434099 1
1834805 2977040 1
1834805 4400513 1
1834805 4425252 1
1834805 7908675 1
2141482 2434099 1
2141482 2977040 1
2141482 4400513 1
2141482 4425252 1
2173812 2434099 1
2173812 2977040 1
2173812 4400513 1
2173812 4425252 1
2173812 6601597 1
2173812 7908675 1
2173812 7930654 1
2434099 2977040 1
2434099 4171388 1
2434099 4400513 1
2434099 4425252 1
2434099 5999334 1
2434099 6601597 1
2434099 7908675 1
2434099 7930654 1
2977040 4171388 1
2977040 4400513 1
2977040 4425252 1
2977040 5999334 1
2977040 6601597 1
2977040 7908675 1
2977040 7930654 1
4171388 4400513 1
4171388 4425252 1
4400513 4425252 1
4400513 5999334 1
4400513 6601597 1
4400513 7908675 1
4400513 7930654 1
4425252 5999334 1
4425252 6601597 1
4425252 7908675 1
4425252 7930654 1
6601597 7908675 1
6601597 7930654 1
7908675 7930654 1
