12953602 22248451 184274310 182962438 129707272 8642697 11286283 188107916 166360462 183893775 178007952 162211472 189147413 79726742 184230807 56393112 184525719 190118682 117492892 93491362 11068323 182646693 180939942 186644009 1947818 8778154 184667954 113325492 59733812 32267702 184133559 2747960 36960182 186577850 8842942 13400895 72375872 12585537 182649414 2708038 9808200 93119432 185983819 6439119 185014223 176263632 3168465 187772116 182517589 112406742 184690519 72502232 187827289 189908695 25535582 132296292 150774372 11135462 10188644 2780904 183322984 78305642 185043691 1979115 12563048 153310702 11068017 182548849 4922230 151462902 187842297 151976442 8565503
2747960 2780904 1
2747960 4922230 3
2747960 6439119 3
2747960 8565503 1
2747960 9808200 1
2747960 11068323 2
2747960 11286283 1
2747960 12953602 1
2747960 13400895 1
2747960 22248451 1
2747960 32267702 1
2747960 56393112 2
2747960 72375872 2
2747960 72502232 3
2747960 78305642 1
2747960 93491362 1
2747960 113325492 1
2747960 151976442 1
2747960 178007952 1
2747960 180939942 1
2747960 182649414 1
2747960 183322984 1
2747960 184133559 1
2747960 184230807 1
2747960 184274310 1
2747960 184667954 1
2747960 184690519 1
2780904 4922230 2
2780904 6439119 3
2780904 8565503 1
2780904 9808200 2
2780904 11068323 3
2780904 11286283 1
2780904 12953602 2
2780904 13400895 1
2780904 22248451 1
2780904 32267702 2
2780904 56393112 2
2780904 72375872 3
2780904 72502232 1
2780904 78305642 1
2780904 93491362 1
2780904 113325492 1
2780904 151976442 2
2780904 178007952 3
2780904 180939942 1
2780904 182649414 1
2780904 183322984 1
2780904 184133559 3
2780904 184230807 1
2780904 184274310 1
2780904 184667954 1
2780904 184690519 2
4922230 6439119 6
4922230 8565503 1
4922230 9808200 1
4922230 11068323 4
4922230 11286283 1
4922230 12953602 2
4922230 13400895 2
4922230 22248451 1
4922230 32267702 2
4922230 56393112 3
4922230 72375872 6
4922230 72502232 3
4922230 78305642 1
4922230 93491362 1
4922230 113325492 1
4922230 151976442 2
4922230 178007952 2
4922230 180939942 1
4922230 182649414 1
4922230 183322984 1
4922230 184133559 2
4922230 184230807 1
4922230 184274310 1
4922230 184667954 1
4922230 184690519 1
6439119 8565503 1
6439119 9808200 2
6439119 11068323 6
6439119 11286283 1
6439119 12953602 2
6439119 13400895 2
6439119 22248451 1
6439119 32267702 2
6439119 56393112 3
6439119 72375872 8
6439119 72502232 3
6439119 78305642 1
6439119 93491362 1
6439119 113325492 1
6439119 151976442 2
6439119 178007952 3
6439119 180939942 1
6439119 182649414 1
6439119 183322984 1
6439119 184133559 3
6439119 184230807 2
6439119 184274310 1
6439119 184667954 1
6439119 184690519 2
8565503 9808200 1
8565503 11068323 1
8565503 11286283 1
8565503 12953602 1
8565503 13400895 1
8565503 22248451 1
8565503 32267702 1
8565503 56393112 1
8565503 72375872 1
8565503 72502232 1
8565503 78305642 1
8565503 93491362 1
8565503 113325492 1
8565503 151976442 1
8565503 178007952 1
8565503 180939942 1
8565503 182649414 1
8565503 183322984 1
8565503 184133559 1
8565503 184230807 1
8565503 184274310 1
8565503 184667954 1
8565503 184690519 1
9808200 11068323 2
9808200 11286283 1
9808200 12953602 1
9808200 13400895 1
9808200 22248451 1
9808200 32267702 1
9808200 56393112 1
9808200 72375872 2
9808200 72502232 1
9808200 78305642 1
9808200 93491362 1
9808200 113325492 1
9808200 151976442 1
9808200 178007952 2
9808200 180939942 1
9808200 182649414 1
9808200 183322984 1
9808200 184133559 2
9808200 184230807 1
9808200 184274310 1
9808200 184667954 1
9808200 184690519 2
11068323 11286283 1
11068323 12953602 2
11068323 13400895 1
11068323 22248451 1
11068323 32267702 2
11068323 56393112 3
11068323 72375872 6
11068323 72502232 2
11068323 78305642 1
11068323 93491362 1
11068323 113325492 1
11068323 151976442 2
11068323 178007952 3
11068323 180939942 1
11068323 182649414 1
11068323 183322984 1
11068323 184133559 3
11068323 184230807 2
11068323 184274310 1
11068323 184667954 1
11068323 184690519 2
11286283 12953602 1
11286283 13400895 1
11286283 22248451 1
11286283 32267702 1
11286283 56393112 1
11286283 72375872 1
11286283 72502232 1
11286283 78305642 1
11286283 93491362 1
11286283 113325492 1
11286283 151976442 1
11286283 178007952 1
11286283 180939942 1
11286283 182649414 1
11286283 183322984 1
11286283 184133559 1
11286283 184230807 1
11286283 184274310 1
11286283 184667954 1
11286283 184690519 1
12953602 13400895 1
12953602 22248451 1
12953602 32267702 2
12953602 56393112 2
12953602 72375872 2
12953602 72502232 1
12953602 78305642 1
12953602 93491362 1
12953602 113325492 1
12953602 151976442 2
12953602 178007952 2
12953602 180939942 1
12953602 182649414 1
12953602 183322984 1
12953602 184133559 2
12953602 184230807 1
12953602 184274310 1
12953602 184667954 1
12953602 184690519 1
13400895 22248451 1
13400895 32267702 1
13400895 56393112 1
13400895 72375872 2
13400895 72502232 1
13400895 78305642 1
13400895 93491362 1
13400895 113325492 1
13400895 151976442 1
13400895 178007952 1
13400895 180939942 1
13400895 182649414 1
13400895 183322984 1
13400895 184133559 1
13400895 184230807 1
13400895 184274310 1
13400895 184667954 1
13400895 184690519 1
22248451 32267702 1
22248451 56393112 1
22248451 72375872 1
22248451 72502232 1
22248451 78305642 1
22248451 93491362 1
22248451 113325492 1
22248451 151976442 1
22248451 178007952 1
22248451 180939942 1
22248451 182649414 1
22248451 183322984 1
22248451 184133559 1
22248451 184230807 1
22248451 184274310 1
22248451 184667954 1
22248451 184690519 1
32267702 56393112 2
32267702 72375872 2
32267702 72502232 1
32267702 78305642 1
32267702 93491362 1
32267702 113325492 1
32267702 151976442 2
32267702 178007952 2
32267702 180939942 1
32267702 182649414 1
32267702 183322984 1
32267702 184133559 2
32267702 184230807 1
32267702 184274310 1
32267702 184667954 1
32267702 184690519 1
56393112 72375872 3
56393112 72502232 2
56393112 78305642 1
56393112 93491362 1
56393112 113325492 1
56393112 151976442 2
56393112 178007952 2
56393112 180939942 1
56393112 182649414 1
56393112 183322984 1
56393112 184133559 2
56393112 184230807 1
56393112 184274310 1
56393112 184667954 1
56393112 184690519 1
72375872 72502232 2
72375872 78305642 1
72375872 93491362 1
72375872 113325492 1
72375872 151976442 2
72375872 178007952 3
72375872 180939942 1
72375872 182649414 1
72375872 183322984 1
72375872 184133559 3
72375872 184230807 2
72375872 184274310 1
72375872 184667954 1
72375872 184690519 2
72502232 78305642 1
72502232 93491362 1
72502232 113325492 1
72502232 151976442 1
72502232 178007952 1
72502232 180939942 1
72502232 182649414 1
72502232 183322984 1
72502232 184133559 1
72502232 184230807 1
72502232 184274310 1
72502232 184667954 1
72502232 184690519 1
78305642 93491362 1
78305642 113325492 1
78305642 151976442 1
78305642 178007952 1
78305642 180939942 1
78305642 182649414 1
78305642 183322984 1
78305642 184133559 1
78305642 184230807 1
78305642 184274310 1
78305642 184667954 1
78305642 184690519 1
93491362 113325492 1
93491362 151976442 1
93491362 178007952 1
93491362 180939942 1
93491362 182649414 1
93491362 183322984 1
93491362 184133559 1
93491362 184230807 1
93491362 184274310 1
93491362 184667954 1
93491362 184690519 1
113325492 151976442 1
113325492 178007952 1
113325492 180939942 1
113325492 182649414 1
113325492 183322984 1
113325492 184133559 1
113325492 184230807 1
113325492 184274310 1
113325492 184667954 1
113325492 184690519 1
151976442 178007952 2
151976442 180939942 1
151976442 182649414 1
151976442 183322984 1
151976442 184133559 2
151976442 184230807 1
151976442 184274310 1
151976442 184667954 1
151976442 184690519 1
178007952 180939942 1
178007952 182649414 1
178007952 183322984 1
178007952 184133559 3
178007952 184230807 1
178007952 184274310 1
178007952 184667954 1
178007952 184690519 2
180939942 182649414 1
180939942 183322984 1
180939942 184133559 1
180939942 184230807 1
180939942 184274310 1
180939942 184667954 1
180939942 184690519 1
182649414 183322984 1
182649414 184133559 1
182649414 184230807 1
182649414 184274310 1
182649414 184667954 1
182649414 184690519 1
183322984 184133559 1
183322984 184230807 1
183322984 184274310 1
183322984 184667954 1
183322984 184690519 1
184133559 184230807 1
184133559 184274310 1
184133559 184667954 1
184133559 184690519 2
184230807 184274310 1
184230807 184667954 1
184230807 184690519 1
184274310 184667954 1
184274310 184690519 1
184667954 184690519 1
2708038 2780904 1
2708038 6439119 1
2708038 8642697 1
2708038 9808200 1
2708038 11068323 1
2708038 72375872 1
2708038 129707272 1
2708038 132296292 1
2708038 150774372 1
2708038 178007952 1
2708038 184133559 1
2708038 184690519 1
2708038 185014223 1
2780904 8642697 1
2780904 129707272 2
2780904 132296292 1
2780904 150774372 1
2780904 185014223 1
6439119 8642697 1
6439119 129707272 2
6439119 132296292 1
6439119 150774372 1
6439119 185014223 4
8642697 9808200 1
8642697 11068323 1
8642697 72375872 1
8642697 129707272 1
8642697 132296292 1
8642697 150774372 1
8642697 178007952 1
8642697 184133559 1
8642697 184690519 1
8642697 185014223 1
9808200 129707272 1
9808200 132296292 1
9808200 150774372 1
9808200 185014223 1
11068323 129707272 2
11068323 132296292 1
11068323 150774372 1
11068323 185014223 2
72375872 129707272 2
72375872 132296292 1
72375872 150774372 1
72375872 185014223 4
129707272 132296292 1
129707272 150774372 1
129707272 178007952 2
129707272 184133559 2
129707272 184690519 1
129707272 185014223 1
132296292 150774372 1
132296292 178007952 1
132296292 184133559 1
132296292 184690519 1
132296292 185014223 1
150774372 178007952 1
150774372 184133559 1
150774372 184690519 1
150774372 185014223 1
178007952 185014223 1
184133559 185014223 1
184690519 185014223 1
1947818 2780904 1
1947818 4922230 1
1947818 6439119 2
1947818 11068323 2
1947818 11135462 1
1947818 12953602 1
1947818 25535582 1
1947818 32267702 1
1947818 56393112 1
1947818 72375872 2
1947818 93119432 1
1947818 129707272 1
1947818 151462902 2
1947818 151976442 1
1947818 153310702 2
1947818 166360462 1
1947818 176263632 1
1947818 178007952 1
1947818 182517589 1
1947818 184133559 1
1947818 185043691 1
2780904 11135462 1
2780904 25535582 1
2780904 93119432 1
2780904 151462902 1
2780904 153310702 1
2780904 166360462 1
2780904 176263632 1
2780904 182517589 1
2780904 185043691 1
4922230 11135462 1
4922230 25535582 1
4922230 93119432 1
4922230 129707272 1
4922230 151462902 3
4922230 153310702 3
4922230 166360462 1
4922230 176263632 2
4922230 182517589 1
4922230 185043691 1
6439119 11135462 1
6439119 25535582 1
6439119 93119432 1
6439119 151462902 3
6439119 153310702 5
6439119 166360462 1
6439119 176263632 2
6439119 182517589 1
6439119 185043691 1
11068323 11135462 1
11068323 25535582 1
11068323 93119432 1
11068323 151462902 3
11068323 153310702 3
11068323 166360462 1
11068323 176263632 2
11068323 182517589 1
11068323 185043691 1
11135462 12953602 1
11135462 25535582 1
11135462 32267702 1
11135462 56393112 1
11135462 72375872 1
11135462 93119432 1
11135462 129707272 1
11135462 151462902 1
11135462 151976442 1
11135462 153310702 1
11135462 166360462 1
11135462 176263632 1
11135462 178007952 1
11135462 182517589 1
11135462 184133559 1
11135462 185043691 1
12953602 25535582 1
12953602 93119432 1
12953602 129707272 1
12953602 151462902 1
12953602 153310702 1
12953602 166360462 1
12953602 176263632 1
12953602 182517589 1
12953602 185043691 1
25535582 32267702 1
25535582 56393112 1
25535582 72375872 1
25535582 93119432 1
25535582 129707272 1
25535582 151462902 1
25535582 151976442 1
25535582 153310702 1
25535582 166360462 1
25535582 176263632 1
25535582 178007952 1
25535582 182517589 1
25535582 184133559 1
25535582 185043691 1
32267702 93119432 1
32267702 129707272 1
32267702 151462902 1
32267702 153310702 1
32267702 166360462 1
32267702 176263632 1
32267702 182517589 1
32267702 185043691 1
56393112 93119432 1
56393112 129707272 1
56393112 151462902 1
56393112 153310702 2
56393112 166360462 1
56393112 176263632 2
56393112 182517589 1
56393112 185043691 1
72375872 93119432 1
72375872 151462902 4
72375872 153310702 5
72375872 166360462 1
72375872 176263632 2
72375872 182517589 1
72375872 185043691 1
93119432 129707272 1
93119432 151462902 1
93119432 151976442 1
93119432 153310702 1
93119432 166360462 1
93119432 176263632 1
93119432 178007952 1
93119432 182517589 1
93119432 184133559 1
93119432 185043691 1
129707272 151462902 1
129707272 151976442 1
129707272 153310702 1
129707272 166360462 1
129707272 176263632 1
129707272 182517589 1
129707272 185043691 1
151462902 151976442 1
151462902 153310702 2
151462902 166360462 1
151462902 176263632 1
151462902 178007952 1
151462902 182517589 1
151462902 184133559 1
151462902 185043691 1
151976442 153310702 1
151976442 166360462 1
151976442 176263632 1
151976442 182517589 1
151976442 185043691 1
153310702 166360462 1
153310702 176263632 2
153310702 178007952 1
153310702 182517589 1
153310702 184133559 1
153310702 185043691 1
166360462 176263632 1
166360462 178007952 1
166360462 182517589 1
166360462 184133559 1
166360462 185043691 1
176263632 178007952 1
176263632 182517589 1
176263632 184133559 1
176263632 185043691 1
178007952 182517589 1
178007952 185043691 1
182517589 184133559 1
182517589 185043691 1
184133559 185043691 1
2747960 8842942 1
2747960 10188644 1
2747960 117492892 1
2747960 184525719 1
2747960 185983819 1
2747960 186577850 1
2747960 186644009 1
4922230 8842942 1
4922230 10188644 1
4922230 117492892 2
4922230 184525719 2
4922230 185983819 1
4922230 186577850 1
4922230 186644009 1
6439119 8842942 1
6439119 10188644 1
6439119 117492892 2
6439119 184525719 2
6439119 185983819 2
6439119 186577850 1
6439119 186644009 1
8842942 10188644 1
8842942 72502232 1
8842942 117492892 1
8842942 184525719 1
8842942 185983819 1
8842942 186577850 1
8842942 186644009 1
10188644 72502232 1
10188644 117492892 1
10188644 184525719 1
10188644 185983819 1
10188644 186577850 1
10188644 186644009 1
72502232 117492892 1
72502232 184525719 1
72502232 185983819 1
72502232 186577850 1
72502232 186644009 1
117492892 184525719 1
117492892 185983819 1
117492892 186577850 1
117492892 186644009 1
184525719 185983819 2
184525719 186577850 1
184525719 186644009 1
185983819 186577850 1
185983819 186644009 1
186577850 186644009 1
4922230 182646693 1
4922230 183893775 1
4922230 187772116 2
72375872 182646693 1
72375872 183893775 1
72375872 184525719 2
72375872 187772116 2
151462902 182646693 1
151462902 183893775 1
151462902 184525719 2
151462902 187772116 1
182646693 183893775 1
182646693 184525719 1
182646693 187772116 1
183893775 184525719 1
183893775 187772116 1
184525719 187772116 1
1979115 2747960 1
1979115 3168465 1
1979115 4922230 1
1979115 6439119 1
1979115 11068017 1
1979115 11068323 1
1979115 36960182 1
1979115 56393112 1
1979115 72375872 1
1979115 72502232 1
1979115 153310702 1
1979115 162211472 1
1979115 176263632 1
1979115 182548849 1
1979115 182962438 1
1979115 187772116 1
1979115 188107916 1
2747960 3168465 1
2747960 11068017 1
2747960 36960182 1
2747960 153310702 1
2747960 162211472 1
2747960 176263632 1
2747960 182548849 1
2747960 182962438 1
2747960 187772116 1
2747960 188107916 1
3168465 4922230 1
3168465 6439119 2
3168465 11068017 1
3168465 11068323 2
3168465 36960182 1
3168465 56393112 1
3168465 72375872 2
3168465 72502232 1
3168465 153310702 2
3168465 162211472 1
3168465 176263632 1
3168465 182548849 1
3168465 182962438 1
3168465 187772116 1
3168465 188107916 1
4922230 11068017 1
4922230 36960182 1
4922230 162211472 1
4922230 182548849 1
4922230 182962438 1
4922230 188107916 1
6439119 11068017 1
6439119 36960182 1
6439119 162211472 1
6439119 182548849 1
6439119 182962438 1
6439119 187772116 1
6439119 188107916 1
11068017 11068323 1
11068017 36960182 1
11068017 56393112 1
11068017 72375872 1
11068017 72502232 1
11068017 153310702 1
11068017 162211472 1
11068017 176263632 1
11068017 182548849 1
11068017 182962438 1
11068017 187772116 1
11068017 188107916 1
11068323 36960182 1
11068323 162211472 1
11068323 182548849 1
11068323 182962438 1
11068323 187772116 1
11068323 188107916 1
36960182 56393112 1
36960182 72375872 1
36960182 72502232 1
36960182 153310702 1
36960182 162211472 1
36960182 176263632 1
36960182 182548849 1
36960182 182962438 1
36960182 187772116 1
36960182 188107916 1
56393112 162211472 1
56393112 182548849 1
56393112 182962438 1
56393112 187772116 1
56393112 188107916 1
72375872 162211472 1
72375872 182548849 1
72375872 182962438 1
72375872 188107916 1
72502232 153310702 1
72502232 162211472 1
72502232 176263632 1
72502232 182548849 1
72502232 182962438 1
72502232 187772116 1
72502232 188107916 1
153310702 162211472 1
153310702 182548849 1
153310702 182962438 1
153310702 187772116 1
153310702 188107916 1
162211472 176263632 1
162211472 182548849 1
162211472 182962438 1
162211472 187772116 1
162211472 188107916 1
176263632 182548849 1
176263632 182962438 1
176263632 187772116 1
176263632 188107916 1
182548849 182962438 1
182548849 187772116 1
182548849 188107916 1
182962438 187772116 1
182962438 188107916 1
187772116 188107916 1
1947818 3168465 1
1947818 8778154 1
1947818 59733812 1
1947818 184230807 1
1947818 184525719 1
1947818 185014223 1
1947818 185983819 1
1947818 187827289 1
1947818 187842297 1
1947818 189147413 1
3168465 8778154 1
3168465 59733812 1
3168465 151462902 1
3168465 184230807 1
3168465 184525719 1
3168465 185014223 1
3168465 185983819 1
3168465 187827289 1
3168465 187842297 1
3168465 189147413 1
6439119 8778154 1
6439119 59733812 2
6439119 187827289 1
6439119 187842297 1
6439119 189147413 1
8778154 11068323 1
8778154 59733812 1
8778154 72375872 1
8778154 151462902 1
8778154 153310702 1
8778154 184230807 1
8778154 184525719 1
8778154 185014223 1
8778154 185983819 1
8778154 187827289 1
8778154 187842297 1
8778154 189147413 1
11068323 59733812 2
11068323 184525719 1
11068323 185983819 1
11068323 187827289 1
11068323 187842297 1
11068323 189147413 1
59733812 72375872 2
59733812 151462902 2
59733812 153310702 1
59733812 184230807 1
59733812 184525719 1
59733812 185014223 1
59733812 185983819 1
59733812 187827289 1
59733812 187842297 1
59733812 189147413 1
72375872 185983819 1
72375872 187827289 1
72375872 187842297 1
72375872 189147413 1
151462902 184230807 1
151462902 185014223 1
151462902 185983819 1
151462902 187827289 1
151462902 187842297 1
151462902 189147413 1
153310702 184230807 1
153310702 184525719 1
153310702 185014223 3
153310702 185983819 1
153310702 187827289 1
153310702 187842297 1
153310702 189147413 1
184230807 184525719 1
184230807 185014223 1
184230807 185983819 1
184230807 187827289 1
184230807 187842297 1
184230807 189147413 1
184525719 185014223 1
184525719 187827289 1
184525719 187842297 1
184525719 189147413 1
185014223 185983819 1
185014223 187827289 1
185014223 187842297 1
185014223 189147413 1
185983819 187827289 1
185983819 187842297 1
185983819 189147413 1
187827289 187842297 1
187827289 189147413 1
187842297 189147413 1
4922230 12563048 1
4922230 12585537 1
4922230 59733812 1
4922230 79726742 1
4922230 190118682 2
6439119 12563048 2
6439119 12585537 2
6439119 79726742 1
6439119 190118682 2
11068323 12563048 1
11068323 12585537 1
11068323 79726742 1
11068323 190118682 1
12563048 12585537 2
12563048 59733812 1
12563048 72375872 2
12563048 79726742 1
12563048 151462902 1
12563048 190118682 1
12585537 59733812 1
12585537 72375872 2
12585537 79726742 1
12585537 151462902 1
12585537 190118682 1
59733812 79726742 1
59733812 190118682 1
72375872 79726742 1
72375872 190118682 2
79726742 151462902 1
79726742 190118682 1
151462902 190118682 1
6439119 112406742 1
6439119 189908695 1
12563048 112406742 1
12563048 153310702 1
12563048 185014223 1
12563048 189908695 1
12585537 112406742 1
12585537 153310702 1
12585537 185014223 1
12585537 189908695 1
72375872 112406742 1
72375872 189908695 1
112406742 153310702 1
112406742 185014223 1
112406742 189908695 1
153310702 189908695 1
185014223 189908695 1
4922230 185014223 1
13400895 117492892 1
13400895 153310702 1
13400895 185014223 1
13400895 190118682 1
72375872 117492892 1
117492892 153310702 1
117492892 185014223 1
117492892 190118682 1
153310702 190118682 1
185014223 190118682 1
