105332322 76826662 182800454 11183208 2245850 158279562 41371612 10249034 6724850 63529302 8470999 52459862 73936282 182497404 111987582
6724850 8470999 7
6724850 73936282 1
6724850 105332322 2
8470999 73936282 1
8470999 105332322 2
73936282 105332322 1
6724850 111987582 1
8470999 111987582 1
76826662 158279562 1
76826662 182497404 1
158279562 182497404 1
6724850 11183208 1
8470999 11183208 1
11183208 105332322 1
8470999 63529302 1
6724850 41371612 1
8470999 41371612 1
2245850 6724850 1
2245850 8470999 1
2245850 10249034 1
2245850 52459862 1
2245850 182800454 1
6724850 10249034 1
6724850 52459862 1
6724850 182800454 1
8470999 10249034 1
8470999 52459862 1
8470999 182800454 1
10249034 52459862 1
10249034 182800454 1
52459862 182800454 1
