640298 10586316 11655820 10432494 13299662 11900080 10577265 3329422 10775510 13112887 8803448 17876761 749658
640298 10432494 9
640298 10586316 4
10432494 10586316 3
640298 10577265 6
640298 10775510 2
10432494 10577265 5
10432494 10775510 2
10577265 10775510 2
640298 8803448 1
640298 13299662 1
640298 17876761 1
8803448 10432494 1
8803448 10577265 1
8803448 10775510 1
8803448 13299662 1
8803448 17876761 1
10432494 13299662 1
10432494 17876761 1
10577265 13299662 1
10577265 17876761 1
10775510 13299662 1
10775510 17876761 1
13299662 17876761 1
640298 11655820 1
640298 11900080 1
10577265 10586316 3
10577265 11655820 1
10577265 11900080 1
10586316 11655820 1
10586316 11900080 1
11655820 11900080 1
640298 3329422 1
640298 13112887 2
3329422 10432494 1
3329422 13112887 1
10432494 13112887 2
10577265 13112887 1
10586316 13112887 1
640298 749658 1
749658 10432494 1
