12121028 47039492 20315461 8122872 7534249 34103722 13855819 10774924 6242767 4840880 43855412 14482136 33669722
4840880 6242767 1
4840880 12121028 5
4840880 14482136 7
4840880 34103722 3
4840880 43855412 4
6242767 12121028 1
6242767 14482136 1
6242767 34103722 1
6242767 43855412 1
12121028 14482136 4
12121028 34103722 2
12121028 43855412 3
14482136 34103722 3
14482136 43855412 3
34103722 43855412 1
4840880 13855819 1
4840880 33669722 1
13855819 14482136 1
13855819 33669722 1
13855819 34103722 1
14482136 33669722 1
33669722 34103722 1
4840880 10774924 3
4840880 47039492 1
12121028 47039492 1
14482136 47039492 1
43855412 47039492 1
10774924 14482136 2
10774924 43855412 1
4840880 8122872 1
4840880 20315461 3
8122872 12121028 1
8122872 14482136 1
8122872 20315461 1
12121028 20315461 1
14482136 20315461 2
4840880 7534249 1
7534249 12121028 1
7534249 43855412 1
10774924 20315461 1
