4401536 9668740 4942348 13569563 2797596 5750429 833440 9219241 12410282 11900080 11284659 4047935 35558592 8535744 67150792 5278670 4846159 24628302 10070623 10191211 32142452 4059125 93148532 33601022
2797596 4059125 1
2797596 4401536 1
2797596 4846159 2
2797596 5750429 1
2797596 10191211 2
2797596 33601022 2
2797596 67150792 2
4059125 4401536 1
4059125 4846159 1
4059125 5750429 1
4059125 10191211 1
4059125 33601022 1
4059125 67150792 1
4401536 4846159 1
4401536 5750429 1
4401536 10191211 1
4401536 33601022 1
4401536 67150792 1
4846159 5750429 1
4846159 10191211 10
4846159 33601022 4
4846159 67150792 7
5750429 10191211 1
5750429 33601022 1
5750429 67150792 1
10191211 33601022 4
10191211 67150792 7
33601022 67150792 3
4846159 4942348 1
4846159 9219241 1
4846159 10070623 1
4846159 32142452 3
4846159 35558592 2
4942348 9219241 1
4942348 10070623 1
4942348 10191211 1
4942348 32142452 1
4942348 33601022 1
4942348 35558592 1
4942348 67150792 1
9219241 10070623 1
9219241 10191211 1
9219241 32142452 1
9219241 33601022 1
9219241 35558592 1
9219241 67150792 1
10070623 10191211 1
10070623 32142452 1
10070623 33601022 1
10070623 35558592 1
10070623 67150792 1
10191211 32142452 3
10191211 35558592 2
32142452 33601022 2
32142452 35558592 1
32142452 67150792 2
33601022 35558592 2
35558592 67150792 2
2797596 5278670 1
2797596 12410282 1
2797596 35558592 1
4846159 5278670 2
4846159 12410282 1
5278670 10191211 2
5278670 12410282 1
5278670 33601022 1
5278670 35558592 1
5278670 67150792 2
10191211 12410282 1
12410282 33601022 1
12410282 35558592 1
12410282 67150792 1
833440 4047935 1
833440 4846159 2
833440 10191211 2
833440 11900080 1
833440 32142452 1
833440 33601022 1
4047935 4846159 2
4047935 10191211 2
4047935 11900080 1
4047935 32142452 1
4047935 33601022 1
4846159 11900080 2
10191211 11900080 2
11900080 32142452 1
11900080 33601022 1
833440 5278670 1
833440 8535744 1
833440 11284659 1
833440 13569563 1
833440 24628302 1
833440 67150792 1
4846159 8535744 3
4846159 11284659 1
4846159 13569563 1
4846159 24628302 1
5278670 8535744 1
5278670 11284659 1
5278670 13569563 1
5278670 24628302 1
8535744 10191211 3
8535744 11284659 1
8535744 13569563 1
8535744 24628302 1
8535744 67150792 2
10191211 11284659 1
10191211 13569563 1
10191211 24628302 1
11284659 13569563 1
11284659 24628302 1
11284659 67150792 1
13569563 24628302 1
13569563 67150792 1
24628302 67150792 1
4846159 9668740 1
4846159 93148532 1
8535744 9668740 1
8535744 11900080 1
8535744 93148532 1
9668740 10191211 1
9668740 11900080 1
9668740 67150792 1
9668740 93148532 1
10191211 93148532 1
11900080 67150792 1
11900080 93148532 1
67150792 93148532 1
