80227072 14506051 98088952 7210857 10767145 122009132 11309688 24217202 129549682 86235252 7935096 76675192 79106782
7210857 7935096 6
7210857 14506051 1
7210857 76675192 7
7210857 79106782 8
7210857 80227072 7
7210857 86235252 5
7210857 98088952 2
7935096 14506051 1
7935096 76675192 6
7935096 79106782 6
7935096 80227072 6
7935096 86235252 4
7935096 98088952 2
14506051 76675192 1
14506051 79106782 1
14506051 80227072 1
14506051 86235252 1
14506051 98088952 1
76675192 79106782 8
76675192 80227072 7
76675192 86235252 5
76675192 98088952 2
79106782 80227072 7
79106782 86235252 5
79106782 98088952 2
80227072 86235252 5
80227072 98088952 2
86235252 98088952 2
7210857 10767145 1
7210857 122009132 5
7935096 10767145 1
7935096 122009132 3
10767145 76675192 1
10767145 79106782 1
10767145 80227072 1
10767145 86235252 1
10767145 98088952 1
10767145 122009132 1
76675192 122009132 4
79106782 122009132 5
80227072 122009132 4
86235252 122009132 4
98088952 122009132 1
24217202 76675192 1
24217202 79106782 1
7210857 11309688 2
7935096 11309688 1
11309688 76675192 1
11309688 79106782 2
11309688 80227072 1
11309688 122009132 1
7210857 129549682 1
7935096 129549682 1
76675192 129549682 1
79106782 129549682 1
80227072 129549682 1
86235252 129549682 1
122009132 129549682 1
