2375426 2242566 2055047 2144010 2169358 2396944 2093716 722457 2369055 2210848 2130978 1968038 2133801 2119345 2322482 2173629 2191308 1444559 1855855 1985394
722457 1444559 2
722457 1968038 5
722457 1985394 7
722457 2093716 6
722457 2119345 7
722457 2130978 2
722457 2144010 2
722457 2169358 4
722457 2173629 1
722457 2210848 2
1444559 1968038 2
1444559 1985394 3
1444559 2093716 2
1444559 2119345 3
1444559 2130978 1
1444559 2144010 1
1444559 2169358 1
1444559 2173629 1
1444559 2210848 1
1968038 1985394 5
1968038 2093716 5
1968038 2119345 6
1968038 2130978 2
1968038 2144010 2
1968038 2169358 3
1968038 2173629 2
1968038 2210848 2
1985394 2093716 6
1985394 2119345 8
1985394 2130978 2
1985394 2144010 2
1985394 2169358 4
1985394 2173629 1
1985394 2210848 2
2093716 2119345 6
2093716 2130978 2
2093716 2144010 2
2093716 2169358 3
2093716 2173629 1
2093716 2210848 2
2119345 2130978 2
2119345 2144010 2
2119345 2169358 4
2119345 2173629 3
2119345 2210848 2
2130978 2144010 2
2130978 2169358 2
2130978 2173629 1
2130978 2210848 2
2144010 2169358 2
2144010 2173629 1
2144010 2210848 2
2169358 2173629 1
2169358 2210848 2
2173629 2210848 1
722457 2055047 3
722457 2191308 1
1968038 2055047 2
1968038 2191308 1
1985394 2055047 4
1985394 2191308 1
2055047 2093716 2
2055047 2119345 5
2055047 2130978 1
2055047 2144010 1
2055047 2169358 2
2055047 2191308 1
2055047 2210848 1
2093716 2191308 1
2119345 2191308 1
2130978 2191308 1
2144010 2191308 1
2169358 2191308 1
2191308 2210848 1
2055047 2133801 1
2055047 2173629 1
2119345 2133801 2
2133801 2173629 1
722457 1855855 1
722457 2242566 1
722457 2322482 1
1855855 1985394 1
1855855 2055047 1
1855855 2119345 1
1855855 2169358 1
1855855 2242566 1
1855855 2322482 1
1985394 2242566 1
1985394 2322482 1
2055047 2242566 1
2055047 2322482 1
2119345 2242566 1
2119345 2322482 1
2169358 2242566 1
2169358 2322482 1
2242566 2322482 1
1444559 2055047 2
722457 2133801 1
722457 2369055 1
722457 2375426 1
722457 2396944 1
1968038 2133801 1
1968038 2369055 1
1968038 2375426 1
1968038 2396944 1
1985394 2133801 1
1985394 2369055 1
1985394 2375426 1
1985394 2396944 1
2093716 2133801 1
2093716 2369055 1
2093716 2375426 1
2093716 2396944 1
2119345 2369055 1
2119345 2375426 1
2119345 2396944 1
2133801 2369055 1
2133801 2375426 1
2133801 2396944 1
2369055 2375426 1
2369055 2396944 1
2375426 2396944 1
