10802305 74813122 192169794 120086852 19165221 75420262 12862759 196966980 95147562 139489612 189732685 45643662 12671856 184695988 193502230 193598013 112041502
10802305 12671856 1
10802305 12862759 1
10802305 19165221 1
10802305 45643662 1
10802305 74813122 1
10802305 75420262 1
10802305 95147562 1
10802305 112041502 1
10802305 120086852 1
10802305 139489612 1
10802305 184695988 1
10802305 189732685 1
10802305 192169794 1
10802305 193502230 1
10802305 193598013 1
10802305 196966980 1
12671856 12862759 1
12671856 19165221 1
12671856 45643662 1
12671856 74813122 1
12671856 75420262 1
12671856 95147562 1
12671856 112041502 1
12671856 120086852 1
12671856 139489612 1
12671856 184695988 1
12671856 189732685 1
12671856 192169794 1
12671856 193502230 1
12671856 193598013 1
12671856 196966980 1
12862759 19165221 1
12862759 45643662 1
12862759 74813122 1
12862759 75420262 1
12862759 95147562 1
12862759 112041502 1
12862759 120086852 1
12862759 139489612 1
12862759 184695988 1
12862759 189732685 1
12862759 192169794 1
12862759 193502230 1
12862759 193598013 1
12862759 196966980 1
19165221 45643662 3
19165221 74813122 3
19165221 75420262 1
19165221 95147562 1
19165221 112041502 1
19165221 120086852 1
19165221 139489612 1
19165221 184695988 1
19165221 189732685 1
19165221 192169794 1
19165221 193502230 1
19165221 193598013 1
19165221 196966980 1
45643662 74813122 3
45643662 75420262 1
45643662 95147562 1
45643662 112041502 1
45643662 120086852 1
45643662 139489612 1
45643662 184695988 1
45643662 189732685 1
45643662 192169794 1
45643662 193502230 1
45643662 193598013 1
45643662 196966980 1
74813122 75420262 1
74813122 95147562 1
74813122 112041502 1
74813122 120086852 1
74813122 139489612 1
74813122 184695988 1
74813122 189732685 1
74813122 192169794 1
74813122 193502230 1
74813122 193598013 1
74813122 196966980 1
75420262 95147562 1
75420262 112041502 1
75420262 120086852 1
75420262 139489612 1
75420262 184695988 1
75420262 189732685 1
75420262 192169794 1
75420262 193502230 1
75420262 193598013 1
75420262 196966980 1
95147562 112041502 1
95147562 120086852 1
95147562 139489612 1
95147562 184695988 1
95147562 189732685 1
95147562 192169794 1
95147562 193502230 1
95147562 193598013 1
95147562 196966980 1
112041502 120086852 1
112041502 139489612 1
112041502 184695988 1
112041502 189732685 1
112041502 192169794 1
112041502 193502230 1
112041502 193598013 1
112041502 196966980 1
120086852 139489612 1
120086852 184695988 1
120086852 189732685 1
120086852 192169794 1
120086852 193502230 1
120086852 193598013 1
120086852 196966980 1
139489612 184695988 1
139489612 189732685 1
139489612 192169794 1
139489612 193502230 1
139489612 193598013 1
139489612 196966980 1
184695988 189732685 1
184695988 192169794 1
184695988 193502230 1
184695988 193598013 1
184695988 196966980 1
189732685 192169794 1
189732685 193502230 1
189732685 193598013 1
189732685 196966980 1
192169794 193502230 1
192169794 193598013 1
192169794 196966980 1
193502230 193598013 1
193502230 196966980 1
193598013 196966980 1
