78974632 33931912 90582282 153623532 75088462 151258032 45521012 158158782 108736822 105093302 9863901 149563102
45521012 75088462 1
45521012 78974632 1
45521012 90582282 1
45521012 108736822 1
45521012 149563102 1
45521012 151258032 1
45521012 153623532 1
75088462 78974632 1
75088462 90582282 2
75088462 108736822 2
75088462 149563102 1
75088462 151258032 4
75088462 153623532 1
78974632 90582282 1
78974632 108736822 1
78974632 149563102 1
78974632 151258032 1
78974632 153623532 1
90582282 108736822 1
90582282 149563102 1
90582282 151258032 1
90582282 153623532 1
108736822 149563102 1
108736822 151258032 2
108736822 153623532 1
149563102 151258032 1
149563102 153623532 1
151258032 153623532 1
33931912 75088462 3
9863901 33931912 2
9863901 75088462 4
9863901 151258032 2
33931912 151258032 1
75088462 105093302 1
75088462 158158782 1
105093302 108736822 1
105093302 151258032 1
105093302 158158782 1
108736822 158158782 1
151258032 158158782 1
