94861072 28200592 14636823 6432415 133350182 12832425 76705962 1459757 9931437 78006062 47170862 18235831 112394682 137983422 16126661 53804882 77289942 133242492 138646112 111111272 127701242 2392956
9931437 127701242 1
1459757 78006062 1
1459757 127701242 1
1459757 133242492 1
78006062 127701242 1
78006062 133242492 1
127701242 133242492 1
2392956 12832425 1
2392956 76705962 1
12832425 76705962 1
1459757 2392956 1
1459757 14636823 1
1459757 16126661 1
1459757 18235831 1
1459757 47170862 1
1459757 53804882 1
1459757 94861072 1
1459757 111111272 1
1459757 112394682 1
1459757 133350182 1
2392956 14636823 1
2392956 16126661 1
2392956 18235831 1
2392956 47170862 2
2392956 53804882 1
2392956 94861072 1
2392956 111111272 1
2392956 112394682 1
2392956 133350182 1
14636823 16126661 1
14636823 18235831 1
14636823 47170862 1
14636823 53804882 1
14636823 94861072 1
14636823 111111272 1
14636823 112394682 1
14636823 133350182 1
16126661 18235831 1
16126661 47170862 1
16126661 53804882 1
16126661 94861072 1
16126661 111111272 1
16126661 112394682 1
16126661 133350182 1
18235831 47170862 1
18235831 53804882 1
18235831 94861072 1
18235831 111111272 1
18235831 112394682 1
18235831 133350182 1
47170862 53804882 1
47170862 94861072 1
47170862 111111272 1
47170862 112394682 1
47170862 133350182 1
53804882 94861072 1
53804882 111111272 1
53804882 112394682 1
53804882 133350182 1
94861072 111111272 1
94861072 112394682 1
94861072 133350182 1
111111272 112394682 1
111111272 133350182 1
112394682 133350182 1
2392956 6432415 1
2392956 9931437 1
2392956 28200592 1
6432415 9931437 1
6432415 28200592 1
6432415 47170862 1
9931437 28200592 1
9931437 47170862 1
28200592 47170862 1
6432415 77289942 1
6432415 137983422 1
6432415 138646112 1
77289942 137983422 1
77289942 138646112 1
137983422 138646112 1
