11181217 9204548 10729668 32574342 7096712 65879882 14009098 32399372 33036012 3645934 14482136 54139952 49643982 92144242 95152502 5048824 3526206
3645934 5048824 1
3645934 14482136 1
3645934 32399372 1
3645934 95152502 1
5048824 14482136 2
5048824 32399372 2
5048824 95152502 1
14482136 32399372 2
14482136 95152502 1
32399372 95152502 1
5048824 7096712 1
5048824 9204548 1
5048824 11181217 1
7096712 9204548 1
7096712 11181217 1
9204548 11181217 1
5048824 33036012 3
14482136 33036012 1
32399372 33036012 1
5048824 65879882 2
5048824 32574342 1
5048824 92144242 1
33036012 92144242 1
3526206 5048824 1
3526206 33036012 1
3526206 54139952 1
5048824 54139952 1
33036012 54139952 1
5048824 10729668 1
5048824 14009098 1
5048824 49643982 1
10729668 14009098 1
10729668 49643982 1
10729668 65879882 1
14009098 49643982 1
14009098 65879882 1
49643982 65879882 1
