33421192 60739082 101158412 68038672 10329745 61120532 118318872 120471452 6994848 30509222 7574831 124413492 88263102 101515072 114768192 65879882 115613262 25165902 14482136 10554459 9448422 48145772 117358702 4848884 5048824
5048824 10554459 1
5048824 14482136 8
5048824 60739082 1
5048824 61120532 4
5048824 65879882 2
5048824 68038672 3
5048824 101515072 1
5048824 114768192 4
5048824 120471452 3
10554459 14482136 1
10554459 60739082 1
10554459 61120532 1
10554459 65879882 1
10554459 68038672 1
10554459 101515072 1
10554459 114768192 1
10554459 120471452 1
14482136 60739082 1
14482136 61120532 4
14482136 65879882 2
14482136 68038672 3
14482136 101515072 1
14482136 114768192 3
14482136 120471452 3
60739082 61120532 1
60739082 65879882 1
60739082 68038672 1
60739082 101515072 1
60739082 114768192 1
60739082 120471452 1
61120532 65879882 2
61120532 68038672 2
61120532 101515072 1
61120532 114768192 1
61120532 120471452 1
65879882 68038672 1
65879882 101515072 1
65879882 114768192 1
65879882 120471452 1
68038672 101515072 1
68038672 114768192 2
68038672 120471452 1
101515072 114768192 1
101515072 120471452 1
114768192 120471452 2
5048824 88263102 1
14482136 88263102 1
61120532 88263102 1
5048824 6994848 1
5048824 48145772 1
5048824 101158412 1
5048824 115613262 1
6994848 14482136 1
6994848 48145772 1
6994848 61120532 1
6994848 68038672 1
6994848 101158412 1
6994848 115613262 1
14482136 48145772 1
14482136 101158412 1
14482136 115613262 1
48145772 61120532 1
48145772 68038672 1
48145772 101158412 1
48145772 115613262 1
61120532 101158412 1
61120532 115613262 1
68038672 101158412 1
68038672 115613262 1
101158412 115613262 1
5048824 10329745 1
5048824 25165902 1
5048824 118318872 1
10329745 14482136 1
10329745 25165902 1
10329745 118318872 1
10329745 120471452 1
14482136 25165902 1
14482136 118318872 1
25165902 118318872 1
25165902 120471452 1
118318872 120471452 1
5048824 9448422 1
5048824 30509222 1
5048824 117358702 1
5048824 124413492 1
9448422 14482136 1
9448422 30509222 1
9448422 61120532 1
9448422 65879882 1
9448422 117358702 1
9448422 124413492 1
14482136 30509222 1
14482136 117358702 1
14482136 124413492 1
30509222 61120532 1
30509222 65879882 1
30509222 117358702 1
30509222 124413492 1
61120532 117358702 1
61120532 124413492 1
65879882 117358702 1
65879882 124413492 1
117358702 124413492 1
4848884 5048824 2
4848884 114768192 2
4848884 7574831 1
4848884 14482136 1
4848884 68038672 1
5048824 7574831 1
7574831 14482136 1
7574831 68038672 1
7574831 114768192 1
5048824 33421192 1
14482136 33421192 1
33421192 114768192 1
33421192 120471452 1
