29918342 132732042 12722314 78555402 99487882 78721162 6752148 1334805 190038548 90674712 105062042 187056026 188686876 13644445 82013982 186956319 190880928 13668257 14259362 190126499 7147051 2621867 10539439 102072752 190560047 191143600 78705462 83371452 136266812 84378432 184414785 185744705 9841731 123993412 1988165 190922181 191184837 56282432 14416975 33642192 94573142 187659862 100936932 189245798 94204522 86719722 21573741 71145582 78702062 9047537 191188988 185268863
1334805 1988165 1
1334805 6752148 1
1334805 7147051 1
1334805 10539439 1
1334805 13644445 1
1334805 13668257 1
1334805 83371452 1
1334805 100936932 1
1334805 105062042 1
1334805 123993412 1
1334805 132732042 1
1334805 186956319 1
1334805 188686876 1
1334805 190126499 1
1988165 6752148 1
1988165 7147051 1
1988165 10539439 1
1988165 13644445 1
1988165 13668257 1
1988165 83371452 1
1988165 100936932 1
1988165 105062042 1
1988165 123993412 1
1988165 132732042 1
1988165 186956319 1
1988165 188686876 1
1988165 190126499 1
6752148 7147051 1
6752148 10539439 1
6752148 13644445 1
6752148 13668257 1
6752148 83371452 1
6752148 100936932 1
6752148 105062042 1
6752148 123993412 1
6752148 132732042 1
6752148 186956319 1
6752148 188686876 1
6752148 190126499 1
7147051 10539439 1
7147051 13644445 1
7147051 13668257 1
7147051 83371452 1
7147051 100936932 1
7147051 105062042 1
7147051 123993412 1
7147051 132732042 1
7147051 186956319 1
7147051 188686876 1
7147051 190126499 1
10539439 13644445 1
10539439 13668257 1
10539439 83371452 1
10539439 100936932 1
10539439 105062042 1
10539439 123993412 1
10539439 132732042 1
10539439 186956319 1
10539439 188686876 1
10539439 190126499 1
13644445 13668257 1
13644445 83371452 1
13644445 100936932 1
13644445 105062042 1
13644445 123993412 1
13644445 132732042 1
13644445 186956319 1
13644445 188686876 1
13644445 190126499 1
13668257 83371452 1
13668257 100936932 1
13668257 105062042 1
13668257 123993412 1
13668257 132732042 1
13668257 186956319 1
13668257 188686876 1
13668257 190126499 1
83371452 100936932 1
83371452 105062042 1
83371452 123993412 1
83371452 132732042 1
83371452 186956319 1
83371452 188686876 1
83371452 190126499 1
100936932 105062042 1
100936932 123993412 1
100936932 132732042 1
100936932 186956319 1
100936932 188686876 1
100936932 190126499 1
105062042 123993412 1
105062042 132732042 1
105062042 186956319 1
105062042 188686876 1
105062042 190126499 1
123993412 132732042 1
123993412 186956319 1
123993412 188686876 1
123993412 190126499 1
132732042 186956319 1
132732042 188686876 1
132732042 190126499 1
186956319 188686876 1
186956319 190126499 1
188686876 190126499 1
9047537 12722314 1
9047537 29918342 1
9047537 71145582 1
9047537 78555402 1
9047537 99487882 1
9047537 102072752 1
9047537 136266812 1
9047537 184414785 1
9047537 185268863 1
9047537 190038548 1
9047537 190560047 1
9047537 190880928 1
12722314 29918342 2
12722314 71145582 1
12722314 78555402 1
12722314 99487882 2
12722314 102072752 1
12722314 136266812 1
12722314 184414785 1
12722314 185268863 1
12722314 190038548 3
12722314 190560047 3
12722314 190880928 1
29918342 71145582 1
29918342 78555402 1
29918342 99487882 2
29918342 102072752 1
29918342 136266812 1
29918342 184414785 1
29918342 185268863 1
29918342 190038548 1
29918342 190560047 1
29918342 190880928 1
71145582 78555402 1
71145582 99487882 1
71145582 102072752 1
71145582 136266812 1
71145582 184414785 1
71145582 185268863 1
71145582 190038548 1
71145582 190560047 1
71145582 190880928 1
78555402 99487882 1
78555402 102072752 1
78555402 136266812 1
78555402 184414785 1
78555402 185268863 1
78555402 190038548 1
78555402 190560047 1
78555402 190880928 1
99487882 102072752 1
99487882 136266812 1
99487882 184414785 1
99487882 185268863 1
99487882 190038548 1
99487882 190560047 1
99487882 190880928 1
102072752 136266812 1
102072752 184414785 1
102072752 185268863 1
102072752 190038548 1
102072752 190560047 1
102072752 190880928 1
136266812 184414785 1
136266812 185268863 1
136266812 190038548 1
136266812 190560047 1
136266812 190880928 1
184414785 185268863 1
184414785 190038548 1
184414785 190560047 1
184414785 190880928 1
185268863 190038548 1
185268863 190560047 1
185268863 190880928 1
190038548 190560047 3
190038548 190880928 1
190560047 190880928 1
2621867 12722314 1
2621867 90674712 1
2621867 185744705 1
2621867 190038548 1
2621867 190560047 1
12722314 90674712 1
12722314 185744705 1
90674712 185744705 1
90674712 190038548 1
90674712 190560047 1
185744705 190038548 1
185744705 190560047 1
9841731 14416975 1
9841731 33642192 1
9841731 78702062 1
9841731 82013982 1
9841731 94204522 1
9841731 189245798 1
14416975 33642192 1
14416975 78702062 1
14416975 82013982 1
14416975 94204522 1
14416975 189245798 1
33642192 78702062 1
33642192 82013982 1
33642192 94204522 1
33642192 189245798 1
78702062 82013982 1
78702062 94204522 1
78702062 189245798 1
82013982 94204522 1
82013982 189245798 1
94204522 189245798 1
12722314 21573741 1
12722314 84378432 1
12722314 86719722 1
12722314 94573142 1
12722314 123993412 1
12722314 187056026 1
12722314 190922181 1
12722314 191143600 1
12722314 191184837 1
12722314 191188988 1
21573741 29918342 1
21573741 84378432 1
21573741 86719722 1
21573741 94573142 1
21573741 99487882 1
21573741 123993412 1
21573741 187056026 1
21573741 190922181 1
21573741 191143600 1
21573741 191184837 1
21573741 191188988 1
29918342 84378432 1
29918342 86719722 1
29918342 94573142 1
29918342 123993412 1
29918342 187056026 1
29918342 190922181 1
29918342 191143600 1
29918342 191184837 1
29918342 191188988 1
84378432 86719722 1
84378432 94573142 1
84378432 99487882 1
84378432 123993412 1
84378432 187056026 1
84378432 190922181 1
84378432 191143600 1
84378432 191184837 1
84378432 191188988 1
86719722 94573142 1
86719722 99487882 1
86719722 123993412 1
86719722 187056026 1
86719722 190922181 1
86719722 191143600 1
86719722 191184837 1
86719722 191188988 1
94573142 99487882 1
94573142 123993412 1
94573142 187056026 1
94573142 190922181 1
94573142 191143600 1
94573142 191184837 1
94573142 191188988 1
99487882 123993412 1
99487882 187056026 1
99487882 190922181 1
99487882 191143600 1
99487882 191184837 1
99487882 191188988 1
123993412 187056026 1
123993412 190922181 1
123993412 191143600 1
123993412 191184837 1
123993412 191188988 1
187056026 190922181 1
187056026 191143600 1
187056026 191184837 1
187056026 191188988 1
190922181 191143600 1
190922181 191184837 1
190922181 191188988 1
191143600 191184837 1
191143600 191188988 1
191184837 191188988 1
2621867 14259362 1
2621867 56282432 1
2621867 78705462 1
2621867 78721162 1
2621867 187659862 1
2621867 191143600 1
14259362 56282432 1
14259362 78705462 1
14259362 78721162 1
14259362 187659862 1
14259362 191143600 1
56282432 78705462 1
56282432 78721162 1
56282432 187659862 1
56282432 191143600 1
78705462 78721162 1
78705462 187659862 1
78705462 191143600 1
78721162 187659862 1
78721162 191143600 1
187659862 191143600 1
