86230022 89126792 11225869 77697422 8632718 55476882 174017042 82125592 83080482 161064102 119534262 8679863 82078522 156205882 45315532 114358222 96293712 43692122 33988702 39427422 123626462 40630632 9868010 165828212 163705462 81526392 104183802
11225869 77697422 2
11225869 86230022 1
11225869 96293712 1
11225869 119534262 2
11225869 161064102 1
77697422 86230022 1
77697422 96293712 1
77697422 119534262 2
77697422 161064102 1
86230022 96293712 1
86230022 119534262 1
86230022 161064102 1
96293712 119534262 2
96293712 161064102 1
119534262 161064102 1
43692122 96293712 1
8679863 9868010 1
8679863 11225869 1
8679863 55476882 1
8679863 77697422 1
8679863 82078522 1
8679863 82125592 1
8679863 83080482 1
8679863 89126792 1
8679863 104183802 1
8679863 114358222 1
8679863 119534262 1
8679863 163705462 1
8679863 165828212 1
8679863 174017042 1
9868010 11225869 1
9868010 55476882 1
9868010 77697422 1
9868010 82078522 1
9868010 82125592 1
9868010 83080482 1
9868010 89126792 1
9868010 104183802 1
9868010 114358222 1
9868010 119534262 1
9868010 163705462 1
9868010 165828212 1
9868010 174017042 1
11225869 55476882 1
11225869 82078522 1
11225869 82125592 1
11225869 83080482 1
11225869 89126792 1
11225869 104183802 1
11225869 114358222 1
11225869 163705462 1
11225869 165828212 1
11225869 174017042 1
55476882 77697422 1
55476882 82078522 1
55476882 82125592 1
55476882 83080482 1
55476882 89126792 1
55476882 104183802 1
55476882 114358222 1
55476882 119534262 1
55476882 163705462 1
55476882 165828212 1
55476882 174017042 1
77697422 82078522 1
77697422 82125592 1
77697422 83080482 1
77697422 89126792 1
77697422 104183802 1
77697422 114358222 1
77697422 163705462 1
77697422 165828212 1
77697422 174017042 1
82078522 82125592 1
82078522 83080482 1
82078522 89126792 1
82078522 104183802 1
82078522 114358222 1
82078522 119534262 1
82078522 163705462 1
82078522 165828212 1
82078522 174017042 1
82125592 83080482 1
82125592 89126792 1
82125592 104183802 1
82125592 114358222 1
82125592 119534262 1
82125592 163705462 1
82125592 165828212 1
82125592 174017042 1
83080482 89126792 1
83080482 104183802 1
83080482 114358222 1
83080482 119534262 1
83080482 163705462 1
83080482 165828212 1
83080482 174017042 1
89126792 104183802 1
89126792 114358222 1
89126792 119534262 1
89126792 163705462 1
89126792 165828212 1
89126792 174017042 1
104183802 114358222 1
104183802 119534262 1
104183802 163705462 1
104183802 165828212 1
104183802 174017042 1
114358222 119534262 1
114358222 163705462 1
114358222 165828212 1
114358222 174017042 1
119534262 163705462 1
119534262 165828212 1
119534262 174017042 1
163705462 165828212 1
163705462 174017042 1
165828212 174017042 1
33988702 39427422 1
33988702 96293712 1
33988702 156205882 1
39427422 96293712 1
39427422 156205882 1
96293712 156205882 1
8632718 40630632 1
8632718 45315532 1
8632718 81526392 1
8632718 123626462 1
40630632 45315532 1
40630632 81526392 1
40630632 123626462 1
45315532 81526392 1
45315532 123626462 1
81526392 123626462 1
