76474112 37047172 31351942 10990087 86230022 125432072 159925002 9381387 40924812 11225869 77697422 93983122 55476882 33862292 9308693 11761557 82125592 112625432 149125402 94499612 99312542 2936352 156595872 83080482 14487211 32572332 15687471 52122162 159616692 137318582 63691062 149348152 9739065 82078522 39760952 95718462 151919682 14373827 46368452 164061122 32972872 152439752 79886152 139735372 45315532 95511502 114358222 133743312 14385871 162300752 93782092 154046292 43692122 39427422 8661345 129972962 123855202 140135662 147131632 154771572 144255862 154364152 104183802 78717692 19786111
2936352 133743312 1
40924812 43692122 1
40924812 46368452 1
40924812 77697422 1
40924812 82125592 2
40924812 83080482 2
40924812 95511502 1
40924812 114358222 2
40924812 149348152 1
43692122 46368452 1
43692122 77697422 1
43692122 82125592 1
43692122 83080482 1
43692122 95511502 1
43692122 114358222 1
43692122 149348152 1
46368452 77697422 1
46368452 82125592 1
46368452 83080482 1
46368452 95511502 1
46368452 114358222 1
46368452 149348152 1
77697422 82125592 1
77697422 83080482 1
77697422 95511502 1
77697422 114358222 1
77697422 149348152 1
82125592 83080482 4
82125592 95511502 1
82125592 114358222 4
82125592 149348152 1
83080482 95511502 1
83080482 114358222 4
83080482 149348152 1
95511502 114358222 1
95511502 149348152 1
114358222 149348152 1
14373827 32972872 1
14373827 33862292 1
14373827 37047172 1
14373827 43692122 1
14373827 93983122 1
14373827 140135662 1
14373827 149125402 1
14373827 151919682 1
14373827 152439752 1
32972872 33862292 1
32972872 37047172 1
32972872 43692122 1
32972872 93983122 1
32972872 140135662 1
32972872 149125402 1
32972872 151919682 1
32972872 152439752 1
33862292 37047172 1
33862292 43692122 1
33862292 93983122 1
33862292 140135662 1
33862292 149125402 1
33862292 151919682 1
33862292 152439752 1
37047172 43692122 1
37047172 93983122 1
37047172 140135662 1
37047172 149125402 1
37047172 151919682 1
37047172 152439752 1
43692122 93983122 1
43692122 140135662 1
43692122 149125402 1
43692122 151919682 1
43692122 152439752 1
93983122 140135662 1
93983122 149125402 1
93983122 151919682 1
93983122 152439752 1
140135662 149125402 1
140135662 151919682 1
140135662 152439752 1
149125402 151919682 1
149125402 152439752 1
151919682 152439752 1
8661345 9308693 1
8661345 10990087 1
8661345 14487211 1
8661345 15687471 1
8661345 19786111 1
8661345 31351942 1
8661345 32572332 1
8661345 33862292 1
8661345 39427422 1
8661345 82125592 1
8661345 112625432 1
8661345 137318582 1
8661345 139735372 1
8661345 144255862 1
8661345 154046292 1
8661345 154364152 1
8661345 154771572 1
9308693 10990087 1
9308693 14487211 1
9308693 15687471 1
9308693 19786111 1
9308693 31351942 1
9308693 32572332 1
9308693 33862292 1
9308693 39427422 1
9308693 82125592 1
9308693 112625432 1
9308693 137318582 1
9308693 139735372 1
9308693 144255862 1
9308693 154046292 1
9308693 154364152 1
9308693 154771572 1
10990087 14487211 1
10990087 15687471 1
10990087 19786111 1
10990087 31351942 1
10990087 32572332 1
10990087 33862292 1
10990087 39427422 1
10990087 82125592 1
10990087 112625432 1
10990087 137318582 1
10990087 139735372 1
10990087 144255862 1
10990087 154046292 1
10990087 154364152 1
10990087 154771572 1
14487211 15687471 1
14487211 19786111 1
14487211 31351942 1
14487211 32572332 1
14487211 33862292 1
14487211 39427422 1
14487211 82125592 1
14487211 112625432 1
14487211 137318582 1
14487211 139735372 1
14487211 144255862 1
14487211 154046292 1
14487211 154364152 1
14487211 154771572 1
15687471 19786111 1
15687471 31351942 1
15687471 32572332 1
15687471 33862292 1
15687471 39427422 1
15687471 82125592 1
15687471 112625432 1
15687471 137318582 1
15687471 139735372 1
15687471 144255862 1
15687471 154046292 1
15687471 154364152 1
15687471 154771572 1
19786111 31351942 1
19786111 32572332 1
19786111 33862292 1
19786111 39427422 1
19786111 82125592 1
19786111 112625432 1
19786111 137318582 1
19786111 139735372 1
19786111 144255862 1
19786111 154046292 1
19786111 154364152 1
19786111 154771572 1
31351942 32572332 1
31351942 33862292 1
31351942 39427422 1
31351942 82125592 1
31351942 112625432 1
31351942 137318582 1
31351942 139735372 1
31351942 144255862 1
31351942 154046292 1
31351942 154364152 1
31351942 154771572 1
32572332 33862292 1
32572332 39427422 1
32572332 82125592 1
32572332 112625432 1
32572332 137318582 1
32572332 139735372 1
32572332 144255862 1
32572332 154046292 1
32572332 154364152 1
32572332 154771572 1
33862292 39427422 1
33862292 82125592 1
33862292 112625432 1
33862292 137318582 1
33862292 139735372 1
33862292 144255862 1
33862292 154046292 1
33862292 154364152 1
33862292 154771572 1
39427422 82125592 1
39427422 112625432 1
39427422 137318582 1
39427422 139735372 1
39427422 144255862 1
39427422 154046292 1
39427422 154364152 1
39427422 154771572 1
82125592 112625432 1
82125592 137318582 1
82125592 139735372 2
82125592 144255862 1
82125592 154046292 1
82125592 154364152 1
82125592 154771572 1
112625432 137318582 1
112625432 139735372 1
112625432 144255862 1
112625432 154046292 1
112625432 154364152 1
112625432 154771572 1
137318582 139735372 1
137318582 144255862 1
137318582 154046292 1
137318582 154364152 1
137318582 154771572 1
139735372 144255862 1
139735372 154046292 1
139735372 154364152 1
139735372 154771572 1
144255862 154046292 1
144255862 154364152 1
144255862 154771572 1
154046292 154364152 1
154046292 154771572 1
154364152 154771572 1
2936352 77697422 1
2936352 129972962 1
2936352 154364152 1
2936352 156595872 1
77697422 129972962 1
77697422 154364152 1
77697422 156595872 1
129972962 154364152 1
129972962 156595872 1
154364152 156595872 1
82125592 104183802 3
82125592 129972962 1
82125592 147131632 1
83080482 104183802 3
83080482 129972962 1
83080482 147131632 1
104183802 114358222 3
104183802 129972962 1
104183802 147131632 1
114358222 129972962 1
114358222 147131632 1
129972962 147131632 1
9381387 9739065 1
9381387 40924812 1
9381387 45315532 1
9381387 52122162 1
9381387 63691062 1
9381387 82078522 1
9381387 82125592 1
9381387 83080482 1
9381387 86230022 1
9381387 104183802 1
9381387 114358222 1
9381387 125432072 1
9381387 139735372 1
9739065 40924812 1
9739065 45315532 1
9739065 52122162 1
9739065 63691062 1
9739065 82078522 1
9739065 82125592 1
9739065 83080482 1
9739065 86230022 1
9739065 104183802 1
9739065 114358222 1
9739065 125432072 1
9739065 139735372 1
40924812 45315532 1
40924812 52122162 1
40924812 63691062 1
40924812 82078522 1
40924812 86230022 1
40924812 104183802 1
40924812 125432072 1
40924812 139735372 1
45315532 52122162 1
45315532 63691062 1
45315532 82078522 1
45315532 82125592 1
45315532 83080482 1
45315532 86230022 1
45315532 104183802 1
45315532 114358222 1
45315532 125432072 1
45315532 139735372 1
52122162 63691062 1
52122162 82078522 1
52122162 82125592 2
52122162 83080482 2
52122162 86230022 1
52122162 104183802 2
52122162 114358222 2
52122162 125432072 1
52122162 139735372 1
63691062 82078522 1
63691062 82125592 1
63691062 83080482 1
63691062 86230022 1
63691062 104183802 1
63691062 114358222 1
63691062 125432072 1
63691062 139735372 1
82078522 82125592 1
82078522 83080482 1
82078522 86230022 1
82078522 104183802 1
82078522 114358222 1
82078522 125432072 1
82078522 139735372 1
82125592 86230022 1
82125592 125432072 1
83080482 86230022 1
83080482 125432072 1
83080482 139735372 1
86230022 104183802 1
86230022 114358222 1
86230022 125432072 1
86230022 139735372 1
104183802 125432072 1
104183802 139735372 1
114358222 125432072 1
114358222 139735372 1
125432072 139735372 1
11225869 11761557 1
11225869 14385871 1
11225869 39760952 1
11225869 76474112 1
11225869 77697422 1
11225869 94499612 2
11225869 159616692 1
11225869 162300752 1
11761557 14385871 1
11761557 39760952 1
11761557 76474112 1
11761557 77697422 1
11761557 94499612 1
11761557 159616692 1
11761557 162300752 1
14385871 39760952 1
14385871 76474112 1
14385871 77697422 1
14385871 94499612 1
14385871 159616692 1
14385871 162300752 1
39760952 76474112 1
39760952 77697422 1
39760952 94499612 1
39760952 159616692 1
39760952 162300752 1
76474112 77697422 1
76474112 94499612 1
76474112 159616692 1
76474112 162300752 1
77697422 94499612 1
77697422 159616692 1
77697422 162300752 1
94499612 159616692 1
94499612 162300752 1
159616692 162300752 1
11225869 52122162 1
11225869 55476882 1
11225869 78717692 1
11225869 79886152 1
11225869 82125592 1
11225869 83080482 1
11225869 93782092 1
11225869 95718462 1
11225869 99312542 1
11225869 104183802 1
11225869 114358222 1
11225869 123855202 1
11225869 159925002 1
11225869 164061122 1
52122162 55476882 1
52122162 78717692 1
52122162 79886152 1
52122162 93782092 1
52122162 94499612 1
52122162 95718462 1
52122162 99312542 1
52122162 123855202 1
52122162 159925002 1
52122162 164061122 1
55476882 78717692 1
55476882 79886152 1
55476882 82125592 1
55476882 83080482 1
55476882 93782092 1
55476882 94499612 1
55476882 95718462 1
55476882 99312542 1
55476882 104183802 1
55476882 114358222 1
55476882 123855202 1
55476882 159925002 1
55476882 164061122 1
78717692 79886152 1
78717692 82125592 1
78717692 83080482 1
78717692 93782092 1
78717692 94499612 1
78717692 95718462 1
78717692 99312542 1
78717692 104183802 1
78717692 114358222 1
78717692 123855202 1
78717692 159925002 1
78717692 164061122 1
79886152 82125592 1
79886152 83080482 1
79886152 93782092 1
79886152 94499612 1
79886152 95718462 1
79886152 99312542 1
79886152 104183802 1
79886152 114358222 1
79886152 123855202 1
79886152 159925002 1
79886152 164061122 1
82125592 93782092 1
82125592 94499612 1
82125592 95718462 1
82125592 99312542 1
82125592 123855202 1
82125592 159925002 1
82125592 164061122 1
83080482 93782092 1
83080482 94499612 1
83080482 95718462 1
83080482 99312542 1
83080482 123855202 1
83080482 159925002 1
83080482 164061122 1
93782092 94499612 1
93782092 95718462 1
93782092 99312542 1
93782092 104183802 1
93782092 114358222 1
93782092 123855202 1
93782092 159925002 1
93782092 164061122 1
94499612 95718462 1
94499612 99312542 1
94499612 104183802 1
94499612 114358222 1
94499612 123855202 1
94499612 159925002 1
94499612 164061122 1
95718462 99312542 1
95718462 104183802 1
95718462 114358222 1
95718462 123855202 1
95718462 159925002 1
95718462 164061122 1
99312542 104183802 1
99312542 114358222 1
99312542 123855202 1
99312542 159925002 1
99312542 164061122 1
104183802 123855202 1
104183802 159925002 1
104183802 164061122 1
114358222 123855202 1
114358222 159925002 1
114358222 164061122 1
123855202 159925002 1
123855202 164061122 1
159925002 164061122 1
