146236422 2654219 121694732 14070800 183099923 58394652 77947422 11174942 156804132 182576164 71040552 119636522 1794114 187456582 184205898 191323211 59072592 185237074 93001812 94606422 32741992 53682792 191752299 5795454 22590591 8300673 23326361 227998 185162400 176793762 49456292 189055143 51743912 190146737 129323702 105988792 183147193 40733372 36115132 69148872 189529290 31589582 10881746 185212118 56465632 112145122 183446251 27035382 53283582 104148742 96048392 182526219 85348112 176273682 17207061 182792986 118801692 160324892 140476702 182096162 34336052 158432052 92201792 4117828 188830532 158106462 6231905 27717482 190882667 186863979 88490882 161861002 70394252 11563405 32495502 9397135 125458832 14230932 183913876 119590812 183107491 68473252 188072365 1916855 67225022 191572929 117183942 31178182 189452750 187380695 147057112 187615197 74197492 155971062 178262522 188678143
227998 1794114 1
227998 1916855 1
227998 2654219 1
227998 4117828 2
227998 5795454 2
227998 8300673 2
227998 10881746 2
227998 11563405 2
227998 14070800 1
227998 14230932 2
227998 17207061 1
227998 27035382 1
227998 40733372 1
227998 53283582 1
227998 59072592 1
227998 67225022 2
227998 68473252 2
227998 69148872 2
227998 70394252 2
227998 71040552 1
227998 85348112 2
227998 92201792 2
227998 96048392 2
227998 104148742 2
227998 105988792 2
227998 112145122 2
227998 117183942 1
227998 119636522 1
227998 140476702 2
227998 146236422 1
227998 176273682 1
227998 178262522 2
227998 184205898 1
227998 185237074 2
227998 188072365 1
227998 188678143 1
227998 189055143 2
1794114 1916855 1
1794114 2654219 4
1794114 4117828 4
1794114 5795454 4
1794114 8300673 4
1794114 10881746 4
1794114 11563405 4
1794114 14070800 4
1794114 14230932 4
1794114 17207061 4
1794114 27035382 3
1794114 40733372 2
1794114 53283582 3
1794114 59072592 4
1794114 67225022 1
1794114 68473252 1
1794114 69148872 4
1794114 70394252 1
1794114 71040552 4
1794114 85348112 4
1794114 92201792 4
1794114 96048392 4
1794114 104148742 1
1794114 105988792 4
1794114 112145122 4
1794114 117183942 1
1794114 119636522 3
1794114 140476702 3
1794114 146236422 4
1794114 176273682 2
1794114 178262522 1
1794114 184205898 1
1794114 185237074 4
1794114 188072365 4
1794114 188678143 4
1794114 189055143 4
1916855 2654219 1
1916855 4117828 1
1916855 5795454 1
1916855 8300673 1
1916855 10881746 1
1916855 11563405 1
1916855 14070800 1
1916855 14230932 1
1916855 17207061 1
1916855 27035382 1
1916855 40733372 1
1916855 53283582 1
1916855 59072592 1
1916855 67225022 1
1916855 68473252 1
1916855 69148872 1
1916855 70394252 1
1916855 71040552 1
1916855 85348112 1
1916855 92201792 1
1916855 96048392 1
1916855 104148742 1
1916855 105988792 1
1916855 112145122 1
1916855 117183942 1
1916855 119636522 1
1916855 140476702 1
1916855 146236422 1
1916855 176273682 1
1916855 178262522 1
1916855 184205898 1
1916855 185237074 1
1916855 188072365 1
1916855 188678143 1
1916855 189055143 1
2654219 4117828 4
2654219 5795454 4
2654219 8300673 4
2654219 10881746 4
2654219 11563405 4
2654219 14070800 4
2654219 14230932 4
2654219 17207061 4
2654219 27035382 3
2654219 40733372 2
2654219 53283582 3
2654219 59072592 4
2654219 67225022 1
2654219 68473252 1
2654219 69148872 4
2654219 70394252 1
2654219 71040552 4
2654219 85348112 4
2654219 92201792 4
2654219 96048392 4
2654219 104148742 1
2654219 105988792 4
2654219 112145122 4
2654219 117183942 1
2654219 119636522 3
2654219 140476702 3
2654219 146236422 4
2654219 176273682 2
2654219 178262522 1
2654219 184205898 1
2654219 185237074 4
2654219 188072365 4
2654219 188678143 4
2654219 189055143 4
4117828 5795454 8
4117828 8300673 9
4117828 10881746 9
4117828 11563405 5
4117828 14070800 4
4117828 14230932 6
4117828 17207061 4
4117828 27035382 3
4117828 40733372 3
4117828 53283582 3
4117828 59072592 4
4117828 67225022 5
4117828 68473252 4
4117828 69148872 8
4117828 70394252 3
4117828 71040552 5
4117828 85348112 9
4117828 92201792 8
4117828 96048392 9
4117828 104148742 4
4117828 105988792 9
4117828 112145122 8
4117828 117183942 1
4117828 119636522 3
4117828 140476702 6
4117828 146236422 5
4117828 176273682 3
4117828 178262522 4
4117828 184205898 1
4117828 185237074 9
4117828 188072365 6
4117828 188678143 4
4117828 189055143 7
5795454 8300673 8
5795454 10881746 8
5795454 11563405 5
5795454 14070800 4
5795454 14230932 6
5795454 17207061 4
5795454 27035382 3
5795454 40733372 3
5795454 53283582 3
5795454 59072592 4
5795454 67225022 4
5795454 68473252 3
5795454 69148872 7
5795454 70394252 3
5795454 71040552 4
5795454 85348112 8
5795454 92201792 8
5795454 96048392 8
5795454 104148742 4
5795454 105988792 8
5795454 112145122 7
5795454 117183942 1
5795454 119636522 3
5795454 140476702 6
5795454 146236422 4
5795454 176273682 3
5795454 178262522 4
5795454 184205898 1
5795454 185237074 8
5795454 188072365 6
5795454 188678143 4
5795454 189055143 7
8300673 10881746 10
8300673 11563405 5
8300673 14070800 4
8300673 14230932 7
8300673 17207061 4
8300673 27035382 3
8300673 40733372 3
8300673 53283582 3
8300673 59072592 4
8300673 67225022 6
8300673 68473252 4
8300673 69148872 9
8300673 70394252 4
8300673 71040552 5
8300673 85348112 10
8300673 92201792 9
8300673 96048392 10
8300673 104148742 5
8300673 105988792 10
8300673 112145122 9
8300673 117183942 1
8300673 119636522 3
8300673 140476702 7
8300673 146236422 5
8300673 176273682 4
8300673 178262522 5
8300673 184205898 1
8300673 185237074 10
8300673 188072365 7
8300673 188678143 4
8300673 189055143 8
10881746 11563405 5
10881746 14070800 4
10881746 14230932 7
10881746 17207061 4
10881746 27035382 3
10881746 40733372 3
10881746 53283582 3
10881746 59072592 4
10881746 67225022 6
10881746 68473252 4
10881746 69148872 9
10881746 70394252 4
10881746 71040552 5
10881746 85348112 10
10881746 92201792 9
10881746 96048392 10
10881746 104148742 5
10881746 105988792 10
10881746 112145122 9
10881746 117183942 1
10881746 119636522 3
10881746 140476702 7
10881746 146236422 5
10881746 176273682 4
10881746 178262522 5
10881746 184205898 1
10881746 185237074 10
10881746 188072365 7
10881746 188678143 4
10881746 189055143 8
11563405 14070800 4
11563405 14230932 5
11563405 17207061 4
11563405 27035382 3
11563405 40733372 2
11563405 53283582 3
11563405 59072592 4
11563405 67225022 2
11563405 68473252 2
11563405 69148872 5
11563405 70394252 2
11563405 71040552 4
11563405 85348112 5
11563405 92201792 5
11563405 96048392 5
11563405 104148742 2
11563405 105988792 5
11563405 112145122 5
11563405 117183942 1
11563405 119636522 3
11563405 140476702 4
11563405 146236422 4
11563405 176273682 2
11563405 178262522 2
11563405 184205898 1
11563405 185237074 5
11563405 188072365 4
11563405 188678143 4
11563405 189055143 5
14070800 14230932 4
14070800 17207061 4
14070800 27035382 3
14070800 40733372 2
14070800 53283582 3
14070800 59072592 4
14070800 67225022 1
14070800 68473252 1
14070800 69148872 4
14070800 70394252 1
14070800 71040552 4
14070800 85348112 4
14070800 92201792 4
14070800 96048392 4
14070800 104148742 1
14070800 105988792 4
14070800 112145122 4
14070800 117183942 1
14070800 119636522 3
14070800 140476702 3
14070800 146236422 4
14070800 176273682 2
14070800 178262522 1
14070800 184205898 1
14070800 185237074 4
14070800 188072365 4
14070800 188678143 4
14070800 189055143 4
14230932 17207061 4
14230932 27035382 3
14230932 40733372 2
14230932 53283582 3
14230932 59072592 4
14230932 67225022 3
14230932 68473252 2
14230932 69148872 6
14230932 70394252 3
14230932 71040552 4
14230932 85348112 7
14230932 92201792 7
14230932 96048392 7
14230932 104148742 4
14230932 105988792 7
14230932 112145122 7
14230932 117183942 1
14230932 119636522 3
14230932 140476702 6
14230932 146236422 4
14230932 176273682 3
14230932 178262522 4
14230932 184205898 1
14230932 185237074 7
14230932 188072365 6
14230932 188678143 4
14230932 189055143 7
17207061 27035382 3
17207061 40733372 2
17207061 53283582 3
17207061 59072592 4
17207061 67225022 1
17207061 68473252 1
17207061 69148872 4
17207061 70394252 1
17207061 71040552 4
17207061 85348112 4
17207061 92201792 4
17207061 96048392 4
17207061 104148742 1
17207061 105988792 4
17207061 112145122 4
17207061 117183942 1
17207061 119636522 3
17207061 140476702 3
17207061 146236422 4
17207061 176273682 2
17207061 178262522 1
17207061 184205898 1
17207061 185237074 4
17207061 188072365 4
17207061 188678143 4
17207061 189055143 4
27035382 40733372 2
27035382 53283582 3
27035382 59072592 3
27035382 67225022 1
27035382 68473252 1
27035382 69148872 3
27035382 70394252 1
27035382 71040552 3
27035382 85348112 3
27035382 92201792 3
27035382 96048392 3
27035382 104148742 1
27035382 105988792 3
27035382 112145122 3
27035382 117183942 1
27035382 119636522 2
27035382 140476702 3
27035382 146236422 3
27035382 176273682 2
27035382 178262522 1
27035382 184205898 1
27035382 185237074 3
27035382 188072365 3
27035382 188678143 3
27035382 189055143 3
40733372 53283582 2
40733372 59072592 2
40733372 67225022 2
40733372 68473252 1
40733372 69148872 3
40733372 70394252 1
40733372 71040552 2
40733372 85348112 3
40733372 92201792 3
40733372 96048392 3
40733372 104148742 2
40733372 105988792 3
40733372 112145122 3
40733372 117183942 1
40733372 119636522 1
40733372 140476702 3
40733372 146236422 2
40733372 176273682 3
40733372 178262522 2
40733372 184205898 1
40733372 185237074 3
40733372 188072365 3
40733372 188678143 2
40733372 189055143 3
53283582 59072592 3
53283582 67225022 1
53283582 68473252 1
53283582 69148872 3
53283582 70394252 1
53283582 71040552 3
53283582 85348112 3
53283582 92201792 3
53283582 96048392 3
53283582 104148742 1
53283582 105988792 3
53283582 112145122 3
53283582 117183942 1
53283582 119636522 2
53283582 140476702 3
53283582 146236422 3
53283582 176273682 2
53283582 178262522 1
53283582 184205898 1
53283582 185237074 3
53283582 188072365 3
53283582 188678143 3
53283582 189055143 3
59072592 67225022 1
59072592 68473252 1
59072592 69148872 4
59072592 70394252 1
59072592 71040552 4
59072592 85348112 4
59072592 92201792 4
59072592 96048392 4
59072592 104148742 1
59072592 105988792 4
59072592 112145122 4
59072592 117183942 1
59072592 119636522 3
59072592 140476702 3
59072592 146236422 4
59072592 176273682 2
59072592 178262522 1
59072592 184205898 1
59072592 185237074 4
59072592 188072365 4
59072592 188678143 4
59072592 189055143 4
67225022 68473252 4
67225022 69148872 6
67225022 70394252 4
67225022 71040552 2
67225022 85348112 6
67225022 92201792 5
67225022 96048392 6
67225022 104148742 4
67225022 105988792 6
67225022 112145122 5
67225022 117183942 1
67225022 119636522 1
67225022 140476702 4
67225022 146236422 2
67225022 176273682 3
67225022 178262522 4
67225022 184205898 1
67225022 185237074 6
67225022 188072365 3
67225022 188678143 1
67225022 189055143 4
68473252 69148872 4
68473252 70394252 3
68473252 71040552 2
68473252 85348112 4
68473252 92201792 3
68473252 96048392 4
68473252 104148742 2
68473252 105988792 4
68473252 112145122 3
68473252 117183942 1
68473252 119636522 1
68473252 140476702 2
68473252 146236422 2
68473252 176273682 1
68473252 178262522 2
68473252 184205898 1
68473252 185237074 4
68473252 188072365 1
68473252 188678143 1
68473252 189055143 2
69148872 70394252 4
69148872 71040552 5
69148872 85348112 9
69148872 92201792 8
69148872 96048392 9
69148872 104148742 4
69148872 105988792 9
69148872 112145122 8
69148872 117183942 1
69148872 119636522 3
69148872 140476702 6
69148872 146236422 5
69148872 176273682 4
69148872 178262522 4
69148872 184205898 1
69148872 185237074 9
69148872 188072365 6
69148872 188678143 4
69148872 189055143 7
70394252 71040552 1
70394252 85348112 4
70394252 92201792 4
70394252 96048392 4
70394252 104148742 3
70394252 105988792 4
70394252 112145122 3
70394252 117183942 1
70394252 119636522 1
70394252 140476702 3
70394252 146236422 1
70394252 176273682 2
70394252 178262522 3
70394252 184205898 1
70394252 185237074 4
70394252 188072365 2
70394252 188678143 1
70394252 189055143 3
71040552 85348112 5
71040552 92201792 4
71040552 96048392 5
71040552 104148742 1
71040552 105988792 5
71040552 112145122 5
71040552 117183942 1
71040552 119636522 3
71040552 140476702 3
71040552 146236422 5
71040552 176273682 2
71040552 178262522 1
71040552 184205898 1
71040552 185237074 5
71040552 188072365 4
71040552 188678143 4
71040552 189055143 4
85348112 92201792 9
85348112 96048392 10
85348112 104148742 5
85348112 105988792 10
85348112 112145122 9
85348112 117183942 1
85348112 119636522 3
85348112 140476702 7
85348112 146236422 5
85348112 176273682 4
85348112 178262522 5
85348112 184205898 1
85348112 185237074 10
85348112 188072365 7
85348112 188678143 4
85348112 189055143 8
92201792 96048392 9
92201792 104148742 5
92201792 105988792 9
92201792 112145122 8
92201792 117183942 1
92201792 119636522 3
92201792 140476702 7
92201792 146236422 4
92201792 176273682 4
92201792 178262522 5
92201792 184205898 1
92201792 185237074 9
92201792 188072365 7
92201792 188678143 4
92201792 189055143 8
96048392 104148742 5
96048392 105988792 10
96048392 112145122 9
96048392 117183942 1
96048392 119636522 3
96048392 140476702 7
96048392 146236422 5
96048392 176273682 4
96048392 178262522 5
96048392 184205898 1
96048392 185237074 10
96048392 188072365 7
96048392 188678143 4
96048392 189055143 8
104148742 105988792 5
104148742 112145122 5
104148742 117183942 1
104148742 119636522 1
104148742 140476702 5
104148742 146236422 1
104148742 176273682 3
104148742 178262522 5
104148742 184205898 1
104148742 185237074 5
104148742 188072365 4
104148742 188678143 1
104148742 189055143 5
105988792 112145122 9
105988792 117183942 1
105988792 119636522 3
105988792 140476702 7
105988792 146236422 5
105988792 176273682 4
105988792 178262522 5
105988792 184205898 1
105988792 185237074 10
105988792 188072365 7
105988792 188678143 4
105988792 189055143 8
112145122 117183942 1
112145122 119636522 3
112145122 140476702 7
112145122 146236422 5
112145122 176273682 4
112145122 178262522 5
112145122 184205898 1
112145122 185237074 9
112145122 188072365 7
112145122 188678143 4
112145122 189055143 8
117183942 119636522 1
117183942 140476702 1
117183942 146236422 1
117183942 176273682 1
117183942 178262522 1
117183942 184205898 1
117183942 185237074 1
117183942 188072365 1
117183942 188678143 1
117183942 189055143 1
119636522 140476702 2
119636522 146236422 3
119636522 176273682 1
119636522 178262522 1
119636522 184205898 1
119636522 185237074 3
119636522 188072365 3
119636522 188678143 3
119636522 189055143 3
140476702 146236422 3
140476702 176273682 4
140476702 178262522 5
140476702 184205898 1
140476702 185237074 7
140476702 188072365 6
140476702 188678143 3
140476702 189055143 7
146236422 176273682 2
146236422 178262522 1
146236422 184205898 1
146236422 185237074 5
146236422 188072365 4
146236422 188678143 4
146236422 189055143 4
176273682 178262522 3
176273682 184205898 1
176273682 185237074 4
176273682 188072365 4
176273682 188678143 2
176273682 189055143 4
178262522 184205898 1
178262522 185237074 5
178262522 188072365 4
178262522 188678143 1
178262522 189055143 5
184205898 185237074 1
184205898 188072365 1
184205898 188678143 1
184205898 189055143 1
185237074 188072365 7
185237074 188678143 4
185237074 189055143 8
188072365 188678143 4
188072365 189055143 7
188678143 189055143 4
227998 22590591 1
227998 23326361 1
227998 31178182 1
227998 31589582 1
227998 32741992 1
227998 53682792 1
227998 94606422 1
227998 155971062 1
227998 176793762 1
227998 182096162 1
227998 182792986 1
227998 183099923 1
227998 183107491 1
227998 183913876 1
227998 187456582 1
227998 188830532 1
4117828 22590591 7
4117828 23326361 1
4117828 31178182 3
4117828 31589582 2
4117828 32741992 6
4117828 53682792 1
4117828 94606422 5
4117828 155971062 4
4117828 176793762 2
4117828 182096162 5
4117828 182792986 2
4117828 183099923 4
4117828 183107491 1
4117828 183913876 1
4117828 187456582 1
4117828 188830532 5
5795454 22590591 6
5795454 23326361 1
5795454 31178182 3
5795454 31589582 2
5795454 32741992 6
5795454 53682792 1
5795454 94606422 4
5795454 155971062 3
5795454 176793762 2
5795454 182096162 5
5795454 182792986 2
5795454 183099923 4
5795454 183107491 1
5795454 183913876 1
5795454 187456582 1
5795454 188830532 5
8300673 22590591 8
8300673 23326361 1
8300673 31178182 4
8300673 31589582 2
8300673 32741992 6
8300673 53682792 2
8300673 94606422 6
8300673 155971062 5
8300673 176793762 3
8300673 182096162 6
8300673 182792986 3
8300673 183099923 4
8300673 183107491 1
8300673 183913876 1
8300673 187456582 1
8300673 188830532 6
10881746 22590591 8
10881746 23326361 1
10881746 31178182 4
10881746 31589582 2
10881746 32741992 6
10881746 53682792 2
10881746 94606422 6
10881746 155971062 5
10881746 176793762 3
10881746 182096162 6
10881746 182792986 3
10881746 183099923 4
10881746 183107491 1
10881746 183913876 1
10881746 187456582 1
10881746 188830532 6
11563405 22590591 3
11563405 23326361 1
11563405 31178182 1
11563405 31589582 1
11563405 32741992 4
11563405 53682792 1
11563405 94606422 3
11563405 155971062 1
11563405 176793762 1
11563405 182096162 3
11563405 182792986 1
11563405 183099923 3
11563405 183107491 1
11563405 183913876 1
11563405 187456582 1
11563405 188830532 3
14230932 22590591 5
14230932 23326361 1
14230932 31178182 3
14230932 31589582 1
14230932 32741992 5
14230932 53682792 2
14230932 94606422 4
14230932 155971062 3
14230932 176793762 2
14230932 182096162 5
14230932 182792986 3
14230932 183099923 4
14230932 183107491 1
14230932 183913876 1
14230932 187456582 1
14230932 188830532 5
22590591 23326361 1
22590591 31178182 4
22590591 31589582 2
22590591 32741992 5
22590591 53682792 2
22590591 67225022 5
22590591 68473252 3
22590591 69148872 7
22590591 70394252 3
22590591 85348112 8
22590591 92201792 7
22590591 94606422 5
22590591 96048392 8
22590591 104148742 4
22590591 105988792 8
22590591 112145122 7
22590591 140476702 6
22590591 155971062 5
22590591 176793762 3
22590591 178262522 4
22590591 182096162 5
22590591 182792986 3
22590591 183099923 4
22590591 183107491 1
22590591 183913876 1
22590591 185237074 8
22590591 187456582 1
22590591 188830532 6
22590591 189055143 6
23326361 31178182 1
23326361 31589582 1
23326361 32741992 1
23326361 53682792 1
23326361 67225022 1
23326361 68473252 1
23326361 69148872 1
23326361 70394252 1
23326361 85348112 1
23326361 92201792 1
23326361 94606422 1
23326361 96048392 1
23326361 104148742 1
23326361 105988792 1
23326361 112145122 1
23326361 140476702 1
23326361 155971062 1
23326361 176793762 1
23326361 178262522 1
23326361 182096162 1
23326361 182792986 1
23326361 183099923 1
23326361 183107491 1
23326361 183913876 1
23326361 185237074 1
23326361 187456582 1
23326361 188830532 1
23326361 189055143 1
31178182 31589582 1
31178182 32741992 3
31178182 53682792 2
31178182 67225022 3
31178182 68473252 1
31178182 69148872 3
31178182 70394252 2
31178182 85348112 4
31178182 92201792 4
31178182 94606422 3
31178182 96048392 4
31178182 104148742 4
31178182 105988792 4
31178182 112145122 4
31178182 140476702 4
31178182 155971062 4
31178182 176793762 3
31178182 178262522 4
31178182 182096162 4
31178182 182792986 3
31178182 183099923 2
31178182 183107491 1
31178182 183913876 1
31178182 185237074 4
31178182 187456582 1
31178182 188830532 4
31178182 189055143 4
31589582 32741992 1
31589582 53682792 1
31589582 67225022 2
31589582 68473252 2
31589582 69148872 2
31589582 70394252 2
31589582 85348112 2
31589582 92201792 2
31589582 94606422 1
31589582 96048392 2
31589582 104148742 1
31589582 105988792 2
31589582 112145122 1
31589582 140476702 1
31589582 155971062 1
31589582 176793762 1
31589582 178262522 1
31589582 182096162 1
31589582 182792986 1
31589582 183099923 1
31589582 183107491 1
31589582 183913876 1
31589582 185237074 2
31589582 187456582 1
31589582 188830532 1
31589582 189055143 1
32741992 53682792 1
32741992 67225022 2
32741992 68473252 1
32741992 69148872 5
32741992 70394252 1
32741992 85348112 6
32741992 92201792 6
32741992 94606422 4
32741992 96048392 6
32741992 104148742 3
32741992 105988792 6
32741992 112145122 6
32741992 140476702 5
32741992 155971062 3
32741992 176793762 2
32741992 178262522 3
32741992 182096162 5
32741992 182792986 2
32741992 183099923 4
32741992 183107491 1
32741992 183913876 1
32741992 185237074 6
32741992 187456582 1
32741992 188830532 5
32741992 189055143 6
53682792 67225022 2
53682792 68473252 1
53682792 69148872 2
53682792 70394252 2
53682792 85348112 2
53682792 92201792 2
53682792 94606422 2
53682792 96048392 2
53682792 104148742 2
53682792 105988792 2
53682792 112145122 2
53682792 140476702 2
53682792 155971062 2
53682792 176793762 2
53682792 178262522 2
53682792 182096162 2
53682792 182792986 2
53682792 183099923 1
53682792 183107491 1
53682792 183913876 1
53682792 185237074 2
53682792 187456582 1
53682792 188830532 2
53682792 189055143 2
67225022 94606422 4
67225022 155971062 4
67225022 176793762 3
67225022 182096162 3
67225022 182792986 2
67225022 183099923 1
67225022 183107491 1
67225022 183913876 1
67225022 187456582 1
67225022 188830532 3
68473252 94606422 2
68473252 155971062 2
68473252 176793762 1
68473252 182096162 1
68473252 182792986 1
68473252 183099923 1
68473252 183107491 1
68473252 183913876 1
68473252 187456582 1
68473252 188830532 1
69148872 94606422 6
69148872 155971062 4
69148872 176793762 3
69148872 182096162 5
69148872 182792986 2
69148872 183099923 3
69148872 183107491 1
69148872 183913876 1
69148872 187456582 1
69148872 188830532 5
70394252 94606422 2
70394252 155971062 2
70394252 176793762 2
70394252 182096162 2
70394252 182792986 2
70394252 183099923 1
70394252 183107491 1
70394252 183913876 1
70394252 187456582 1
70394252 188830532 2
85348112 94606422 6
85348112 155971062 5
85348112 176793762 3
85348112 182096162 6
85348112 182792986 3
85348112 183099923 4
85348112 183107491 1
85348112 183913876 1
85348112 187456582 1
85348112 188830532 6
92201792 94606422 5
92201792 155971062 4
92201792 176793762 3
92201792 182096162 6
92201792 182792986 3
92201792 183099923 4
92201792 183107491 1
92201792 183913876 1
92201792 187456582 1
92201792 188830532 6
94606422 96048392 6
94606422 104148742 3
94606422 105988792 6
94606422 112145122 6
94606422 140476702 4
94606422 155971062 4
94606422 176793762 3
94606422 178262522 3
94606422 182096162 4
94606422 182792986 2
94606422 183099923 2
94606422 183107491 1
94606422 183913876 1
94606422 185237074 6
94606422 187456582 1
94606422 188830532 4
94606422 189055143 5
96048392 155971062 5
96048392 176793762 3
96048392 182096162 6
96048392 182792986 3
96048392 183099923 4
96048392 183107491 1
96048392 183913876 1
96048392 187456582 1
96048392 188830532 6
104148742 155971062 4
104148742 176793762 3
104148742 182096162 4
104148742 182792986 3
104148742 183099923 2
104148742 183107491 1
104148742 183913876 1
104148742 187456582 1
104148742 188830532 4
105988792 155971062 5
105988792 176793762 3
105988792 182096162 6
105988792 182792986 3
105988792 183099923 4
105988792 183107491 1
105988792 183913876 1
105988792 187456582 1
105988792 188830532 6
112145122 155971062 5
112145122 176793762 3
112145122 182096162 6
112145122 182792986 3
112145122 183099923 4
112145122 183107491 1
112145122 183913876 1
112145122 187456582 1
112145122 188830532 6
140476702 155971062 4
140476702 176793762 3
140476702 182096162 5
140476702 182792986 3
140476702 183099923 4
140476702 183107491 1
140476702 183913876 1
140476702 187456582 1
140476702 188830532 6
155971062 176793762 3
155971062 178262522 4
155971062 182096162 4
155971062 182792986 3
155971062 183099923 2
155971062 183107491 1
155971062 183913876 1
155971062 185237074 5
155971062 187456582 1
155971062 188830532 4
155971062 189055143 4
176793762 178262522 3
176793762 182096162 3
176793762 182792986 2
176793762 183099923 1
176793762 183107491 1
176793762 183913876 1
176793762 185237074 3
176793762 187456582 1
176793762 188830532 3
176793762 189055143 3
178262522 182096162 4
178262522 182792986 3
178262522 183099923 2
178262522 183107491 1
178262522 183913876 1
178262522 187456582 1
178262522 188830532 4
182096162 182792986 3
182096162 183099923 3
182096162 183107491 1
182096162 183913876 1
182096162 185237074 6
182096162 187456582 1
182096162 188830532 5
182096162 189055143 6
182792986 183099923 2
182792986 183107491 1
182792986 183913876 1
182792986 185237074 3
182792986 187456582 1
182792986 188830532 3
182792986 189055143 3
183099923 183107491 1
183099923 183913876 1
183099923 185237074 4
183099923 187456582 1
183099923 188830532 4
183099923 189055143 4
183107491 183913876 1
183107491 185237074 1
183107491 187456582 1
183107491 188830532 1
183107491 189055143 1
183913876 185237074 1
183913876 187456582 1
183913876 188830532 1
183913876 189055143 1
185237074 187456582 1
185237074 188830532 6
187456582 188830532 1
187456582 189055143 1
188830532 189055143 6
1794114 6231905 2
1794114 22590591 2
1794114 32741992 3
1794114 156804132 2
1794114 182096162 2
1794114 183099923 2
1794114 185162400 3
1794114 188830532 2
1794114 189452750 1
1794114 190146737 1
1794114 190882667 2
2654219 6231905 2
2654219 22590591 2
2654219 32741992 3
2654219 156804132 2
2654219 182096162 2
2654219 183099923 2
2654219 185162400 3
2654219 188830532 2
2654219 189452750 1
2654219 190146737 1
2654219 190882667 2
4117828 6231905 2
4117828 156804132 2
4117828 185162400 3
4117828 189452750 1
4117828 190146737 1
4117828 190882667 4
5795454 6231905 2
5795454 156804132 2
5795454 185162400 3
5795454 189452750 1
5795454 190146737 1
5795454 190882667 4
6231905 8300673 2
6231905 10881746 2
6231905 11563405 2
6231905 14070800 2
6231905 14230932 2
6231905 17207061 2
6231905 22590591 1
6231905 27035382 1
6231905 32741992 2
6231905 40733372 1
6231905 53283582 1
6231905 59072592 2
6231905 69148872 2
6231905 71040552 2
6231905 85348112 2
6231905 92201792 2
6231905 96048392 2
6231905 105988792 2
6231905 112145122 2
6231905 140476702 1
6231905 146236422 2
6231905 156804132 1
6231905 176273682 1
6231905 182096162 2
6231905 183099923 1
6231905 185162400 2
6231905 185237074 2
6231905 188072365 2
6231905 188678143 2
6231905 188830532 1
6231905 189055143 2
6231905 189452750 1
6231905 190146737 1
6231905 190882667 1
8300673 156804132 2
8300673 185162400 3
8300673 189452750 1
8300673 190146737 1
8300673 190882667 4
10881746 156804132 2
10881746 185162400 3
10881746 189452750 1
10881746 190146737 1
10881746 190882667 4
11563405 156804132 2
11563405 185162400 3
11563405 189452750 1
11563405 190146737 1
11563405 190882667 2
14070800 22590591 2
14070800 32741992 3
14070800 156804132 2
14070800 182096162 2
14070800 183099923 2
14070800 185162400 3
14070800 188830532 2
14070800 189452750 1
14070800 190146737 1
14070800 190882667 2
14230932 156804132 2
14230932 185162400 3
14230932 189452750 1
14230932 190146737 1
14230932 190882667 3
17207061 22590591 2
17207061 32741992 3
17207061 156804132 2
17207061 182096162 2
17207061 183099923 2
17207061 185162400 3
17207061 188830532 2
17207061 189452750 1
17207061 190146737 1
17207061 190882667 2
22590591 27035382 2
22590591 40733372 2
22590591 53283582 2
22590591 59072592 2
22590591 71040552 3
22590591 146236422 3
22590591 156804132 2
22590591 176273682 3
22590591 185162400 2
22590591 188072365 5
22590591 188678143 2
22590591 189452750 1
22590591 190146737 1
22590591 190882667 4
27035382 32741992 2
27035382 156804132 2
27035382 182096162 1
27035382 183099923 2
27035382 185162400 2
27035382 188830532 2
27035382 189452750 1
27035382 190146737 1
27035382 190882667 2
32741992 40733372 2
32741992 53283582 2
32741992 59072592 3
32741992 71040552 3
32741992 146236422 3
32741992 156804132 2
32741992 176273682 2
32741992 185162400 3
32741992 188072365 5
32741992 188678143 3
32741992 189452750 1
32741992 190146737 1
32741992 190882667 4
40733372 156804132 1
40733372 182096162 2
40733372 183099923 1
40733372 185162400 1
40733372 188830532 2
40733372 189452750 1
40733372 190146737 1
40733372 190882667 2
53283582 156804132 2
53283582 182096162 1
53283582 183099923 2
53283582 185162400 2
53283582 188830532 2
53283582 189452750 1
53283582 190146737 1
53283582 190882667 2
59072592 156804132 2
59072592 182096162 2
59072592 183099923 2
59072592 185162400 3
59072592 188830532 2
59072592 189452750 1
59072592 190146737 1
59072592 190882667 2
69148872 156804132 2
69148872 185162400 3
69148872 189452750 1
69148872 190146737 1
69148872 190882667 3
71040552 156804132 2
71040552 182096162 2
71040552 183099923 2
71040552 185162400 3
71040552 188830532 2
71040552 189452750 1
71040552 190146737 1
71040552 190882667 2
85348112 156804132 2
85348112 185162400 3
85348112 189452750 1
85348112 190146737 1
85348112 190882667 4
92201792 156804132 2
92201792 185162400 3
92201792 189452750 1
92201792 190146737 1
92201792 190882667 4
96048392 156804132 2
96048392 185162400 3
96048392 189452750 1
96048392 190146737 1
96048392 190882667 4
105988792 156804132 2
105988792 185162400 3
105988792 189452750 1
105988792 190146737 1
105988792 190882667 4
112145122 156804132 2
112145122 185162400 3
112145122 189452750 1
112145122 190146737 1
112145122 190882667 4
140476702 156804132 2
140476702 185162400 2
140476702 189452750 1
140476702 190146737 1
140476702 190882667 4
146236422 156804132 2
146236422 182096162 2
146236422 183099923 2
146236422 185162400 3
146236422 188830532 2
146236422 189452750 1
146236422 190146737 1
146236422 190882667 2
156804132 176273682 1
156804132 182096162 1
156804132 183099923 2
156804132 185162400 2
156804132 185237074 2
156804132 188072365 2
156804132 188678143 2
156804132 188830532 2
156804132 189055143 2
156804132 189452750 1
156804132 190146737 1
156804132 190882667 2
176273682 182096162 3
176273682 183099923 1
176273682 185162400 1
176273682 188830532 3
176273682 189452750 1
176273682 190146737 1
176273682 190882667 2
182096162 185162400 2
182096162 188072365 5
182096162 188678143 2
182096162 189452750 1
182096162 190146737 1
182096162 190882667 3
183099923 185162400 2
183099923 188072365 3
183099923 188678143 2
183099923 189452750 1
183099923 190146737 1
183099923 190882667 3
185162400 185237074 3
185162400 188072365 3
185162400 188678143 3
185162400 188830532 2
185162400 189055143 3
185162400 189452750 1
185162400 190146737 1
185162400 190882667 2
185237074 189452750 1
185237074 190146737 1
185237074 190882667 4
188072365 188830532 5
188072365 189452750 1
188072365 190146737 1
188072365 190882667 4
188678143 188830532 2
188678143 189452750 1
188678143 190146737 1
188678143 190882667 2
188830532 189452750 1
188830532 190146737 1
188830532 190882667 4
189055143 189452750 1
189055143 190146737 1
189055143 190882667 4
189452750 190146737 1
189452750 190882667 1
190146737 190882667 1
4117828 9397135 3
4117828 32495502 2
4117828 34336052 2
4117828 51743912 3
4117828 56465632 3
4117828 58394652 3
4117828 88490882 1
4117828 118801692 4
4117828 125458832 1
4117828 158106462 2
4117828 182576164 2
4117828 186863979 1
5795454 9397135 3
5795454 32495502 2
5795454 34336052 1
5795454 51743912 2
5795454 56465632 3
5795454 58394652 2
5795454 88490882 1
5795454 118801692 3
5795454 125458832 1
5795454 158106462 2
5795454 182576164 2
5795454 186863979 1
8300673 9397135 3
8300673 32495502 2
8300673 34336052 3
8300673 51743912 3
8300673 56465632 3
8300673 58394652 3
8300673 88490882 2
8300673 118801692 5
8300673 125458832 1
8300673 158106462 3
8300673 182576164 2
8300673 186863979 1
9397135 10881746 3
9397135 22590591 3
9397135 31178182 1
9397135 32495502 2
9397135 32741992 2
9397135 34336052 1
9397135 40733372 1
9397135 51743912 2
9397135 56465632 1
9397135 58394652 2
9397135 67225022 2
9397135 69148872 3
9397135 85348112 3
9397135 88490882 1
9397135 92201792 3
9397135 94606422 2
9397135 96048392 3
9397135 104148742 1
9397135 105988792 3
9397135 112145122 2
9397135 118801692 1
9397135 125458832 1
9397135 140476702 2
9397135 155971062 1
9397135 158106462 1
9397135 176273682 1
9397135 176793762 1
9397135 178262522 1
9397135 182096162 1
9397135 182576164 1
9397135 185237074 3
9397135 186863979 1
9397135 188072365 2
9397135 188830532 2
9397135 189055143 2
9397135 190882667 2
10881746 32495502 2
10881746 34336052 3
10881746 51743912 3
10881746 56465632 3
10881746 58394652 3
10881746 88490882 2
10881746 118801692 5
10881746 125458832 1
10881746 158106462 3
10881746 182576164 2
10881746 186863979 1
22590591 32495502 2
22590591 34336052 3
22590591 51743912 3
22590591 56465632 2
22590591 58394652 3
22590591 88490882 2
22590591 118801692 4
22590591 125458832 1
22590591 158106462 3
22590591 182576164 2
22590591 186863979 1
31178182 32495502 1
31178182 34336052 2
31178182 40733372 1
31178182 51743912 1
31178182 56465632 2
31178182 58394652 1
31178182 88490882 2
31178182 118801692 3
31178182 125458832 1
31178182 158106462 3
31178182 176273682 2
31178182 182576164 2
31178182 186863979 1
31178182 188072365 3
31178182 190882667 2
32495502 32741992 2
32495502 34336052 1
32495502 40733372 1
32495502 51743912 1
32495502 56465632 1
32495502 58394652 1
32495502 67225022 1
32495502 69148872 2
32495502 85348112 2
32495502 88490882 1
32495502 92201792 2
32495502 94606422 2
32495502 96048392 2
32495502 104148742 1
32495502 105988792 2
32495502 112145122 2
32495502 118801692 1
32495502 125458832 1
32495502 140476702 2
32495502 155971062 1
32495502 158106462 1
32495502 176273682 1
32495502 176793762 1
32495502 178262522 1
32495502 182096162 1
32495502 182576164 1
32495502 185237074 2
32495502 186863979 1
32495502 188072365 2
32495502 188830532 2
32495502 189055143 2
32495502 190882667 2
32741992 34336052 1
32741992 51743912 1
32741992 56465632 3
32741992 58394652 1
32741992 88490882 1
32741992 118801692 3
32741992 125458832 1
32741992 158106462 2
32741992 182576164 2
32741992 186863979 1
34336052 40733372 1
34336052 51743912 2
34336052 56465632 1
34336052 58394652 2
34336052 67225022 3
34336052 69148872 3
34336052 85348112 3
34336052 88490882 2
34336052 92201792 2
34336052 94606422 3
34336052 96048392 3
34336052 104148742 2
34336052 105988792 3
34336052 112145122 3
34336052 118801692 3
34336052 125458832 1
34336052 140476702 2
34336052 155971062 3
34336052 158106462 2
34336052 176273682 2
34336052 176793762 2
34336052 178262522 2
34336052 182096162 2
34336052 182576164 1
34336052 185237074 3
34336052 186863979 1
34336052 188072365 2
34336052 188830532 2
34336052 189055143 2
34336052 190882667 1
40733372 51743912 1
40733372 56465632 1
40733372 58394652 1
40733372 88490882 1
40733372 94606422 1
40733372 118801692 1
40733372 125458832 1
40733372 155971062 1
40733372 158106462 1
40733372 176793762 1
40733372 182576164 1
40733372 186863979 1
51743912 56465632 1
51743912 58394652 3
51743912 67225022 3
51743912 69148872 3
51743912 85348112 3
51743912 88490882 1
51743912 92201792 2
51743912 94606422 2
51743912 96048392 3
51743912 104148742 1
51743912 105988792 3
51743912 112145122 2
51743912 118801692 2
51743912 125458832 1
51743912 140476702 1
51743912 155971062 2
51743912 158106462 1
51743912 176273682 1
51743912 176793762 1
51743912 178262522 1
51743912 182096162 1
51743912 182576164 1
51743912 185237074 3
51743912 186863979 1
51743912 188072365 1
51743912 188830532 1
51743912 189055143 1
51743912 190882667 1
56465632 58394652 1
56465632 67225022 1
56465632 69148872 2
56465632 85348112 3
56465632 88490882 1
56465632 92201792 3
56465632 94606422 2
56465632 96048392 3
56465632 104148742 2
56465632 105988792 3
56465632 112145122 3
56465632 118801692 3
56465632 125458832 1
56465632 140476702 2
56465632 155971062 2
56465632 158106462 2
56465632 176273682 1
56465632 176793762 1
56465632 178262522 2
56465632 182096162 3
56465632 182576164 2
56465632 185237074 3
56465632 186863979 1
56465632 188072365 3
56465632 188830532 2
56465632 189055143 3
56465632 190882667 2
58394652 67225022 3
58394652 69148872 3
58394652 85348112 3
58394652 88490882 1
58394652 92201792 2
58394652 94606422 2
58394652 96048392 3
58394652 104148742 1
58394652 105988792 3
58394652 112145122 2
58394652 118801692 2
58394652 125458832 1
58394652 140476702 1
58394652 155971062 2
58394652 158106462 1
58394652 176273682 1
58394652 176793762 1
58394652 178262522 1
58394652 182096162 1
58394652 182576164 1
58394652 185237074 3
58394652 186863979 1
58394652 188072365 1
58394652 188830532 1
58394652 189055143 1
58394652 190882667 1
67225022 88490882 2
67225022 118801692 3
67225022 125458832 1
67225022 158106462 2
67225022 182576164 1
67225022 186863979 1
67225022 190882667 1
69148872 88490882 2
69148872 118801692 4
69148872 125458832 1
69148872 158106462 2
69148872 182576164 1
69148872 186863979 1
85348112 88490882 2
85348112 118801692 5
85348112 125458832 1
85348112 158106462 3
85348112 182576164 2
85348112 186863979 1
88490882 92201792 2
88490882 94606422 2
88490882 96048392 2
88490882 104148742 2
88490882 105988792 2
88490882 112145122 2
88490882 118801692 2
88490882 125458832 1
88490882 140476702 2
88490882 155971062 2
88490882 158106462 2
88490882 176273682 2
88490882 176793762 2
88490882 178262522 2
88490882 182096162 2
88490882 182576164 1
88490882 185237074 2
88490882 186863979 1
88490882 188072365 2
88490882 188830532 2
88490882 189055143 2
88490882 190882667 1
92201792 118801692 4
92201792 125458832 1
92201792 158106462 3
92201792 182576164 2
92201792 186863979 1
94606422 118801692 4
94606422 125458832 1
94606422 158106462 2
94606422 176273682 2
94606422 182576164 1
94606422 186863979 1
94606422 188072365 4
94606422 190882667 2
96048392 118801692 5
96048392 125458832 1
96048392 158106462 3
96048392 182576164 2
96048392 186863979 1
104148742 118801692 3
104148742 125458832 1
104148742 158106462 3
104148742 182576164 2
104148742 186863979 1
104148742 190882667 2
105988792 118801692 5
105988792 125458832 1
105988792 158106462 3
105988792 182576164 2
105988792 186863979 1
112145122 118801692 5
112145122 125458832 1
112145122 158106462 3
112145122 182576164 2
112145122 186863979 1
118801692 125458832 1
118801692 140476702 3
118801692 155971062 4
118801692 158106462 3
118801692 176273682 2
118801692 176793762 2
118801692 178262522 3
118801692 182096162 4
118801692 182576164 2
118801692 185237074 5
118801692 186863979 1
118801692 188072365 4
118801692 188830532 3
118801692 189055143 4
118801692 190882667 2
125458832 140476702 1
125458832 155971062 1
125458832 158106462 1
125458832 176273682 1
125458832 176793762 1
125458832 178262522 1
125458832 182096162 1
125458832 182576164 1
125458832 185237074 1
125458832 186863979 1
125458832 188072365 1
125458832 188830532 1
125458832 189055143 1
125458832 190882667 1
140476702 158106462 3
140476702 182576164 2
140476702 186863979 1
155971062 158106462 3
155971062 176273682 2
155971062 182576164 2
155971062 186863979 1
155971062 188072365 3
155971062 190882667 2
158106462 176273682 2
158106462 176793762 2
158106462 178262522 3
158106462 182096162 3
158106462 182576164 2
158106462 185237074 3
158106462 186863979 1
158106462 188072365 3
158106462 188830532 3
158106462 189055143 3
158106462 190882667 2
176273682 176793762 2
176273682 182576164 1
176273682 186863979 1
176793762 182576164 1
176793762 186863979 1
176793762 188072365 2
176793762 190882667 1
178262522 182576164 2
178262522 186863979 1
178262522 190882667 2
182096162 182576164 2
182096162 186863979 1
182576164 185237074 2
182576164 186863979 1
182576164 188072365 2
182576164 188830532 2
182576164 189055143 2
182576164 190882667 2
185237074 186863979 1
186863979 188072365 1
186863979 188830532 1
186863979 189055143 1
186863979 190882667 1
4117828 36115132 1
4117828 77947422 5
5795454 36115132 1
5795454 77947422 4
8300673 36115132 1
8300673 77947422 6
9397135 31589582 1
9397135 36115132 1
9397135 68473252 1
9397135 70394252 1
9397135 77947422 2
10881746 36115132 1
10881746 77947422 6
22590591 36115132 1
22590591 77947422 5
31589582 36115132 1
31589582 51743912 1
31589582 58394652 1
31589582 77947422 1
36115132 51743912 1
36115132 58394652 1
36115132 67225022 1
36115132 68473252 1
36115132 69148872 1
36115132 70394252 1
36115132 77947422 1
36115132 85348112 1
36115132 92201792 1
36115132 96048392 1
36115132 105988792 1
36115132 185237074 1
51743912 68473252 2
51743912 70394252 1
51743912 77947422 2
58394652 68473252 2
58394652 70394252 1
58394652 77947422 2
67225022 77947422 3
68473252 77947422 2
69148872 77947422 5
70394252 77947422 2
77947422 85348112 6
77947422 92201792 5
77947422 96048392 6
77947422 105988792 6
77947422 185237074 6
1794114 9397135 1
1794114 32495502 1
1794114 77947422 2
1794114 94606422 2
1794114 129323702 1
1794114 147057112 1
1794114 191323211 2
2654219 9397135 1
2654219 32495502 1
2654219 77947422 2
2654219 94606422 2
2654219 129323702 1
2654219 147057112 1
2654219 191323211 2
4117828 129323702 1
4117828 147057112 1
4117828 191323211 4
5795454 129323702 1
5795454 147057112 1
5795454 191323211 3
8300673 129323702 1
8300673 147057112 2
8300673 191323211 5
9397135 11563405 1
9397135 14070800 1
9397135 14230932 1
9397135 17207061 1
9397135 27035382 1
9397135 53283582 1
9397135 59072592 1
9397135 71040552 1
9397135 119636522 1
9397135 129323702 1
9397135 146236422 1
9397135 147057112 1
9397135 156804132 1
9397135 183099923 1
9397135 185162400 1
9397135 188678143 1
9397135 191323211 1
10881746 129323702 1
10881746 147057112 2
10881746 191323211 5
11563405 32495502 1
11563405 77947422 2
11563405 129323702 1
11563405 147057112 1
11563405 191323211 2
14070800 32495502 1
14070800 77947422 2
14070800 94606422 2
14070800 129323702 1
14070800 147057112 1
14070800 191323211 2
14230932 32495502 1
14230932 77947422 4
14230932 129323702 1
14230932 147057112 2
14230932 191323211 4
17207061 32495502 1
17207061 77947422 2
17207061 94606422 2
17207061 129323702 1
17207061 147057112 1
17207061 191323211 2
22590591 119636522 1
22590591 129323702 1
22590591 147057112 2
22590591 191323211 4
27035382 32495502 1
27035382 77947422 1
27035382 94606422 1
27035382 129323702 1
27035382 147057112 1
27035382 191323211 1
32495502 53283582 1
32495502 59072592 1
32495502 71040552 1
32495502 77947422 1
32495502 119636522 1
32495502 129323702 1
32495502 146236422 1
32495502 147057112 1
32495502 156804132 1
32495502 183099923 1
32495502 185162400 1
32495502 188678143 1
32495502 191323211 1
32741992 77947422 3
32741992 119636522 2
32741992 129323702 1
32741992 147057112 1
32741992 191323211 3
53283582 77947422 1
53283582 94606422 1
53283582 129323702 1
53283582 147057112 1
53283582 191323211 1
59072592 77947422 2
59072592 94606422 2
59072592 129323702 1
59072592 147057112 1
59072592 191323211 2
69148872 129323702 1
69148872 147057112 2
69148872 191323211 4
71040552 77947422 3
71040552 94606422 3
71040552 129323702 1
71040552 147057112 1
71040552 191323211 3
77947422 94606422 4
77947422 112145122 5
77947422 119636522 2
77947422 129323702 1
77947422 140476702 3
77947422 146236422 3
77947422 147057112 2
77947422 156804132 1
77947422 183099923 2
77947422 185162400 2
77947422 188072365 4
77947422 188678143 2
77947422 188830532 3
77947422 189055143 4
77947422 190882667 2
77947422 191323211 5
85348112 129323702 1
85348112 147057112 2
85348112 191323211 5
92201792 129323702 1
92201792 147057112 2
92201792 191323211 4
94606422 119636522 2
94606422 129323702 1
94606422 146236422 3
94606422 147057112 2
94606422 156804132 1
94606422 185162400 2
94606422 188678143 2
94606422 191323211 4
96048392 129323702 1
96048392 147057112 2
96048392 191323211 5
105988792 129323702 1
105988792 147057112 2
105988792 191323211 5
112145122 129323702 1
112145122 147057112 2
112145122 191323211 5
119636522 129323702 1
119636522 147057112 1
119636522 156804132 1
119636522 183099923 1
119636522 185162400 2
119636522 188830532 1
119636522 190882667 1
119636522 191323211 2
129323702 140476702 1
129323702 146236422 1
129323702 147057112 1
129323702 156804132 1
129323702 183099923 1
129323702 185162400 1
129323702 185237074 1
129323702 188072365 1
129323702 188678143 1
129323702 188830532 1
129323702 189055143 1
129323702 190882667 1
129323702 191323211 1
140476702 147057112 2
140476702 191323211 3
146236422 147057112 1
146236422 191323211 3
147057112 156804132 1
147057112 183099923 1
147057112 185162400 1
147057112 185237074 2
147057112 188072365 2
147057112 188678143 1
147057112 188830532 2
147057112 189055143 2
147057112 190882667 1
147057112 191323211 2
156804132 191323211 1
183099923 191323211 2
185162400 191323211 2
185237074 191323211 5
188072365 191323211 4
188678143 191323211 2
188830532 191323211 3
189055143 191323211 4
190882667 191323211 2
4117828 49456292 1
4117828 158432052 1
4117828 185212118 1
4117828 187380695 1
4117828 189529290 1
5795454 49456292 1
5795454 158432052 1
5795454 185212118 1
5795454 187380695 1
5795454 189529290 1
8300673 49456292 2
8300673 158432052 1
8300673 185212118 1
8300673 187380695 1
8300673 189529290 1
10881746 49456292 2
10881746 158432052 1
10881746 185212118 1
10881746 187380695 1
10881746 189529290 1
14230932 49456292 2
14230932 56465632 2
14230932 118801692 3
14230932 158106462 2
14230932 158432052 1
14230932 182576164 1
14230932 185212118 1
14230932 187380695 1
14230932 189529290 1
22590591 49456292 2
22590591 158432052 1
22590591 185212118 1
22590591 187380695 1
22590591 189529290 1
31178182 49456292 2
31178182 77947422 2
31178182 158432052 1
31178182 185212118 1
31178182 187380695 1
31178182 189529290 1
31178182 191323211 2
32741992 49456292 1
32741992 158432052 1
32741992 185212118 1
32741992 187380695 1
32741992 189529290 1
49456292 56465632 1
49456292 77947422 2
49456292 85348112 2
49456292 92201792 2
49456292 96048392 2
49456292 104148742 2
49456292 105988792 2
49456292 112145122 2
49456292 118801692 2
49456292 140476702 2
49456292 155971062 2
49456292 158106462 2
49456292 158432052 1
49456292 178262522 2
49456292 182096162 2
49456292 182576164 1
49456292 182792986 2
49456292 183099923 1
49456292 185212118 1
49456292 185237074 2
49456292 187380695 1
49456292 188072365 2
49456292 188830532 2
49456292 189055143 2
49456292 189529290 1
49456292 190882667 1
49456292 191323211 2
56465632 77947422 2
56465632 158432052 1
56465632 182792986 1
56465632 183099923 1
56465632 185212118 1
56465632 187380695 1
56465632 189529290 1
56465632 191323211 2
77947422 104148742 2
77947422 118801692 4
77947422 155971062 3
77947422 158106462 2
77947422 158432052 1
77947422 178262522 2
77947422 182096162 3
77947422 182576164 1
77947422 182792986 2
77947422 185212118 1
77947422 187380695 1
77947422 189529290 1
85348112 158432052 1
85348112 185212118 1
85348112 187380695 1
85348112 189529290 1
92201792 158432052 1
92201792 185212118 1
92201792 187380695 1
92201792 189529290 1
96048392 158432052 1
96048392 185212118 1
96048392 187380695 1
96048392 189529290 1
104148742 158432052 1
104148742 185212118 1
104148742 187380695 1
104148742 189529290 1
104148742 191323211 2
105988792 158432052 1
105988792 185212118 1
105988792 187380695 1
105988792 189529290 1
112145122 158432052 1
112145122 185212118 1
112145122 187380695 1
112145122 189529290 1
118801692 158432052 1
118801692 182792986 2
118801692 183099923 1
118801692 185212118 1
118801692 187380695 1
118801692 189529290 1
118801692 191323211 4
140476702 158432052 1
140476702 185212118 1
140476702 187380695 1
140476702 189529290 1
155971062 158432052 1
155971062 185212118 1
155971062 187380695 1
155971062 189529290 1
155971062 191323211 3
158106462 158432052 1
158106462 182792986 2
158106462 183099923 1
158106462 185212118 1
158106462 187380695 1
158106462 189529290 1
158106462 191323211 2
158432052 178262522 1
158432052 182096162 1
158432052 182576164 1
158432052 182792986 1
158432052 183099923 1
158432052 185212118 1
158432052 185237074 1
158432052 187380695 1
158432052 188072365 1
158432052 188830532 1
158432052 189055143 1
158432052 189529290 1
158432052 190882667 1
158432052 191323211 1
178262522 185212118 1
178262522 187380695 1
178262522 189529290 1
178262522 191323211 2
182096162 185212118 1
182096162 187380695 1
182096162 189529290 1
182096162 191323211 3
182576164 182792986 1
182576164 183099923 1
182576164 185212118 1
182576164 187380695 1
182576164 189529290 1
182576164 191323211 1
182792986 185212118 1
182792986 187380695 1
182792986 188072365 2
182792986 189529290 1
182792986 190882667 1
182792986 191323211 2
183099923 185212118 1
183099923 187380695 1
183099923 189529290 1
185212118 185237074 1
185212118 187380695 1
185212118 188072365 1
185212118 188830532 1
185212118 189055143 1
185212118 189529290 1
185212118 190882667 1
185212118 191323211 1
185237074 187380695 1
185237074 189529290 1
187380695 188072365 1
187380695 188830532 1
187380695 189055143 1
187380695 189529290 1
187380695 190882667 1
187380695 191323211 1
188072365 189529290 1
188830532 189529290 1
189055143 189529290 1
189529290 190882667 1
189529290 191323211 1
4117828 74197492 2
4117828 93001812 1
4117828 121694732 1
4117828 160324892 1
4117828 191572929 1
8300673 74197492 2
8300673 93001812 1
8300673 121694732 1
8300673 160324892 1
8300673 191572929 1
10881746 74197492 2
10881746 93001812 1
10881746 121694732 1
10881746 160324892 1
10881746 191572929 1
22590591 74197492 1
22590591 93001812 1
22590591 121694732 1
22590591 160324892 1
22590591 191572929 1
34336052 68473252 1
34336052 71040552 1
34336052 74197492 1
34336052 77947422 2
34336052 93001812 1
34336052 121694732 1
34336052 146236422 1
34336052 160324892 1
34336052 191323211 2
34336052 191572929 1
51743912 71040552 1
51743912 74197492 1
51743912 93001812 1
51743912 121694732 1
51743912 146236422 1
51743912 160324892 1
51743912 191323211 1
51743912 191572929 1
58394652 71040552 1
58394652 74197492 1
58394652 93001812 1
58394652 121694732 1
58394652 146236422 1
58394652 160324892 1
58394652 191323211 1
58394652 191572929 1
67225022 74197492 1
67225022 93001812 1
67225022 121694732 1
67225022 160324892 1
67225022 191323211 2
67225022 191572929 1
68473252 74197492 1
68473252 93001812 1
68473252 118801692 1
68473252 121694732 1
68473252 160324892 1
68473252 191323211 1
68473252 191572929 1
69148872 74197492 2
69148872 93001812 1
69148872 121694732 1
69148872 160324892 1
69148872 191572929 1
71040552 74197492 2
71040552 93001812 1
71040552 118801692 2
71040552 121694732 1
71040552 155971062 1
71040552 160324892 1
71040552 191572929 1
74197492 77947422 2
74197492 85348112 2
74197492 93001812 1
74197492 94606422 2
74197492 96048392 2
74197492 105988792 2
74197492 112145122 2
74197492 118801692 2
74197492 121694732 1
74197492 146236422 2
74197492 155971062 1
74197492 160324892 1
74197492 185237074 2
74197492 191323211 2
74197492 191572929 1
77947422 93001812 1
77947422 121694732 1
77947422 160324892 1
77947422 191572929 1
85348112 93001812 1
85348112 121694732 1
85348112 160324892 1
85348112 191572929 1
93001812 94606422 1
93001812 96048392 1
93001812 105988792 1
93001812 112145122 1
93001812 118801692 1
93001812 121694732 1
93001812 146236422 1
93001812 155971062 1
93001812 160324892 1
93001812 185237074 1
93001812 191323211 1
93001812 191572929 1
94606422 121694732 1
94606422 160324892 1
94606422 191572929 1
96048392 121694732 1
96048392 160324892 1
96048392 191572929 1
105988792 121694732 1
105988792 160324892 1
105988792 191572929 1
112145122 121694732 1
112145122 160324892 1
112145122 191572929 1
118801692 121694732 1
118801692 146236422 2
118801692 160324892 1
118801692 191572929 1
121694732 146236422 1
121694732 155971062 1
121694732 160324892 1
121694732 185237074 1
121694732 191323211 1
121694732 191572929 1
146236422 155971062 1
146236422 160324892 1
146236422 191572929 1
155971062 160324892 1
155971062 191572929 1
160324892 185237074 1
160324892 191323211 1
160324892 191572929 1
185237074 191572929 1
191323211 191572929 1
1794114 27717482 1
1794114 56465632 1
1794114 74197492 1
1794114 118801692 1
1794114 119590812 1
1794114 183147193 1
1794114 191752299 1
2654219 27717482 1
2654219 56465632 1
2654219 74197492 1
2654219 118801692 1
2654219 119590812 1
2654219 183147193 1
2654219 191752299 1
4117828 27717482 1
4117828 119590812 1
4117828 183147193 1
4117828 191752299 1
5795454 27717482 1
5795454 74197492 1
5795454 119590812 1
5795454 183147193 1
5795454 191752299 1
6231905 27717482 1
6231905 56465632 1
6231905 74197492 1
6231905 77947422 1
6231905 94606422 1
6231905 118801692 1
6231905 119590812 1
6231905 119636522 1
6231905 183147193 1
6231905 191323211 1
6231905 191752299 1
8300673 27717482 2
8300673 119590812 1
8300673 183147193 1
8300673 191752299 2
10881746 27717482 2
10881746 119590812 1
10881746 183147193 1
10881746 191752299 2
11563405 27717482 1
11563405 56465632 1
11563405 74197492 1
11563405 118801692 1
11563405 119590812 1
11563405 183147193 1
11563405 191752299 1
14070800 27717482 1
14070800 56465632 1
14070800 74197492 1
14070800 118801692 1
14070800 119590812 1
14070800 183147193 1
14070800 191752299 1
14230932 27717482 2
14230932 74197492 1
14230932 119590812 1
14230932 183147193 1
14230932 191752299 2
17207061 27717482 1
17207061 56465632 1
17207061 74197492 1
17207061 118801692 1
17207061 119590812 1
17207061 183147193 1
17207061 191752299 1
27717482 32741992 1
27717482 56465632 1
27717482 59072592 1
27717482 69148872 2
27717482 71040552 1
27717482 74197492 1
27717482 77947422 2
27717482 85348112 2
27717482 92201792 2
27717482 94606422 2
27717482 96048392 2
27717482 105988792 2
27717482 112145122 2
27717482 118801692 2
27717482 119590812 1
27717482 119636522 1
27717482 146236422 1
27717482 182096162 2
27717482 183147193 1
27717482 185162400 1
27717482 185237074 2
27717482 188072365 2
27717482 188678143 1
27717482 189055143 2
27717482 191323211 2
27717482 191752299 2
32741992 74197492 1
32741992 119590812 1
32741992 183147193 1
32741992 191752299 1
56465632 59072592 1
56465632 71040552 1
56465632 74197492 1
56465632 119590812 1
56465632 119636522 1
56465632 146236422 1
56465632 183147193 1
56465632 185162400 1
56465632 188678143 1
56465632 191752299 1
59072592 74197492 1
59072592 118801692 1
59072592 119590812 1
59072592 183147193 1
59072592 191752299 1
69148872 119590812 1
69148872 183147193 1
69148872 191752299 2
71040552 119590812 1
71040552 183147193 1
71040552 191752299 1
74197492 92201792 1
74197492 119590812 1
74197492 119636522 1
74197492 182096162 1
74197492 183147193 1
74197492 185162400 1
74197492 188072365 1
74197492 188678143 1
74197492 189055143 1
74197492 191752299 1
77947422 119590812 1
77947422 183147193 1
77947422 191752299 2
85348112 119590812 1
85348112 183147193 1
85348112 191752299 2
92201792 119590812 1
92201792 183147193 1
92201792 191752299 2
94606422 119590812 1
94606422 183147193 1
94606422 191752299 2
96048392 119590812 1
96048392 183147193 1
96048392 191752299 2
105988792 119590812 1
105988792 183147193 1
105988792 191752299 2
112145122 119590812 1
112145122 183147193 1
112145122 191752299 2
118801692 119590812 1
118801692 119636522 1
118801692 183147193 1
118801692 185162400 1
118801692 188678143 1
118801692 191752299 2
119590812 119636522 1
119590812 146236422 1
119590812 182096162 1
119590812 183147193 1
119590812 185162400 1
119590812 185237074 1
119590812 188072365 1
119590812 188678143 1
119590812 189055143 1
119590812 191323211 1
119590812 191752299 1
119636522 182096162 1
119636522 183147193 1
119636522 191752299 1
146236422 183147193 1
146236422 191752299 1
182096162 183147193 1
182096162 191752299 2
183147193 185162400 1
183147193 185237074 1
183147193 188072365 1
183147193 188678143 1
183147193 189055143 1
183147193 191323211 1
183147193 191752299 1
185162400 191752299 1
185237074 191752299 2
188072365 191752299 2
188678143 191752299 1
189055143 191752299 2
191323211 191752299 2
8300673 11174942 1
8300673 161861002 1
8300673 182526219 1
8300673 183446251 1
8300673 187615197 1
10881746 11174942 1
10881746 161861002 1
10881746 182526219 1
10881746 183446251 1
10881746 187615197 1
11174942 14230932 1
11174942 22590591 1
11174942 27717482 1
11174942 31178182 1
11174942 34336052 1
11174942 49456292 1
11174942 53682792 1
11174942 67225022 1
11174942 69148872 1
11174942 70394252 1
11174942 77947422 1
11174942 85348112 1
11174942 88490882 1
11174942 92201792 1
11174942 94606422 1
11174942 96048392 1
11174942 104148742 1
11174942 105988792 1
11174942 112145122 1
11174942 118801692 1
11174942 140476702 1
11174942 147057112 1
11174942 155971062 1
11174942 158106462 1
11174942 161861002 1
11174942 176273682 1
11174942 176793762 1
11174942 178262522 1
11174942 182096162 1
11174942 182526219 1
11174942 182792986 1
11174942 183446251 1
11174942 185237074 1
11174942 187615197 1
11174942 188072365 1
11174942 188830532 1
11174942 189055143 1
11174942 191323211 1
11174942 191752299 1
14230932 34336052 1
14230932 88490882 1
14230932 161861002 1
14230932 182526219 1
14230932 183446251 1
14230932 187615197 1
22590591 27717482 1
22590591 161861002 1
22590591 182526219 1
22590591 183446251 1
22590591 187615197 1
22590591 191752299 1
27717482 31178182 1
27717482 34336052 1
27717482 49456292 1
27717482 53682792 1
27717482 67225022 1
27717482 70394252 1
27717482 88490882 1
27717482 104148742 1
27717482 140476702 1
27717482 147057112 1
27717482 155971062 1
27717482 158106462 1
27717482 161861002 1
27717482 176273682 1
27717482 176793762 1
27717482 178262522 1
27717482 182526219 1
27717482 182792986 1
27717482 183446251 1
27717482 187615197 1
27717482 188830532 1
31178182 147057112 1
31178182 161861002 1
31178182 182526219 1
31178182 183446251 1
31178182 187615197 1
31178182 191752299 1
34336052 49456292 1
34336052 53682792 1
34336052 70394252 1
34336052 147057112 1
34336052 161861002 1
34336052 182526219 1
34336052 182792986 1
34336052 183446251 1
34336052 187615197 1
34336052 191752299 1
49456292 53682792 1
49456292 67225022 1
49456292 69148872 1
49456292 70394252 1
49456292 88490882 1
49456292 94606422 1
49456292 147057112 1
49456292 161861002 1
49456292 176273682 1
49456292 176793762 1
49456292 182526219 1
49456292 183446251 1
49456292 187615197 1
49456292 191752299 1
53682792 77947422 1
53682792 88490882 1
53682792 118801692 1
53682792 147057112 1
53682792 158106462 1
53682792 161861002 1
53682792 176273682 1
53682792 182526219 1
53682792 183446251 1
53682792 187615197 1
53682792 188072365 1
53682792 191323211 1
53682792 191752299 1
67225022 147057112 1
67225022 161861002 1
67225022 182526219 1
67225022 183446251 1
67225022 187615197 1
67225022 191752299 1
69148872 161861002 1
69148872 182526219 1
69148872 183446251 1
69148872 187615197 1
70394252 88490882 1
70394252 118801692 1
70394252 147057112 1
70394252 158106462 1
70394252 161861002 1
70394252 182526219 1
70394252 183446251 1
70394252 187615197 1
70394252 191323211 1
70394252 191752299 1
77947422 88490882 1
77947422 161861002 1
77947422 176273682 1
77947422 176793762 1
77947422 182526219 1
77947422 183446251 1
77947422 187615197 1
85348112 161861002 1
85348112 182526219 1
85348112 183446251 1
85348112 187615197 1
88490882 147057112 1
88490882 161861002 1
88490882 182526219 1
88490882 182792986 1
88490882 183446251 1
88490882 187615197 1
88490882 191323211 1
88490882 191752299 1
92201792 161861002 1
92201792 182526219 1
92201792 183446251 1
92201792 187615197 1
94606422 161861002 1
94606422 182526219 1
94606422 183446251 1
94606422 187615197 1
96048392 161861002 1
96048392 182526219 1
96048392 183446251 1
96048392 187615197 1
104148742 147057112 1
104148742 161861002 1
104148742 182526219 1
104148742 183446251 1
104148742 187615197 1
104148742 191752299 1
105988792 161861002 1
105988792 182526219 1
105988792 183446251 1
105988792 187615197 1
112145122 161861002 1
112145122 182526219 1
112145122 183446251 1
112145122 187615197 1
118801692 147057112 1
118801692 161861002 1
118801692 182526219 1
118801692 183446251 1
118801692 187615197 1
140476702 161861002 1
140476702 182526219 1
140476702 183446251 1
140476702 187615197 1
140476702 191752299 1
147057112 155971062 1
147057112 158106462 1
147057112 161861002 1
147057112 176273682 1
147057112 176793762 1
147057112 178262522 1
147057112 182096162 1
147057112 182526219 1
147057112 182792986 1
147057112 183446251 1
147057112 187615197 1
147057112 191752299 1
155971062 161861002 1
155971062 182526219 1
155971062 183446251 1
155971062 187615197 1
155971062 191752299 1
158106462 161861002 1
158106462 182526219 1
158106462 183446251 1
158106462 187615197 1
158106462 191752299 1
161861002 176273682 1
161861002 176793762 1
161861002 178262522 1
161861002 182096162 1
161861002 182526219 1
161861002 182792986 1
161861002 183446251 1
161861002 185237074 1
161861002 187615197 1
161861002 188072365 1
161861002 188830532 1
161861002 189055143 1
161861002 191323211 1
161861002 191752299 1
176273682 182526219 1
176273682 182792986 1
176273682 183446251 1
176273682 187615197 1
176273682 191323211 1
176273682 191752299 1
176793762 182526219 1
176793762 183446251 1
176793762 187615197 1
176793762 191323211 1
176793762 191752299 1
178262522 182526219 1
178262522 183446251 1
178262522 187615197 1
178262522 191752299 1
182096162 182526219 1
182096162 183446251 1
182096162 187615197 1
182526219 182792986 1
182526219 183446251 1
182526219 185237074 1
182526219 187615197 1
182526219 188072365 1
182526219 188830532 1
182526219 189055143 1
182526219 191323211 1
182526219 191752299 1
182792986 183446251 1
182792986 187615197 1
182792986 191752299 1
183446251 185237074 1
183446251 187615197 1
183446251 188072365 1
183446251 188830532 1
183446251 189055143 1
183446251 191323211 1
183446251 191752299 1
185237074 187615197 1
187615197 188072365 1
187615197 188830532 1
187615197 189055143 1
187615197 191323211 1
187615197 191752299 1
188830532 191752299 1
