195267203 195002499 115362062 120546962 144459412 193427092 195794709 194997528 82125592 83080482 112394682 89103162 54271812 194390479 188638164 193798997 77289942 30561632 79829992
77289942 115362062 2
77289942 120546962 1
115362062 120546962 1
82125592 83080482 2
82125592 115362062 1
82125592 144459412 1
82125592 188638164 1
82125592 194390479 1
82125592 195267203 1
83080482 115362062 1
83080482 144459412 1
83080482 188638164 1
83080482 194390479 1
83080482 195267203 1
115362062 144459412 1
115362062 188638164 1
115362062 194390479 1
115362062 195267203 1
144459412 188638164 1
144459412 194390479 1
144459412 195267203 1
188638164 194390479 1
188638164 195267203 1
194390479 195267203 1
54271812 112394682 1
54271812 115362062 1
54271812 194997528 1
112394682 115362062 1
112394682 194997528 1
115362062 194997528 1
77289942 193798997 1
77289942 195002499 1
193798997 195002499 1
30561632 193427092 1
82125592 89103162 1
83080482 89103162 1
79829992 195794709 1
