120202112 129338242 98911492 1157644 38795662 117798292 84875162 122563502 30298292 93436472 107587642 11923259 4062395 30336072 122680522 82731492 9742189 115195122 116194552 85426042
4062395 30336072 1
4062395 38795662 1
4062395 82731492 1
4062395 85426042 1
4062395 93436472 1
4062395 98911492 1
4062395 115195122 1
4062395 116194552 1
30336072 38795662 1
30336072 82731492 1
30336072 85426042 1
30336072 93436472 1
30336072 98911492 1
30336072 115195122 1
30336072 116194552 1
38795662 82731492 5
38795662 85426042 3
38795662 93436472 5
38795662 98911492 5
38795662 115195122 1
38795662 116194552 2
82731492 85426042 3
82731492 93436472 8
82731492 98911492 8
82731492 115195122 2
82731492 116194552 3
85426042 93436472 5
85426042 98911492 4
85426042 115195122 1
85426042 116194552 1
93436472 98911492 9
93436472 115195122 2
93436472 116194552 3
98911492 115195122 2
98911492 116194552 3
115195122 116194552 2
1157644 38795662 1
1157644 82731492 1
1157644 84875162 1
1157644 85426042 1
1157644 93436472 1
1157644 98911492 1
1157644 107587642 1
38795662 84875162 2
38795662 107587642 1
82731492 84875162 3
82731492 107587642 1
84875162 85426042 2
84875162 93436472 3
84875162 98911492 3
84875162 107587642 1
85426042 107587642 1
93436472 107587642 1
98911492 107587642 1
38795662 117798292 2
38795662 120202112 1
38795662 122680522 3
82731492 117798292 3
82731492 120202112 1
82731492 122680522 6
93436472 117798292 3
93436472 120202112 1
93436472 122680522 6
98911492 117798292 3
98911492 120202112 1
98911492 122680522 6
116194552 117798292 1
116194552 120202112 1
116194552 122680522 2
117798292 120202112 1
117798292 122680522 3
120202112 122680522 1
11923259 30298292 1
11923259 38795662 1
11923259 82731492 1
11923259 93436472 1
11923259 98911492 1
11923259 117798292 1
11923259 122563502 1
11923259 122680522 1
30298292 38795662 1
30298292 82731492 1
30298292 93436472 1
30298292 98911492 1
30298292 117798292 1
30298292 122563502 1
30298292 122680522 1
38795662 122563502 1
82731492 122563502 1
93436472 122563502 1
98911492 122563502 1
117798292 122563502 1
122563502 122680522 1
82731492 129338242 1
84875162 115195122 1
84875162 116194552 1
84875162 122680522 2
84875162 129338242 1
93436472 129338242 1
98911492 129338242 1
115195122 122680522 1
115195122 129338242 1
116194552 129338242 1
122680522 129338242 1
9742189 38795662 1
9742189 82731492 1
9742189 84875162 1
9742189 85426042 1
9742189 93436472 1
9742189 98911492 1
9742189 122680522 1
85426042 122680522 1
