76375042 155563522 181044232 14242314 45900812 137584142 172130322 9521172 83185172 77473302 185590298 183878684 51382812 63449122 183122980 36291632 77658672 7516209 29792312 187084346 14845501 182493246 107388482 6094402 4718661 189090375 33087562 2224715 8240205 111694 99382352 84219992 3943001 103996002 183789156 16761961 51958382 112662642 91833972 89565812 188745847 13824120 7935096 51764862 13786242 9555587 8059011 82783372 158417552 11147921 14431377 151297682 28498582 39444632 21669531 18203291 3578018 63936162 8926884 136756902 6846630 185687216 62488752 146812082 13746355 63897272 8225983 9481920 25515712 183059650 185982670 184420058 183846108 120238302 185563875 13383397 12276458 186961657 3008251 10807039 114827522 10831106 188269316 188035848 65428232 184448778 12558097 7246610 68523802 186215706 183468314 1181470 186087710 3775776 149996832 8867619 26080042 184550706 15233331 48935732 186953013 8407349 8270130 9553213 9473344 57697602 5227846 34994502 6392136 49798472 183801167 5432663 7292762 186916699 187021146 106409822 168834402 184072547 81937262 183179124 5150581 185806710 12363643 11611521 61300612 185062789 3594118 6336391 105167752 185913738 172213132 84371852 55821212 148500382 188761506 16215971 22709161 38995882 187241901 8887727 25983922 5683132 158192582 99932102 109977032 185995724 14371792 6304218 188084186 46794202 72061922 471015 76701672 9047537 11115505 11957758
111694 1181470 1
111694 2224715 1
111694 3578018 1
111694 5150581 1
111694 5227846 1
111694 6392136 1
111694 7292762 1
111694 7935096 1
111694 8240205 1
111694 8867619 1
111694 8887727 1
111694 9553213 1
111694 10807039 1
111694 11611521 1
111694 11957758 1
111694 12276458 1
111694 12558097 1
111694 13824120 1
111694 14371792 1
111694 21669531 1
111694 38995882 1
111694 39444632 1
111694 49798472 1
111694 51764862 1
111694 51958382 1
111694 61300612 1
111694 68523802 1
111694 72061922 1
111694 76375042 1
111694 84219992 1
111694 91833972 1
111694 106409822 1
111694 107388482 1
111694 114827522 1
111694 120238302 1
111694 137584142 1
111694 146812082 1
111694 148500382 1
111694 155563522 1
111694 158192582 1
111694 182493246 1
111694 183059650 1
111694 183122980 1
111694 183878684 1
111694 184072547 1
111694 184448778 1
111694 184550706 1
111694 185062789 1
111694 185590298 1
111694 185687216 1
111694 185806710 1
111694 185995724 1
1181470 2224715 1
1181470 3578018 2
1181470 5150581 1
1181470 5227846 1
1181470 6392136 1
1181470 7292762 2
1181470 7935096 1
1181470 8240205 1
1181470 8867619 1
1181470 8887727 4
1181470 9553213 1
1181470 10807039 2
1181470 11611521 1
1181470 11957758 3
1181470 12276458 4
1181470 12558097 1
1181470 13824120 3
1181470 14371792 2
1181470 21669531 2
1181470 38995882 1
1181470 39444632 1
1181470 49798472 2
1181470 51764862 1
1181470 51958382 1
1181470 61300612 1
1181470 68523802 2
1181470 72061922 1
1181470 76375042 3
1181470 84219992 2
1181470 91833972 1
1181470 106409822 1
1181470 107388482 2
1181470 114827522 1
1181470 120238302 1
1181470 137584142 1
1181470 146812082 2
1181470 148500382 2
1181470 155563522 3
1181470 158192582 2
1181470 182493246 1
1181470 183059650 2
1181470 183122980 1
1181470 183878684 1
1181470 184072547 4
1181470 184448778 2
1181470 184550706 1
1181470 185062789 1
1181470 185590298 2
1181470 185687216 2
1181470 185806710 1
1181470 185995724 1
2224715 3578018 1
2224715 5150581 1
2224715 5227846 1
2224715 6392136 1
2224715 7292762 1
2224715 7935096 1
2224715 8240205 1
2224715 8867619 1
2224715 8887727 1
2224715 9553213 1
2224715 10807039 1
2224715 11611521 1
2224715 11957758 1
2224715 12276458 1
2224715 12558097 1
2224715 13824120 1
2224715 14371792 1
2224715 21669531 1
2224715 38995882 1
2224715 39444632 1
2224715 49798472 1
2224715 51764862 1
2224715 51958382 1
2224715 61300612 1
2224715 68523802 1
2224715 72061922 1
2224715 76375042 1
2224715 84219992 1
2224715 91833972 1
2224715 106409822 1
2224715 107388482 1
2224715 114827522 1
2224715 120238302 1
2224715 137584142 1
2224715 146812082 1
2224715 148500382 1
2224715 155563522 1
2224715 158192582 1
2224715 182493246 1
2224715 183059650 1
2224715 183122980 1
2224715 183878684 1
2224715 184072547 1
2224715 184448778 1
2224715 184550706 1
2224715 185062789 1
2224715 185590298 1
2224715 185687216 1
2224715 185806710 1
2224715 185995724 1
3578018 5150581 1
3578018 5227846 1
3578018 6392136 1
3578018 7292762 1
3578018 7935096 1
3578018 8240205 2
3578018 8867619 1
3578018 8887727 4
3578018 9553213 1
3578018 10807039 2
3578018 11611521 1
3578018 11957758 2
3578018 12276458 3
3578018 12558097 1
3578018 13824120 3
3578018 14371792 2
3578018 21669531 1
3578018 38995882 1
3578018 39444632 1
3578018 49798472 1
3578018 51764862 1
3578018 51958382 1
3578018 61300612 1
3578018 68523802 2
3578018 72061922 2
3578018 76375042 2
3578018 84219992 2
3578018 91833972 1
3578018 106409822 1
3578018 107388482 2
3578018 114827522 1
3578018 120238302 1
3578018 137584142 1
3578018 146812082 1
3578018 148500382 1
3578018 155563522 1
3578018 158192582 1
3578018 182493246 1
3578018 183059650 1
3578018 183122980 1
3578018 183878684 2
3578018 184072547 4
3578018 184448778 2
3578018 184550706 1
3578018 185062789 1
3578018 185590298 2
3578018 185687216 1
3578018 185806710 2
3578018 185995724 1
5150581 5227846 1
5150581 6392136 1
5150581 7292762 1
5150581 7935096 1
5150581 8240205 1
5150581 8867619 1
5150581 8887727 1
5150581 9553213 1
5150581 10807039 1
5150581 11611521 1
5150581 11957758 1
5150581 12276458 1
5150581 12558097 1
5150581 13824120 1
5150581 14371792 1
5150581 21669531 1
5150581 38995882 1
5150581 39444632 1
5150581 49798472 1
5150581 51764862 1
5150581 51958382 1
5150581 61300612 1
5150581 68523802 1
5150581 72061922 1
5150581 76375042 1
5150581 84219992 1
5150581 91833972 1
5150581 106409822 1
5150581 107388482 1
5150581 114827522 1
5150581 120238302 1
5150581 137584142 1
5150581 146812082 1
5150581 148500382 1
5150581 155563522 1
5150581 158192582 1
5150581 182493246 1
5150581 183059650 1
5150581 183122980 1
5150581 183878684 1
5150581 184072547 1
5150581 184448778 1
5150581 184550706 1
5150581 185062789 1
5150581 185590298 1
5150581 185687216 1
5150581 185806710 1
5150581 185995724 1
5227846 6392136 1
5227846 7292762 1
5227846 7935096 1
5227846 8240205 1
5227846 8867619 1
5227846 8887727 1
5227846 9553213 1
5227846 10807039 1
5227846 11611521 1
5227846 11957758 1
5227846 12276458 1
5227846 12558097 1
5227846 13824120 1
5227846 14371792 1
5227846 21669531 1
5227846 38995882 1
5227846 39444632 1
5227846 49798472 1
5227846 51764862 1
5227846 51958382 1
5227846 61300612 1
5227846 68523802 1
5227846 72061922 1
5227846 76375042 1
5227846 84219992 1
5227846 91833972 1
5227846 106409822 1
5227846 107388482 1
5227846 114827522 1
5227846 120238302 1
5227846 137584142 1
5227846 146812082 1
5227846 148500382 1
5227846 155563522 1
5227846 158192582 1
5227846 182493246 1
5227846 183059650 1
5227846 183122980 1
5227846 183878684 1
5227846 184072547 1
5227846 184448778 1
5227846 184550706 1
5227846 185062789 1
5227846 185590298 1
5227846 185687216 1
5227846 185806710 1
5227846 185995724 1
6392136 7292762 1
6392136 7935096 1
6392136 8240205 1
6392136 8867619 1
6392136 8887727 1
6392136 9553213 1
6392136 10807039 1
6392136 11611521 1
6392136 11957758 1
6392136 12276458 1
6392136 12558097 1
6392136 13824120 1
6392136 14371792 1
6392136 21669531 1
6392136 38995882 1
6392136 39444632 1
6392136 49798472 1
6392136 51764862 1
6392136 51958382 1
6392136 61300612 1
6392136 68523802 1
6392136 72061922 1
6392136 76375042 1
6392136 84219992 1
6392136 91833972 1
6392136 106409822 1
6392136 107388482 1
6392136 114827522 1
6392136 120238302 1
6392136 137584142 1
6392136 146812082 1
6392136 148500382 1
6392136 155563522 1
6392136 158192582 1
6392136 182493246 1
6392136 183059650 1
6392136 183122980 1
6392136 183878684 1
6392136 184072547 1
6392136 184448778 1
6392136 184550706 1
6392136 185062789 1
6392136 185590298 1
6392136 185687216 1
6392136 185806710 1
6392136 185995724 1
7292762 7935096 1
7292762 8240205 1
7292762 8867619 1
7292762 8887727 2
7292762 9553213 1
7292762 10807039 1
7292762 11611521 1
7292762 11957758 1
7292762 12276458 2
7292762 12558097 1
7292762 13824120 1
7292762 14371792 1
7292762 21669531 1
7292762 38995882 1
7292762 39444632 1
7292762 49798472 1
7292762 51764862 1
7292762 51958382 1
7292762 61300612 1
7292762 68523802 2
7292762 72061922 1
7292762 76375042 2
7292762 84219992 1
7292762 91833972 1
7292762 106409822 1
7292762 107388482 1
7292762 114827522 1
7292762 120238302 1
7292762 137584142 1
7292762 146812082 1
7292762 148500382 2
7292762 155563522 2
7292762 158192582 1
7292762 182493246 1
7292762 183059650 2
7292762 183122980 1
7292762 183878684 1
7292762 184072547 2
7292762 184448778 1
7292762 184550706 1
7292762 185062789 1
7292762 185590298 1
7292762 185687216 1
7292762 185806710 1
7292762 185995724 1
7935096 8240205 1
7935096 8867619 1
7935096 8887727 1
7935096 9553213 1
7935096 10807039 1
7935096 11611521 1
7935096 11957758 1
7935096 12276458 1
7935096 12558097 1
7935096 13824120 1
7935096 14371792 1
7935096 21669531 1
7935096 38995882 1
7935096 39444632 1
7935096 49798472 1
7935096 51764862 1
7935096 51958382 1
7935096 61300612 1
7935096 68523802 1
7935096 72061922 1
7935096 76375042 1
7935096 84219992 1
7935096 91833972 1
7935096 106409822 1
7935096 107388482 1
7935096 114827522 1
7935096 120238302 1
7935096 137584142 1
7935096 146812082 1
7935096 148500382 1
7935096 155563522 1
7935096 158192582 1
7935096 182493246 1
7935096 183059650 1
7935096 183122980 1
7935096 183878684 1
7935096 184072547 1
7935096 184448778 1
7935096 184550706 1
7935096 185062789 1
7935096 185590298 1
7935096 185687216 1
7935096 185806710 1
7935096 185995724 1
8240205 8867619 1
8240205 8887727 2
8240205 9553213 1
8240205 10807039 1
8240205 11611521 1
8240205 11957758 1
8240205 12276458 1
8240205 12558097 1
8240205 13824120 1
8240205 14371792 1
8240205 21669531 1
8240205 38995882 1
8240205 39444632 1
8240205 49798472 1
8240205 51764862 1
8240205 51958382 1
8240205 61300612 1
8240205 68523802 2
8240205 72061922 1
8240205 76375042 2
8240205 84219992 1
8240205 91833972 1
8240205 106409822 1
8240205 107388482 1
8240205 114827522 1
8240205 120238302 1
8240205 137584142 1
8240205 146812082 1
8240205 148500382 1
8240205 155563522 1
8240205 158192582 1
8240205 182493246 1
8240205 183059650 1
8240205 183122980 1
8240205 183878684 2
8240205 184072547 2
8240205 184448778 1
8240205 184550706 1
8240205 185062789 1
8240205 185590298 1
8240205 185687216 1
8240205 185806710 1
8240205 185995724 1
8867619 8887727 1
8867619 9553213 1
8867619 10807039 1
8867619 11611521 1
8867619 11957758 1
8867619 12276458 1
8867619 12558097 1
8867619 13824120 1
8867619 14371792 1
8867619 21669531 1
8867619 38995882 1
8867619 39444632 1
8867619 49798472 1
8867619 51764862 1
8867619 51958382 1
8867619 61300612 1
8867619 68523802 1
8867619 72061922 1
8867619 76375042 1
8867619 84219992 1
8867619 91833972 1
8867619 106409822 1
8867619 107388482 1
8867619 114827522 1
8867619 120238302 1
8867619 137584142 1
8867619 146812082 1
8867619 148500382 1
8867619 155563522 1
8867619 158192582 1
8867619 182493246 1
8867619 183059650 1
8867619 183122980 1
8867619 183878684 1
8867619 184072547 1
8867619 184448778 1
8867619 184550706 1
8867619 185062789 1
8867619 185590298 1
8867619 185687216 1
8867619 185806710 1
8867619 185995724 1
8887727 9553213 1
8887727 10807039 3
8887727 11611521 1
8887727 11957758 3
8887727 12276458 6
8887727 12558097 1
8887727 13824120 5
8887727 14371792 3
8887727 21669531 2
8887727 38995882 1
8887727 39444632 1
8887727 49798472 3
8887727 51764862 1
8887727 51958382 2
8887727 61300612 1
8887727 68523802 3
8887727 72061922 3
8887727 76375042 5
8887727 84219992 2
8887727 91833972 2
8887727 106409822 1
8887727 107388482 2
8887727 114827522 1
8887727 120238302 2
8887727 137584142 1
8887727 146812082 3
8887727 148500382 2
8887727 155563522 3
8887727 158192582 2
8887727 182493246 1
8887727 183059650 2
8887727 183122980 1
8887727 183878684 2
8887727 184072547 8
8887727 184448778 2
8887727 184550706 2
8887727 185062789 1
8887727 185590298 3
8887727 185687216 2
8887727 185806710 2
8887727 185995724 1
9553213 10807039 1
9553213 11611521 1
9553213 11957758 1
9553213 12276458 1
9553213 12558097 1
9553213 13824120 1
9553213 14371792 1
9553213 21669531 1
9553213 38995882 1
9553213 39444632 1
9553213 49798472 1
9553213 51764862 1
9553213 51958382 1
9553213 61300612 1
9553213 68523802 1
9553213 72061922 1
9553213 76375042 1
9553213 84219992 1
9553213 91833972 1
9553213 106409822 1
9553213 107388482 1
9553213 114827522 1
9553213 120238302 1
9553213 137584142 1
9553213 146812082 1
9553213 148500382 1
9553213 155563522 1
9553213 158192582 1
9553213 182493246 1
9553213 183059650 1
9553213 183122980 1
9553213 183878684 1
9553213 184072547 1
9553213 184448778 1
9553213 184550706 1
9553213 185062789 1
9553213 185590298 1
9553213 185687216 1
9553213 185806710 1
9553213 185995724 1
10807039 11611521 1
10807039 11957758 2
10807039 12276458 3
10807039 12558097 1
10807039 13824120 2
10807039 14371792 3
10807039 21669531 1
10807039 38995882 1
10807039 39444632 1
10807039 49798472 2
10807039 51764862 1
10807039 51958382 1
10807039 61300612 1
10807039 68523802 1
10807039 72061922 2
10807039 76375042 1
10807039 84219992 2
10807039 91833972 2
10807039 106409822 1
10807039 107388482 2
10807039 114827522 1
10807039 120238302 1
10807039 137584142 1
10807039 146812082 2
10807039 148500382 1
10807039 155563522 1
10807039 158192582 1
10807039 182493246 1
10807039 183059650 1
10807039 183122980 1
10807039 183878684 1
10807039 184072547 3
10807039 184448778 2
10807039 184550706 2
10807039 185062789 1
10807039 185590298 3
10807039 185687216 1
10807039 185806710 1
10807039 185995724 1
11611521 11957758 1
11611521 12276458 1
11611521 12558097 1
11611521 13824120 1
11611521 14371792 1
11611521 21669531 1
11611521 38995882 1
11611521 39444632 1
11611521 49798472 1
11611521 51764862 1
11611521 51958382 1
11611521 61300612 1
11611521 68523802 1
11611521 72061922 1
11611521 76375042 1
11611521 84219992 1
11611521 91833972 1
11611521 106409822 1
11611521 107388482 1
11611521 114827522 1
11611521 120238302 1
11611521 137584142 1
11611521 146812082 1
11611521 148500382 1
11611521 155563522 1
11611521 158192582 1
11611521 182493246 1
11611521 183059650 1
11611521 183122980 1
11611521 183878684 1
11611521 184072547 1
11611521 184448778 1
11611521 184550706 1
11611521 185062789 1
11611521 185590298 1
11611521 185687216 1
11611521 185806710 1
11611521 185995724 1
11957758 12276458 3
11957758 12558097 1
11957758 13824120 3
11957758 14371792 2
11957758 21669531 2
11957758 38995882 1
11957758 39444632 1
11957758 49798472 2
11957758 51764862 1
11957758 51958382 1
11957758 61300612 1
11957758 68523802 1
11957758 72061922 1
11957758 76375042 2
11957758 84219992 2
11957758 91833972 1
11957758 106409822 1
11957758 107388482 2
11957758 114827522 1
11957758 120238302 1
11957758 137584142 1
11957758 146812082 2
11957758 148500382 1
11957758 155563522 2
11957758 158192582 2
11957758 182493246 1
11957758 183059650 1
11957758 183122980 1
11957758 183878684 1
11957758 184072547 3
11957758 184448778 2
11957758 184550706 1
11957758 185062789 1
11957758 185590298 2
11957758 185687216 2
11957758 185806710 1
11957758 185995724 1
12276458 12558097 1
12276458 13824120 6
12276458 14371792 3
12276458 21669531 2
12276458 38995882 1
12276458 39444632 1
12276458 49798472 3
12276458 51764862 1
12276458 51958382 1
12276458 61300612 1
12276458 68523802 2
12276458 72061922 5
12276458 76375042 3
12276458 84219992 2
12276458 91833972 2
12276458 106409822 1
12276458 107388482 2
12276458 114827522 1
12276458 120238302 1
12276458 137584142 1
12276458 146812082 3
12276458 148500382 2
12276458 155563522 3
12276458 158192582 2
12276458 182493246 1
12276458 183059650 3
12276458 183122980 1
12276458 183878684 2
12276458 184072547 7
12276458 184448778 3
12276458 184550706 2
12276458 185062789 1
12276458 185590298 3
12276458 185687216 2
12276458 185806710 2
12276458 185995724 1
12558097 13824120 1
12558097 14371792 1
12558097 21669531 1
12558097 38995882 1
12558097 39444632 1
12558097 49798472 1
12558097 51764862 1
12558097 51958382 1
12558097 61300612 1
12558097 68523802 1
12558097 72061922 1
12558097 76375042 1
12558097 84219992 1
12558097 91833972 1
12558097 106409822 1
12558097 107388482 1
12558097 114827522 1
12558097 120238302 1
12558097 137584142 1
12558097 146812082 1
12558097 148500382 1
12558097 155563522 1
12558097 158192582 1
12558097 182493246 1
12558097 183059650 1
12558097 183122980 1
12558097 183878684 1
12558097 184072547 1
12558097 184448778 1
12558097 184550706 1
12558097 185062789 1
12558097 185590298 1
12558097 185687216 1
12558097 185806710 1
12558097 185995724 1
13824120 14371792 2
13824120 21669531 2
13824120 38995882 1
13824120 39444632 1
13824120 49798472 2
13824120 51764862 1
13824120 51958382 2
13824120 61300612 1
13824120 68523802 1
13824120 72061922 4
13824120 76375042 3
13824120 84219992 2
13824120 91833972 1
13824120 106409822 1
13824120 107388482 2
13824120 114827522 1
13824120 120238302 2
13824120 137584142 1
13824120 146812082 2
13824120 148500382 1
13824120 155563522 2
13824120 158192582 2
13824120 182493246 1
13824120 183059650 2
13824120 183122980 1
13824120 183878684 2
13824120 184072547 6
13824120 184448778 3
13824120 184550706 1
13824120 185062789 1
13824120 185590298 2
13824120 185687216 2
13824120 185806710 2
13824120 185995724 1
14371792 21669531 1
14371792 38995882 1
14371792 39444632 1
14371792 49798472 2
14371792 51764862 1
14371792 51958382 1
14371792 61300612 1
14371792 68523802 1
14371792 72061922 2
14371792 76375042 1
14371792 84219992 2
14371792 91833972 2
14371792 106409822 1
14371792 107388482 2
14371792 114827522 1
14371792 120238302 1
14371792 137584142 1
14371792 146812082 2
14371792 148500382 1
14371792 155563522 1
14371792 158192582 1
14371792 182493246 1
14371792 183059650 1
14371792 183122980 1
14371792 183878684 1
14371792 184072547 3
14371792 184448778 2
14371792 184550706 2
14371792 185062789 1
14371792 185590298 3
14371792 185687216 1
14371792 185806710 1
14371792 185995724 1
21669531 38995882 1
21669531 39444632 1
21669531 49798472 2
21669531 51764862 1
21669531 51958382 1
21669531 61300612 1
21669531 68523802 1
21669531 72061922 1
21669531 76375042 2
21669531 84219992 1
21669531 91833972 1
21669531 106409822 1
21669531 107388482 1
21669531 114827522 1
21669531 120238302 1
21669531 137584142 1
21669531 146812082 2
21669531 148500382 1
21669531 155563522 2
21669531 158192582 2
21669531 182493246 1
21669531 183059650 1
21669531 183122980 1
21669531 183878684 1
21669531 184072547 2
21669531 184448778 1
21669531 184550706 1
21669531 185062789 1
21669531 185590298 1
21669531 185687216 2
21669531 185806710 1
21669531 185995724 1
38995882 39444632 1
38995882 49798472 1
38995882 51764862 1
38995882 51958382 1
38995882 61300612 1
38995882 68523802 1
38995882 72061922 1
38995882 76375042 1
38995882 84219992 1
38995882 91833972 1
38995882 106409822 1
38995882 107388482 1
38995882 114827522 1
38995882 120238302 1
38995882 137584142 1
38995882 146812082 1
38995882 148500382 1
38995882 155563522 1
38995882 158192582 1
38995882 182493246 1
38995882 183059650 1
38995882 183122980 1
38995882 183878684 1
38995882 184072547 1
38995882 184448778 1
38995882 184550706 1
38995882 185062789 1
38995882 185590298 1
38995882 185687216 1
38995882 185806710 1
38995882 185995724 1
39444632 49798472 1
39444632 51764862 1
39444632 51958382 1
39444632 61300612 1
39444632 68523802 1
39444632 72061922 1
39444632 76375042 1
39444632 84219992 1
39444632 91833972 1
39444632 106409822 1
39444632 107388482 1
39444632 114827522 1
39444632 120238302 1
39444632 137584142 1
39444632 146812082 1
39444632 148500382 1
39444632 155563522 1
39444632 158192582 1
39444632 182493246 1
39444632 183059650 1
39444632 183122980 1
39444632 183878684 1
39444632 184072547 1
39444632 184448778 1
39444632 184550706 1
39444632 185062789 1
39444632 185590298 1
39444632 185687216 1
39444632 185806710 1
39444632 185995724 1
49798472 51764862 1
49798472 51958382 1
49798472 61300612 1
49798472 68523802 1
49798472 72061922 2
49798472 76375042 2
49798472 84219992 1
49798472 91833972 2
49798472 106409822 1
49798472 107388482 1
49798472 114827522 1
49798472 120238302 1
49798472 137584142 1
49798472 146812082 3
49798472 148500382 1
49798472 155563522 2
49798472 158192582 2
49798472 182493246 1
49798472 183059650 1
49798472 183122980 1
49798472 183878684 1
49798472 184072547 3
49798472 184448778 1
49798472 184550706 2
49798472 185062789 1
49798472 185590298 2
49798472 185687216 2
49798472 185806710 1
49798472 185995724 1
51764862 51958382 1
51764862 61300612 1
51764862 68523802 1
51764862 72061922 1
51764862 76375042 1
51764862 84219992 1
51764862 91833972 1
51764862 106409822 1
51764862 107388482 1
51764862 114827522 1
51764862 120238302 1
51764862 137584142 1
51764862 146812082 1
51764862 148500382 1
51764862 155563522 1
51764862 158192582 1
51764862 182493246 1
51764862 183059650 1
51764862 183122980 1
51764862 183878684 1
51764862 184072547 1
51764862 184448778 1
51764862 184550706 1
51764862 185062789 1
51764862 185590298 1
51764862 185687216 1
51764862 185806710 1
51764862 185995724 1
51958382 61300612 1
51958382 68523802 1
51958382 72061922 1
51958382 76375042 2
51958382 84219992 1
51958382 91833972 1
51958382 106409822 1
51958382 107388482 1
51958382 114827522 1
51958382 120238302 2
51958382 137584142 1
51958382 146812082 1
51958382 148500382 1
51958382 155563522 1
51958382 158192582 1
51958382 182493246 1
51958382 183059650 1
51958382 183122980 1
51958382 183878684 1
51958382 184072547 2
51958382 184448778 1
51958382 184550706 1
51958382 185062789 1
51958382 185590298 1
51958382 185687216 1
51958382 185806710 1
51958382 185995724 1
61300612 68523802 1
61300612 72061922 1
61300612 76375042 1
61300612 84219992 1
61300612 91833972 1
61300612 106409822 1
61300612 107388482 1
61300612 114827522 1
61300612 120238302 1
61300612 137584142 1
61300612 146812082 1
61300612 148500382 1
61300612 155563522 1
61300612 158192582 1
61300612 182493246 1
61300612 183059650 1
61300612 183122980 1
61300612 183878684 1
61300612 184072547 1
61300612 184448778 1
61300612 184550706 1
61300612 185062789 1
61300612 185590298 1
61300612 185687216 1
61300612 185806710 1
61300612 185995724 1
68523802 72061922 1
68523802 76375042 3
68523802 84219992 1
68523802 91833972 1
68523802 106409822 1
68523802 107388482 1
68523802 114827522 1
68523802 120238302 1
68523802 137584142 1
68523802 146812082 1
68523802 148500382 2
68523802 155563522 2
68523802 158192582 1
68523802 182493246 1
68523802 183059650 2
68523802 183122980 1
68523802 183878684 2
68523802 184072547 3
68523802 184448778 1
68523802 184550706 1
68523802 185062789 1
68523802 185590298 1
68523802 185687216 1
68523802 185806710 1
68523802 185995724 1
72061922 76375042 1
72061922 84219992 1
72061922 91833972 2
72061922 106409822 1
72061922 107388482 1
72061922 114827522 1
72061922 120238302 1
72061922 137584142 1
72061922 146812082 2
72061922 148500382 1
72061922 155563522 1
72061922 158192582 1
72061922 182493246 1
72061922 183059650 2
72061922 183122980 1
72061922 183878684 2
72061922 184072547 4
72061922 184448778 2
72061922 184550706 2
72061922 185062789 1
72061922 185590298 2
72061922 185687216 1
72061922 185806710 2
72061922 185995724 1
76375042 84219992 1
76375042 91833972 1
76375042 106409822 1
76375042 107388482 1
76375042 114827522 1
76375042 120238302 2
76375042 137584142 1
76375042 146812082 2
76375042 148500382 2
76375042 155563522 3
76375042 158192582 2
76375042 182493246 1
76375042 183059650 2
76375042 183122980 1
76375042 183878684 2
76375042 184072547 5
76375042 184448778 1
76375042 184550706 1
76375042 185062789 1
76375042 185590298 1
76375042 185687216 2
76375042 185806710 1
76375042 185995724 1
84219992 91833972 1
84219992 106409822 1
84219992 107388482 2
84219992 114827522 1
84219992 120238302 1
84219992 137584142 1
84219992 146812082 1
84219992 148500382 1
84219992 155563522 1
84219992 158192582 1
84219992 182493246 1
84219992 183059650 1
84219992 183122980 1
84219992 183878684 1
84219992 184072547 2
84219992 184448778 2
84219992 184550706 1
84219992 185062789 1
84219992 185590298 2
84219992 185687216 1
84219992 185806710 1
84219992 185995724 1
91833972 106409822 1
91833972 107388482 1
91833972 114827522 1
91833972 120238302 1
91833972 137584142 1
91833972 146812082 2
91833972 148500382 1
91833972 155563522 1
91833972 158192582 1
91833972 182493246 1
91833972 183059650 1
91833972 183122980 1
91833972 183878684 1
91833972 184072547 2
91833972 184448778 1
91833972 184550706 2
91833972 185062789 1
91833972 185590298 2
91833972 185687216 1
91833972 185806710 1
91833972 185995724 1
106409822 107388482 1
106409822 114827522 1
106409822 120238302 1
106409822 137584142 1
106409822 146812082 1
106409822 148500382 1
106409822 155563522 1
106409822 158192582 1
106409822 182493246 1
106409822 183059650 1
106409822 183122980 1
106409822 183878684 1
106409822 184072547 1
106409822 184448778 1
106409822 184550706 1
106409822 185062789 1
106409822 185590298 1
106409822 185687216 1
106409822 185806710 1
106409822 185995724 1
107388482 114827522 1
107388482 120238302 1
107388482 137584142 1
107388482 146812082 1
107388482 148500382 1
107388482 155563522 1
107388482 158192582 1
107388482 182493246 1
107388482 183059650 1
107388482 183122980 1
107388482 183878684 1
107388482 184072547 2
107388482 184448778 2
107388482 184550706 1
107388482 185062789 1
107388482 185590298 2
107388482 185687216 1
107388482 185806710 1
107388482 185995724 1
114827522 120238302 1
114827522 137584142 1
114827522 146812082 1
114827522 148500382 1
114827522 155563522 1
114827522 158192582 1
114827522 182493246 1
114827522 183059650 1
114827522 183122980 1
114827522 183878684 1
114827522 184072547 1
114827522 184448778 1
114827522 184550706 1
114827522 185062789 1
114827522 185590298 1
114827522 185687216 1
114827522 185806710 1
114827522 185995724 1
120238302 137584142 1
120238302 146812082 1
120238302 148500382 1
120238302 155563522 1
120238302 158192582 1
120238302 182493246 1
120238302 183059650 1
120238302 183122980 1
120238302 183878684 1
120238302 184072547 2
120238302 184448778 1
120238302 184550706 1
120238302 185062789 1
120238302 185590298 1
120238302 185687216 1
120238302 185806710 1
120238302 185995724 1
137584142 146812082 1
137584142 148500382 1
137584142 155563522 1
137584142 158192582 1
137584142 182493246 1
137584142 183059650 1
137584142 183122980 1
137584142 183878684 1
137584142 184072547 1
137584142 184448778 1
137584142 184550706 1
137584142 185062789 1
137584142 185590298 1
137584142 185687216 1
137584142 185806710 1
137584142 185995724 1
146812082 148500382 1
146812082 155563522 2
146812082 158192582 2
146812082 182493246 1
146812082 183059650 1
146812082 183122980 1
146812082 183878684 1
146812082 184072547 3
146812082 184448778 1
146812082 184550706 2
146812082 185062789 1
146812082 185590298 2
146812082 185687216 2
146812082 185806710 1
146812082 185995724 1
148500382 155563522 2
148500382 158192582 1
148500382 182493246 1
148500382 183059650 2
148500382 183122980 1
148500382 183878684 1
148500382 184072547 2
148500382 184448778 1
148500382 184550706 1
148500382 185062789 1
148500382 185590298 1
148500382 185687216 1
148500382 185806710 1
148500382 185995724 1
155563522 158192582 2
155563522 182493246 1
155563522 183059650 2
155563522 183122980 1
155563522 183878684 1
155563522 184072547 3
155563522 184448778 1
155563522 184550706 1
155563522 185062789 1
155563522 185590298 1
155563522 185687216 2
155563522 185806710 1
155563522 185995724 1
158192582 182493246 1
158192582 183059650 1
158192582 183122980 1
158192582 183878684 1
158192582 184072547 2
158192582 184448778 1
158192582 184550706 1
158192582 185062789 1
158192582 185590298 1
158192582 185687216 2
158192582 185806710 1
158192582 185995724 1
182493246 183059650 1
182493246 183122980 1
182493246 183878684 1
182493246 184072547 1
182493246 184448778 1
182493246 184550706 1
182493246 185062789 1
182493246 185590298 1
182493246 185687216 1
182493246 185806710 1
182493246 185995724 1
183059650 183122980 1
183059650 183878684 2
183059650 184072547 2
183059650 184448778 2
183059650 184550706 1
183059650 185062789 1
183059650 185590298 1
183059650 185687216 1
183059650 185806710 1
183059650 185995724 1
183122980 183878684 1
183122980 184072547 1
183122980 184448778 1
183122980 184550706 1
183122980 185062789 1
183122980 185590298 1
183122980 185687216 1
183122980 185806710 1
183122980 185995724 1
183878684 184072547 2
183878684 184448778 2
183878684 184550706 1
183878684 185062789 1
183878684 185590298 1
183878684 185687216 1
183878684 185806710 1
183878684 185995724 1
184072547 184448778 2
184072547 184550706 2
184072547 185062789 1
184072547 185590298 3
184072547 185687216 2
184072547 185806710 2
184072547 185995724 1
184448778 184550706 1
184448778 185062789 1
184448778 185590298 2
184448778 185687216 1
184448778 185806710 1
184448778 185995724 1
184550706 185062789 1
184550706 185590298 2
184550706 185687216 1
184550706 185806710 1
184550706 185995724 1
185062789 185590298 1
185062789 185687216 1
185062789 185806710 1
185062789 185995724 1
185590298 185687216 1
185590298 185806710 1
185590298 185995724 1
185687216 185806710 1
185687216 185995724 1
185806710 185995724 1
3775776 4718661 2
3775776 5683132 6
3775776 8887727 7
3775776 9481920 3
3775776 9521172 6
3775776 9555587 3
3775776 10807039 2
3775776 12276458 7
3775776 13786242 3
3775776 14371792 2
3775776 48935732 4
3775776 49798472 2
3775776 72061922 4
3775776 89565812 3
3775776 91833972 1
3775776 136756902 1
3775776 146812082 2
3775776 158417552 1
3775776 168834402 4
3775776 184072547 8
3775776 184550706 1
3775776 185590298 2
3775776 186087710 1
3775776 186215706 1
4718661 5683132 2
4718661 8887727 1
4718661 9481920 2
4718661 9521172 2
4718661 9555587 2
4718661 10807039 1
4718661 12276458 2
4718661 13786242 1
4718661 14371792 1
4718661 48935732 1
4718661 49798472 1
4718661 72061922 2
4718661 89565812 1
4718661 91833972 1
4718661 136756902 1
4718661 146812082 1
4718661 158417552 1
4718661 168834402 2
4718661 184072547 2
4718661 184550706 1
4718661 185590298 1
4718661 186087710 1
4718661 186215706 1
5683132 8887727 4
5683132 9481920 2
5683132 9521172 4
5683132 9555587 3
5683132 10807039 2
5683132 12276458 6
5683132 13786242 2
5683132 14371792 2
5683132 48935732 3
5683132 49798472 2
5683132 72061922 4
5683132 89565812 3
5683132 91833972 1
5683132 136756902 1
5683132 146812082 2
5683132 158417552 1
5683132 168834402 3
5683132 184072547 5
5683132 184550706 1
5683132 185590298 2
5683132 186087710 1
5683132 186215706 1
8887727 9481920 2
8887727 9521172 4
8887727 9555587 2
8887727 13786242 3
8887727 48935732 4
8887727 89565812 3
8887727 136756902 1
8887727 158417552 1
8887727 168834402 3
8887727 186087710 1
8887727 186215706 1
9481920 9521172 3
9481920 9555587 2
9481920 10807039 1
9481920 12276458 2
9481920 13786242 2
9481920 14371792 1
9481920 48935732 2
9481920 49798472 1
9481920 72061922 2
9481920 89565812 1
9481920 91833972 1
9481920 136756902 1
9481920 146812082 1
9481920 158417552 1
9481920 168834402 2
9481920 184072547 3
9481920 184550706 1
9481920 185590298 1
9481920 186087710 1
9481920 186215706 1
9521172 9555587 2
9521172 10807039 2
9521172 12276458 5
9521172 13786242 2
9521172 14371792 2
9521172 48935732 3
9521172 49798472 1
9521172 72061922 3
9521172 89565812 2
9521172 91833972 1
9521172 136756902 1
9521172 146812082 1
9521172 158417552 1
9521172 168834402 2
9521172 184072547 5
9521172 184550706 1
9521172 185590298 2
9521172 186087710 1
9521172 186215706 1
9555587 10807039 1
9555587 12276458 3
9555587 13786242 1
9555587 14371792 1
9555587 48935732 1
9555587 49798472 1
9555587 72061922 3
9555587 89565812 2
9555587 91833972 1
9555587 136756902 1
9555587 146812082 1
9555587 158417552 1
9555587 168834402 3
9555587 184072547 3
9555587 184550706 1
9555587 185590298 1
9555587 186087710 1
9555587 186215706 1
10807039 13786242 1
10807039 48935732 2
10807039 89565812 2
10807039 136756902 1
10807039 158417552 1
10807039 168834402 1
10807039 186087710 1
10807039 186215706 1
12276458 13786242 2
12276458 48935732 3
12276458 89565812 3
12276458 136756902 1
12276458 158417552 1
12276458 168834402 3
12276458 186087710 1
12276458 186215706 1
13786242 14371792 1
13786242 48935732 3
13786242 49798472 2
13786242 72061922 1
13786242 89565812 1
13786242 91833972 1
13786242 136756902 1
13786242 146812082 2
13786242 158417552 1
13786242 168834402 1
13786242 184072547 3
13786242 184550706 1
13786242 185590298 1
13786242 186087710 1
13786242 186215706 1
14371792 48935732 2
14371792 89565812 2
14371792 136756902 1
14371792 158417552 1
14371792 168834402 1
14371792 186087710 1
14371792 186215706 1
48935732 49798472 2
48935732 72061922 1
48935732 89565812 2
48935732 91833972 1
48935732 136756902 1
48935732 146812082 2
48935732 158417552 1
48935732 168834402 1
48935732 184072547 4
48935732 184550706 1
48935732 185590298 2
48935732 186087710 1
48935732 186215706 1
49798472 89565812 1
49798472 136756902 1
49798472 158417552 1
49798472 168834402 1
49798472 186087710 1
49798472 186215706 1
72061922 89565812 2
72061922 136756902 1
72061922 158417552 1
72061922 168834402 3
72061922 186087710 1
72061922 186215706 1
89565812 91833972 1
89565812 136756902 1
89565812 146812082 1
89565812 158417552 1
89565812 168834402 2
89565812 184072547 3
89565812 184550706 1
89565812 185590298 2
89565812 186087710 1
89565812 186215706 1
91833972 136756902 1
91833972 158417552 1
91833972 168834402 1
91833972 186087710 1
91833972 186215706 1
136756902 146812082 1
136756902 158417552 1
136756902 168834402 1
136756902 184072547 1
136756902 184550706 1
136756902 185590298 1
136756902 186087710 1
136756902 186215706 1
146812082 158417552 1
146812082 168834402 1
146812082 186087710 1
146812082 186215706 1
158417552 168834402 1
158417552 184072547 1
158417552 184550706 1
158417552 185590298 1
158417552 186087710 1
158417552 186215706 1
168834402 184072547 4
168834402 184550706 1
168834402 185590298 1
168834402 186087710 1
168834402 186215706 1
184072547 186087710 1
184072547 186215706 1
184550706 186087710 1
184550706 186215706 1
185590298 186087710 1
185590298 186215706 1
186087710 186215706 1
3008251 3578018 2
3008251 3775776 3
3008251 5683132 2
3008251 8887727 3
3008251 8926884 1
3008251 9555587 1
3008251 12276458 3
3008251 13824120 2
3008251 22709161 1
3008251 57697602 1
3008251 72061922 1
3008251 89565812 2
3008251 149996832 2
3008251 168834402 1
3008251 183846108 1
3008251 184072547 3
3008251 185806710 1
3008251 186961657 2
3008251 187241901 1
3578018 3775776 3
3578018 5683132 2
3578018 8926884 1
3578018 9555587 1
3578018 22709161 2
3578018 57697602 2
3578018 89565812 2
3578018 149996832 1
3578018 168834402 1
3578018 183846108 1
3578018 186961657 3
3578018 187241901 1
3775776 8926884 2
3775776 13824120 6
3775776 22709161 4
3775776 57697602 2
3775776 149996832 2
3775776 183846108 1
3775776 185806710 1
3775776 186961657 4
3775776 187241901 1
5683132 8926884 2
5683132 13824120 5
5683132 22709161 3
5683132 57697602 1
5683132 149996832 1
5683132 183846108 1
5683132 185806710 1
5683132 186961657 3
5683132 187241901 1
8887727 8926884 1
8887727 22709161 3
8887727 57697602 2
8887727 149996832 2
8887727 183846108 1
8887727 186961657 4
8887727 187241901 1
8926884 9555587 1
8926884 12276458 2
8926884 13824120 2
8926884 22709161 1
8926884 57697602 1
8926884 72061922 2
8926884 89565812 1
8926884 149996832 1
8926884 168834402 1
8926884 183846108 1
8926884 184072547 1
8926884 185806710 1
8926884 186961657 1
8926884 187241901 1
9555587 13824120 2
9555587 22709161 2
9555587 57697602 1
9555587 149996832 1
9555587 183846108 1
9555587 185806710 1
9555587 186961657 1
9555587 187241901 1
12276458 22709161 3
12276458 57697602 1
12276458 149996832 2
12276458 183846108 1
12276458 186961657 3
12276458 187241901 1
13824120 22709161 3
13824120 57697602 1
13824120 89565812 2
13824120 149996832 1
13824120 168834402 3
13824120 183846108 1
13824120 186961657 3
13824120 187241901 1
22709161 57697602 2
22709161 72061922 2
22709161 89565812 1
22709161 149996832 1
22709161 168834402 2
22709161 183846108 1
22709161 184072547 4
22709161 185806710 1
22709161 186961657 3
22709161 187241901 1
57697602 72061922 1
57697602 89565812 1
57697602 149996832 1
57697602 168834402 1
57697602 183846108 1
57697602 184072547 2
57697602 185806710 1
57697602 186961657 2
57697602 187241901 1
72061922 149996832 1
72061922 183846108 1
72061922 186961657 1
72061922 187241901 1
89565812 149996832 1
89565812 183846108 1
89565812 185806710 1
89565812 186961657 2
89565812 187241901 1
149996832 168834402 1
149996832 183846108 1
149996832 184072547 2
149996832 185806710 1
149996832 186961657 1
149996832 187241901 1
168834402 183846108 1
168834402 185806710 1
168834402 186961657 1
168834402 187241901 1
183846108 184072547 1
183846108 185806710 1
183846108 186961657 1
183846108 187241901 1
184072547 186961657 4
184072547 187241901 1
185806710 186961657 1
185806710 187241901 1
186961657 187241901 1
471015 3578018 1
471015 3775776 2
471015 6846630 1
471015 7246610 1
471015 8240205 1
471015 8887727 2
471015 9481920 1
471015 9521172 1
471015 11147921 2
471015 13786242 2
471015 15233331 1
471015 16761961 1
471015 18203291 1
471015 22709161 2
471015 34994502 1
471015 36291632 1
471015 45900812 1
471015 48935732 2
471015 57697602 1
471015 68523802 1
471015 76375042 2
471015 76701672 2
471015 77658672 2
471015 83185172 2
471015 172130322 1
471015 183878684 1
471015 184072547 2
471015 185913738 2
471015 186916699 1
471015 186953013 1
471015 186961657 2
471015 187084346 1
3578018 6846630 1
3578018 7246610 1
3578018 9481920 1
3578018 9521172 2
3578018 11147921 1
3578018 13786242 1
3578018 15233331 1
3578018 16761961 1
3578018 18203291 1
3578018 34994502 1
3578018 36291632 1
3578018 45900812 2
3578018 48935732 2
3578018 76701672 1
3578018 77658672 1
3578018 83185172 1
3578018 172130322 1
3578018 185913738 1
3578018 186916699 2
3578018 186953013 1
3578018 187084346 1
3775776 6846630 1
3775776 7246610 1
3775776 8240205 1
3775776 11147921 2
3775776 15233331 2
3775776 16761961 1
3775776 18203291 1
3775776 34994502 1
3775776 36291632 1
3775776 45900812 2
3775776 68523802 2
3775776 76375042 4
3775776 76701672 5
3775776 77658672 2
3775776 83185172 3
3775776 172130322 1
3775776 183878684 2
3775776 185913738 2
3775776 186916699 2
3775776 186953013 1
3775776 187084346 1
6846630 7246610 1
6846630 8240205 1
6846630 8887727 1
6846630 9481920 1
6846630 9521172 1
6846630 11147921 1
6846630 13786242 1
6846630 15233331 1
6846630 16761961 1
6846630 18203291 1
6846630 22709161 1
6846630 34994502 1
6846630 36291632 1
6846630 45900812 1
6846630 48935732 1
6846630 57697602 1
6846630 68523802 1
6846630 76375042 1
6846630 76701672 1
6846630 77658672 1
6846630 83185172 1
6846630 172130322 1
6846630 183878684 1
6846630 184072547 1
6846630 185913738 1
6846630 186916699 1
6846630 186953013 1
6846630 186961657 1
6846630 187084346 1
7246610 8240205 1
7246610 8887727 1
7246610 9481920 1
7246610 9521172 1
7246610 11147921 1
7246610 13786242 1
7246610 15233331 1
7246610 16761961 1
7246610 18203291 1
7246610 22709161 1
7246610 34994502 1
7246610 36291632 1
7246610 45900812 1
7246610 48935732 1
7246610 57697602 1
7246610 68523802 1
7246610 76375042 1
7246610 76701672 1
7246610 77658672 1
7246610 83185172 1
7246610 172130322 1
7246610 183878684 1
7246610 184072547 1
7246610 185913738 1
7246610 186916699 1
7246610 186953013 1
7246610 186961657 1
7246610 187084346 1
8240205 9481920 1
8240205 9521172 1
8240205 11147921 1
8240205 13786242 1
8240205 15233331 1
8240205 16761961 1
8240205 18203291 1
8240205 22709161 1
8240205 34994502 1
8240205 36291632 1
8240205 45900812 1
8240205 48935732 1
8240205 57697602 1
8240205 76701672 1
8240205 77658672 1
8240205 83185172 1
8240205 172130322 1
8240205 185913738 1
8240205 186916699 1
8240205 186953013 1
8240205 186961657 1
8240205 187084346 1
8887727 11147921 2
8887727 15233331 2
8887727 16761961 1
8887727 18203291 1
8887727 34994502 1
8887727 36291632 1
8887727 45900812 2
8887727 76701672 3
8887727 77658672 2
8887727 83185172 3
8887727 172130322 1
8887727 185913738 2
8887727 186916699 2
8887727 186953013 1
8887727 187084346 1
9481920 11147921 1
9481920 15233331 1
9481920 16761961 1
9481920 18203291 1
9481920 22709161 2
9481920 34994502 1
9481920 36291632 1
9481920 45900812 1
9481920 57697602 1
9481920 68523802 1
9481920 76375042 1
9481920 76701672 2
9481920 77658672 1
9481920 83185172 1
9481920 172130322 1
9481920 183878684 1
9481920 185913738 1
9481920 186916699 1
9481920 186953013 1
9481920 186961657 1
9481920 187084346 1
9521172 11147921 1
9521172 15233331 2
9521172 16761961 1
9521172 18203291 1
9521172 22709161 2
9521172 34994502 1
9521172 36291632 1
9521172 45900812 2
9521172 57697602 1
9521172 68523802 2
9521172 76375042 2
9521172 76701672 4
9521172 77658672 1
9521172 83185172 2
9521172 172130322 1
9521172 183878684 2
9521172 185913738 1
9521172 186916699 2
9521172 186953013 1
9521172 186961657 2
9521172 187084346 1
11147921 13786242 2
11147921 15233331 1
11147921 16761961 1
11147921 18203291 1
11147921 22709161 2
11147921 34994502 1
11147921 36291632 1
11147921 45900812 1
11147921 48935732 2
11147921 57697602 1
11147921 68523802 1
11147921 76375042 2
11147921 76701672 2
11147921 77658672 2
11147921 83185172 2
11147921 172130322 1
11147921 183878684 1
11147921 184072547 2
11147921 185913738 2
11147921 186916699 1
11147921 186953013 1
11147921 186961657 2
11147921 187084346 1
13786242 15233331 1
13786242 16761961 1
13786242 18203291 1
13786242 22709161 2
13786242 34994502 1
13786242 36291632 1
13786242 45900812 1
13786242 57697602 1
13786242 68523802 1
13786242 76375042 2
13786242 76701672 2
13786242 77658672 2
13786242 83185172 2
13786242 172130322 1
13786242 183878684 1
13786242 185913738 2
13786242 186916699 1
13786242 186953013 1
13786242 186961657 2
13786242 187084346 1
15233331 16761961 1
15233331 18203291 1
15233331 22709161 1
15233331 34994502 1
15233331 36291632 1
15233331 45900812 1
15233331 48935732 1
15233331 57697602 1
15233331 68523802 2
15233331 76375042 2
15233331 76701672 2
15233331 77658672 1
15233331 83185172 2
15233331 172130322 1
15233331 183878684 1
15233331 184072547 2
15233331 185913738 1
15233331 186916699 1
15233331 186953013 1
15233331 186961657 1
15233331 187084346 1
16761961 18203291 1
16761961 22709161 1
16761961 34994502 1
16761961 36291632 1
16761961 45900812 1
16761961 48935732 1
16761961 57697602 1
16761961 68523802 1
16761961 76375042 1
16761961 76701672 1
16761961 77658672 1
16761961 83185172 1
16761961 172130322 1
16761961 183878684 1
16761961 184072547 1
16761961 185913738 1
16761961 186916699 1
16761961 186953013 1
16761961 186961657 1
16761961 187084346 1
18203291 22709161 1
18203291 34994502 1
18203291 36291632 1
18203291 45900812 1
18203291 48935732 1
18203291 57697602 1
18203291 68523802 1
18203291 76375042 1
18203291 76701672 1
18203291 77658672 1
18203291 83185172 1
18203291 172130322 1
18203291 183878684 1
18203291 184072547 1
18203291 185913738 1
18203291 186916699 1
18203291 186953013 1
18203291 186961657 1
18203291 187084346 1
22709161 34994502 1
22709161 36291632 1
22709161 45900812 1
22709161 48935732 2
22709161 68523802 1
22709161 76375042 2
22709161 76701672 3
22709161 77658672 2
22709161 83185172 2
22709161 172130322 1
22709161 183878684 1
22709161 185913738 2
22709161 186916699 1
22709161 186953013 1
22709161 187084346 1
34994502 36291632 1
34994502 45900812 1
34994502 48935732 1
34994502 57697602 1
34994502 68523802 1
34994502 76375042 1
34994502 76701672 1
34994502 77658672 1
34994502 83185172 1
34994502 172130322 1
34994502 183878684 1
34994502 184072547 1
34994502 185913738 1
34994502 186916699 1
34994502 186953013 1
34994502 186961657 1
34994502 187084346 1
36291632 45900812 1
36291632 48935732 1
36291632 57697602 1
36291632 68523802 1
36291632 76375042 1
36291632 76701672 1
36291632 77658672 1
36291632 83185172 1
36291632 172130322 1
36291632 183878684 1
36291632 184072547 1
36291632 185913738 1
36291632 186916699 1
36291632 186953013 1
36291632 186961657 1
36291632 187084346 1
45900812 48935732 2
45900812 57697602 1
45900812 68523802 1
45900812 76375042 1
45900812 76701672 1
45900812 77658672 1
45900812 83185172 1
45900812 172130322 1
45900812 183878684 1
45900812 184072547 2
45900812 185913738 1
45900812 186916699 2
45900812 186953013 1
45900812 186961657 2
45900812 187084346 1
48935732 57697602 1
48935732 68523802 1
48935732 76375042 2
48935732 76701672 2
48935732 77658672 2
48935732 83185172 2
48935732 172130322 1
48935732 183878684 1
48935732 185913738 2
48935732 186916699 2
48935732 186953013 1
48935732 186961657 3
48935732 187084346 1
57697602 68523802 1
57697602 76375042 1
57697602 76701672 1
57697602 77658672 1
57697602 83185172 1
57697602 172130322 1
57697602 183878684 1
57697602 185913738 1
57697602 186916699 1
57697602 186953013 1
57697602 187084346 1
68523802 76701672 2
68523802 77658672 1
68523802 83185172 2
68523802 172130322 1
68523802 185913738 1
68523802 186916699 1
68523802 186953013 1
68523802 186961657 1
68523802 187084346 1
76375042 76701672 3
76375042 77658672 2
76375042 83185172 3
76375042 172130322 1
76375042 185913738 2
76375042 186916699 1
76375042 186953013 1
76375042 186961657 2
76375042 187084346 1
76701672 77658672 2
76701672 83185172 3
76701672 172130322 1
76701672 183878684 2
76701672 184072547 4
76701672 185913738 2
76701672 186916699 1
76701672 186953013 1
76701672 186961657 2
76701672 187084346 1
77658672 83185172 2
77658672 172130322 1
77658672 183878684 1
77658672 184072547 2
77658672 185913738 2
77658672 186916699 1
77658672 186953013 1
77658672 186961657 2
77658672 187084346 1
83185172 172130322 1
83185172 183878684 1
83185172 184072547 3
83185172 185913738 2
83185172 186916699 1
83185172 186953013 1
83185172 186961657 2
83185172 187084346 1
172130322 183878684 1
172130322 184072547 1
172130322 185913738 1
172130322 186916699 1
172130322 186953013 1
172130322 186961657 1
172130322 187084346 1
183878684 185913738 1
183878684 186916699 1
183878684 186953013 1
183878684 186961657 1
183878684 187084346 1
184072547 185913738 2
184072547 186916699 2
184072547 186953013 1
184072547 187084346 1
185913738 186916699 1
185913738 186953013 1
185913738 186961657 2
185913738 187084346 1
186916699 186953013 1
186916699 186961657 2
186916699 187084346 1
186953013 186961657 1
186953013 187084346 1
186961657 187084346 1
1181470 3008251 2
1181470 3775776 3
1181470 5683132 2
1181470 6094402 1
1181470 7516209 1
1181470 8225983 1
1181470 8407349 1
1181470 9047537 1
1181470 9521172 2
1181470 29792312 1
1181470 33087562 1
1181470 45900812 1
1181470 48935732 2
1181470 51382812 1
1181470 63449122 1
1181470 89565812 1
1181470 103996002 1
1181470 105167752 1
1181470 172213132 2
1181470 183468314 1
1181470 183801167 1
1181470 185563875 1
1181470 185982670 1
1181470 186916699 1
1181470 186961657 2
3008251 6094402 1
3008251 7516209 1
3008251 8225983 1
3008251 8407349 1
3008251 9047537 1
3008251 9521172 2
3008251 10807039 1
3008251 11957758 1
3008251 14371792 1
3008251 29792312 1
3008251 33087562 1
3008251 45900812 1
3008251 48935732 1
3008251 51382812 1
3008251 63449122 1
3008251 84219992 1
3008251 103996002 1
3008251 105167752 1
3008251 107388482 1
3008251 172213132 1
3008251 183468314 1
3008251 183801167 1
3008251 184448778 1
3008251 185563875 1
3008251 185590298 1
3008251 185982670 1
3008251 186916699 1
3578018 6094402 1
3578018 7516209 1
3578018 8225983 1
3578018 8407349 1
3578018 9047537 1
3578018 29792312 1
3578018 33087562 1
3578018 51382812 1
3578018 63449122 1
3578018 103996002 1
3578018 105167752 1
3578018 172213132 1
3578018 183468314 1
3578018 183801167 1
3578018 185563875 1
3578018 185982670 1
3775776 6094402 1
3775776 7516209 1
3775776 8225983 1
3775776 8407349 1
3775776 9047537 1
3775776 11957758 2
3775776 29792312 1
3775776 33087562 1
3775776 51382812 1
3775776 63449122 1
3775776 84219992 1
3775776 103996002 1
3775776 105167752 1
3775776 107388482 1
3775776 172213132 4
3775776 183468314 1
3775776 183801167 1
3775776 184448778 2
3775776 185563875 1
3775776 185982670 1
5683132 6094402 1
5683132 7516209 1
5683132 8225983 1
5683132 8407349 1
5683132 9047537 1
5683132 11957758 2
5683132 29792312 1
5683132 33087562 1
5683132 45900812 1
5683132 51382812 1
5683132 63449122 1
5683132 84219992 1
5683132 103996002 1
5683132 105167752 1
5683132 107388482 1
5683132 172213132 4
5683132 183468314 1
5683132 183801167 1
5683132 184448778 2
5683132 185563875 1
5683132 185982670 1
5683132 186916699 1
6094402 7516209 1
6094402 8225983 1
6094402 8407349 1
6094402 8887727 1
6094402 9047537 1
6094402 9521172 1
6094402 10807039 1
6094402 11957758 1
6094402 12276458 1
6094402 13824120 1
6094402 14371792 1
6094402 29792312 1
6094402 33087562 1
6094402 45900812 1
6094402 48935732 1
6094402 51382812 1
6094402 63449122 1
6094402 84219992 1
6094402 89565812 1
6094402 103996002 1
6094402 105167752 1
6094402 107388482 1
6094402 172213132 1
6094402 183468314 1
6094402 183801167 1
6094402 184072547 1
6094402 184448778 1
6094402 185563875 1
6094402 185590298 1
6094402 185982670 1
6094402 186916699 1
6094402 186961657 1
7516209 8225983 1
7516209 8407349 1
7516209 8887727 1
7516209 9047537 1
7516209 9521172 1
7516209 10807039 1
7516209 11957758 1
7516209 12276458 1
7516209 13824120 1
7516209 14371792 1
7516209 29792312 1
7516209 33087562 1
7516209 45900812 1
7516209 48935732 1
7516209 51382812 1
7516209 63449122 1
7516209 84219992 1
7516209 89565812 1
7516209 103996002 1
7516209 105167752 1
7516209 107388482 1
7516209 172213132 1
7516209 183468314 1
7516209 183801167 1
7516209 184072547 1
7516209 184448778 1
7516209 185563875 1
7516209 185590298 1
7516209 185982670 1
7516209 186916699 1
7516209 186961657 1
8225983 8407349 1
8225983 8887727 1
8225983 9047537 1
8225983 9521172 1
8225983 10807039 1
8225983 11957758 1
8225983 12276458 1
8225983 13824120 1
8225983 14371792 1
8225983 29792312 1
8225983 33087562 1
8225983 45900812 1
8225983 48935732 1
8225983 51382812 1
8225983 63449122 1
8225983 84219992 1
8225983 89565812 1
8225983 103996002 1
8225983 105167752 1
8225983 107388482 1
8225983 172213132 1
8225983 183468314 1
8225983 183801167 1
8225983 184072547 1
8225983 184448778 1
8225983 185563875 1
8225983 185590298 1
8225983 185982670 1
8225983 186916699 1
8225983 186961657 1
8407349 8887727 1
8407349 9047537 1
8407349 9521172 1
8407349 10807039 1
8407349 11957758 1
8407349 12276458 1
8407349 13824120 1
8407349 14371792 1
8407349 29792312 1
8407349 33087562 1
8407349 45900812 1
8407349 48935732 1
8407349 51382812 1
8407349 63449122 1
8407349 84219992 1
8407349 89565812 1
8407349 103996002 1
8407349 105167752 1
8407349 107388482 1
8407349 172213132 1
8407349 183468314 1
8407349 183801167 1
8407349 184072547 1
8407349 184448778 1
8407349 185563875 1
8407349 185590298 1
8407349 185982670 1
8407349 186916699 1
8407349 186961657 1
8887727 9047537 1
8887727 29792312 1
8887727 33087562 1
8887727 51382812 1
8887727 63449122 1
8887727 103996002 1
8887727 105167752 1
8887727 172213132 2
8887727 183468314 1
8887727 183801167 1
8887727 185563875 1
8887727 185982670 1
9047537 9521172 1
9047537 10807039 1
9047537 11957758 1
9047537 12276458 1
9047537 13824120 1
9047537 14371792 1
9047537 29792312 1
9047537 33087562 1
9047537 45900812 1
9047537 48935732 1
9047537 51382812 1
9047537 63449122 1
9047537 84219992 1
9047537 89565812 1
9047537 103996002 1
9047537 105167752 1
9047537 107388482 1
9047537 172213132 1
9047537 183468314 1
9047537 183801167 1
9047537 184072547 1
9047537 184448778 1
9047537 185563875 1
9047537 185590298 1
9047537 185982670 1
9047537 186916699 1
9047537 186961657 1
9521172 11957758 1
9521172 13824120 3
9521172 29792312 1
9521172 33087562 1
9521172 51382812 1
9521172 63449122 1
9521172 84219992 1
9521172 103996002 1
9521172 105167752 1
9521172 107388482 1
9521172 172213132 3
9521172 183468314 1
9521172 183801167 1
9521172 184448778 2
9521172 185563875 1
9521172 185982670 1
10807039 29792312 1
10807039 33087562 1
10807039 45900812 1
10807039 51382812 1
10807039 63449122 1
10807039 103996002 1
10807039 105167752 1
10807039 172213132 1
10807039 183468314 1
10807039 183801167 1
10807039 185563875 1
10807039 185982670 1
10807039 186916699 1
10807039 186961657 1
11957758 29792312 1
11957758 33087562 1
11957758 45900812 1
11957758 48935732 2
11957758 51382812 1
11957758 63449122 1
11957758 89565812 1
11957758 103996002 1
11957758 105167752 1
11957758 172213132 2
11957758 183468314 1
11957758 183801167 1
11957758 185563875 1
11957758 185982670 1
11957758 186916699 1
11957758 186961657 2
12276458 29792312 1
12276458 33087562 1
12276458 45900812 1
12276458 51382812 1
12276458 63449122 1
12276458 103996002 1
12276458 105167752 1
12276458 172213132 4
12276458 183468314 1
12276458 183801167 1
12276458 185563875 1
12276458 185982670 1
12276458 186916699 1
13824120 29792312 1
13824120 33087562 1
13824120 45900812 1
13824120 48935732 2
13824120 51382812 1
13824120 63449122 1
13824120 103996002 1
13824120 105167752 1
13824120 172213132 4
13824120 183468314 1
13824120 183801167 1
13824120 185563875 1
13824120 185982670 1
13824120 186916699 1
14371792 29792312 1
14371792 33087562 1
14371792 45900812 1
14371792 51382812 1
14371792 63449122 1
14371792 103996002 1
14371792 105167752 1
14371792 172213132 1
14371792 183468314 1
14371792 183801167 1
14371792 185563875 1
14371792 185982670 1
14371792 186916699 1
14371792 186961657 1
29792312 33087562 1
29792312 45900812 1
29792312 48935732 1
29792312 51382812 1
29792312 63449122 1
29792312 84219992 1
29792312 89565812 1
29792312 103996002 1
29792312 105167752 1
29792312 107388482 1
29792312 172213132 1
29792312 183468314 1
29792312 183801167 1
29792312 184072547 1
29792312 184448778 1
29792312 185563875 1
29792312 185590298 1
29792312 185982670 1
29792312 186916699 1
29792312 186961657 1
33087562 45900812 1
33087562 48935732 1
33087562 51382812 1
33087562 63449122 1
33087562 84219992 1
33087562 89565812 1
33087562 103996002 1
33087562 105167752 1
33087562 107388482 1
33087562 172213132 1
33087562 183468314 1
33087562 183801167 1
33087562 184072547 1
33087562 184448778 1
33087562 185563875 1
33087562 185590298 1
33087562 185982670 1
33087562 186916699 1
33087562 186961657 1
45900812 51382812 1
45900812 63449122 1
45900812 84219992 1
45900812 89565812 1
45900812 103996002 1
45900812 105167752 1
45900812 107388482 1
45900812 172213132 1
45900812 183468314 1
45900812 183801167 1
45900812 184448778 1
45900812 185563875 1
45900812 185590298 1
45900812 185982670 1
48935732 51382812 1
48935732 63449122 1
48935732 84219992 1
48935732 103996002 1
48935732 105167752 1
48935732 107388482 1
48935732 172213132 2
48935732 183468314 1
48935732 183801167 1
48935732 184448778 1
48935732 185563875 1
48935732 185982670 1
51382812 63449122 1
51382812 84219992 1
51382812 89565812 1
51382812 103996002 1
51382812 105167752 1
51382812 107388482 1
51382812 172213132 1
51382812 183468314 1
51382812 183801167 1
51382812 184072547 1
51382812 184448778 1
51382812 185563875 1
51382812 185590298 1
51382812 185982670 1
51382812 186916699 1
51382812 186961657 1
63449122 84219992 1
63449122 89565812 1
63449122 103996002 1
63449122 105167752 1
63449122 107388482 1
63449122 172213132 1
63449122 183468314 1
63449122 183801167 1
63449122 184072547 1
63449122 184448778 1
63449122 185563875 1
63449122 185590298 1
63449122 185982670 1
63449122 186916699 1
63449122 186961657 1
84219992 89565812 1
84219992 103996002 1
84219992 105167752 1
84219992 172213132 1
84219992 183468314 1
84219992 183801167 1
84219992 185563875 1
84219992 185982670 1
84219992 186916699 1
84219992 186961657 1
89565812 103996002 1
89565812 105167752 1
89565812 107388482 1
89565812 172213132 1
89565812 183468314 1
89565812 183801167 1
89565812 184448778 1
89565812 185563875 1
89565812 185982670 1
89565812 186916699 1
103996002 105167752 1
103996002 107388482 1
103996002 172213132 1
103996002 183468314 1
103996002 183801167 1
103996002 184072547 1
103996002 184448778 1
103996002 185563875 1
103996002 185590298 1
103996002 185982670 1
103996002 186916699 1
103996002 186961657 1
105167752 107388482 1
105167752 172213132 1
105167752 183468314 1
105167752 183801167 1
105167752 184072547 1
105167752 184448778 1
105167752 185563875 1
105167752 185590298 1
105167752 185982670 1
105167752 186916699 1
105167752 186961657 1
107388482 172213132 1
107388482 183468314 1
107388482 183801167 1
107388482 185563875 1
107388482 185982670 1
107388482 186916699 1
107388482 186961657 1
172213132 183468314 1
172213132 183801167 1
172213132 184072547 3
172213132 184448778 2
172213132 185563875 1
172213132 185590298 1
172213132 185982670 1
172213132 186916699 1
172213132 186961657 2
183468314 183801167 1
183468314 184072547 1
183468314 184448778 1
183468314 185563875 1
183468314 185590298 1
183468314 185982670 1
183468314 186916699 1
183468314 186961657 1
183801167 184072547 1
183801167 184448778 1
183801167 185563875 1
183801167 185590298 1
183801167 185982670 1
183801167 186916699 1
183801167 186961657 1
184072547 185563875 1
184072547 185982670 1
184448778 185563875 1
184448778 185982670 1
184448778 186916699 1
184448778 186961657 1
185563875 185590298 1
185563875 185982670 1
185563875 186916699 1
185563875 186961657 1
185590298 185982670 1
185590298 186916699 1
185590298 186961657 1
185982670 186916699 1
185982670 186961657 1
471015 1181470 1
471015 3594118 1
471015 3943001 1
471015 5683132 1
471015 6304218 1
471015 8059011 1
471015 8270130 1
471015 9473344 1
471015 11957758 1
471015 12276458 1
471015 13383397 1
471015 13824120 1
471015 14431377 1
471015 16215971 1
471015 21669531 1
471015 25515712 1
471015 25983922 1
471015 49798472 1
471015 55821212 1
471015 81937262 1
471015 109977032 1
471015 146812082 1
471015 155563522 1
471015 158192582 1
471015 172213132 1
471015 181044232 1
471015 185687216 1
471015 188035848 1
471015 188084186 1
471015 188269316 1
1181470 3594118 1
1181470 3943001 2
1181470 6304218 1
1181470 8059011 1
1181470 8270130 1
1181470 9473344 1
1181470 11147921 1
1181470 13383397 1
1181470 13786242 1
1181470 14431377 1
1181470 16215971 1
1181470 22709161 1
1181470 25515712 1
1181470 25983922 1
1181470 55821212 1
1181470 76701672 2
1181470 77658672 1
1181470 81937262 1
1181470 83185172 2
1181470 109977032 1
1181470 181044232 1
1181470 185913738 1
1181470 188035848 1
1181470 188084186 1
1181470 188269316 1
3594118 3775776 1
3594118 3943001 1
3594118 5683132 1
3594118 6304218 1
3594118 8059011 1
3594118 8270130 1
3594118 8887727 1
3594118 9473344 1
3594118 11147921 1
3594118 11957758 1
3594118 12276458 1
3594118 13383397 1
3594118 13786242 1
3594118 13824120 1
3594118 14431377 1
3594118 16215971 1
3594118 21669531 1
3594118 22709161 1
3594118 25515712 1
3594118 25983922 1
3594118 48935732 1
3594118 49798472 1
3594118 55821212 1
3594118 76375042 1
3594118 76701672 1
3594118 77658672 1
3594118 81937262 1
3594118 83185172 1
3594118 109977032 1
3594118 146812082 1
3594118 155563522 1
3594118 158192582 1
3594118 172213132 1
3594118 181044232 1
3594118 184072547 1
3594118 185687216 1
3594118 185913738 1
3594118 186961657 1
3594118 188035848 1
3594118 188084186 1
3594118 188269316 1
3775776 3943001 2
3775776 6304218 1
3775776 8059011 2
3775776 8270130 1
3775776 9473344 1
3775776 13383397 1
3775776 14431377 1
3775776 16215971 1
3775776 21669531 1
3775776 25515712 1
3775776 25983922 1
3775776 55821212 1
3775776 81937262 1
3775776 109977032 1
3775776 155563522 2
3775776 158192582 1
3775776 181044232 1
3775776 185687216 1
3775776 188035848 1
3775776 188084186 1
3775776 188269316 1
3943001 5683132 1
3943001 6304218 1
3943001 8059011 1
3943001 8270130 1
3943001 8887727 2
3943001 9473344 1
3943001 11147921 1
3943001 11957758 1
3943001 12276458 2
3943001 13383397 1
3943001 13786242 1
3943001 13824120 1
3943001 14431377 1
3943001 16215971 1
3943001 21669531 1
3943001 22709161 1
3943001 25515712 1
3943001 25983922 1
3943001 48935732 1
3943001 49798472 1
3943001 55821212 1
3943001 76375042 2
3943001 76701672 2
3943001 77658672 1
3943001 81937262 1
3943001 83185172 2
3943001 109977032 1
3943001 146812082 1
3943001 155563522 2
3943001 158192582 1
3943001 172213132 1
3943001 181044232 1
3943001 184072547 2
3943001 185687216 1
3943001 185913738 1
3943001 186961657 1
3943001 188035848 1
3943001 188084186 1
3943001 188269316 1
5683132 6304218 1
5683132 8059011 2
5683132 8270130 1
5683132 9473344 1
5683132 11147921 1
5683132 13383397 1
5683132 14431377 1
5683132 16215971 1
5683132 21669531 1
5683132 25515712 1
5683132 25983922 1
5683132 55821212 1
5683132 76375042 1
5683132 76701672 3
5683132 77658672 1
5683132 81937262 1
5683132 83185172 1
5683132 109977032 1
5683132 155563522 1
5683132 158192582 1
5683132 181044232 1
5683132 185687216 1
5683132 185913738 1
5683132 188035848 1
5683132 188084186 1
5683132 188269316 1
6304218 8059011 1
6304218 8270130 1
6304218 8887727 1
6304218 9473344 1
6304218 11147921 1
6304218 11957758 1
6304218 12276458 1
6304218 13383397 1
6304218 13786242 1
6304218 13824120 1
6304218 14431377 1
6304218 16215971 1
6304218 21669531 1
6304218 22709161 1
6304218 25515712 1
6304218 25983922 1
6304218 48935732 1
6304218 49798472 1
6304218 55821212 1
6304218 76375042 1
6304218 76701672 1
6304218 77658672 1
6304218 81937262 1
6304218 83185172 1
6304218 109977032 1
6304218 146812082 1
6304218 155563522 1
6304218 158192582 1
6304218 172213132 1
6304218 181044232 1
6304218 184072547 1
6304218 185687216 1
6304218 185913738 1
6304218 186961657 1
6304218 188035848 1
6304218 188084186 1
6304218 188269316 1
8059011 8270130 1
8059011 8887727 1
8059011 9473344 1
8059011 11147921 1
8059011 11957758 1
8059011 12276458 2
8059011 13383397 1
8059011 13786242 1
8059011 13824120 2
8059011 14431377 1
8059011 16215971 1
8059011 21669531 1
8059011 22709161 2
8059011 25515712 1
8059011 25983922 1
8059011 48935732 1
8059011 49798472 1
8059011 55821212 1
8059011 76375042 1
8059011 76701672 2
8059011 77658672 1
8059011 81937262 1
8059011 83185172 1
8059011 109977032 1
8059011 146812082 1
8059011 155563522 1
8059011 158192582 1
8059011 172213132 2
8059011 181044232 1
8059011 184072547 2
8059011 185687216 1
8059011 185913738 1
8059011 186961657 1
8059011 188035848 1
8059011 188084186 1
8059011 188269316 1
8270130 8887727 1
8270130 9473344 1
8270130 11147921 1
8270130 11957758 1
8270130 12276458 1
8270130 13383397 1
8270130 13786242 1
8270130 13824120 1
8270130 14431377 1
8270130 16215971 1
8270130 21669531 1
8270130 22709161 1
8270130 25515712 1
8270130 25983922 1
8270130 48935732 1
8270130 49798472 1
8270130 55821212 1
8270130 76375042 1
8270130 76701672 1
8270130 77658672 1
8270130 81937262 1
8270130 83185172 1
8270130 109977032 1
8270130 146812082 1
8270130 155563522 1
8270130 158192582 1
8270130 172213132 1
8270130 181044232 1
8270130 184072547 1
8270130 185687216 1
8270130 185913738 1
8270130 186961657 1
8270130 188035848 1
8270130 188084186 1
8270130 188269316 1
8887727 9473344 1
8887727 13383397 1
8887727 14431377 1
8887727 16215971 1
8887727 25515712 1
8887727 25983922 1
8887727 55821212 1
8887727 81937262 1
8887727 109977032 1
8887727 181044232 1
8887727 188035848 1
8887727 188084186 1
8887727 188269316 1
9473344 11147921 1
9473344 11957758 1
9473344 12276458 1
9473344 13383397 1
9473344 13786242 1
9473344 13824120 1
9473344 14431377 1
9473344 16215971 1
9473344 21669531 1
9473344 22709161 1
9473344 25515712 1
9473344 25983922 1
9473344 48935732 1
9473344 49798472 1
9473344 55821212 1
9473344 76375042 1
9473344 76701672 1
9473344 77658672 1
9473344 81937262 1
9473344 83185172 1
9473344 109977032 1
9473344 146812082 1
9473344 155563522 1
9473344 158192582 1
9473344 172213132 1
9473344 181044232 1
9473344 184072547 1
9473344 185687216 1
9473344 185913738 1
9473344 186961657 1
9473344 188035848 1
9473344 188084186 1
9473344 188269316 1
11147921 11957758 1
11147921 12276458 1
11147921 13383397 1
11147921 13824120 1
11147921 14431377 1
11147921 16215971 1
11147921 21669531 1
11147921 25515712 1
11147921 25983922 1
11147921 49798472 1
11147921 55821212 1
11147921 81937262 1
11147921 109977032 1
11147921 146812082 1
11147921 155563522 1
11147921 158192582 1
11147921 172213132 1
11147921 181044232 1
11147921 185687216 1
11147921 188035848 1
11147921 188084186 1
11147921 188269316 1
11957758 13383397 1
11957758 13786242 1
11957758 14431377 1
11957758 16215971 1
11957758 22709161 1
11957758 25515712 1
11957758 25983922 1
11957758 55821212 1
11957758 76701672 1
11957758 77658672 1
11957758 81937262 1
11957758 83185172 1
11957758 109977032 1
11957758 181044232 1
11957758 185913738 1
11957758 188035848 1
11957758 188084186 1
11957758 188269316 1
12276458 13383397 1
12276458 14431377 1
12276458 16215971 1
12276458 25515712 1
12276458 25983922 1
12276458 55821212 1
12276458 76701672 4
12276458 77658672 1
12276458 81937262 1
12276458 83185172 2
12276458 109977032 1
12276458 181044232 1
12276458 185913738 1
12276458 188035848 1
12276458 188084186 1
12276458 188269316 1
13383397 13786242 1
13383397 13824120 1
13383397 14431377 1
13383397 16215971 1
13383397 21669531 1
13383397 22709161 1
13383397 25515712 1
13383397 25983922 1
13383397 48935732 1
13383397 49798472 1
13383397 55821212 1
13383397 76375042 1
13383397 76701672 1
13383397 77658672 1
13383397 81937262 1
13383397 83185172 1
13383397 109977032 1
13383397 146812082 1
13383397 155563522 1
13383397 158192582 1
13383397 172213132 1
13383397 181044232 1
13383397 184072547 1
13383397 185687216 1
13383397 185913738 1
13383397 186961657 1
13383397 188035848 1
13383397 188084186 1
13383397 188269316 1
13786242 13824120 1
13786242 14431377 1
13786242 16215971 1
13786242 21669531 1
13786242 25515712 1
13786242 25983922 1
13786242 55821212 1
13786242 81937262 1
13786242 109977032 1
13786242 155563522 1
13786242 158192582 1
13786242 172213132 1
13786242 181044232 1
13786242 185687216 1
13786242 188035848 1
13786242 188084186 1
13786242 188269316 1
13824120 14431377 1
13824120 16215971 1
13824120 25515712 1
13824120 25983922 1
13824120 55821212 1
13824120 76701672 3
13824120 77658672 1
13824120 81937262 1
13824120 83185172 1
13824120 109977032 1
13824120 181044232 1
13824120 185913738 1
13824120 188035848 1
13824120 188084186 1
13824120 188269316 1
14431377 16215971 1
14431377 21669531 1
14431377 22709161 1
14431377 25515712 1
14431377 25983922 1
14431377 48935732 1
14431377 49798472 1
14431377 55821212 1
14431377 76375042 1
14431377 76701672 1
14431377 77658672 1
14431377 81937262 1
14431377 83185172 1
14431377 109977032 1
14431377 146812082 1
14431377 155563522 1
14431377 158192582 1
14431377 172213132 1
14431377 181044232 1
14431377 184072547 1
14431377 185687216 1
14431377 185913738 1
14431377 186961657 1
14431377 188035848 1
14431377 188084186 1
14431377 188269316 1
16215971 21669531 1
16215971 22709161 1
16215971 25515712 1
16215971 25983922 1
16215971 48935732 1
16215971 49798472 1
16215971 55821212 1
16215971 76375042 1
16215971 76701672 1
16215971 77658672 1
16215971 81937262 1
16215971 83185172 1
16215971 109977032 1
16215971 146812082 1
16215971 155563522 1
16215971 158192582 1
16215971 172213132 1
16215971 181044232 1
16215971 184072547 1
16215971 185687216 1
16215971 185913738 1
16215971 186961657 1
16215971 188035848 1
16215971 188084186 1
16215971 188269316 1
21669531 22709161 1
21669531 25515712 1
21669531 25983922 1
21669531 48935732 1
21669531 55821212 1
21669531 76701672 1
21669531 77658672 1
21669531 81937262 1
21669531 83185172 1
21669531 109977032 1
21669531 172213132 1
21669531 181044232 1
21669531 185913738 1
21669531 186961657 1
21669531 188035848 1
21669531 188084186 1
21669531 188269316 1
22709161 25515712 1
22709161 25983922 1
22709161 49798472 1
22709161 55821212 1
22709161 81937262 1
22709161 109977032 1
22709161 146812082 1
22709161 155563522 1
22709161 158192582 1
22709161 172213132 2
22709161 181044232 1
22709161 185687216 1
22709161 188035848 1
22709161 188084186 1
22709161 188269316 1
25515712 25983922 1
25515712 48935732 1
25515712 49798472 1
25515712 55821212 1
25515712 76375042 1
25515712 76701672 1
25515712 77658672 1
25515712 81937262 1
25515712 83185172 1
25515712 109977032 1
25515712 146812082 1
25515712 155563522 1
25515712 158192582 1
25515712 172213132 1
25515712 181044232 1
25515712 184072547 1
25515712 185687216 1
25515712 185913738 1
25515712 186961657 1
25515712 188035848 1
25515712 188084186 1
25515712 188269316 1
25983922 48935732 1
25983922 49798472 1
25983922 55821212 1
25983922 76375042 1
25983922 76701672 1
25983922 77658672 1
25983922 81937262 1
25983922 83185172 1
25983922 109977032 1
25983922 146812082 1
25983922 155563522 1
25983922 158192582 1
25983922 172213132 1
25983922 181044232 1
25983922 184072547 1
25983922 185687216 1
25983922 185913738 1
25983922 186961657 1
25983922 188035848 1
25983922 188084186 1
25983922 188269316 1
48935732 55821212 1
48935732 81937262 1
48935732 109977032 1
48935732 155563522 1
48935732 158192582 1
48935732 181044232 1
48935732 185687216 1
48935732 188035848 1
48935732 188084186 1
48935732 188269316 1
49798472 55821212 1
49798472 76701672 1
49798472 77658672 1
49798472 81937262 1
49798472 83185172 1
49798472 109977032 1
49798472 172213132 1
49798472 181044232 1
49798472 185913738 1
49798472 186961657 1
49798472 188035848 1
49798472 188084186 1
49798472 188269316 1
55821212 76375042 1
55821212 76701672 1
55821212 77658672 1
55821212 81937262 1
55821212 83185172 1
55821212 109977032 1
55821212 146812082 1
55821212 155563522 1
55821212 158192582 1
55821212 172213132 1
55821212 181044232 1
55821212 184072547 1
55821212 185687216 1
55821212 185913738 1
55821212 186961657 1
55821212 188035848 1
55821212 188084186 1
55821212 188269316 1
76375042 81937262 1
76375042 109977032 1
76375042 172213132 1
76375042 181044232 1
76375042 188035848 1
76375042 188084186 1
76375042 188269316 1
76701672 81937262 1
76701672 109977032 1
76701672 146812082 1
76701672 155563522 2
76701672 158192582 1
76701672 172213132 3
76701672 181044232 1
76701672 185687216 1
76701672 188035848 1
76701672 188084186 1
76701672 188269316 1
77658672 81937262 1
77658672 109977032 1
77658672 146812082 1
77658672 155563522 1
77658672 158192582 1
77658672 172213132 1
77658672 181044232 1
77658672 185687216 1
77658672 188035848 1
77658672 188084186 1
77658672 188269316 1
81937262 83185172 1
81937262 109977032 1
81937262 146812082 1
81937262 155563522 1
81937262 158192582 1
81937262 172213132 1
81937262 181044232 1
81937262 184072547 1
81937262 185687216 1
81937262 185913738 1
81937262 186961657 1
81937262 188035848 1
81937262 188084186 1
81937262 188269316 1
83185172 109977032 1
83185172 146812082 1
83185172 155563522 2
83185172 158192582 1
83185172 172213132 1
83185172 181044232 1
83185172 185687216 1
83185172 188035848 1
83185172 188084186 1
83185172 188269316 1
109977032 146812082 1
109977032 155563522 1
109977032 158192582 1
109977032 172213132 1
109977032 181044232 1
109977032 184072547 1
109977032 185687216 1
109977032 185913738 1
109977032 186961657 1
109977032 188035848 1
109977032 188084186 1
109977032 188269316 1
146812082 172213132 1
146812082 181044232 1
146812082 185913738 1
146812082 186961657 1
146812082 188035848 1
146812082 188084186 1
146812082 188269316 1
155563522 172213132 1
155563522 181044232 1
155563522 185913738 1
155563522 186961657 1
155563522 188035848 1
155563522 188084186 1
155563522 188269316 1
158192582 172213132 1
158192582 181044232 1
158192582 185913738 1
158192582 186961657 1
158192582 188035848 1
158192582 188084186 1
158192582 188269316 1
172213132 181044232 1
172213132 185687216 1
172213132 185913738 1
172213132 188035848 1
172213132 188084186 1
172213132 188269316 1
181044232 184072547 1
181044232 185687216 1
181044232 185913738 1
181044232 186961657 1
181044232 188035848 1
181044232 188084186 1
181044232 188269316 1
184072547 188035848 1
184072547 188084186 1
184072547 188269316 1
185687216 185913738 1
185687216 186961657 1
185687216 188035848 1
185687216 188084186 1
185687216 188269316 1
185913738 188035848 1
185913738 188084186 1
185913738 188269316 1
186961657 188035848 1
186961657 188084186 1
186961657 188269316 1
188035848 188084186 1
188035848 188269316 1
188084186 188269316 1
3775776 10831106 3
3775776 62488752 2
3775776 63936162 1
3775776 99382352 1
3775776 112662642 1
3775776 183179124 1
3775776 183789156 1
3775776 184420058 2
4718661 8059011 1
4718661 10831106 1
4718661 13824120 1
4718661 22709161 1
4718661 62488752 1
4718661 63936162 1
4718661 76701672 1
4718661 99382352 1
4718661 112662642 1
4718661 172213132 1
4718661 183179124 1
4718661 183789156 1
4718661 184420058 1
5683132 10831106 2
5683132 62488752 1
5683132 63936162 1
5683132 99382352 1
5683132 112662642 1
5683132 183179124 1
5683132 183789156 1
5683132 184420058 1
8059011 9481920 1
8059011 9521172 1
8059011 9555587 1
8059011 10831106 1
8059011 62488752 1
8059011 63936162 1
8059011 72061922 1
8059011 99382352 1
8059011 112662642 1
8059011 168834402 1
8059011 183179124 1
8059011 183789156 1
8059011 184420058 1
9481920 10831106 1
9481920 13824120 1
9481920 62488752 1
9481920 63936162 1
9481920 99382352 1
9481920 112662642 1
9481920 172213132 1
9481920 183179124 1
9481920 183789156 1
9481920 184420058 1
9521172 10831106 3
9521172 62488752 1
9521172 63936162 1
9521172 99382352 1
9521172 112662642 1
9521172 183179124 1
9521172 183789156 1
9521172 184420058 1
9555587 10831106 1
9555587 62488752 1
9555587 63936162 1
9555587 76701672 1
9555587 99382352 1
9555587 112662642 1
9555587 172213132 1
9555587 183179124 1
9555587 183789156 1
9555587 184420058 1
10831106 12276458 3
10831106 13824120 2
10831106 22709161 1
10831106 62488752 1
10831106 63936162 1
10831106 72061922 2
10831106 76701672 3
10831106 99382352 1
10831106 112662642 1
10831106 168834402 1
10831106 172213132 2
10831106 183179124 1
10831106 183789156 1
10831106 184072547 2
10831106 184420058 1
12276458 62488752 1
12276458 63936162 1
12276458 99382352 1
12276458 112662642 1
12276458 183179124 1
12276458 183789156 1
12276458 184420058 1
13824120 62488752 2
13824120 63936162 1
13824120 99382352 1
13824120 112662642 1
13824120 183179124 1
13824120 183789156 1
13824120 184420058 2
22709161 62488752 1
22709161 63936162 1
22709161 99382352 1
22709161 112662642 1
22709161 183179124 1
22709161 183789156 1
22709161 184420058 1
62488752 63936162 1
62488752 72061922 1
62488752 76701672 1
62488752 99382352 1
62488752 112662642 1
62488752 168834402 2
62488752 172213132 1
62488752 183179124 1
62488752 183789156 1
62488752 184072547 2
62488752 184420058 2
63936162 72061922 1
63936162 76701672 1
63936162 99382352 1
63936162 112662642 1
63936162 168834402 1
63936162 172213132 1
63936162 183179124 1
63936162 183789156 1
63936162 184072547 1
63936162 184420058 1
72061922 76701672 2
72061922 99382352 1
72061922 112662642 1
72061922 172213132 2
72061922 183179124 1
72061922 183789156 1
72061922 184420058 1
76701672 99382352 1
76701672 112662642 1
76701672 168834402 1
76701672 183179124 1
76701672 183789156 1
76701672 184420058 1
99382352 112662642 1
99382352 168834402 1
99382352 172213132 1
99382352 183179124 1
99382352 183789156 1
99382352 184072547 1
99382352 184420058 1
112662642 168834402 1
112662642 172213132 1
112662642 183179124 1
112662642 183789156 1
112662642 184072547 1
112662642 184420058 1
168834402 172213132 1
168834402 183179124 1
168834402 183789156 1
168834402 184420058 2
172213132 183179124 1
172213132 183789156 1
172213132 184420058 1
183179124 183789156 1
183179124 184072547 1
183179124 184420058 1
183789156 184072547 1
183789156 184420058 1
184072547 184420058 2
3775776 11115505 1
3775776 51958382 1
3775776 120238302 1
8887727 11115505 1
8887727 62488752 1
8887727 184420058 1
11115505 13824120 1
11115505 51958382 1
11115505 62488752 1
11115505 76375042 1
11115505 120238302 1
11115505 168834402 1
11115505 184072547 1
11115505 184420058 1
51958382 62488752 1
51958382 168834402 1
51958382 184420058 1
62488752 76375042 1
62488752 120238302 1
76375042 168834402 1
76375042 184420058 1
120238302 168834402 1
120238302 184420058 1
3775776 12363643 1
3775776 13746355 1
3775776 46794202 1
3775776 65428232 2
3775776 183059650 2
3775776 187021146 1
3775776 188745847 1
5683132 12363643 1
5683132 13746355 1
5683132 46794202 1
5683132 65428232 1
5683132 183059650 1
5683132 183878684 1
5683132 187021146 1
5683132 188745847 1
8926884 9521172 1
8926884 10831106 1
8926884 12363643 1
8926884 13746355 1
8926884 46794202 1
8926884 65428232 1
8926884 76701672 1
8926884 172213132 1
8926884 183059650 1
8926884 183878684 1
8926884 184448778 1
8926884 187021146 1
8926884 188745847 1
9521172 12363643 1
9521172 13746355 1
9521172 46794202 1
9521172 65428232 2
9521172 183059650 2
9521172 187021146 1
9521172 188745847 1
10831106 12363643 1
10831106 13746355 1
10831106 46794202 1
10831106 65428232 2
10831106 183059650 2
10831106 183878684 1
10831106 184448778 1
10831106 187021146 1
10831106 188745847 1
12276458 12363643 1
12276458 13746355 1
12276458 46794202 1
12276458 65428232 2
12276458 187021146 1
12276458 188745847 1
12363643 13746355 1
12363643 13824120 1
12363643 46794202 1
12363643 65428232 1
12363643 72061922 1
12363643 76701672 1
12363643 172213132 1
12363643 183059650 1
12363643 183878684 1
12363643 184448778 1
12363643 187021146 1
12363643 188745847 1
13746355 13824120 1
13746355 46794202 1
13746355 65428232 1
13746355 72061922 1
13746355 76701672 1
13746355 172213132 1
13746355 183059650 1
13746355 183878684 1
13746355 184448778 1
13746355 187021146 1
13746355 188745847 1
13824120 46794202 1
13824120 65428232 1
13824120 187021146 1
13824120 188745847 1
46794202 65428232 1
46794202 72061922 1
46794202 76701672 1
46794202 172213132 1
46794202 183059650 1
46794202 183878684 1
46794202 184448778 1
46794202 187021146 1
46794202 188745847 1
65428232 72061922 1
65428232 76701672 2
65428232 172213132 1
65428232 183059650 2
65428232 183878684 1
65428232 184448778 1
65428232 187021146 1
65428232 188745847 1
72061922 187021146 1
72061922 188745847 1
76701672 183059650 2
76701672 184448778 1
76701672 187021146 1
76701672 188745847 1
172213132 183059650 1
172213132 183878684 1
172213132 187021146 1
172213132 188745847 1
183059650 187021146 1
183059650 188745847 1
183878684 187021146 1
183878684 188745847 1
184448778 187021146 1
184448778 188745847 1
187021146 188745847 1
1181470 5432663 1
1181470 6336391 1
1181470 10831106 1
1181470 14242314 1
1181470 14845501 1
1181470 15233331 1
1181470 26080042 1
1181470 28498582 1
1181470 63897272 1
1181470 65428232 1
1181470 77473302 1
1181470 82783372 1
1181470 84371852 1
1181470 99932102 1
1181470 149996832 1
1181470 151297682 1
1181470 188761506 1
1181470 189090375 1
3008251 3943001 1
3008251 5432663 1
3008251 6336391 1
3008251 7292762 1
3008251 10831106 1
3008251 14242314 1
3008251 14845501 1
3008251 15233331 1
3008251 26080042 1
3008251 28498582 1
3008251 63897272 1
3008251 65428232 1
3008251 68523802 1
3008251 76375042 1
3008251 76701672 1
3008251 77473302 1
3008251 82783372 1
3008251 83185172 1
3008251 84371852 1
3008251 99932102 1
3008251 148500382 1
3008251 151297682 1
3008251 155563522 1
3008251 183059650 1
3008251 188761506 1
3008251 189090375 1
3775776 5432663 1
3775776 6336391 1
3775776 7292762 1
3775776 14242314 1
3775776 14845501 1
3775776 26080042 1
3775776 28498582 1
3775776 63897272 1
3775776 77473302 1
3775776 82783372 1
3775776 84371852 1
3775776 99932102 1
3775776 148500382 1
3775776 151297682 1
3775776 188761506 1
3775776 189090375 1
3943001 5432663 1
3943001 6336391 1
3943001 7292762 1
3943001 9521172 1
3943001 10831106 1
3943001 14242314 1
3943001 14845501 1
3943001 15233331 1
3943001 26080042 1
3943001 28498582 1
3943001 63897272 1
3943001 65428232 1
3943001 68523802 1
3943001 77473302 1
3943001 82783372 1
3943001 84371852 1
3943001 99932102 1
3943001 148500382 1
3943001 149996832 1
3943001 151297682 1
3943001 183059650 1
3943001 188761506 1
3943001 189090375 1
5432663 6336391 1
5432663 7292762 1
5432663 8887727 1
5432663 9521172 1
5432663 10831106 1
5432663 12276458 1
5432663 14242314 1
5432663 14845501 1
5432663 15233331 1
5432663 26080042 1
5432663 28498582 1
5432663 63897272 1
5432663 65428232 1
5432663 68523802 1
5432663 76375042 1
5432663 76701672 1
5432663 77473302 1
5432663 82783372 1
5432663 83185172 1
5432663 84371852 1
5432663 99932102 1
5432663 148500382 1
5432663 149996832 1
5432663 151297682 1
5432663 155563522 1
5432663 183059650 1
5432663 184072547 1
5432663 188761506 1
5432663 189090375 1
6336391 7292762 1
6336391 8887727 1
6336391 9521172 1
6336391 10831106 1
6336391 12276458 1
6336391 14242314 1
6336391 14845501 1
6336391 15233331 1
6336391 26080042 1
6336391 28498582 1
6336391 63897272 1
6336391 65428232 1
6336391 68523802 1
6336391 76375042 1
6336391 76701672 1
6336391 77473302 1
6336391 82783372 1
6336391 83185172 1
6336391 84371852 1
6336391 99932102 1
6336391 148500382 1
6336391 149996832 1
6336391 151297682 1
6336391 155563522 1
6336391 183059650 1
6336391 184072547 1
6336391 188761506 1
6336391 189090375 1
7292762 9521172 1
7292762 10831106 1
7292762 14242314 1
7292762 14845501 1
7292762 15233331 1
7292762 26080042 1
7292762 28498582 1
7292762 63897272 1
7292762 65428232 1
7292762 76701672 1
7292762 77473302 1
7292762 82783372 1
7292762 83185172 1
7292762 84371852 1
7292762 99932102 1
7292762 149996832 1
7292762 151297682 1
7292762 188761506 1
7292762 189090375 1
8887727 10831106 1
8887727 14242314 1
8887727 14845501 1
8887727 26080042 1
8887727 28498582 1
8887727 63897272 1
8887727 65428232 1
8887727 77473302 1
8887727 82783372 1
8887727 84371852 1
8887727 99932102 1
8887727 151297682 1
8887727 188761506 1
8887727 189090375 1
9521172 14242314 1
9521172 14845501 1
9521172 26080042 1
9521172 28498582 1
9521172 63897272 1
9521172 77473302 1
9521172 82783372 1
9521172 84371852 1
9521172 99932102 1
9521172 148500382 1
9521172 149996832 1
9521172 151297682 1
9521172 155563522 1
9521172 188761506 1
9521172 189090375 1
10831106 14242314 1
10831106 14845501 1
10831106 15233331 1
10831106 26080042 1
10831106 28498582 1
10831106 63897272 1
10831106 68523802 1
10831106 76375042 1
10831106 77473302 1
10831106 82783372 1
10831106 83185172 1
10831106 84371852 1
10831106 99932102 1
10831106 148500382 1
10831106 149996832 1
10831106 151297682 1
10831106 155563522 1
10831106 188761506 1
10831106 189090375 1
12276458 14242314 1
12276458 14845501 1
12276458 15233331 1
12276458 26080042 1
12276458 28498582 1
12276458 63897272 1
12276458 77473302 1
12276458 82783372 1
12276458 84371852 1
12276458 99932102 1
12276458 151297682 1
12276458 188761506 1
12276458 189090375 1
14242314 14845501 1
14242314 15233331 1
14242314 26080042 1
14242314 28498582 1
14242314 63897272 1
14242314 65428232 1
14242314 68523802 1
14242314 76375042 1
14242314 76701672 1
14242314 77473302 1
14242314 82783372 1
14242314 83185172 1
14242314 84371852 1
14242314 99932102 1
14242314 148500382 1
14242314 149996832 1
14242314 151297682 1
14242314 155563522 1
14242314 183059650 1
14242314 184072547 1
14242314 188761506 1
14242314 189090375 1
14845501 15233331 1
14845501 26080042 1
14845501 28498582 1
14845501 63897272 1
14845501 65428232 1
14845501 68523802 1
14845501 76375042 1
14845501 76701672 1
14845501 77473302 1
14845501 82783372 1
14845501 83185172 1
14845501 84371852 1
14845501 99932102 1
14845501 148500382 1
14845501 149996832 1
14845501 151297682 1
14845501 155563522 1
14845501 183059650 1
14845501 184072547 1
14845501 188761506 1
14845501 189090375 1
15233331 26080042 1
15233331 28498582 1
15233331 63897272 1
15233331 65428232 1
15233331 77473302 1
15233331 82783372 1
15233331 84371852 1
15233331 99932102 1
15233331 148500382 1
15233331 149996832 1
15233331 151297682 1
15233331 155563522 1
15233331 183059650 1
15233331 188761506 1
15233331 189090375 1
26080042 28498582 1
26080042 63897272 1
26080042 65428232 1
26080042 68523802 1
26080042 76375042 1
26080042 76701672 1
26080042 77473302 1
26080042 82783372 1
26080042 83185172 1
26080042 84371852 1
26080042 99932102 1
26080042 148500382 1
26080042 149996832 1
26080042 151297682 1
26080042 155563522 1
26080042 183059650 1
26080042 184072547 1
26080042 188761506 1
26080042 189090375 1
28498582 63897272 1
28498582 65428232 1
28498582 68523802 1
28498582 76375042 1
28498582 76701672 1
28498582 77473302 1
28498582 82783372 1
28498582 83185172 1
28498582 84371852 1
28498582 99932102 1
28498582 148500382 1
28498582 149996832 1
28498582 151297682 1
28498582 155563522 1
28498582 183059650 1
28498582 184072547 1
28498582 188761506 1
28498582 189090375 1
63897272 65428232 1
63897272 68523802 1
63897272 76375042 1
63897272 76701672 1
63897272 77473302 1
63897272 82783372 1
63897272 83185172 1
63897272 84371852 1
63897272 99932102 1
63897272 148500382 1
63897272 149996832 1
63897272 151297682 1
63897272 155563522 1
63897272 183059650 1
63897272 184072547 1
63897272 188761506 1
63897272 189090375 1
65428232 68523802 1
65428232 76375042 1
65428232 77473302 1
65428232 82783372 1
65428232 83185172 1
65428232 84371852 1
65428232 99932102 1
65428232 148500382 1
65428232 149996832 1
65428232 151297682 1
65428232 155563522 1
65428232 184072547 1
65428232 188761506 1
65428232 189090375 1
68523802 77473302 1
68523802 82783372 1
68523802 84371852 1
68523802 99932102 1
68523802 149996832 1
68523802 151297682 1
68523802 188761506 1
68523802 189090375 1
76375042 77473302 1
76375042 82783372 1
76375042 84371852 1
76375042 99932102 1
76375042 149996832 1
76375042 151297682 1
76375042 188761506 1
76375042 189090375 1
76701672 77473302 1
76701672 82783372 1
76701672 84371852 1
76701672 99932102 1
76701672 148500382 1
76701672 149996832 1
76701672 151297682 1
76701672 188761506 1
76701672 189090375 1
77473302 82783372 1
77473302 83185172 1
77473302 84371852 1
77473302 99932102 1
77473302 148500382 1
77473302 149996832 1
77473302 151297682 1
77473302 155563522 1
77473302 183059650 1
77473302 184072547 1
77473302 188761506 1
77473302 189090375 1
82783372 83185172 1
82783372 84371852 1
82783372 99932102 1
82783372 148500382 1
82783372 149996832 1
82783372 151297682 1
82783372 155563522 1
82783372 183059650 1
82783372 184072547 1
82783372 188761506 1
82783372 189090375 1
83185172 84371852 1
83185172 99932102 1
83185172 148500382 1
83185172 149996832 1
83185172 151297682 1
83185172 183059650 1
83185172 188761506 1
83185172 189090375 1
84371852 99932102 1
84371852 148500382 1
84371852 149996832 1
84371852 151297682 1
84371852 155563522 1
84371852 183059650 1
84371852 184072547 1
84371852 188761506 1
84371852 189090375 1
99932102 148500382 1
99932102 149996832 1
99932102 151297682 1
99932102 155563522 1
99932102 183059650 1
99932102 184072547 1
99932102 188761506 1
99932102 189090375 1
148500382 149996832 1
148500382 151297682 1
148500382 188761506 1
148500382 189090375 1
149996832 151297682 1
149996832 155563522 1
149996832 183059650 1
149996832 188761506 1
149996832 189090375 1
151297682 155563522 1
151297682 183059650 1
151297682 184072547 1
151297682 188761506 1
151297682 189090375 1
155563522 188761506 1
155563522 189090375 1
183059650 188761506 1
183059650 189090375 1
184072547 188761506 1
184072547 189090375 1
188761506 189090375 1
