2884706 13165795 3484262 79699112 112220202 13194286 13149935 5983089 3764242 81202132 4898260 6194841 9350522 4366459 38372252 112624222
4366459 5983089 1
4366459 13165795 1
4366459 79699112 1
4366459 81202132 1
5983089 13165795 1
5983089 79699112 1
5983089 81202132 1
13165795 79699112 1
13165795 81202132 1
79699112 81202132 1
13149935 13194286 3
13149935 112220202 1
13149935 112624222 1
13194286 112220202 1
13194286 112624222 1
112220202 112624222 1
3764242 6194841 1
2884706 4898260 1
2884706 9350522 1
4898260 9350522 1
3484262 13149935 1
3484262 13194286 1
3484262 38372252 1
13149935 38372252 1
13194286 38372252 1
