13130241 6160516 12397582 9715601 11479320 12971422 489650 7775285 13203127 9257402 12757565 7220797 8043071 12652994 10340560 10875769 2071132 6258809 11250039 11391097
6160516 6258809 1
6160516 10875769 1
6160516 11250039 1
6160516 11479320 1
6258809 10875769 4
6258809 11250039 1
6258809 11479320 5
10875769 11250039 1
10875769 11479320 4
11250039 11479320 1
7220797 9257402 1
7220797 10875769 1
9257402 10875769 2
6258809 13130241 3
10875769 13130241 3
11479320 13130241 3
6258809 10340560 1
10340560 11479320 1
2071132 6258809 1
2071132 9257402 1
2071132 9715601 1
2071132 12652994 1
2071132 12757565 1
6258809 9257402 2
6258809 9715601 2
6258809 12652994 1
6258809 12757565 1
9257402 9715601 1
9257402 12652994 1
9257402 12757565 1
9715601 12652994 1
9715601 12757565 1
12652994 12757565 1
6258809 8043071 2
6258809 12971422 1
6258809 13203127 2
8043071 9257402 1
8043071 10875769 2
8043071 11479320 2
8043071 12971422 1
8043071 13130241 2
8043071 13203127 2
9257402 11479320 1
9257402 12971422 1
9257402 13130241 1
9257402 13203127 1
10875769 12971422 1
10875769 13203127 2
11479320 12971422 1
11479320 13203127 2
12971422 13130241 1
12971422 13203127 1
13130241 13203127 2
489650 6258809 1
489650 7775285 1
489650 8043071 1
489650 9715601 1
489650 10875769 1
489650 11391097 1
489650 11479320 1
489650 12397582 1
489650 13130241 1
489650 13203127 1
6258809 7775285 1
6258809 11391097 1
6258809 12397582 1
7775285 8043071 1
7775285 9715601 1
7775285 10875769 1
7775285 11391097 1
7775285 11479320 1
7775285 12397582 1
7775285 13130241 1
7775285 13203127 1
8043071 9715601 1
8043071 11391097 1
8043071 12397582 1
9715601 10875769 1
9715601 11391097 1
9715601 11479320 1
9715601 12397582 1
9715601 13130241 1
9715601 13203127 1
10875769 11391097 1
10875769 12397582 1
11391097 11479320 1
11391097 12397582 1
11391097 13130241 1
11391097 13203127 1
11479320 12397582 1
12397582 13130241 1
12397582 13203127 1
