6160516 11479320 115358632 92822952 31075882 103438642 133490482 10863923 61364732 101095752 10875769 111920222 10805727 76880612 8798564 14450282 55917812 94751092 6258809 10308218 134204412
6258809 10875769 7
6258809 11479320 9
6258809 14450282 8
6258809 31075882 9
6258809 55917812 1
6258809 101095752 5
6258809 111920222 1
10875769 11479320 8
10875769 14450282 8
10875769 31075882 8
10875769 55917812 1
10875769 101095752 5
10875769 111920222 1
11479320 14450282 9
11479320 31075882 10
11479320 55917812 1
11479320 101095752 6
11479320 111920222 1
14450282 31075882 9
14450282 55917812 1
14450282 101095752 6
14450282 111920222 1
31075882 55917812 1
31075882 101095752 6
31075882 111920222 1
55917812 101095752 1
55917812 111920222 1
101095752 111920222 1
6258809 61364732 1
6258809 115358632 1
10875769 61364732 1
10875769 115358632 1
11479320 61364732 1
11479320 115358632 1
14450282 61364732 1
14450282 115358632 1
31075882 61364732 1
31075882 115358632 1
61364732 115358632 1
6258809 76880612 1
10875769 76880612 1
11479320 76880612 1
14450282 76880612 1
31075882 76880612 1
6160516 6258809 5
6160516 10805727 1
6160516 10875769 5
6160516 11479320 6
6160516 14450282 6
6160516 31075882 6
6258809 10805727 1
10805727 10875769 1
10805727 11479320 1
10805727 14450282 1
10805727 31075882 1
6160516 8798564 3
6160516 101095752 5
6160516 103438642 3
6258809 8798564 3
6258809 103438642 3
8798564 11479320 3
8798564 14450282 3
8798564 31075882 3
8798564 101095752 3
8798564 103438642 2
11479320 103438642 3
14450282 103438642 3
31075882 103438642 3
101095752 103438642 3
8798564 10875769 2
10875769 103438642 2
6160516 94751092 1
6258809 94751092 1
10875769 94751092 1
11479320 94751092 1
14450282 94751092 1
31075882 94751092 1
94751092 101095752 1
94751092 103438642 1
6160516 133490482 2
6160516 134204412 2
10875769 133490482 2
10875769 134204412 2
11479320 133490482 2
11479320 134204412 2
14450282 133490482 2
14450282 134204412 2
31075882 133490482 2
31075882 134204412 2
101095752 133490482 2
101095752 134204412 2
133490482 134204412 2
6160516 10308218 1
6160516 10863923 1
6160516 92822952 1
6258809 10308218 1
6258809 10863923 1
6258809 92822952 1
6258809 133490482 1
6258809 134204412 1
8798564 10308218 1
8798564 10863923 1
8798564 92822952 1
8798564 133490482 1
8798564 134204412 1
10308218 10863923 1
10308218 10875769 1
10308218 11479320 1
10308218 14450282 1
10308218 31075882 1
10308218 92822952 1
10308218 101095752 1
10308218 133490482 1
10308218 134204412 1
10863923 10875769 1
10863923 11479320 1
10863923 14450282 1
10863923 31075882 1
10863923 92822952 1
10863923 101095752 1
10863923 133490482 1
10863923 134204412 1
10875769 92822952 1
11479320 92822952 1
14450282 92822952 1
31075882 92822952 1
92822952 101095752 1
92822952 133490482 1
92822952 134204412 1
