76880612 6160516 111642022 8798564 101095752 115358632 31075882 14450282 9961200 103438642 55917812 94751092 11479320 6258809 10875769 61364732 111920222 10805727
6258809 10875769 8
6258809 11479320 10
6258809 14450282 9
6258809 31075882 10
6258809 55917812 3
6258809 76880612 2
6258809 101095752 6
6258809 103438642 4
6258809 111642022 1
10875769 11479320 8
10875769 14450282 8
10875769 31075882 8
10875769 55917812 3
10875769 76880612 2
10875769 101095752 5
10875769 103438642 3
10875769 111642022 1
11479320 14450282 9
11479320 31075882 10
11479320 55917812 3
11479320 76880612 2
11479320 101095752 6
11479320 103438642 4
11479320 111642022 1
14450282 31075882 9
14450282 55917812 3
14450282 76880612 2
14450282 101095752 6
14450282 103438642 4
14450282 111642022 1
31075882 55917812 3
31075882 76880612 2
31075882 101095752 6
31075882 103438642 4
31075882 111642022 1
55917812 76880612 1
55917812 101095752 3
55917812 103438642 1
55917812 111642022 1
76880612 101095752 1
76880612 103438642 1
76880612 111642022 1
101095752 103438642 4
101095752 111642022 1
103438642 111642022 1
6258809 9961200 1
9961200 10875769 1
9961200 11479320 1
9961200 14450282 1
9961200 31075882 1
9961200 55917812 1
9961200 101095752 1
6258809 111920222 1
10875769 111920222 1
11479320 111920222 1
14450282 111920222 1
31075882 111920222 1
55917812 111920222 1
101095752 111920222 1
6258809 61364732 1
6258809 115358632 1
10875769 61364732 1
10875769 115358632 1
11479320 61364732 1
11479320 115358632 1
14450282 61364732 1
14450282 115358632 1
31075882 61364732 1
31075882 115358632 1
61364732 115358632 1
6160516 6258809 4
6160516 10805727 1
6160516 10875769 3
6160516 11479320 4
6160516 14450282 4
6160516 31075882 4
6258809 10805727 1
10805727 10875769 1
10805727 11479320 1
10805727 14450282 1
10805727 31075882 1
6160516 8798564 2
6160516 101095752 3
6160516 103438642 3
6258809 8798564 2
8798564 11479320 2
8798564 14450282 2
8798564 31075882 2
8798564 101095752 2
8798564 103438642 2
8798564 10875769 1
6160516 94751092 1
6258809 94751092 1
10875769 94751092 1
11479320 94751092 1
14450282 94751092 1
31075882 94751092 1
94751092 101095752 1
94751092 103438642 1
