143083712 177914272 182855681 6160516 11071590 118494982 165536712 183023846 101095752 7291534 96732052 159326422 123392662 11479320 6258809 10875769 127542102 154492252
6258809 10875769 6
6258809 11479320 7
6258809 96732052 1
6258809 143083712 1
6258809 154492252 1
6258809 165536712 7
6258809 177914272 7
10875769 11479320 6
10875769 96732052 1
10875769 143083712 1
10875769 154492252 1
10875769 165536712 6
10875769 177914272 6
11479320 96732052 1
11479320 143083712 1
11479320 154492252 1
11479320 165536712 8
11479320 177914272 8
96732052 143083712 1
96732052 154492252 1
96732052 165536712 1
96732052 177914272 1
143083712 154492252 1
143083712 165536712 1
143083712 177914272 1
154492252 165536712 1
154492252 177914272 1
165536712 177914272 8
6160516 6258809 5
6160516 10875769 4
6160516 11479320 4
6160516 159326422 2
6160516 165536712 4
6160516 177914272 4
6258809 159326422 3
11479320 159326422 3
159326422 165536712 3
159326422 177914272 3
10875769 11071590 1
10875769 118494982 1
11071590 11479320 1
11071590 118494982 1
11071590 165536712 1
11071590 177914272 1
11479320 118494982 1
118494982 165536712 1
118494982 177914272 1
10875769 159326422 2
6160516 123392662 2
6160516 182855681 2
6160516 183023846 2
6258809 123392662 2
6258809 182855681 2
6258809 183023846 2
10875769 123392662 2
10875769 182855681 2
10875769 183023846 2
11479320 123392662 2
11479320 182855681 2
11479320 183023846 2
123392662 165536712 2
123392662 177914272 2
123392662 182855681 2
123392662 183023846 2
165536712 182855681 2
165536712 183023846 2
177914272 182855681 2
177914272 183023846 2
182855681 183023846 2
6160516 7291534 1
6160516 101095752 1
6160516 127542102 1
6258809 7291534 1
6258809 101095752 1
6258809 127542102 1
7291534 10875769 1
7291534 11479320 1
7291534 101095752 1
7291534 123392662 1
7291534 127542102 1
7291534 159326422 1
7291534 165536712 1
7291534 177914272 1
7291534 182855681 1
7291534 183023846 1
10875769 101095752 1
10875769 127542102 1
11479320 101095752 1
11479320 127542102 1
101095752 123392662 1
101095752 127542102 1
101095752 159326422 1
101095752 165536712 1
101095752 177914272 1
101095752 182855681 1
101095752 183023846 1
123392662 127542102 1
123392662 159326422 1
127542102 159326422 1
127542102 165536712 1
127542102 177914272 1
127542102 182855681 1
127542102 183023846 1
159326422 182855681 1
159326422 183023846 1
