103860742 184007178 183328781 162539282 86021272 177559672 6682872 13616546 80143012 96611752 184011178 74338862 12344753 185444222 94710452 167781302 183365944 183456829 12145981 88263102 2359361 183852739 130895172 53567302 131256262 183462087 73448952 12507463 182545099 163213652 184207319 152053852 125305692 6915041 94770402 114665962 57917162 154866412 184148462 3386222 8037232 42531182 8283762 182235892 10791670 8414584 82371582
6915041 8037232 1
6915041 8414584 1
6915041 53567302 1
6915041 73448952 1
6915041 80143012 1
6915041 86021272 1
6915041 96611752 1
6915041 114665962 1
6915041 131256262 1
6915041 152053852 1
6915041 167781302 1
6915041 182235892 1
6915041 182545099 1
6915041 183328781 1
6915041 183456829 1
6915041 183462087 1
6915041 183852739 1
6915041 184007178 1
6915041 184148462 1
6915041 184207319 1
8037232 8414584 1
8037232 53567302 1
8037232 73448952 1
8037232 80143012 1
8037232 86021272 1
8037232 96611752 1
8037232 114665962 1
8037232 131256262 1
8037232 152053852 1
8037232 167781302 1
8037232 182235892 1
8037232 182545099 1
8037232 183328781 1
8037232 183456829 1
8037232 183462087 1
8037232 183852739 1
8037232 184007178 1
8037232 184148462 1
8037232 184207319 1
8414584 53567302 1
8414584 73448952 1
8414584 80143012 1
8414584 86021272 1
8414584 96611752 1
8414584 114665962 1
8414584 131256262 1
8414584 152053852 1
8414584 167781302 1
8414584 182235892 1
8414584 182545099 1
8414584 183328781 1
8414584 183456829 1
8414584 183462087 1
8414584 183852739 1
8414584 184007178 1
8414584 184148462 1
8414584 184207319 1
53567302 73448952 1
53567302 80143012 1
53567302 86021272 1
53567302 96611752 1
53567302 114665962 1
53567302 131256262 1
53567302 152053852 1
53567302 167781302 1
53567302 182235892 1
53567302 182545099 1
53567302 183328781 1
53567302 183456829 1
53567302 183462087 1
53567302 183852739 1
53567302 184007178 1
53567302 184148462 1
53567302 184207319 1
73448952 80143012 1
73448952 86021272 1
73448952 96611752 1
73448952 114665962 1
73448952 131256262 1
73448952 152053852 1
73448952 167781302 1
73448952 182235892 1
73448952 182545099 1
73448952 183328781 1
73448952 183456829 1
73448952 183462087 1
73448952 183852739 1
73448952 184007178 1
73448952 184148462 1
73448952 184207319 1
80143012 86021272 1
80143012 96611752 1
80143012 114665962 1
80143012 131256262 1
80143012 152053852 1
80143012 167781302 1
80143012 182235892 1
80143012 182545099 1
80143012 183328781 1
80143012 183456829 1
80143012 183462087 1
80143012 183852739 1
80143012 184007178 1
80143012 184148462 1
80143012 184207319 1
86021272 96611752 1
86021272 114665962 1
86021272 131256262 1
86021272 152053852 1
86021272 167781302 1
86021272 182235892 1
86021272 182545099 1
86021272 183328781 1
86021272 183456829 1
86021272 183462087 1
86021272 183852739 1
86021272 184007178 1
86021272 184148462 1
86021272 184207319 1
96611752 114665962 1
96611752 131256262 1
96611752 152053852 1
96611752 167781302 1
96611752 182235892 1
96611752 182545099 1
96611752 183328781 1
96611752 183456829 1
96611752 183462087 1
96611752 183852739 1
96611752 184007178 1
96611752 184148462 1
96611752 184207319 1
114665962 131256262 1
114665962 152053852 1
114665962 167781302 1
114665962 182235892 2
114665962 182545099 1
114665962 183328781 1
114665962 183456829 1
114665962 183462087 1
114665962 183852739 1
114665962 184007178 1
114665962 184148462 1
114665962 184207319 1
131256262 152053852 1
131256262 167781302 1
131256262 182235892 1
131256262 182545099 1
131256262 183328781 1
131256262 183456829 1
131256262 183462087 1
131256262 183852739 1
131256262 184007178 1
131256262 184148462 1
131256262 184207319 1
152053852 167781302 1
152053852 182235892 1
152053852 182545099 1
152053852 183328781 1
152053852 183456829 1
152053852 183462087 1
152053852 183852739 1
152053852 184007178 1
152053852 184148462 1
152053852 184207319 1
167781302 182235892 1
167781302 182545099 1
167781302 183328781 1
167781302 183456829 1
167781302 183462087 1
167781302 183852739 1
167781302 184007178 1
167781302 184148462 1
167781302 184207319 1
182235892 182545099 1
182235892 183328781 1
182235892 183456829 1
182235892 183462087 1
182235892 183852739 1
182235892 184007178 1
182235892 184148462 1
182235892 184207319 1
182545099 183328781 1
182545099 183456829 1
182545099 183462087 1
182545099 183852739 1
182545099 184007178 1
182545099 184148462 1
182545099 184207319 1
183328781 183456829 1
183328781 183462087 1
183328781 183852739 1
183328781 184007178 1
183328781 184148462 1
183328781 184207319 1
183456829 183462087 1
183456829 183852739 1
183456829 184007178 1
183456829 184148462 1
183456829 184207319 1
183462087 183852739 1
183462087 184007178 1
183462087 184148462 1
183462087 184207319 1
183852739 184007178 1
183852739 184148462 1
183852739 184207319 1
184007178 184148462 1
184007178 184207319 1
184148462 184207319 1
3386222 10791670 1
3386222 12507463 1
3386222 163213652 1
10791670 12507463 1
10791670 163213652 1
12507463 163213652 1
3386222 12344753 1
3386222 42531182 1
3386222 162539282 1
12344753 42531182 1
12344753 162539282 1
42531182 162539282 1
6682872 10791670 1
10791670 57917162 1
10791670 130895172 1
10791670 177559672 2
57917162 130895172 1
57917162 177559672 1
130895172 177559672 1
10791670 13616546 1
10791670 82371582 1
10791670 103860742 1
10791670 125305692 1
10791670 182235892 1
10791670 183365944 1
10791670 185444222 1
13616546 82371582 1
13616546 103860742 1
13616546 125305692 1
13616546 177559672 1
13616546 182235892 1
13616546 183365944 1
13616546 185444222 1
82371582 103860742 1
82371582 125305692 1
82371582 177559672 1
82371582 182235892 1
82371582 183365944 1
82371582 185444222 1
103860742 125305692 1
103860742 177559672 1
103860742 182235892 1
103860742 183365944 1
103860742 185444222 1
125305692 177559672 1
125305692 182235892 1
125305692 183365944 1
125305692 185444222 1
177559672 182235892 1
177559672 183365944 1
177559672 185444222 1
182235892 183365944 2
182235892 185444222 1
183365944 185444222 1
8283762 12344753 1
8283762 114665962 1
8283762 154866412 2
8283762 163213652 1
8283762 182235892 1
8283762 183365944 1
8283762 184011178 1
12344753 114665962 1
12344753 154866412 1
12344753 163213652 1
12344753 182235892 1
12344753 183365944 1
12344753 184011178 1
114665962 154866412 1
114665962 163213652 1
114665962 183365944 1
114665962 184011178 1
154866412 163213652 1
154866412 182235892 1
154866412 183365944 1
154866412 184011178 1
163213652 182235892 1
163213652 183365944 1
163213652 184011178 1
182235892 184011178 1
183365944 184011178 1
2359361 10791670 1
2359361 12145981 1
2359361 74338862 1
2359361 94710452 1
2359361 94770402 1
2359361 184011178 1
10791670 12145981 1
10791670 74338862 1
10791670 94710452 2
10791670 94770402 1
10791670 184011178 1
12145981 74338862 1
12145981 94710452 1
12145981 94770402 1
12145981 184011178 1
74338862 94710452 1
74338862 94770402 1
74338862 184011178 1
94710452 94770402 1
94710452 184011178 1
94770402 184011178 1
8283762 10791670 1
8283762 88263102 1
10791670 88263102 1
10791670 154866412 1
88263102 154866412 1
