99569542 141812232 90573712 57810712 31753502 106121252 71434022 79919912 143577512 34477612 98524592 86419512 10097214 13064126 121345602 72441412 3957703 93275592 12390611 88066132 39961302 13255391 104835682 158408302
3957703 31753502 1
3957703 86419512 1
3957703 93275592 1
3957703 98524592 1
3957703 99569542 1
3957703 104835682 1
3957703 141812232 1
31753502 86419512 4
31753502 93275592 9
31753502 98524592 2
31753502 99569542 6
31753502 104835682 3
31753502 141812232 6
86419512 93275592 4
86419512 98524592 2
86419512 99569542 4
86419512 104835682 3
86419512 141812232 3
93275592 98524592 2
93275592 99569542 7
93275592 104835682 3
93275592 141812232 7
98524592 99569542 2
98524592 104835682 1
98524592 141812232 2
99569542 104835682 3
99569542 141812232 6
104835682 141812232 2
31753502 34477612 1
31753502 71434022 1
31753502 79919912 3
31753502 121345602 5
31753502 158408302 1
34477612 71434022 1
34477612 79919912 1
34477612 86419512 1
34477612 93275592 1
34477612 99569542 1
34477612 104835682 1
34477612 121345602 1
34477612 141812232 1
34477612 158408302 1
71434022 79919912 1
71434022 86419512 1
71434022 93275592 1
71434022 99569542 1
71434022 104835682 1
71434022 121345602 1
71434022 141812232 1
71434022 158408302 1
79919912 86419512 3
79919912 93275592 3
79919912 99569542 3
79919912 104835682 2
79919912 121345602 2
79919912 141812232 2
79919912 158408302 1
86419512 121345602 2
86419512 158408302 1
93275592 121345602 6
93275592 158408302 1
99569542 121345602 4
99569542 158408302 1
104835682 121345602 2
104835682 158408302 1
121345602 141812232 4
121345602 158408302 1
141812232 158408302 1
31753502 39961302 1
31753502 88066132 4
31753502 143577512 6
39961302 79919912 1
39961302 86419512 1
39961302 88066132 1
39961302 93275592 1
39961302 98524592 1
39961302 99569542 1
39961302 141812232 1
39961302 143577512 1
79919912 88066132 2
79919912 98524592 1
79919912 143577512 1
86419512 88066132 2
86419512 143577512 1
88066132 93275592 5
88066132 98524592 1
88066132 99569542 3
88066132 141812232 2
88066132 143577512 4
93275592 143577512 7
98524592 143577512 1
99569542 143577512 4
141812232 143577512 5
121345602 143577512 4
12390611 31753502 1
12390611 72441412 1
12390611 79919912 1
12390611 86419512 1
12390611 88066132 1
12390611 93275592 1
12390611 99569542 1
12390611 104835682 1
12390611 106121252 1
12390611 121345602 1
31753502 72441412 2
31753502 106121252 1
72441412 79919912 1
72441412 86419512 1
72441412 88066132 2
72441412 93275592 2
72441412 99569542 1
72441412 104835682 1
72441412 106121252 1
72441412 121345602 1
79919912 106121252 1
86419512 106121252 1
88066132 104835682 1
88066132 106121252 1
88066132 121345602 3
93275592 106121252 1
99569542 106121252 1
104835682 106121252 1
106121252 121345602 1
72441412 143577512 1
10097214 31753502 1
10097214 57810712 1
10097214 93275592 1
10097214 121345602 1
10097214 141812232 1
10097214 143577512 1
31753502 57810712 1
57810712 93275592 1
57810712 121345602 1
57810712 141812232 1
57810712 143577512 1
13064126 13255391 1
13064126 31753502 1
13064126 90573712 1
13064126 93275592 1
13064126 99569542 1
13064126 141812232 1
13064126 143577512 1
13255391 31753502 1
13255391 90573712 1
13255391 93275592 1
13255391 99569542 1
13255391 141812232 1
13255391 143577512 1
31753502 90573712 1
90573712 93275592 1
90573712 99569542 1
90573712 141812232 1
90573712 143577512 1
