47855622 1334805 119338522 143115302 13764653 65282102 148557882 152154692 3858507 10637910 92501082 26090592 87499362 1640045 128218232 126409852 32561302 8113815 10362010 2676380 138901162 13775021 147434162 147216572 67795132 5272275 25415892 154805982 154682592 3995873 11287779 57574632 157254902 101285632 134598412 12166928 3561233 123617552 81050902 17648921 14586138 3775776 121333552 93893942 82078522 14342458 51145022 85361472 8220994 75439432 2257225 102380872 3556171 139735372 61271372 138849112 8074077 68469602 106185572 91692392 8863592 94793072 119460722 49943422 89171842 158531462 89126792 8124808 9088920 56843672 7164837 158192582 78489552 5338584 100404702 22546911 145393632 8335846 11230701 148042222 118296052
10362010 11287779 1
10362010 25415892 1
10362010 47855622 2
10362010 68469602 2
10362010 89171842 2
10362010 91692392 1
10362010 93893942 2
10362010 94793072 2
10362010 121333552 1
10362010 134598412 1
10362010 147216572 2
10362010 147434162 1
10362010 148557882 1
11287779 25415892 1
11287779 47855622 1
11287779 68469602 2
11287779 89171842 1
11287779 91692392 1
11287779 93893942 1
11287779 94793072 2
11287779 121333552 1
11287779 134598412 1
11287779 147216572 1
11287779 147434162 1
11287779 148557882 1
25415892 47855622 1
25415892 68469602 1
25415892 89171842 1
25415892 91692392 1
25415892 93893942 1
25415892 94793072 1
25415892 121333552 1
25415892 134598412 1
25415892 147216572 1
25415892 147434162 1
25415892 148557882 1
47855622 68469602 2
47855622 89171842 2
47855622 91692392 1
47855622 93893942 3
47855622 94793072 2
47855622 121333552 1
47855622 134598412 3
47855622 147216572 2
47855622 147434162 1
47855622 148557882 1
68469602 89171842 2
68469602 91692392 1
68469602 93893942 2
68469602 94793072 3
68469602 121333552 1
68469602 134598412 1
68469602 147216572 2
68469602 147434162 1
68469602 148557882 1
89171842 91692392 1
89171842 93893942 2
89171842 94793072 2
89171842 121333552 1
89171842 134598412 1
89171842 147216572 2
89171842 147434162 1
89171842 148557882 1
91692392 93893942 1
91692392 94793072 1
91692392 121333552 1
91692392 134598412 1
91692392 147216572 1
91692392 147434162 1
91692392 148557882 1
93893942 94793072 2
93893942 121333552 1
93893942 134598412 2
93893942 147216572 2
93893942 147434162 1
93893942 148557882 1
94793072 121333552 1
94793072 134598412 1
94793072 147216572 2
94793072 147434162 1
94793072 148557882 1
121333552 134598412 1
121333552 147216572 1
121333552 147434162 1
121333552 148557882 1
134598412 147216572 1
134598412 147434162 1
134598412 148557882 1
147216572 147434162 1
147216572 148557882 1
147434162 148557882 1
2257225 3995873 1
2257225 14586138 1
2257225 47855622 1
2257225 81050902 1
2257225 82078522 1
2257225 85361472 1
2257225 134598412 1
2257225 152154692 1
3995873 14586138 1
3995873 47855622 1
3995873 81050902 1
3995873 82078522 1
3995873 85361472 1
3995873 134598412 1
3995873 152154692 1
14586138 47855622 1
14586138 81050902 1
14586138 82078522 1
14586138 85361472 1
14586138 134598412 1
14586138 152154692 1
47855622 81050902 2
47855622 82078522 2
47855622 85361472 3
47855622 152154692 1
81050902 82078522 2
81050902 85361472 1
81050902 134598412 1
81050902 152154692 1
82078522 85361472 1
82078522 134598412 1
82078522 152154692 1
85361472 134598412 1
85361472 152154692 1
134598412 152154692 1
1334805 1640045 1
1334805 7164837 1
1334805 13764653 1
1334805 13775021 1
1334805 26090592 1
1334805 47855622 1
1334805 49943422 1
1334805 57574632 1
1334805 65282102 1
1334805 67795132 1
1334805 92501082 1
1334805 93893942 1
1334805 119338522 1
1334805 126409852 1
1334805 134598412 1
1334805 154805982 1
1640045 7164837 1
1640045 13764653 1
1640045 13775021 1
1640045 26090592 1
1640045 47855622 1
1640045 49943422 1
1640045 57574632 1
1640045 65282102 1
1640045 67795132 1
1640045 92501082 1
1640045 93893942 1
1640045 119338522 1
1640045 126409852 1
1640045 134598412 1
1640045 154805982 1
7164837 13764653 1
7164837 13775021 1
7164837 26090592 1
7164837 47855622 2
7164837 49943422 1
7164837 57574632 1
7164837 65282102 1
7164837 67795132 1
7164837 92501082 1
7164837 93893942 1
7164837 119338522 1
7164837 126409852 1
7164837 134598412 1
7164837 154805982 1
13764653 13775021 1
13764653 26090592 1
13764653 47855622 1
13764653 49943422 1
13764653 57574632 1
13764653 65282102 1
13764653 67795132 1
13764653 92501082 1
13764653 93893942 1
13764653 119338522 1
13764653 126409852 1
13764653 134598412 1
13764653 154805982 1
13775021 26090592 1
13775021 47855622 1
13775021 49943422 1
13775021 57574632 1
13775021 65282102 1
13775021 67795132 1
13775021 92501082 1
13775021 93893942 1
13775021 119338522 1
13775021 126409852 1
13775021 134598412 1
13775021 154805982 1
26090592 47855622 1
26090592 49943422 1
26090592 57574632 1
26090592 65282102 1
26090592 67795132 1
26090592 92501082 1
26090592 93893942 1
26090592 119338522 1
26090592 126409852 1
26090592 134598412 1
26090592 154805982 1
47855622 49943422 1
47855622 57574632 2
47855622 65282102 1
47855622 67795132 1
47855622 92501082 1
47855622 119338522 1
47855622 126409852 1
47855622 154805982 1
49943422 57574632 1
49943422 65282102 1
49943422 67795132 1
49943422 92501082 1
49943422 93893942 1
49943422 119338522 1
49943422 126409852 1
49943422 134598412 1
49943422 154805982 1
57574632 65282102 1
57574632 67795132 1
57574632 92501082 1
57574632 93893942 2
57574632 119338522 1
57574632 126409852 1
57574632 134598412 1
57574632 154805982 1
65282102 67795132 1
65282102 92501082 1
65282102 93893942 1
65282102 119338522 1
65282102 126409852 1
65282102 134598412 1
65282102 154805982 1
67795132 92501082 1
67795132 93893942 1
67795132 119338522 1
67795132 126409852 1
67795132 134598412 1
67795132 154805982 1
92501082 93893942 1
92501082 119338522 1
92501082 126409852 1
92501082 134598412 1
92501082 154805982 1
93893942 119338522 1
93893942 126409852 1
93893942 154805982 1
119338522 126409852 1
119338522 134598412 1
119338522 154805982 1
126409852 134598412 1
126409852 154805982 1
134598412 154805982 1
3858507 8113815 1
3858507 8220994 1
3858507 11287779 1
3858507 68469602 1
3858507 78489552 1
3858507 89126792 1
3858507 94793072 1
3858507 143115302 1
8113815 8220994 1
8113815 11287779 1
8113815 68469602 1
8113815 78489552 1
8113815 89126792 1
8113815 94793072 1
8113815 143115302 1
8220994 11287779 1
8220994 68469602 2
8220994 78489552 1
8220994 89126792 1
8220994 94793072 2
8220994 143115302 1
11287779 78489552 1
11287779 89126792 1
11287779 143115302 1
68469602 78489552 1
68469602 89126792 1
68469602 143115302 1
78489552 89126792 1
78489552 94793072 1
78489552 143115302 1
89126792 94793072 1
89126792 143115302 1
94793072 143115302 1
3556171 3561233 1
3556171 7164837 1
3556171 8124808 1
3556171 8220994 1
3556171 9088920 1
3556171 10637910 1
3556171 17648921 1
3556171 47855622 1
3556171 51145022 1
3556171 56843672 1
3556171 85361472 1
3556171 100404702 1
3556171 106185572 1
3556171 119460722 1
3556171 145393632 1
3556171 154682592 1
3556171 157254902 1
3561233 7164837 1
3561233 8124808 1
3561233 8220994 2
3561233 9088920 1
3561233 10637910 1
3561233 17648921 1
3561233 47855622 2
3561233 51145022 2
3561233 56843672 1
3561233 85361472 2
3561233 100404702 1
3561233 106185572 1
3561233 119460722 1
3561233 145393632 1
3561233 154682592 1
3561233 157254902 2
7164837 8124808 1
7164837 8220994 1
7164837 9088920 1
7164837 10637910 1
7164837 17648921 1
7164837 51145022 1
7164837 56843672 1
7164837 85361472 1
7164837 100404702 1
7164837 106185572 1
7164837 119460722 1
7164837 145393632 1
7164837 154682592 1
7164837 157254902 1
8124808 8220994 1
8124808 9088920 1
8124808 10637910 1
8124808 17648921 1
8124808 47855622 1
8124808 51145022 1
8124808 56843672 1
8124808 85361472 1
8124808 100404702 1
8124808 106185572 1
8124808 119460722 1
8124808 145393632 1
8124808 154682592 1
8124808 157254902 1
8220994 9088920 1
8220994 10637910 1
8220994 17648921 1
8220994 47855622 2
8220994 51145022 2
8220994 56843672 1
8220994 85361472 2
8220994 100404702 1
8220994 106185572 1
8220994 119460722 1
8220994 145393632 1
8220994 154682592 1
8220994 157254902 2
9088920 10637910 1
9088920 17648921 1
9088920 47855622 2
9088920 51145022 1
9088920 56843672 1
9088920 85361472 1
9088920 100404702 1
9088920 106185572 1
9088920 119460722 1
9088920 145393632 1
9088920 154682592 1
9088920 157254902 1
10637910 17648921 1
10637910 47855622 1
10637910 51145022 1
10637910 56843672 1
10637910 85361472 1
10637910 100404702 1
10637910 106185572 1
10637910 119460722 1
10637910 145393632 1
10637910 154682592 1
10637910 157254902 1
17648921 47855622 1
17648921 51145022 1
17648921 56843672 1
17648921 85361472 1
17648921 100404702 1
17648921 106185572 1
17648921 119460722 1
17648921 145393632 1
17648921 154682592 1
17648921 157254902 1
47855622 51145022 2
47855622 56843672 1
47855622 100404702 1
47855622 106185572 1
47855622 119460722 1
47855622 145393632 1
47855622 154682592 1
47855622 157254902 2
51145022 56843672 1
51145022 85361472 2
51145022 100404702 1
51145022 106185572 1
51145022 119460722 1
51145022 145393632 1
51145022 154682592 1
51145022 157254902 2
56843672 85361472 1
56843672 100404702 1
56843672 106185572 1
56843672 119460722 1
56843672 145393632 1
56843672 154682592 1
56843672 157254902 1
85361472 100404702 1
85361472 106185572 1
85361472 119460722 1
85361472 145393632 1
85361472 154682592 1
85361472 157254902 3
100404702 106185572 1
100404702 119460722 1
100404702 145393632 1
100404702 154682592 1
100404702 157254902 1
106185572 119460722 1
106185572 145393632 1
106185572 154682592 1
106185572 157254902 1
119460722 145393632 1
119460722 154682592 1
119460722 157254902 1
145393632 154682592 1
145393632 157254902 1
154682592 157254902 1
3561233 3775776 1
3561233 5272275 1
3561233 5338584 1
3561233 10362010 1
3561233 11230701 1
3561233 12166928 1
3561233 14342458 1
3561233 32561302 1
3561233 57574632 1
3561233 68469602 1
3561233 89171842 1
3561233 93893942 1
3561233 94793072 1
3561233 118296052 1
3561233 138901162 1
3561233 139735372 1
3561233 147216572 1
3561233 158192582 1
3775776 5272275 1
3775776 5338584 1
3775776 8220994 1
3775776 10362010 1
3775776 11230701 1
3775776 12166928 1
3775776 14342458 1
3775776 32561302 1
3775776 47855622 2
3775776 51145022 1
3775776 57574632 1
3775776 68469602 1
3775776 85361472 1
3775776 89171842 1
3775776 93893942 1
3775776 94793072 1
3775776 118296052 1
3775776 138901162 2
3775776 139735372 1
3775776 147216572 1
3775776 157254902 1
3775776 158192582 2
5272275 5338584 1
5272275 8220994 1
5272275 10362010 1
5272275 11230701 1
5272275 12166928 1
5272275 14342458 1
5272275 32561302 1
5272275 47855622 1
5272275 51145022 1
5272275 57574632 1
5272275 68469602 1
5272275 85361472 1
5272275 89171842 1
5272275 93893942 1
5272275 94793072 1
5272275 118296052 1
5272275 138901162 1
5272275 139735372 1
5272275 147216572 1
5272275 157254902 1
5272275 158192582 1
5338584 8220994 1
5338584 10362010 1
5338584 11230701 1
5338584 12166928 1
5338584 14342458 1
5338584 32561302 1
5338584 47855622 1
5338584 51145022 1
5338584 57574632 1
5338584 68469602 1
5338584 85361472 1
5338584 89171842 1
5338584 93893942 1
5338584 94793072 1
5338584 118296052 1
5338584 138901162 1
5338584 139735372 1
5338584 147216572 1
5338584 157254902 1
5338584 158192582 1
8220994 10362010 1
8220994 11230701 1
8220994 12166928 1
8220994 14342458 1
8220994 32561302 1
8220994 57574632 1
8220994 89171842 1
8220994 93893942 1
8220994 118296052 1
8220994 138901162 1
8220994 139735372 1
8220994 147216572 1
8220994 158192582 1
10362010 11230701 1
10362010 12166928 1
10362010 14342458 1
10362010 32561302 1
10362010 51145022 1
10362010 57574632 1
10362010 85361472 1
10362010 118296052 1
10362010 138901162 1
10362010 139735372 1
10362010 157254902 1
10362010 158192582 1
11230701 12166928 1
11230701 14342458 1
11230701 32561302 1
11230701 47855622 1
11230701 51145022 1
11230701 57574632 1
11230701 68469602 1
11230701 85361472 1
11230701 89171842 1
11230701 93893942 1
11230701 94793072 1
11230701 118296052 1
11230701 138901162 1
11230701 139735372 1
11230701 147216572 1
11230701 157254902 1
11230701 158192582 1
12166928 14342458 1
12166928 32561302 1
12166928 47855622 1
12166928 51145022 1
12166928 57574632 1
12166928 68469602 1
12166928 85361472 1
12166928 89171842 1
12166928 93893942 1
12166928 94793072 1
12166928 118296052 1
12166928 138901162 1
12166928 139735372 1
12166928 147216572 1
12166928 157254902 1
12166928 158192582 1
14342458 32561302 1
14342458 47855622 1
14342458 51145022 1
14342458 57574632 1
14342458 68469602 1
14342458 85361472 1
14342458 89171842 1
14342458 93893942 1
14342458 94793072 1
14342458 118296052 1
14342458 138901162 1
14342458 139735372 1
14342458 147216572 1
14342458 157254902 1
14342458 158192582 1
32561302 47855622 1
32561302 51145022 1
32561302 57574632 1
32561302 68469602 1
32561302 85361472 1
32561302 89171842 1
32561302 93893942 1
32561302 94793072 1
32561302 118296052 1
32561302 138901162 1
32561302 139735372 1
32561302 147216572 1
32561302 157254902 1
32561302 158192582 1
47855622 118296052 1
47855622 138901162 2
47855622 139735372 1
47855622 158192582 2
51145022 57574632 1
51145022 68469602 1
51145022 89171842 1
51145022 93893942 1
51145022 94793072 1
51145022 118296052 1
51145022 138901162 1
51145022 139735372 1
51145022 147216572 1
51145022 158192582 1
57574632 68469602 1
57574632 85361472 1
57574632 89171842 1
57574632 94793072 1
57574632 118296052 1
57574632 138901162 1
57574632 139735372 1
57574632 147216572 1
57574632 157254902 1
57574632 158192582 1
68469602 85361472 1
68469602 118296052 1
68469602 138901162 1
68469602 139735372 1
68469602 157254902 1
68469602 158192582 1
85361472 89171842 1
85361472 93893942 1
85361472 94793072 1
85361472 118296052 1
85361472 138901162 1
85361472 139735372 1
85361472 147216572 1
85361472 158192582 1
89171842 118296052 1
89171842 138901162 1
89171842 139735372 1
89171842 157254902 1
89171842 158192582 1
93893942 118296052 1
93893942 138901162 1
93893942 139735372 1
93893942 157254902 1
93893942 158192582 1
94793072 118296052 1
94793072 138901162 1
94793072 139735372 1
94793072 157254902 1
94793072 158192582 1
118296052 138901162 1
118296052 139735372 1
118296052 147216572 1
118296052 157254902 1
118296052 158192582 1
138901162 139735372 1
138901162 147216572 1
138901162 157254902 1
138901162 158192582 2
139735372 147216572 1
139735372 157254902 1
139735372 158192582 1
147216572 157254902 1
147216572 158192582 1
157254902 158192582 1
2676380 8074077 1
2676380 85361472 1
2676380 148042222 1
8074077 85361472 1
8074077 148042222 1
85361472 148042222 1
3775776 8335846 1
3775776 8863592 1
3775776 9088920 1
3775776 22546911 1
3775776 61271372 1
3775776 75439432 1
3775776 81050902 1
3775776 82078522 1
3775776 87499362 1
3775776 101285632 1
3775776 102380872 1
3775776 128218232 1
3775776 138849112 1
8335846 8863592 1
8335846 9088920 1
8335846 22546911 1
8335846 47855622 1
8335846 61271372 1
8335846 75439432 1
8335846 81050902 1
8335846 82078522 1
8335846 87499362 1
8335846 101285632 1
8335846 102380872 1
8335846 128218232 1
8335846 138849112 1
8335846 138901162 1
8335846 158192582 1
8863592 9088920 1
8863592 22546911 1
8863592 47855622 1
8863592 61271372 1
8863592 75439432 1
8863592 81050902 1
8863592 82078522 1
8863592 87499362 1
8863592 101285632 1
8863592 102380872 1
8863592 128218232 1
8863592 138849112 1
8863592 138901162 1
8863592 158192582 1
9088920 22546911 1
9088920 61271372 1
9088920 75439432 1
9088920 81050902 1
9088920 82078522 1
9088920 87499362 1
9088920 101285632 1
9088920 102380872 1
9088920 128218232 1
9088920 138849112 1
9088920 138901162 1
9088920 158192582 1
22546911 47855622 1
22546911 61271372 1
22546911 75439432 1
22546911 81050902 1
22546911 82078522 1
22546911 87499362 1
22546911 101285632 1
22546911 102380872 1
22546911 128218232 1
22546911 138849112 1
22546911 138901162 1
22546911 158192582 1
47855622 61271372 1
47855622 75439432 1
47855622 87499362 1
47855622 101285632 1
47855622 102380872 1
47855622 128218232 1
47855622 138849112 1
61271372 75439432 1
61271372 81050902 1
61271372 82078522 1
61271372 87499362 1
61271372 101285632 1
61271372 102380872 1
61271372 128218232 1
61271372 138849112 1
61271372 138901162 1
61271372 158192582 1
75439432 81050902 1
75439432 82078522 1
75439432 87499362 1
75439432 101285632 1
75439432 102380872 1
75439432 128218232 1
75439432 138849112 1
75439432 138901162 1
75439432 158192582 1
81050902 87499362 1
81050902 101285632 1
81050902 102380872 1
81050902 128218232 1
81050902 138849112 1
81050902 138901162 1
81050902 158192582 1
82078522 87499362 1
82078522 101285632 1
82078522 102380872 1
82078522 128218232 1
82078522 138849112 1
82078522 138901162 1
82078522 158192582 1
87499362 101285632 1
87499362 102380872 1
87499362 128218232 1
87499362 138849112 1
87499362 138901162 1
87499362 158192582 1
101285632 102380872 1
101285632 128218232 1
101285632 138849112 1
101285632 138901162 1
101285632 158192582 1
102380872 128218232 1
102380872 138849112 1
102380872 138901162 1
102380872 158192582 1
128218232 138849112 1
128218232 138901162 1
128218232 158192582 1
138849112 138901162 1
138849112 158192582 1
85361472 123617552 1
85361472 138849112 1
85361472 147434162 1
85361472 158531462 1
123617552 138849112 1
123617552 147434162 1
123617552 157254902 1
123617552 158531462 1
138849112 147434162 1
138849112 157254902 1
138849112 158531462 1
147434162 157254902 1
147434162 158531462 1
157254902 158531462 1
