2298755 8397961 10679049 5874319 13787153 9927321 1067418 1919260 14562083 7778216 3546025 13478592 3018451 3417557 8495843 10184932 5300456 3352815 8347249 9456891 47741 8205823
1067418 1919260 5
1067418 3352815 9
1067418 3546025 1
1067418 5874319 2
1067418 7778216 7
1067418 8347249 5
1067418 9456891 1
1067418 13478592 2
1067418 13787153 1
1067418 14562083 1
1919260 3352815 5
1919260 3546025 1
1919260 5874319 1
1919260 7778216 4
1919260 8347249 3
1919260 9456891 1
1919260 13478592 1
1919260 13787153 1
1919260 14562083 1
3352815 3546025 1
3352815 5874319 2
3352815 7778216 6
3352815 8347249 5
3352815 9456891 1
3352815 13478592 2
3352815 13787153 1
3352815 14562083 1
3546025 5874319 1
3546025 7778216 1
3546025 8347249 1
3546025 9456891 1
3546025 13478592 1
3546025 13787153 1
3546025 14562083 1
5874319 7778216 1
5874319 8347249 1
5874319 9456891 1
5874319 13478592 1
5874319 13787153 1
5874319 14562083 1
7778216 8347249 3
7778216 9456891 1
7778216 13478592 1
7778216 13787153 1
7778216 14562083 1
8347249 9456891 1
8347249 13478592 2
8347249 13787153 1
8347249 14562083 1
9456891 13478592 1
9456891 13787153 1
9456891 14562083 1
13478592 13787153 1
13478592 14562083 1
13787153 14562083 1
1067418 2298755 1
1067418 3018451 9
1067418 5300456 4
1067418 8397961 5
2298755 3018451 1
2298755 3352815 1
2298755 5300456 1
2298755 5874319 1
2298755 8397961 1
3018451 3352815 8
3018451 5300456 4
3018451 5874319 1
3018451 8397961 5
3352815 5300456 4
3352815 8397961 4
5300456 5874319 1
5300456 8397961 2
5874319 8397961 1
1067418 8495843 3
1919260 3018451 4
1919260 5300456 2
1919260 8495843 2
3018451 7778216 6
3018451 8495843 3
3352815 8495843 3
5300456 7778216 1
5300456 8495843 1
7778216 8495843 3
1067418 10184932 4
1067418 10679049 1
1919260 10184932 1
1919260 10679049 1
3018451 8347249 4
3018451 10184932 4
3018451 10679049 1
3352815 10184932 3
3352815 10679049 1
5300456 8347249 2
5300456 10184932 2
5300456 10679049 1
8347249 10184932 3
8347249 10679049 1
10184932 10679049 1
7778216 8397961 3
7778216 10184932 2
8347249 8495843 1
8495843 10184932 1
1067418 9927321 1
1919260 9927321 1
3018451 9927321 1
3352815 9927321 1
7778216 9927321 1
8495843 9927321 1
1067418 3417557 1
3018451 3417557 1
3417557 7778216 1
3417557 8397961 1
3417557 10184932 1
8397961 10184932 2
47741 1067418 1
47741 1919260 1
47741 3018451 1
47741 3352815 1
47741 7778216 1
47741 8347249 1
47741 8397961 1
1919260 8397961 1
8347249 8397961 2
1067418 8205823 1
3018451 8205823 1
3018451 13478592 1
3352815 8205823 1
5300456 8205823 1
5300456 13478592 1
8205823 8347249 1
8205823 8397961 1
8205823 10184932 1
8205823 13478592 1
8397961 13478592 1
10184932 13478592 1
