8600705 36033922 8397961 8494865 10915859 131622292 112435862 9927321 19103001 1067418 1919260 74067742 128492702 110333992 57675562 115240112 101595312 49240372 102848052 81539382 13478592 101095752 13721418 119611082 111129292 2298060 111368782 41255372 3018451 82910292 10461397 40146262 89967962 817371 120532192 8495843 10184932 5300456 12628330 94204522 11827565 3352815 2859891 50538742 8205823
1067418 1919260 10
1067418 8397961 6
1067418 10461397 1
1067418 13721418 10
1067418 19103001 2
1067418 36033922 2
1067418 40146262 9
1067418 50538742 9
1067418 112435862 3
1919260 8397961 6
1919260 10461397 1
1919260 13721418 10
1919260 19103001 2
1919260 36033922 2
1919260 40146262 9
1919260 50538742 9
1919260 112435862 3
8397961 10461397 1
8397961 13721418 6
8397961 19103001 2
8397961 36033922 2
8397961 40146262 6
8397961 50538742 5
8397961 112435862 3
10461397 13721418 1
10461397 19103001 1
10461397 36033922 1
10461397 40146262 1
10461397 50538742 1
10461397 112435862 1
13721418 19103001 2
13721418 36033922 2
13721418 40146262 9
13721418 50538742 9
13721418 112435862 3
19103001 36033922 1
19103001 40146262 2
19103001 50538742 2
19103001 112435862 1
36033922 40146262 2
36033922 50538742 2
36033922 112435862 1
40146262 50538742 8
40146262 112435862 3
50538742 112435862 2
1067418 3018451 9
1067418 8494865 3
1067418 9927321 8
1067418 10184932 4
1067418 13478592 8
1067418 82910292 4
1067418 89967962 7
1067418 115240112 2
1919260 3018451 9
1919260 8494865 3
1919260 9927321 8
1919260 10184932 4
1919260 13478592 8
1919260 82910292 4
1919260 89967962 7
1919260 115240112 2
3018451 8397961 5
3018451 8494865 3
3018451 9927321 8
3018451 10184932 4
3018451 13478592 8
3018451 13721418 9
3018451 40146262 8
3018451 82910292 4
3018451 89967962 7
3018451 112435862 2
3018451 115240112 2
8397961 8494865 3
8397961 9927321 5
8397961 10184932 3
8397961 13478592 5
8397961 82910292 2
8397961 89967962 5
8397961 115240112 2
8494865 9927321 3
8494865 10184932 3
8494865 13478592 3
8494865 13721418 3
8494865 40146262 3
8494865 82910292 2
8494865 89967962 3
8494865 112435862 1
8494865 115240112 2
9927321 10184932 4
9927321 13478592 7
9927321 13721418 8
9927321 40146262 7
9927321 82910292 4
9927321 89967962 7
9927321 112435862 2
9927321 115240112 2
10184932 13478592 4
10184932 13721418 4
10184932 40146262 4
10184932 82910292 2
10184932 89967962 3
10184932 112435862 1
10184932 115240112 2
13478592 13721418 8
13478592 40146262 8
13478592 82910292 3
13478592 89967962 6
13478592 112435862 2
13478592 115240112 2
13721418 82910292 4
13721418 89967962 7
13721418 115240112 2
40146262 82910292 3
40146262 89967962 6
40146262 115240112 2
82910292 89967962 4
82910292 112435862 1
82910292 115240112 2
89967962 112435862 2
89967962 115240112 2
112435862 115240112 1
817371 1067418 1
817371 1919260 1
817371 3018451 1
817371 8205823 1
817371 8397961 1
817371 8494865 1
817371 9927321 1
817371 10184932 1
817371 12628330 1
817371 13478592 1
817371 13721418 1
817371 36033922 1
817371 40146262 1
817371 50538742 1
817371 57675562 1
817371 82910292 1
817371 89967962 1
817371 101595312 1
817371 111129292 1
817371 115240112 1
1067418 8205823 2
1067418 12628330 1
1067418 57675562 1
1067418 101595312 3
1067418 111129292 1
1919260 8205823 2
1919260 12628330 1
1919260 57675562 1
1919260 101595312 3
1919260 111129292 1
3018451 8205823 2
3018451 12628330 1
3018451 36033922 1
3018451 50538742 8
3018451 57675562 1
3018451 101595312 3
3018451 111129292 1
8205823 8397961 2
8205823 8494865 2
8205823 9927321 2
8205823 10184932 2
8205823 12628330 1
8205823 13478592 2
8205823 13721418 2
8205823 36033922 1
8205823 40146262 2
8205823 50538742 2
8205823 57675562 1
8205823 82910292 1
8205823 89967962 2
8205823 101595312 2
8205823 111129292 1
8205823 115240112 1
8397961 12628330 1
8397961 57675562 1
8397961 101595312 3
8397961 111129292 1
8494865 12628330 1
8494865 36033922 1
8494865 50538742 2
8494865 57675562 1
8494865 101595312 2
8494865 111129292 1
9927321 12628330 1
9927321 36033922 1
9927321 50538742 7
9927321 57675562 1
9927321 101595312 3
9927321 111129292 1
10184932 12628330 1
10184932 36033922 1
10184932 50538742 3
10184932 57675562 1
10184932 101595312 2
10184932 111129292 1
12628330 13478592 1
12628330 13721418 1
12628330 36033922 1
12628330 40146262 1
12628330 50538742 1
12628330 57675562 1
12628330 82910292 1
12628330 89967962 1
12628330 101595312 1
12628330 111129292 1
12628330 115240112 1
13478592 36033922 1
13478592 50538742 7
13478592 57675562 1
13478592 101595312 3
13478592 111129292 1
13721418 57675562 1
13721418 101595312 3
13721418 111129292 1
36033922 57675562 1
36033922 82910292 1
36033922 89967962 1
36033922 101595312 1
36033922 111129292 1
36033922 115240112 1
40146262 57675562 1
40146262 101595312 3
40146262 111129292 1
50538742 57675562 1
50538742 82910292 3
50538742 89967962 6
50538742 101595312 3
50538742 111129292 1
50538742 115240112 1
57675562 82910292 1
57675562 89967962 1
57675562 101595312 1
57675562 111129292 1
57675562 115240112 1
82910292 101595312 1
82910292 111129292 1
89967962 101595312 3
89967962 111129292 1
101595312 111129292 1
101595312 115240112 1
111129292 115240112 1
1067418 8495843 2
1067418 10915859 1
1067418 11827565 2
1067418 94204522 1
1919260 8495843 2
1919260 10915859 1
1919260 11827565 2
1919260 94204522 1
3018451 8495843 2
3018451 10915859 1
3018451 11827565 2
3018451 94204522 1
8205823 8495843 1
8205823 10915859 1
8205823 11827565 1
8205823 94204522 1
8397961 8495843 1
8397961 10915859 1
8397961 11827565 1
8397961 94204522 1
8494865 8495843 1
8494865 10915859 1
8494865 11827565 1
8494865 94204522 1
8495843 9927321 1
8495843 10184932 1
8495843 10915859 1
8495843 11827565 1
8495843 13478592 2
8495843 13721418 2
8495843 40146262 2
8495843 50538742 2
8495843 89967962 1
8495843 94204522 1
8495843 101595312 1
9927321 10915859 1
9927321 11827565 2
9927321 94204522 1
10184932 10915859 1
10184932 11827565 1
10184932 94204522 1
10915859 11827565 1
10915859 13478592 1
10915859 13721418 1
10915859 40146262 1
10915859 50538742 1
10915859 89967962 1
10915859 94204522 1
10915859 101595312 1
11827565 13478592 1
11827565 13721418 2
11827565 40146262 1
11827565 50538742 2
11827565 89967962 2
11827565 94204522 1
11827565 101595312 1
13478592 94204522 1
13721418 94204522 1
40146262 94204522 1
50538742 94204522 1
89967962 94204522 1
94204522 101595312 1
1067418 3352815 5
1067418 8600705 2
1067418 119611082 1
1919260 3352815 5
1919260 8600705 2
1919260 119611082 1
3018451 3352815 5
3018451 8600705 2
3018451 19103001 1
3018451 119611082 1
3352815 8397961 2
3352815 8600705 2
3352815 9927321 4
3352815 13478592 4
3352815 13721418 5
3352815 19103001 1
3352815 40146262 4
3352815 50538742 5
3352815 89967962 4
3352815 119611082 1
8397961 8600705 1
8397961 119611082 1
8600705 9927321 2
8600705 13478592 2
8600705 13721418 2
8600705 19103001 1
8600705 40146262 2
8600705 50538742 2
8600705 89967962 2
8600705 119611082 1
9927321 19103001 1
9927321 119611082 1
13478592 19103001 1
13478592 119611082 1
13721418 119611082 1
19103001 89967962 1
19103001 119611082 1
40146262 119611082 1
50538742 119611082 1
89967962 119611082 1
1067418 110333992 1
1067418 120532192 1
1919260 110333992 1
1919260 120532192 1
3018451 110333992 1
3018451 120532192 1
3352815 82910292 2
3352815 110333992 1
3352815 120532192 1
8600705 82910292 1
8600705 110333992 1
8600705 120532192 1
9927321 110333992 1
9927321 120532192 1
13478592 110333992 1
13478592 120532192 1
13721418 110333992 1
13721418 120532192 1
40146262 110333992 1
40146262 120532192 1
50538742 110333992 1
50538742 120532192 1
82910292 110333992 1
82910292 120532192 1
89967962 110333992 1
89967962 120532192 1
110333992 120532192 1
3352815 11827565 1
11827565 82910292 1
1067418 111368782 1
1919260 111368782 1
3018451 111368782 1
3352815 101595312 1
3352815 111368782 1
3352815 112435862 1
8397961 111368782 1
9927321 111368782 1
13478592 111368782 1
13721418 111368782 1
40146262 111368782 1
50538742 111368782 1
89967962 111368782 1
101595312 111368782 1
101595312 112435862 1
111368782 112435862 1
1067418 2298060 1
1067418 2859891 1
1067418 41255372 2
1067418 49240372 2
1067418 74067742 2
1067418 101095752 1
1067418 128492702 2
1919260 2298060 1
1919260 2859891 1
1919260 41255372 2
1919260 49240372 2
1919260 74067742 2
1919260 101095752 1
1919260 128492702 2
2298060 2859891 1
2298060 3018451 1
2298060 3352815 1
2298060 8495843 1
2298060 13478592 1
2298060 13721418 1
2298060 40146262 1
2298060 41255372 1
2298060 49240372 1
2298060 50538742 1
2298060 74067742 1
2298060 101095752 1
2298060 128492702 1
2859891 3018451 1
2859891 3352815 1
2859891 8495843 1
2859891 13478592 1
2859891 13721418 1
2859891 40146262 1
2859891 41255372 1
2859891 49240372 1
2859891 50538742 1
2859891 74067742 1
2859891 101095752 1
2859891 128492702 1
3018451 41255372 2
3018451 49240372 2
3018451 74067742 2
3018451 101095752 1
3018451 128492702 2
3352815 8495843 1
3352815 41255372 1
3352815 49240372 1
3352815 74067742 1
3352815 101095752 1
3352815 128492702 1
8495843 41255372 1
8495843 49240372 1
8495843 74067742 1
8495843 101095752 1
8495843 128492702 1
13478592 41255372 2
13478592 49240372 2
13478592 74067742 2
13478592 101095752 1
13478592 128492702 2
13721418 41255372 2
13721418 49240372 2
13721418 74067742 2
13721418 101095752 1
13721418 128492702 2
40146262 41255372 2
40146262 49240372 2
40146262 74067742 2
40146262 101095752 1
40146262 128492702 2
41255372 49240372 2
41255372 50538742 2
41255372 74067742 2
41255372 101095752 1
41255372 128492702 2
49240372 50538742 2
49240372 74067742 2
49240372 101095752 1
49240372 128492702 2
50538742 74067742 2
50538742 101095752 1
50538742 128492702 2
74067742 101095752 1
74067742 128492702 2
101095752 128492702 1
1067418 5300456 1
1067418 81539382 1
1067418 102848052 1
1067418 131622292 1
1919260 5300456 1
1919260 81539382 1
1919260 102848052 1
1919260 131622292 1
3018451 5300456 1
3018451 81539382 1
3018451 102848052 1
3018451 131622292 1
5300456 9927321 1
5300456 10184932 1
5300456 13478592 1
5300456 13721418 1
5300456 40146262 1
5300456 41255372 1
5300456 49240372 1
5300456 50538742 1
5300456 74067742 1
5300456 81539382 1
5300456 102848052 1
5300456 128492702 1
5300456 131622292 1
9927321 41255372 1
9927321 49240372 1
9927321 74067742 1
9927321 81539382 1
9927321 102848052 1
9927321 128492702 1
9927321 131622292 1
10184932 41255372 1
10184932 49240372 1
10184932 74067742 1
10184932 81539382 1
10184932 102848052 1
10184932 128492702 1
10184932 131622292 1
13478592 81539382 1
13478592 102848052 1
13478592 131622292 1
13721418 81539382 1
13721418 102848052 1
13721418 131622292 1
40146262 81539382 1
40146262 102848052 1
40146262 131622292 1
41255372 81539382 1
41255372 102848052 1
41255372 131622292 1
49240372 81539382 1
49240372 102848052 1
49240372 131622292 1
50538742 81539382 1
50538742 102848052 1
50538742 131622292 1
74067742 81539382 1
74067742 102848052 1
74067742 131622292 1
81539382 102848052 1
81539382 128492702 1
81539382 131622292 1
102848052 128492702 1
102848052 131622292 1
128492702 131622292 1
