35210752 185711630 184866321 178987032 10711576 6793249 111576622 186165295 8307253 81090102 184251958 11347007 185721409 70731842 18719811 8019525 184572486 185227847 13348946 165804642 182266982 135456362 1640045 3776109 135447672 94653562 12526204 167976582 12893831 183698575 1936023 58492572 37250722 149219492 183112361 41216682 185441450 57958062 169473202 473782 38632632 84439232 13530818 116052182 185577174 186046166 12006614 30719712 162571492 91079912 80987882 116376302 185612016 13734130 186032375 38623482 183145733 25876232 186165006 186049299 14247188 162109722 185535258 178171162 142133532 12407075 77197102 15687471 185855287 51145022 104782142 9003838 185824069 185508684 13544787 183225686 7352152 39427422 151155042 10233190 3893095 94751092 152694652 88661892 8509830 14945671 186213766 10510735 83641232 163366802 19843481 39045022 130533812 3513269 185445303 37261242 24580542 86859202 112371652 70802372 11961298 186166741 81041882 174933982 6915041 43512802 184921571 149836262 16093171 183364087 13986299 183143932
3513269 8019525 2
3513269 11347007 4
3513269 19843481 1
3513269 37250722 3
3513269 38632632 1
3513269 57958062 6
3513269 81041882 1
3513269 81090102 1
3513269 86859202 2
3513269 91079912 2
3513269 149836262 1
3513269 174933982 8
3513269 178987032 1
3513269 182266982 2
3513269 184866321 1
3513269 185711630 1
3513269 185824069 2
8019525 11347007 2
8019525 19843481 1
8019525 37250722 2
8019525 38632632 1
8019525 57958062 2
8019525 81041882 1
8019525 81090102 1
8019525 86859202 1
8019525 91079912 1
8019525 149836262 1
8019525 174933982 2
8019525 178987032 1
8019525 182266982 1
8019525 184866321 1
8019525 185711630 1
8019525 185824069 1
11347007 19843481 1
11347007 37250722 3
11347007 38632632 1
11347007 57958062 3
11347007 81041882 1
11347007 81090102 1
11347007 86859202 1
11347007 91079912 1
11347007 149836262 1
11347007 174933982 4
11347007 178987032 1
11347007 182266982 2
11347007 184866321 1
11347007 185711630 1
11347007 185824069 2
19843481 37250722 1
19843481 38632632 1
19843481 57958062 1
19843481 81041882 1
19843481 81090102 1
19843481 86859202 1
19843481 91079912 1
19843481 149836262 1
19843481 174933982 1
19843481 178987032 1
19843481 182266982 1
19843481 184866321 1
19843481 185711630 1
19843481 185824069 1
37250722 38632632 1
37250722 57958062 3
37250722 81041882 1
37250722 81090102 1
37250722 86859202 1
37250722 91079912 1
37250722 149836262 1
37250722 174933982 3
37250722 178987032 1
37250722 182266982 2
37250722 184866321 1
37250722 185711630 1
37250722 185824069 1
38632632 57958062 1
38632632 81041882 1
38632632 81090102 1
38632632 86859202 1
38632632 91079912 1
38632632 149836262 1
38632632 174933982 1
38632632 178987032 1
38632632 182266982 1
38632632 184866321 1
38632632 185711630 1
38632632 185824069 1
57958062 81041882 1
57958062 81090102 1
57958062 86859202 2
57958062 91079912 1
57958062 149836262 1
57958062 174933982 6
57958062 178987032 1
57958062 182266982 2
57958062 184866321 1
57958062 185711630 1
57958062 185824069 1
81041882 81090102 1
81041882 86859202 1
81041882 91079912 1
81041882 149836262 1
81041882 174933982 1
81041882 178987032 1
81041882 182266982 1
81041882 184866321 1
81041882 185711630 1
81041882 185824069 1
81090102 86859202 1
81090102 91079912 1
81090102 149836262 1
81090102 174933982 1
81090102 178987032 1
81090102 182266982 1
81090102 184866321 1
81090102 185711630 1
81090102 185824069 1
86859202 91079912 1
86859202 149836262 1
86859202 174933982 2
86859202 178987032 1
86859202 182266982 1
86859202 184866321 1
86859202 185711630 1
86859202 185824069 1
91079912 149836262 1
91079912 174933982 1
91079912 178987032 1
91079912 182266982 1
91079912 184866321 1
91079912 185711630 1
91079912 185824069 1
149836262 174933982 1
149836262 178987032 1
149836262 182266982 1
149836262 184866321 1
149836262 185711630 1
149836262 185824069 1
174933982 178987032 1
174933982 182266982 2
174933982 184866321 1
174933982 185711630 1
174933982 185824069 2
178987032 182266982 1
178987032 184866321 1
178987032 185711630 1
178987032 185824069 1
182266982 184866321 1
182266982 185711630 1
182266982 185824069 1
184866321 185711630 1
184866321 185824069 1
185711630 185824069 1
1640045 3513269 3
1640045 3776109 2
1640045 6793249 1
1640045 7352152 1
1640045 8019525 1
1640045 10233190 1
1640045 11347007 1
1640045 11961298 2
1640045 12893831 1
1640045 13544787 1
1640045 14247188 1
1640045 24580542 1
1640045 37250722 1
1640045 39045022 1
1640045 39427422 1
1640045 41216682 1
1640045 57958062 2
1640045 58492572 1
1640045 77197102 1
1640045 80987882 1
1640045 112371652 1
1640045 116052182 1
1640045 149219492 1
1640045 151155042 1
1640045 163366802 1
1640045 167976582 1
1640045 174933982 2
1640045 183112361 1
1640045 183143932 1
1640045 183145733 1
1640045 183698575 1
1640045 184921571 2
1640045 185577174 2
1640045 185612016 1
1640045 185721409 2
1640045 185855287 1
1640045 186046166 1
3513269 3776109 5
3513269 6793249 1
3513269 7352152 1
3513269 10233190 1
3513269 11961298 4
3513269 12893831 2
3513269 13544787 1
3513269 14247188 1
3513269 24580542 1
3513269 39045022 1
3513269 39427422 1
3513269 41216682 1
3513269 58492572 1
3513269 77197102 1
3513269 80987882 2
3513269 112371652 2
3513269 116052182 1
3513269 149219492 1
3513269 151155042 1
3513269 163366802 1
3513269 167976582 1
3513269 183112361 1
3513269 183143932 1
3513269 183145733 1
3513269 183698575 1
3513269 184921571 3
3513269 185577174 3
3513269 185612016 1
3513269 185721409 3
3513269 185855287 3
3513269 186046166 1
3776109 6793249 1
3776109 7352152 1
3776109 8019525 1
3776109 10233190 1
3776109 11347007 3
3776109 11961298 3
3776109 12893831 1
3776109 13544787 1
3776109 14247188 1
3776109 24580542 1
3776109 37250722 2
3776109 39045022 1
3776109 39427422 1
3776109 41216682 1
3776109 57958062 2
3776109 58492572 1
3776109 77197102 1
3776109 80987882 2
3776109 112371652 1
3776109 116052182 1
3776109 149219492 1
3776109 151155042 1
3776109 163366802 1
3776109 167976582 1
3776109 174933982 3
3776109 183112361 1
3776109 183143932 1
3776109 183145733 1
3776109 183698575 1
3776109 184921571 1
3776109 185577174 2
3776109 185612016 1
3776109 185721409 2
3776109 185855287 1
3776109 186046166 1
6793249 7352152 1
6793249 8019525 1
6793249 10233190 1
6793249 11347007 1
6793249 11961298 1
6793249 12893831 1
6793249 13544787 1
6793249 14247188 1
6793249 24580542 1
6793249 37250722 1
6793249 39045022 1
6793249 39427422 1
6793249 41216682 1
6793249 57958062 1
6793249 58492572 1
6793249 77197102 1
6793249 80987882 1
6793249 112371652 1
6793249 116052182 1
6793249 149219492 1
6793249 151155042 1
6793249 163366802 1
6793249 167976582 1
6793249 174933982 1
6793249 183112361 1
6793249 183143932 1
6793249 183145733 1
6793249 183698575 1
6793249 184921571 1
6793249 185577174 1
6793249 185612016 1
6793249 185721409 1
6793249 185855287 1
6793249 186046166 1
7352152 8019525 1
7352152 10233190 1
7352152 11347007 1
7352152 11961298 1
7352152 12893831 1
7352152 13544787 1
7352152 14247188 1
7352152 24580542 1
7352152 37250722 1
7352152 39045022 1
7352152 39427422 1
7352152 41216682 1
7352152 57958062 1
7352152 58492572 1
7352152 77197102 1
7352152 80987882 1
7352152 112371652 1
7352152 116052182 1
7352152 149219492 1
7352152 151155042 1
7352152 163366802 1
7352152 167976582 1
7352152 174933982 1
7352152 183112361 1
7352152 183143932 1
7352152 183145733 1
7352152 183698575 1
7352152 184921571 1
7352152 185577174 1
7352152 185612016 1
7352152 185721409 1
7352152 185855287 1
7352152 186046166 1
8019525 10233190 1
8019525 11961298 1
8019525 12893831 1
8019525 13544787 1
8019525 14247188 1
8019525 24580542 1
8019525 39045022 1
8019525 39427422 1
8019525 41216682 1
8019525 58492572 1
8019525 77197102 1
8019525 80987882 1
8019525 112371652 1
8019525 116052182 1
8019525 149219492 1
8019525 151155042 1
8019525 163366802 1
8019525 167976582 1
8019525 183112361 1
8019525 183143932 1
8019525 183145733 1
8019525 183698575 1
8019525 184921571 1
8019525 185577174 1
8019525 185612016 1
8019525 185721409 1
8019525 185855287 1
8019525 186046166 1
10233190 11347007 1
10233190 11961298 1
10233190 12893831 1
10233190 13544787 1
10233190 14247188 1
10233190 24580542 1
10233190 37250722 1
10233190 39045022 1
10233190 39427422 1
10233190 41216682 1
10233190 57958062 1
10233190 58492572 1
10233190 77197102 1
10233190 80987882 1
10233190 112371652 1
10233190 116052182 1
10233190 149219492 1
10233190 151155042 1
10233190 163366802 1
10233190 167976582 1
10233190 174933982 1
10233190 183112361 1
10233190 183143932 1
10233190 183145733 1
10233190 183698575 1
10233190 184921571 1
10233190 185577174 1
10233190 185612016 1
10233190 185721409 1
10233190 185855287 1
10233190 186046166 1
11347007 11961298 1
11347007 12893831 1
11347007 13544787 1
11347007 14247188 1
11347007 24580542 1
11347007 39045022 1
11347007 39427422 1
11347007 41216682 1
11347007 58492572 1
11347007 77197102 1
11347007 80987882 2
11347007 112371652 1
11347007 116052182 1
11347007 149219492 1
11347007 151155042 1
11347007 163366802 1
11347007 167976582 1
11347007 183112361 1
11347007 183143932 1
11347007 183145733 1
11347007 183698575 1
11347007 184921571 1
11347007 185577174 2
11347007 185612016 1
11347007 185721409 2
11347007 185855287 1
11347007 186046166 1
11961298 12893831 1
11961298 13544787 1
11961298 14247188 1
11961298 24580542 1
11961298 37250722 1
11961298 39045022 1
11961298 39427422 1
11961298 41216682 1
11961298 57958062 2
11961298 58492572 1
11961298 77197102 1
11961298 80987882 1
11961298 112371652 1
11961298 116052182 1
11961298 149219492 1
11961298 151155042 1
11961298 163366802 1
11961298 167976582 1
11961298 174933982 2
11961298 183112361 1
11961298 183143932 1
11961298 183145733 1
11961298 183698575 1
11961298 184921571 2
11961298 185577174 1
11961298 185612016 1
11961298 185721409 1
11961298 185855287 2
11961298 186046166 1
12893831 13544787 1
12893831 14247188 1
12893831 24580542 1
12893831 37250722 1
12893831 39045022 1
12893831 39427422 1
12893831 41216682 1
12893831 57958062 2
12893831 58492572 1
12893831 77197102 1
12893831 80987882 1
12893831 112371652 2
12893831 116052182 1
12893831 149219492 1
12893831 151155042 1
12893831 163366802 1
12893831 167976582 1
12893831 174933982 2
12893831 183112361 1
12893831 183143932 1
12893831 183145733 1
12893831 183698575 1
12893831 184921571 1
12893831 185577174 1
12893831 185612016 1
12893831 185721409 1
12893831 185855287 2
12893831 186046166 1
13544787 14247188 1
13544787 24580542 1
13544787 37250722 1
13544787 39045022 1
13544787 39427422 1
13544787 41216682 1
13544787 57958062 1
13544787 58492572 1
13544787 77197102 1
13544787 80987882 1
13544787 112371652 1
13544787 116052182 1
13544787 149219492 1
13544787 151155042 1
13544787 163366802 1
13544787 167976582 1
13544787 174933982 1
13544787 183112361 1
13544787 183143932 1
13544787 183145733 1
13544787 183698575 1
13544787 184921571 1
13544787 185577174 1
13544787 185612016 1
13544787 185721409 1
13544787 185855287 1
13544787 186046166 1
14247188 24580542 1
14247188 37250722 1
14247188 39045022 1
14247188 39427422 1
14247188 41216682 1
14247188 57958062 1
14247188 58492572 1
14247188 77197102 1
14247188 80987882 1
14247188 112371652 1
14247188 116052182 1
14247188 149219492 1
14247188 151155042 1
14247188 163366802 1
14247188 167976582 1
14247188 174933982 1
14247188 183112361 1
14247188 183143932 1
14247188 183145733 1
14247188 183698575 1
14247188 184921571 1
14247188 185577174 1
14247188 185612016 1
14247188 185721409 1
14247188 185855287 1
14247188 186046166 1
24580542 37250722 1
24580542 39045022 1
24580542 39427422 1
24580542 41216682 1
24580542 57958062 1
24580542 58492572 1
24580542 77197102 1
24580542 80987882 1
24580542 112371652 1
24580542 116052182 1
24580542 149219492 1
24580542 151155042 1
24580542 163366802 1
24580542 167976582 1
24580542 174933982 1
24580542 183112361 1
24580542 183143932 1
24580542 183145733 1
24580542 183698575 1
24580542 184921571 1
24580542 185577174 1
24580542 185612016 1
24580542 185721409 1
24580542 185855287 1
24580542 186046166 1
37250722 39045022 1
37250722 39427422 1
37250722 41216682 1
37250722 58492572 1
37250722 77197102 1
37250722 80987882 1
37250722 112371652 1
37250722 116052182 1
37250722 149219492 1
37250722 151155042 1
37250722 163366802 1
37250722 167976582 1
37250722 183112361 1
37250722 183143932 1
37250722 183145733 1
37250722 183698575 1
37250722 184921571 1
37250722 185577174 2
37250722 185612016 1
37250722 185721409 2
37250722 185855287 1
37250722 186046166 1
39045022 39427422 1
39045022 41216682 1
39045022 57958062 1
39045022 58492572 1
39045022 77197102 1
39045022 80987882 1
39045022 112371652 1
39045022 116052182 1
39045022 149219492 1
39045022 151155042 1
39045022 163366802 1
39045022 167976582 1
39045022 174933982 1
39045022 183112361 1
39045022 183143932 1
39045022 183145733 1
39045022 183698575 1
39045022 184921571 1
39045022 185577174 1
39045022 185612016 1
39045022 185721409 1
39045022 185855287 1
39045022 186046166 1
39427422 41216682 1
39427422 57958062 1
39427422 58492572 1
39427422 77197102 1
39427422 80987882 1
39427422 112371652 1
39427422 116052182 1
39427422 149219492 1
39427422 151155042 1
39427422 163366802 1
39427422 167976582 1
39427422 174933982 1
39427422 183112361 1
39427422 183143932 1
39427422 183145733 1
39427422 183698575 1
39427422 184921571 1
39427422 185577174 1
39427422 185612016 1
39427422 185721409 1
39427422 185855287 1
39427422 186046166 1
41216682 57958062 1
41216682 58492572 1
41216682 77197102 1
41216682 80987882 1
41216682 112371652 1
41216682 116052182 1
41216682 149219492 1
41216682 151155042 1
41216682 163366802 1
41216682 167976582 1
41216682 174933982 1
41216682 183112361 1
41216682 183143932 1
41216682 183145733 1
41216682 183698575 1
41216682 184921571 1
41216682 185577174 1
41216682 185612016 1
41216682 185721409 1
41216682 185855287 1
41216682 186046166 1
57958062 58492572 1
57958062 77197102 1
57958062 80987882 1
57958062 112371652 2
57958062 116052182 1
57958062 149219492 1
57958062 151155042 1
57958062 163366802 1
57958062 167976582 1
57958062 183112361 1
57958062 183143932 1
57958062 183145733 1
57958062 183698575 1
57958062 184921571 3
57958062 185577174 3
57958062 185612016 1
57958062 185721409 3
57958062 185855287 3
57958062 186046166 1
58492572 77197102 1
58492572 80987882 1
58492572 112371652 1
58492572 116052182 1
58492572 149219492 1
58492572 151155042 1
58492572 163366802 1
58492572 167976582 1
58492572 174933982 1
58492572 183112361 1
58492572 183143932 1
58492572 183145733 1
58492572 183698575 1
58492572 184921571 1
58492572 185577174 1
58492572 185612016 1
58492572 185721409 1
58492572 185855287 1
58492572 186046166 1
77197102 80987882 1
77197102 112371652 1
77197102 116052182 1
77197102 149219492 1
77197102 151155042 1
77197102 163366802 1
77197102 167976582 1
77197102 174933982 1
77197102 183112361 1
77197102 183143932 1
77197102 183145733 1
77197102 183698575 1
77197102 184921571 1
77197102 185577174 1
77197102 185612016 1
77197102 185721409 1
77197102 185855287 1
77197102 186046166 1
80987882 112371652 1
80987882 116052182 1
80987882 149219492 1
80987882 151155042 1
80987882 163366802 1
80987882 167976582 1
80987882 174933982 2
80987882 183112361 1
80987882 183143932 1
80987882 183145733 1
80987882 183698575 1
80987882 184921571 1
80987882 185577174 1
80987882 185612016 1
80987882 185721409 1
80987882 185855287 1
80987882 186046166 1
112371652 116052182 1
112371652 149219492 1
112371652 151155042 1
112371652 163366802 1
112371652 167976582 1
112371652 174933982 2
112371652 183112361 1
112371652 183143932 1
112371652 183145733 1
112371652 183698575 1
112371652 184921571 1
112371652 185577174 1
112371652 185612016 1
112371652 185721409 1
112371652 185855287 2
112371652 186046166 1
116052182 149219492 1
116052182 151155042 1
116052182 163366802 1
116052182 167976582 1
116052182 174933982 1
116052182 183112361 1
116052182 183143932 1
116052182 183145733 1
116052182 183698575 1
116052182 184921571 1
116052182 185577174 1
116052182 185612016 1
116052182 185721409 1
116052182 185855287 1
116052182 186046166 1
149219492 151155042 1
149219492 163366802 1
149219492 167976582 1
149219492 174933982 1
149219492 183112361 1
149219492 183143932 1
149219492 183145733 1
149219492 183698575 1
149219492 184921571 1
149219492 185577174 1
149219492 185612016 1
149219492 185721409 1
149219492 185855287 1
149219492 186046166 1
151155042 163366802 1
151155042 167976582 1
151155042 174933982 1
151155042 183112361 1
151155042 183143932 1
151155042 183145733 1
151155042 183698575 1
151155042 184921571 1
151155042 185577174 1
151155042 185612016 1
151155042 185721409 1
151155042 185855287 1
151155042 186046166 1
163366802 167976582 1
163366802 174933982 1
163366802 183112361 1
163366802 183143932 1
163366802 183145733 1
163366802 183698575 1
163366802 184921571 1
163366802 185577174 1
163366802 185612016 1
163366802 185721409 1
163366802 185855287 1
163366802 186046166 1
167976582 174933982 1
167976582 183112361 1
167976582 183143932 1
167976582 183145733 1
167976582 183698575 1
167976582 184921571 1
167976582 185577174 1
167976582 185612016 1
167976582 185721409 1
167976582 185855287 1
167976582 186046166 1
174933982 183112361 1
174933982 183143932 1
174933982 183145733 1
174933982 183698575 1
174933982 184921571 3
174933982 185577174 3
174933982 185612016 1
174933982 185721409 3
174933982 185855287 3
174933982 186046166 1
183112361 183143932 1
183112361 183145733 1
183112361 183698575 1
183112361 184921571 1
183112361 185577174 1
183112361 185612016 1
183112361 185721409 1
183112361 185855287 1
183112361 186046166 1
183143932 183145733 1
183143932 183698575 1
183143932 184921571 1
183143932 185577174 1
183143932 185612016 1
183143932 185721409 1
183143932 185855287 1
183143932 186046166 1
183145733 183698575 1
183145733 184921571 1
183145733 185577174 1
183145733 185612016 1
183145733 185721409 1
183145733 185855287 1
183145733 186046166 1
183698575 184921571 1
183698575 185577174 1
183698575 185612016 1
183698575 185721409 1
183698575 185855287 1
183698575 186046166 1
184921571 185577174 2
184921571 185612016 1
184921571 185721409 2
184921571 185855287 2
184921571 186046166 1
185577174 185612016 1
185577174 185721409 3
185577174 185855287 1
185577174 186046166 1
185612016 185721409 1
185612016 185855287 1
185612016 186046166 1
185721409 185855287 1
185721409 186046166 1
185855287 186046166 1
473782 1640045 1
473782 3513269 1
473782 8509830 1
473782 10510735 1
473782 37261242 1
473782 57958062 1
473782 86859202 1
473782 104782142 1
473782 162109722 1
473782 165804642 1
473782 174933982 1
473782 184572486 1
473782 184921571 1
473782 185577174 1
473782 185721409 1
1640045 8509830 1
1640045 10510735 1
1640045 37261242 1
1640045 86859202 1
1640045 104782142 1
1640045 162109722 1
1640045 165804642 1
1640045 184572486 1
3513269 8509830 1
3513269 10510735 2
3513269 37261242 1
3513269 104782142 1
3513269 162109722 1
3513269 165804642 2
3513269 184572486 1
8509830 10510735 1
8509830 37261242 1
8509830 57958062 1
8509830 86859202 1
8509830 104782142 1
8509830 162109722 1
8509830 165804642 1
8509830 174933982 1
8509830 184572486 1
8509830 184921571 1
8509830 185577174 1
8509830 185721409 1
10510735 37261242 1
10510735 57958062 2
10510735 86859202 1
10510735 104782142 1
10510735 162109722 1
10510735 165804642 1
10510735 174933982 2
10510735 184572486 1
10510735 184921571 1
10510735 185577174 1
10510735 185721409 1
37261242 57958062 1
37261242 86859202 1
37261242 104782142 1
37261242 162109722 1
37261242 165804642 1
37261242 174933982 1
37261242 184572486 1
37261242 184921571 1
37261242 185577174 1
37261242 185721409 1
57958062 104782142 1
57958062 162109722 1
57958062 165804642 1
57958062 184572486 1
86859202 104782142 1
86859202 162109722 1
86859202 165804642 1
86859202 184572486 1
86859202 184921571 1
86859202 185577174 1
86859202 185721409 1
104782142 162109722 1
104782142 165804642 1
104782142 174933982 1
104782142 184572486 1
104782142 184921571 1
104782142 185577174 1
104782142 185721409 1
162109722 165804642 1
162109722 174933982 1
162109722 184572486 1
162109722 184921571 1
162109722 185577174 1
162109722 185721409 1
165804642 174933982 2
165804642 184572486 1
165804642 184921571 1
165804642 185577174 1
165804642 185721409 1
174933982 184572486 1
184572486 184921571 1
184572486 185577174 1
184572486 185721409 1
3513269 12006614 1
3513269 13530818 2
3513269 15687471 1
3513269 43512802 1
3513269 111576622 1
3513269 185227847 1
3776109 12006614 1
3776109 13530818 1
3776109 15687471 1
3776109 43512802 1
3776109 111576622 1
3776109 182266982 1
3776109 185227847 1
11347007 12006614 1
11347007 13530818 1
11347007 15687471 1
11347007 43512802 1
11347007 111576622 1
11347007 185227847 1
12006614 13530818 1
12006614 15687471 1
12006614 37250722 1
12006614 43512802 1
12006614 57958062 1
12006614 111576622 1
12006614 174933982 1
12006614 182266982 1
12006614 185227847 1
12006614 185577174 1
12006614 185721409 1
13530818 15687471 1
13530818 37250722 1
13530818 43512802 1
13530818 57958062 2
13530818 111576622 1
13530818 174933982 2
13530818 182266982 1
13530818 185227847 1
13530818 185577174 1
13530818 185721409 1
15687471 37250722 1
15687471 43512802 1
15687471 57958062 1
15687471 111576622 1
15687471 174933982 1
15687471 182266982 1
15687471 185227847 1
15687471 185577174 1
15687471 185721409 1
37250722 43512802 1
37250722 111576622 1
37250722 185227847 1
43512802 57958062 1
43512802 111576622 1
43512802 174933982 1
43512802 182266982 1
43512802 185227847 1
43512802 185577174 1
43512802 185721409 1
57958062 111576622 1
57958062 185227847 1
111576622 174933982 1
111576622 182266982 1
111576622 185227847 1
111576622 185577174 1
111576622 185721409 1
174933982 185227847 1
182266982 185227847 1
182266982 185577174 1
182266982 185721409 1
185227847 185577174 1
185227847 185721409 1
1640045 8307253 1
1640045 9003838 1
1640045 13734130 1
1640045 94653562 1
1640045 169473202 1
1640045 185441450 1
1640045 186032375 1
3513269 8307253 1
3513269 9003838 2
3513269 13734130 1
3513269 94653562 1
3513269 169473202 5
3513269 185441450 2
3513269 186032375 1
3776109 8307253 1
3776109 9003838 2
3776109 13734130 1
3776109 94653562 1
3776109 169473202 2
3776109 185441450 2
3776109 186032375 1
8307253 9003838 1
8307253 11961298 1
8307253 13734130 1
8307253 94653562 1
8307253 169473202 1
8307253 185441450 1
8307253 186032375 1
9003838 11961298 1
9003838 13734130 1
9003838 94653562 1
9003838 169473202 2
9003838 185441450 1
9003838 186032375 1
11961298 13734130 1
11961298 94653562 1
11961298 169473202 2
11961298 185441450 2
11961298 186032375 1
13734130 94653562 1
13734130 169473202 1
13734130 185441450 1
13734130 186032375 1
94653562 169473202 1
94653562 185441450 1
94653562 186032375 1
169473202 185441450 1
169473202 186032375 1
185441450 186032375 1
3513269 10711576 1
3513269 12526204 1
3513269 14945671 1
3513269 16093171 1
3513269 51145022 1
3513269 88661892 2
3513269 130533812 1
3513269 135447672 1
3513269 183364087 1
3513269 185535258 1
3513269 186049299 1
3513269 186213766 1
3776109 10711576 1
3776109 12526204 1
3776109 14945671 1
3776109 16093171 1
3776109 51145022 1
3776109 88661892 2
3776109 91079912 1
3776109 130533812 1
3776109 135447672 1
3776109 183364087 1
3776109 185535258 1
3776109 186049299 1
3776109 186213766 1
10711576 11961298 1
10711576 12526204 1
10711576 14945671 1
10711576 16093171 1
10711576 51145022 1
10711576 88661892 1
10711576 91079912 1
10711576 130533812 1
10711576 135447672 1
10711576 183364087 1
10711576 185441450 1
10711576 185535258 1
10711576 186049299 1
10711576 186213766 1
11961298 12526204 1
11961298 14945671 1
11961298 16093171 1
11961298 51145022 1
11961298 88661892 1
11961298 91079912 1
11961298 130533812 1
11961298 135447672 1
11961298 183364087 1
11961298 185535258 1
11961298 186049299 1
11961298 186213766 1
12526204 14945671 1
12526204 16093171 1
12526204 51145022 1
12526204 88661892 1
12526204 91079912 1
12526204 130533812 1
12526204 135447672 1
12526204 183364087 1
12526204 185441450 1
12526204 185535258 1
12526204 186049299 1
12526204 186213766 1
14945671 16093171 1
14945671 51145022 1
14945671 88661892 1
14945671 91079912 1
14945671 130533812 1
14945671 135447672 1
14945671 183364087 1
14945671 185441450 1
14945671 185535258 1
14945671 186049299 1
14945671 186213766 1
16093171 51145022 1
16093171 88661892 1
16093171 91079912 1
16093171 130533812 1
16093171 135447672 1
16093171 183364087 1
16093171 185441450 1
16093171 185535258 1
16093171 186049299 1
16093171 186213766 1
51145022 88661892 1
51145022 91079912 1
51145022 130533812 1
51145022 135447672 1
51145022 183364087 1
51145022 185441450 1
51145022 185535258 1
51145022 186049299 1
51145022 186213766 1
88661892 91079912 1
88661892 130533812 1
88661892 135447672 1
88661892 183364087 1
88661892 185441450 1
88661892 185535258 1
88661892 186049299 1
88661892 186213766 1
91079912 130533812 1
91079912 135447672 1
91079912 183364087 1
91079912 185441450 1
91079912 185535258 1
91079912 186049299 1
91079912 186213766 1
130533812 135447672 1
130533812 183364087 1
130533812 185441450 1
130533812 185535258 1
130533812 186049299 1
130533812 186213766 1
135447672 183364087 1
135447672 185441450 1
135447672 185535258 1
135447672 186049299 1
135447672 186213766 1
183364087 185441450 1
183364087 185535258 1
183364087 186049299 1
183364087 186213766 1
185441450 185535258 1
185441450 186049299 1
185441450 186213766 1
185535258 186049299 1
185535258 186213766 1
186049299 186213766 1
3513269 84439232 4
3513269 116376302 1
3513269 135456362 1
3513269 162571492 1
3513269 178171162 1
3776109 84439232 1
3776109 116376302 1
3776109 135456362 1
3776109 162571492 1
3776109 178171162 1
3776109 185824069 1
9003838 11347007 1
9003838 80987882 1
9003838 84439232 1
9003838 88661892 1
9003838 116376302 1
9003838 135456362 1
9003838 162571492 1
9003838 174933982 1
9003838 178171162 1
9003838 185824069 1
11347007 84439232 1
11347007 88661892 1
11347007 116376302 1
11347007 135456362 1
11347007 162571492 1
11347007 169473202 1
11347007 178171162 1
80987882 84439232 1
80987882 88661892 1
80987882 116376302 1
80987882 135456362 1
80987882 162571492 1
80987882 169473202 1
80987882 178171162 1
80987882 185824069 1
84439232 88661892 1
84439232 116376302 1
84439232 135456362 1
84439232 162571492 1
84439232 169473202 4
84439232 174933982 4
84439232 178171162 1
84439232 185824069 1
88661892 116376302 1
88661892 135456362 1
88661892 162571492 1
88661892 169473202 1
88661892 174933982 1
88661892 178171162 1
88661892 185824069 1
116376302 135456362 1
116376302 162571492 1
116376302 169473202 1
116376302 174933982 1
116376302 178171162 1
116376302 185824069 1
135456362 162571492 1
135456362 169473202 1
135456362 174933982 1
135456362 178171162 1
135456362 185824069 1
162571492 169473202 1
162571492 174933982 1
162571492 178171162 1
162571492 185824069 1
169473202 174933982 4
169473202 178171162 1
169473202 185824069 1
174933982 178171162 1
178171162 185824069 1
3513269 3893095 1
3513269 6915041 1
3513269 18719811 1
3513269 25876232 1
3513269 38623482 1
3513269 83641232 1
3513269 142133532 2
3513269 152694652 1
3513269 183225686 1
3513269 184251958 1
3893095 6915041 1
3893095 10510735 1
3893095 12893831 1
3893095 13530818 1
3893095 18719811 1
3893095 25876232 1
3893095 38623482 1
3893095 57958062 1
3893095 83641232 1
3893095 84439232 1
3893095 112371652 1
3893095 142133532 1
3893095 152694652 1
3893095 169473202 1
3893095 174933982 1
3893095 183225686 1
3893095 184251958 1
3893095 185855287 1
6915041 10510735 1
6915041 12893831 1
6915041 13530818 1
6915041 18719811 1
6915041 25876232 1
6915041 38623482 1
6915041 57958062 1
6915041 83641232 1
6915041 84439232 1
6915041 112371652 1
6915041 142133532 1
6915041 152694652 1
6915041 169473202 1
6915041 174933982 1
6915041 183225686 1
6915041 184251958 1
6915041 185855287 1
10510735 12893831 1
10510735 13530818 1
10510735 18719811 1
10510735 25876232 1
10510735 38623482 1
10510735 83641232 1
10510735 84439232 1
10510735 112371652 1
10510735 142133532 1
10510735 152694652 1
10510735 169473202 1
10510735 183225686 1
10510735 184251958 1
10510735 185855287 1
12893831 13530818 1
12893831 18719811 1
12893831 25876232 1
12893831 38623482 1
12893831 83641232 1
12893831 84439232 1
12893831 142133532 1
12893831 152694652 1
12893831 169473202 1
12893831 183225686 1
12893831 184251958 1
13530818 18719811 1
13530818 25876232 1
13530818 38623482 1
13530818 83641232 1
13530818 84439232 1
13530818 112371652 1
13530818 142133532 1
13530818 152694652 1
13530818 169473202 1
13530818 183225686 1
13530818 184251958 1
13530818 185855287 1
18719811 25876232 1
18719811 38623482 1
18719811 57958062 1
18719811 83641232 1
18719811 84439232 1
18719811 112371652 1
18719811 142133532 1
18719811 152694652 1
18719811 169473202 1
18719811 174933982 1
18719811 183225686 1
18719811 184251958 1
18719811 185855287 1
25876232 38623482 1
25876232 57958062 1
25876232 83641232 1
25876232 84439232 1
25876232 112371652 1
25876232 142133532 1
25876232 152694652 1
25876232 169473202 1
25876232 174933982 1
25876232 183225686 1
25876232 184251958 1
25876232 185855287 1
38623482 57958062 1
38623482 83641232 1
38623482 84439232 1
38623482 112371652 1
38623482 142133532 1
38623482 152694652 1
38623482 169473202 1
38623482 174933982 1
38623482 183225686 1
38623482 184251958 1
38623482 185855287 1
57958062 83641232 1
57958062 84439232 2
57958062 142133532 2
57958062 152694652 1
57958062 169473202 2
57958062 183225686 1
57958062 184251958 1
83641232 84439232 1
83641232 112371652 1
83641232 142133532 1
83641232 152694652 1
83641232 169473202 1
83641232 174933982 1
83641232 183225686 1
83641232 184251958 1
83641232 185855287 1
84439232 112371652 1
84439232 142133532 2
84439232 152694652 1
84439232 183225686 1
84439232 184251958 1
84439232 185855287 2
112371652 142133532 1
112371652 152694652 1
112371652 169473202 1
112371652 183225686 1
112371652 184251958 1
142133532 152694652 1
142133532 169473202 2
142133532 174933982 2
142133532 183225686 1
142133532 184251958 1
142133532 185855287 2
152694652 169473202 1
152694652 174933982 1
152694652 183225686 1
152694652 184251958 1
152694652 185855287 1
169473202 183225686 1
169473202 184251958 1
169473202 185855287 2
174933982 183225686 1
174933982 184251958 1
183225686 184251958 1
183225686 185855287 1
184251958 185855287 1
3513269 12407075 1
3513269 13348946 1
3513269 13986299 2
3513269 70731842 1
3513269 70802372 1
3513269 94751092 1
12407075 13348946 1
12407075 13986299 1
12407075 70731842 1
12407075 70802372 1
12407075 84439232 1
12407075 94751092 1
12407075 165804642 1
12407075 169473202 1
12407075 174933982 1
13348946 13986299 1
13348946 70731842 1
13348946 70802372 1
13348946 84439232 1
13348946 94751092 1
13348946 165804642 1
13348946 169473202 1
13348946 174933982 1
13986299 70731842 1
13986299 70802372 1
13986299 84439232 2
13986299 94751092 1
13986299 165804642 1
13986299 169473202 2
13986299 174933982 2
70731842 70802372 1
70731842 84439232 1
70731842 94751092 1
70731842 165804642 1
70731842 169473202 1
70731842 174933982 1
70802372 84439232 1
70802372 94751092 1
70802372 165804642 1
70802372 169473202 1
70802372 174933982 1
84439232 94751092 1
84439232 165804642 1
94751092 165804642 1
94751092 169473202 1
94751092 174933982 1
165804642 169473202 1
1936023 3513269 1
1936023 11961298 1
1936023 13986299 1
1936023 30719712 1
1936023 35210752 1
1936023 57958062 1
1936023 84439232 1
1936023 142133532 1
1936023 169473202 1
1936023 174933982 1
1936023 184921571 1
1936023 185445303 1
1936023 185508684 1
1936023 185855287 1
1936023 186165006 1
1936023 186165295 1
1936023 186166741 1
3513269 30719712 1
3513269 35210752 1
3513269 185445303 1
3513269 185508684 1
3513269 186165006 1
3513269 186165295 1
3513269 186166741 1
11961298 13986299 1
11961298 30719712 1
11961298 35210752 1
11961298 84439232 1
11961298 142133532 1
11961298 185445303 1
11961298 185508684 1
11961298 186165006 1
11961298 186165295 1
11961298 186166741 1
13986299 30719712 1
13986299 35210752 1
13986299 57958062 1
13986299 142133532 1
13986299 184921571 1
13986299 185445303 1
13986299 185508684 1
13986299 185855287 1
13986299 186165006 1
13986299 186165295 1
13986299 186166741 1
30719712 35210752 1
30719712 57958062 1
30719712 84439232 1
30719712 142133532 1
30719712 169473202 1
30719712 174933982 1
30719712 184921571 1
30719712 185445303 1
30719712 185508684 1
30719712 185855287 1
30719712 186165006 1
30719712 186165295 1
30719712 186166741 1
35210752 57958062 1
35210752 84439232 1
35210752 142133532 1
35210752 169473202 1
35210752 174933982 1
35210752 184921571 1
35210752 185445303 1
35210752 185508684 1
35210752 185855287 1
35210752 186165006 1
35210752 186165295 1
35210752 186166741 1
57958062 185445303 1
57958062 185508684 1
57958062 186165006 1
57958062 186165295 1
57958062 186166741 1
84439232 184921571 1
84439232 185445303 1
84439232 185508684 1
84439232 186165006 1
84439232 186165295 1
84439232 186166741 1
142133532 184921571 1
142133532 185445303 1
142133532 185508684 1
142133532 186165006 1
142133532 186165295 1
142133532 186166741 1
169473202 184921571 1
169473202 185445303 1
169473202 185508684 1
169473202 186165006 1
169473202 186165295 1
169473202 186166741 1
174933982 185445303 1
174933982 185508684 1
174933982 186165006 1
174933982 186165295 1
174933982 186166741 1
184921571 185445303 1
184921571 185508684 1
184921571 186165006 1
184921571 186165295 1
184921571 186166741 1
185445303 185508684 1
185445303 185855287 1
185445303 186165006 1
185445303 186165295 1
185445303 186166741 1
185508684 185855287 1
185508684 186165006 1
185508684 186165295 1
185508684 186166741 1
185855287 186165006 1
185855287 186165295 1
185855287 186166741 1
186165006 186165295 1
186165006 186166741 1
186165295 186166741 1
