13467651 10027531 174521612 77697422 115727 9227923 6047255 14409624 192127512 146246682 196270106 188484892 43676062 6348970 12237099 184091308 189642930 184695988 144409142 11371068 91497922 19611331 112847302 193793863 165961802 89428172 7986509 190401996 12029265 97456082 188638164 3379156 194170467 193434982 194718446 58678132 50781302 6750456 188835066 3944830
115727 3944830 2
115727 6348970 2
115727 7986509 1
115727 9227923 2
115727 10027531 4
115727 13467651 1
115727 14409624 2
115727 58678132 1
115727 77697422 3
115727 89428172 1
115727 91497922 1
115727 97456082 4
115727 112847302 1
115727 144409142 1
115727 146246682 1
115727 188638164 1
115727 189642930 2
3944830 6348970 2
3944830 7986509 1
3944830 9227923 2
3944830 10027531 3
3944830 13467651 1
3944830 14409624 2
3944830 58678132 1
3944830 77697422 3
3944830 89428172 1
3944830 91497922 1
3944830 97456082 3
3944830 112847302 1
3944830 144409142 1
3944830 146246682 1
3944830 188638164 1
3944830 189642930 2
6348970 7986509 2
6348970 9227923 2
6348970 10027531 3
6348970 13467651 1
6348970 14409624 2
6348970 58678132 1
6348970 77697422 2
6348970 89428172 1
6348970 91497922 1
6348970 97456082 3
6348970 112847302 1
6348970 144409142 1
6348970 146246682 1
6348970 188638164 1
6348970 189642930 1
7986509 9227923 1
7986509 10027531 2
7986509 13467651 1
7986509 14409624 2
7986509 58678132 1
7986509 77697422 1
7986509 89428172 1
7986509 91497922 1
7986509 97456082 2
7986509 112847302 1
7986509 144409142 1
7986509 146246682 1
7986509 188638164 1
7986509 189642930 1
9227923 10027531 2
9227923 13467651 1
9227923 14409624 1
9227923 58678132 1
9227923 77697422 2
9227923 89428172 1
9227923 91497922 1
9227923 97456082 2
9227923 112847302 1
9227923 144409142 1
9227923 146246682 1
9227923 188638164 1
9227923 189642930 1
10027531 13467651 1
10027531 14409624 4
10027531 58678132 1
10027531 77697422 4
10027531 89428172 1
10027531 91497922 1
10027531 97456082 6
10027531 112847302 1
10027531 144409142 1
10027531 146246682 1
10027531 188638164 1
10027531 189642930 3
13467651 14409624 1
13467651 58678132 1
13467651 77697422 1
13467651 89428172 1
13467651 91497922 1
13467651 97456082 1
13467651 112847302 1
13467651 144409142 1
13467651 146246682 1
13467651 188638164 1
13467651 189642930 1
14409624 58678132 1
14409624 77697422 3
14409624 89428172 1
14409624 91497922 1
14409624 97456082 4
14409624 112847302 1
14409624 144409142 1
14409624 146246682 1
14409624 188638164 1
14409624 189642930 3
58678132 77697422 1
58678132 89428172 1
58678132 91497922 1
58678132 97456082 1
58678132 112847302 1
58678132 144409142 1
58678132 146246682 1
58678132 188638164 1
58678132 189642930 1
77697422 89428172 1
77697422 91497922 1
77697422 97456082 4
77697422 112847302 1
77697422 144409142 1
77697422 146246682 1
77697422 188638164 1
77697422 189642930 3
89428172 91497922 1
89428172 97456082 1
89428172 112847302 1
89428172 144409142 1
89428172 146246682 1
89428172 188638164 1
89428172 189642930 1
91497922 97456082 1
91497922 112847302 1
91497922 144409142 1
91497922 146246682 1
91497922 188638164 1
91497922 189642930 1
97456082 112847302 1
97456082 144409142 1
97456082 146246682 1
97456082 188638164 1
97456082 189642930 3
112847302 144409142 1
112847302 146246682 1
112847302 188638164 1
112847302 189642930 1
144409142 146246682 1
144409142 188638164 1
144409142 189642930 1
146246682 188638164 1
146246682 189642930 1
188638164 189642930 1
3379156 3944830 1
3379156 10027531 1
3379156 11371068 1
3379156 14409624 1
3379156 43676062 1
3379156 77697422 1
3379156 97456082 1
3379156 174521612 1
3379156 188484892 1
3379156 188835066 1
3379156 189642930 1
3379156 190401996 1
3379156 192127512 1
3944830 11371068 2
3944830 43676062 1
3944830 174521612 1
3944830 188484892 2
3944830 188835066 2
3944830 190401996 1
3944830 192127512 1
10027531 11371068 2
10027531 43676062 1
10027531 174521612 2
10027531 188484892 3
10027531 188835066 2
10027531 190401996 1
10027531 192127512 1
11371068 14409624 1
11371068 43676062 1
11371068 77697422 2
11371068 97456082 2
11371068 174521612 1
11371068 188484892 2
11371068 188835066 2
11371068 189642930 1
11371068 190401996 1
11371068 192127512 1
14409624 43676062 1
14409624 174521612 2
14409624 188484892 2
14409624 188835066 1
14409624 190401996 1
14409624 192127512 1
43676062 77697422 1
43676062 97456082 1
43676062 174521612 1
43676062 188484892 1
43676062 188835066 1
43676062 189642930 1
43676062 190401996 1
43676062 192127512 1
77697422 174521612 1
77697422 188484892 3
77697422 188835066 2
77697422 190401996 1
77697422 192127512 1
97456082 174521612 2
97456082 188484892 3
97456082 188835066 2
97456082 190401996 1
97456082 192127512 1
174521612 188484892 1
174521612 188835066 1
174521612 189642930 1
174521612 190401996 1
174521612 192127512 1
188484892 188835066 2
188484892 189642930 2
188484892 190401996 1
188484892 192127512 1
188835066 189642930 1
188835066 190401996 1
188835066 192127512 1
189642930 190401996 1
189642930 192127512 1
190401996 192127512 1
115727 11371068 1
115727 165961802 2
115727 184091308 1
115727 188484892 2
115727 188835066 1
3944830 165961802 1
3944830 184091308 1
6348970 11371068 1
6348970 165961802 1
6348970 184091308 1
6348970 188484892 1
6348970 188835066 1
9227923 11371068 1
9227923 165961802 1
9227923 184091308 1
9227923 188484892 1
9227923 188835066 1
10027531 165961802 2
10027531 184091308 1
11371068 165961802 1
11371068 184091308 1
77697422 165961802 2
77697422 184091308 1
97456082 165961802 2
97456082 184091308 1
165961802 184091308 1
165961802 188484892 2
165961802 188835066 1
184091308 188484892 1
184091308 188835066 1
115727 12237099 2
115727 193434982 1
115727 193793863 2
115727 194170467 1
10027531 12237099 3
10027531 193434982 1
10027531 193793863 2
10027531 194170467 1
12237099 14409624 2
12237099 77697422 1
12237099 97456082 3
12237099 165961802 1
12237099 188484892 1
12237099 189642930 1
12237099 193434982 1
12237099 193793863 2
12237099 194170467 1
14409624 165961802 1
14409624 193434982 1
14409624 193793863 1
14409624 194170467 1
77697422 193434982 1
77697422 193793863 1
77697422 194170467 1
97456082 193434982 1
97456082 193793863 2
97456082 194170467 1
165961802 189642930 1
165961802 193434982 1
165961802 193793863 1
165961802 194170467 1
188484892 193434982 1
188484892 193793863 1
188484892 194170467 1
189642930 193434982 1
189642930 193793863 1
189642930 194170467 1
193434982 193793863 1
193434982 194170467 1
193793863 194170467 1
6047255 6348970 1
6047255 6750456 1
6047255 7986509 1
6047255 10027531 1
6047255 12029265 1
6047255 12237099 1
6047255 14409624 1
6047255 19611331 1
6047255 50781302 1
6047255 97456082 1
6047255 174521612 1
6047255 184695988 1
6047255 194718446 1
6047255 196270106 1
6348970 6750456 1
6348970 12029265 1
6348970 12237099 1
6348970 19611331 1
6348970 50781302 1
6348970 174521612 1
6348970 184695988 1
6348970 194718446 1
6348970 196270106 1
6750456 7986509 1
6750456 10027531 1
6750456 12029265 1
6750456 12237099 1
6750456 14409624 1
6750456 19611331 1
6750456 50781302 1
6750456 97456082 1
6750456 174521612 1
6750456 184695988 1
6750456 194718446 1
6750456 196270106 1
7986509 12029265 1
7986509 12237099 1
7986509 19611331 1
7986509 50781302 1
7986509 174521612 1
7986509 184695988 1
7986509 194718446 1
7986509 196270106 1
10027531 12029265 1
10027531 19611331 1
10027531 50781302 1
10027531 184695988 1
10027531 194718446 1
10027531 196270106 1
12029265 12237099 1
12029265 14409624 1
12029265 19611331 1
12029265 50781302 1
12029265 97456082 1
12029265 174521612 1
12029265 184695988 1
12029265 194718446 1
12029265 196270106 1
12237099 19611331 1
12237099 50781302 1
12237099 174521612 1
12237099 184695988 1
12237099 194718446 1
12237099 196270106 1
14409624 19611331 1
14409624 50781302 1
14409624 184695988 1
14409624 194718446 1
14409624 196270106 1
19611331 50781302 1
19611331 97456082 1
19611331 174521612 1
19611331 184695988 1
19611331 194718446 1
19611331 196270106 1
50781302 97456082 1
50781302 174521612 1
50781302 184695988 1
50781302 194718446 1
50781302 196270106 1
97456082 184695988 1
97456082 194718446 1
97456082 196270106 1
174521612 184695988 1
174521612 194718446 1
174521612 196270106 1
184695988 194718446 1
184695988 196270106 1
194718446 196270106 1
