13836807 76444182 29578782 61283872 53339172 7488037 82138662 73325612 70028332 23693871 52122162 49207352 78684732 10488893 85896252 33139782 2224715 73294932 33738842 82899562 61142122 79441012 83313272 33895032 6296190 80536192 65344642 72945282 74864772 82783372 7736465 37381272 75296922 21159071 81938592 13770911 60064932 23018151 11328680 70307502 75617462 15031991 13225146 58442432 36823232 6040769 73964742 5901511 61266632 59261132 74451152 49129172 8095956 33212632 57071322 10589403 85668572 71810782 14156008 75072752 67436272 14234355 86780152 49837822 28952322 69650182 40649482 7560472 86623512 9822495 46690082 8045354 56817452 50919212 48935732 51338552 32293692 81529662 11056451 34210632 59529032 25867082 3155786 7501132 10087757 32936782 41161552 80627032 79620442 8074077 9168736 42539872 48005992 668526 2607982 85500272 12541300 83215222 40755062 37480312 84272502 65347962 53786492 41236352 83952002 6336391 64851342 50598802 3110804 8203157 75670422 18863511 17458081 29597602 7379363 35183012 22185381 76008872 44031912 12655020 64216492 51490222 10385330 13953458 41031602 13288374 73437112 72613822 41848262 80789962 8867283 75787732 39604182 10304471 21587421 39789542 13791721 82990062 3385328 57348602 75787772 3130366
668526 7379363 1
668526 7488037 1
668526 12655020 1
668526 15031991 1
668526 37381272 1
668526 48935732 1
668526 49129172 1
668526 51338552 1
668526 53339172 1
668526 57071322 1
668526 64216492 1
668526 75296922 1
668526 80627032 1
7379363 7488037 1
7379363 12655020 1
7379363 15031991 1
7379363 37381272 1
7379363 48935732 2
7379363 49129172 1
7379363 51338552 1
7379363 53339172 1
7379363 57071322 2
7379363 64216492 3
7379363 75296922 3
7379363 80627032 2
7488037 12655020 1
7488037 15031991 1
7488037 37381272 1
7488037 48935732 1
7488037 49129172 1
7488037 51338552 1
7488037 53339172 1
7488037 57071322 1
7488037 64216492 1
7488037 75296922 1
7488037 80627032 1
12655020 15031991 1
12655020 37381272 1
12655020 48935732 1
12655020 49129172 1
12655020 51338552 1
12655020 53339172 1
12655020 57071322 1
12655020 64216492 1
12655020 75296922 1
12655020 80627032 1
15031991 37381272 1
15031991 48935732 1
15031991 49129172 1
15031991 51338552 1
15031991 53339172 1
15031991 57071322 1
15031991 64216492 1
15031991 75296922 1
15031991 80627032 1
37381272 48935732 1
37381272 49129172 1
37381272 51338552 1
37381272 53339172 1
37381272 57071322 1
37381272 64216492 1
37381272 75296922 1
37381272 80627032 1
48935732 49129172 1
48935732 51338552 1
48935732 53339172 1
48935732 57071322 1
48935732 64216492 3
48935732 75296922 2
48935732 80627032 1
49129172 51338552 1
49129172 53339172 1
49129172 57071322 1
49129172 64216492 1
49129172 75296922 1
49129172 80627032 1
51338552 53339172 1
51338552 57071322 1
51338552 64216492 1
51338552 75296922 1
51338552 80627032 1
53339172 57071322 1
53339172 64216492 1
53339172 75296922 1
53339172 80627032 1
57071322 64216492 1
57071322 75296922 1
57071322 80627032 1
64216492 75296922 2
64216492 80627032 2
75296922 80627032 1
7379363 9168736 1
7379363 9822495 2
7379363 18863511 2
7379363 29578782 1
7379363 52122162 1
7379363 76008872 2
7379363 78684732 1
7379363 80536192 1
9168736 9822495 1
9168736 18863511 1
9168736 29578782 1
9168736 52122162 1
9168736 57071322 1
9168736 76008872 1
9168736 78684732 1
9168736 80536192 1
9822495 18863511 1
9822495 29578782 1
9822495 52122162 1
9822495 57071322 1
9822495 76008872 2
9822495 78684732 1
9822495 80536192 2
18863511 29578782 1
18863511 52122162 1
18863511 57071322 1
18863511 76008872 1
18863511 78684732 1
18863511 80536192 1
29578782 52122162 1
29578782 57071322 1
29578782 76008872 1
29578782 78684732 1
29578782 80536192 1
52122162 57071322 1
52122162 76008872 3
52122162 78684732 1
52122162 80536192 2
57071322 76008872 1
57071322 78684732 1
57071322 80536192 1
76008872 78684732 1
76008872 80536192 2
78684732 80536192 1
6296190 8074077 1
6296190 10087757 1
6296190 10385330 1
6296190 11056451 1
6296190 13836807 1
6296190 14234355 1
6296190 17458081 1
6296190 21159071 1
6296190 23693871 1
6296190 28952322 1
6296190 32293692 1
6296190 34210632 1
6296190 39604182 1
6296190 48005992 1
6296190 49207352 1
6296190 52122162 1
6296190 56817452 1
6296190 59261132 1
6296190 64216492 1
6296190 65344642 1
6296190 65347962 1
6296190 70307502 1
6296190 75072752 1
6296190 75787772 1
6296190 76008872 1
6296190 79620442 1
6296190 80536192 1
6296190 80789962 1
6296190 81938592 1
8074077 10087757 1
8074077 10385330 1
8074077 11056451 1
8074077 13836807 1
8074077 14234355 1
8074077 17458081 1
8074077 21159071 1
8074077 23693871 1
8074077 28952322 1
8074077 32293692 1
8074077 34210632 1
8074077 39604182 1
8074077 48005992 1
8074077 49207352 1
8074077 52122162 1
8074077 56817452 1
8074077 59261132 1
8074077 64216492 1
8074077 65344642 1
8074077 65347962 1
8074077 70307502 1
8074077 75072752 1
8074077 75787772 1
8074077 76008872 1
8074077 79620442 1
8074077 80536192 1
8074077 80789962 1
8074077 81938592 1
10087757 10385330 1
10087757 11056451 1
10087757 13836807 1
10087757 14234355 1
10087757 17458081 1
10087757 21159071 1
10087757 23693871 1
10087757 28952322 1
10087757 32293692 1
10087757 34210632 1
10087757 39604182 1
10087757 48005992 1
10087757 49207352 1
10087757 52122162 1
10087757 56817452 1
10087757 59261132 1
10087757 64216492 1
10087757 65344642 1
10087757 65347962 1
10087757 70307502 1
10087757 75072752 1
10087757 75787772 1
10087757 76008872 1
10087757 79620442 1
10087757 80536192 1
10087757 80789962 1
10087757 81938592 1
10385330 11056451 1
10385330 13836807 1
10385330 14234355 1
10385330 17458081 1
10385330 21159071 1
10385330 23693871 1
10385330 28952322 1
10385330 32293692 1
10385330 34210632 1
10385330 39604182 1
10385330 48005992 1
10385330 49207352 1
10385330 52122162 1
10385330 56817452 1
10385330 59261132 1
10385330 64216492 1
10385330 65344642 1
10385330 65347962 1
10385330 70307502 1
10385330 75072752 1
10385330 75787772 1
10385330 76008872 1
10385330 79620442 1
10385330 80536192 1
10385330 80789962 1
10385330 81938592 1
11056451 13836807 1
11056451 14234355 2
11056451 17458081 1
11056451 21159071 1
11056451 23693871 1
11056451 28952322 2
11056451 32293692 1
11056451 34210632 1
11056451 39604182 1
11056451 48005992 2
11056451 49207352 2
11056451 52122162 1
11056451 56817452 1
11056451 59261132 2
11056451 64216492 2
11056451 65344642 1
11056451 65347962 1
11056451 70307502 3
11056451 75072752 1
11056451 75787772 2
11056451 76008872 1
11056451 79620442 1
11056451 80536192 2
11056451 80789962 1
11056451 81938592 1
13836807 14234355 1
13836807 17458081 1
13836807 21159071 1
13836807 23693871 1
13836807 28952322 1
13836807 32293692 1
13836807 34210632 1
13836807 39604182 1
13836807 48005992 1
13836807 49207352 1
13836807 52122162 1
13836807 56817452 1
13836807 59261132 1
13836807 64216492 1
13836807 65344642 1
13836807 65347962 1
13836807 70307502 1
13836807 75072752 1
13836807 75787772 1
13836807 76008872 1
13836807 79620442 1
13836807 80536192 1
13836807 80789962 1
13836807 81938592 1
14234355 17458081 1
14234355 21159071 1
14234355 23693871 1
14234355 28952322 1
14234355 32293692 1
14234355 34210632 1
14234355 39604182 1
14234355 48005992 1
14234355 49207352 2
14234355 52122162 1
14234355 56817452 1
14234355 59261132 2
14234355 64216492 2
14234355 65344642 1
14234355 65347962 1
14234355 70307502 2
14234355 75072752 1
14234355 75787772 2
14234355 76008872 1
14234355 79620442 1
14234355 80536192 1
14234355 80789962 1
14234355 81938592 1
17458081 21159071 1
17458081 23693871 1
17458081 28952322 1
17458081 32293692 1
17458081 34210632 1
17458081 39604182 1
17458081 48005992 1
17458081 49207352 1
17458081 52122162 1
17458081 56817452 1
17458081 59261132 1
17458081 64216492 1
17458081 65344642 1
17458081 65347962 1
17458081 70307502 1
17458081 75072752 1
17458081 75787772 1
17458081 76008872 1
17458081 79620442 1
17458081 80536192 1
17458081 80789962 1
17458081 81938592 1
21159071 23693871 1
21159071 28952322 1
21159071 32293692 1
21159071 34210632 1
21159071 39604182 1
21159071 48005992 1
21159071 49207352 1
21159071 52122162 1
21159071 56817452 1
21159071 59261132 1
21159071 64216492 1
21159071 65344642 1
21159071 65347962 1
21159071 70307502 1
21159071 75072752 1
21159071 75787772 1
21159071 76008872 1
21159071 79620442 1
21159071 80536192 1
21159071 80789962 1
21159071 81938592 1
23693871 28952322 1
23693871 32293692 1
23693871 34210632 1
23693871 39604182 1
23693871 48005992 1
23693871 49207352 1
23693871 52122162 2
23693871 56817452 1
23693871 59261132 1
23693871 64216492 2
23693871 65344642 1
23693871 65347962 1
23693871 70307502 2
23693871 75072752 1
23693871 75787772 1
23693871 76008872 2
23693871 79620442 1
23693871 80536192 1
23693871 80789962 1
23693871 81938592 1
28952322 32293692 1
28952322 34210632 1
28952322 39604182 1
28952322 48005992 2
28952322 49207352 2
28952322 52122162 1
28952322 56817452 1
28952322 59261132 1
28952322 64216492 1
28952322 65344642 1
28952322 65347962 1
28952322 70307502 2
28952322 75072752 1
28952322 75787772 1
28952322 76008872 2
28952322 79620442 1
28952322 80536192 2
28952322 80789962 1
28952322 81938592 1
32293692 34210632 1
32293692 39604182 1
32293692 48005992 1
32293692 49207352 1
32293692 52122162 1
32293692 56817452 1
32293692 59261132 1
32293692 64216492 1
32293692 65344642 1
32293692 65347962 1
32293692 70307502 1
32293692 75072752 1
32293692 75787772 1
32293692 76008872 1
32293692 79620442 1
32293692 80536192 1
32293692 80789962 1
32293692 81938592 1
34210632 39604182 1
34210632 48005992 1
34210632 49207352 1
34210632 52122162 1
34210632 56817452 1
34210632 59261132 1
34210632 64216492 1
34210632 65344642 1
34210632 65347962 1
34210632 70307502 1
34210632 75072752 1
34210632 75787772 1
34210632 76008872 1
34210632 79620442 1
34210632 80536192 1
34210632 80789962 1
34210632 81938592 1
39604182 48005992 1
39604182 49207352 1
39604182 52122162 1
39604182 56817452 1
39604182 59261132 1
39604182 64216492 1
39604182 65344642 1
39604182 65347962 1
39604182 70307502 1
39604182 75072752 1
39604182 75787772 1
39604182 76008872 1
39604182 79620442 1
39604182 80536192 1
39604182 80789962 1
39604182 81938592 1
48005992 49207352 1
48005992 52122162 1
48005992 56817452 1
48005992 59261132 1
48005992 64216492 1
48005992 65344642 1
48005992 65347962 1
48005992 70307502 2
48005992 75072752 1
48005992 75787772 1
48005992 76008872 1
48005992 79620442 1
48005992 80536192 2
48005992 80789962 1
48005992 81938592 1
49207352 52122162 1
49207352 56817452 1
49207352 59261132 2
49207352 64216492 3
49207352 65344642 1
49207352 65347962 1
49207352 70307502 3
49207352 75072752 1
49207352 75787772 2
49207352 76008872 3
49207352 79620442 1
49207352 80536192 1
49207352 80789962 1
49207352 81938592 1
52122162 56817452 1
52122162 59261132 1
52122162 64216492 2
52122162 65344642 1
52122162 65347962 1
52122162 70307502 2
52122162 75072752 1
52122162 75787772 1
52122162 79620442 1
52122162 80789962 1
52122162 81938592 1
56817452 59261132 1
56817452 64216492 1
56817452 65344642 1
56817452 65347962 1
56817452 70307502 1
56817452 75072752 1
56817452 75787772 1
56817452 76008872 1
56817452 79620442 1
56817452 80536192 1
56817452 80789962 1
56817452 81938592 1
59261132 64216492 2
59261132 65344642 1
59261132 65347962 1
59261132 70307502 2
59261132 75072752 1
59261132 75787772 2
59261132 76008872 1
59261132 79620442 1
59261132 80536192 1
59261132 80789962 1
59261132 81938592 1
64216492 65344642 1
64216492 65347962 1
64216492 70307502 4
64216492 75072752 1
64216492 75787772 2
64216492 76008872 4
64216492 79620442 1
64216492 80536192 1
64216492 80789962 1
64216492 81938592 1
65344642 65347962 1
65344642 70307502 1
65344642 75072752 1
65344642 75787772 1
65344642 76008872 1
65344642 79620442 1
65344642 80536192 1
65344642 80789962 1
65344642 81938592 1
65347962 70307502 1
65347962 75072752 1
65347962 75787772 1
65347962 76008872 1
65347962 79620442 1
65347962 80536192 1
65347962 80789962 1
65347962 81938592 1
70307502 75072752 1
70307502 75787772 2
70307502 76008872 3
70307502 79620442 1
70307502 80536192 2
70307502 80789962 1
70307502 81938592 1
75072752 75787772 1
75072752 76008872 1
75072752 79620442 1
75072752 80536192 1
75072752 80789962 1
75072752 81938592 1
75787772 76008872 1
75787772 79620442 1
75787772 80536192 1
75787772 80789962 1
75787772 81938592 1
76008872 79620442 1
76008872 80789962 1
76008872 81938592 1
79620442 80536192 1
79620442 80789962 1
79620442 81938592 1
80536192 80789962 1
80536192 81938592 1
80789962 81938592 1
7501132 8045354 1
7501132 9822495 1
7501132 10488893 1
7501132 10589403 1
7501132 13225146 1
7501132 21587421 1
7501132 25867082 1
7501132 28952322 1
7501132 33139782 1
7501132 33895032 1
7501132 41848262 1
7501132 49207352 1
7501132 51490222 1
7501132 76008872 1
7501132 76444182 1
8045354 9822495 2
8045354 10488893 1
8045354 10589403 1
8045354 13225146 2
8045354 21587421 1
8045354 25867082 1
8045354 28952322 1
8045354 33139782 2
8045354 33895032 3
8045354 41848262 1
8045354 49207352 2
8045354 51490222 2
8045354 76008872 2
8045354 76444182 2
9822495 10488893 1
9822495 10589403 1
9822495 13225146 1
9822495 21587421 1
9822495 25867082 1
9822495 28952322 2
9822495 33139782 2
9822495 33895032 2
9822495 41848262 1
9822495 49207352 2
9822495 51490222 3
9822495 76444182 2
10488893 10589403 1
10488893 13225146 1
10488893 21587421 1
10488893 25867082 1
10488893 28952322 1
10488893 33139782 1
10488893 33895032 1
10488893 41848262 1
10488893 49207352 1
10488893 51490222 1
10488893 76008872 1
10488893 76444182 1
10589403 13225146 1
10589403 21587421 1
10589403 25867082 1
10589403 28952322 1
10589403 33139782 1
10589403 33895032 1
10589403 41848262 1
10589403 49207352 1
10589403 51490222 1
10589403 76008872 1
10589403 76444182 1
13225146 21587421 1
13225146 25867082 1
13225146 28952322 1
13225146 33139782 1
13225146 33895032 1
13225146 41848262 1
13225146 49207352 1
13225146 51490222 1
13225146 76008872 1
13225146 76444182 1
21587421 25867082 1
21587421 28952322 1
21587421 33139782 1
21587421 33895032 1
21587421 41848262 1
21587421 49207352 1
21587421 51490222 1
21587421 76008872 1
21587421 76444182 1
25867082 28952322 1
25867082 33139782 1
25867082 33895032 1
25867082 41848262 1
25867082 49207352 1
25867082 51490222 1
25867082 76008872 1
25867082 76444182 1
28952322 33139782 2
28952322 33895032 1
28952322 41848262 1
28952322 51490222 2
28952322 76444182 1
33139782 33895032 2
33139782 41848262 1
33139782 49207352 1
33139782 51490222 2
33139782 76008872 3
33139782 76444182 1
33895032 41848262 1
33895032 49207352 2
33895032 51490222 2
33895032 76008872 2
33895032 76444182 2
41848262 49207352 1
41848262 51490222 1
41848262 76008872 1
41848262 76444182 1
49207352 51490222 2
49207352 76444182 2
51490222 76008872 1
51490222 76444182 2
76008872 76444182 1
7379363 49207352 2
7379363 70307502 2
7379363 73325612 1
7379363 83313272 1
49207352 73325612 1
49207352 80627032 1
49207352 83313272 1
64216492 73325612 1
64216492 83313272 1
70307502 73325612 1
70307502 80627032 1
70307502 83313272 1
73325612 76008872 1
73325612 80627032 1
73325612 83313272 1
76008872 80627032 1
76008872 83313272 1
80627032 83313272 1
6336391 7560472 1
6336391 7736465 1
6336391 8095956 1
6336391 8867283 1
6336391 23693871 1
6336391 33139782 1
6336391 33212632 1
6336391 33738842 1
6336391 41161552 1
6336391 42539872 1
6336391 46690082 1
6336391 48935732 2
6336391 52122162 1
6336391 53786492 1
6336391 64216492 2
6336391 70307502 2
6336391 72613822 1
6336391 72945282 1
6336391 73294932 2
6336391 76008872 1
6336391 81529662 1
6336391 82990062 1
7560472 7736465 1
7560472 8095956 1
7560472 8867283 1
7560472 23693871 1
7560472 33139782 1
7560472 33212632 1
7560472 33738842 1
7560472 41161552 1
7560472 42539872 1
7560472 46690082 1
7560472 48935732 1
7560472 52122162 1
7560472 53786492 1
7560472 64216492 1
7560472 70307502 1
7560472 72613822 1
7560472 72945282 1
7560472 73294932 1
7560472 76008872 1
7560472 81529662 1
7560472 82990062 1
7736465 8095956 1
7736465 8867283 1
7736465 23693871 1
7736465 33139782 1
7736465 33212632 1
7736465 33738842 1
7736465 41161552 1
7736465 42539872 1
7736465 46690082 1
7736465 48935732 1
7736465 52122162 1
7736465 53786492 1
7736465 64216492 1
7736465 70307502 1
7736465 72613822 1
7736465 72945282 1
7736465 73294932 1
7736465 76008872 1
7736465 81529662 1
7736465 82990062 1
8095956 8867283 1
8095956 23693871 1
8095956 33139782 1
8095956 33212632 1
8095956 33738842 1
8095956 41161552 1
8095956 42539872 1
8095956 46690082 1
8095956 48935732 1
8095956 52122162 1
8095956 53786492 1
8095956 64216492 1
8095956 70307502 1
8095956 72613822 1
8095956 72945282 1
8095956 73294932 1
8095956 76008872 1
8095956 81529662 1
8095956 82990062 1
8867283 23693871 1
8867283 33139782 1
8867283 33212632 1
8867283 33738842 1
8867283 41161552 1
8867283 42539872 1
8867283 46690082 1
8867283 48935732 1
8867283 52122162 1
8867283 53786492 1
8867283 64216492 1
8867283 70307502 1
8867283 72613822 1
8867283 72945282 1
8867283 73294932 1
8867283 76008872 1
8867283 81529662 1
8867283 82990062 1
23693871 33139782 1
23693871 33212632 1
23693871 33738842 1
23693871 41161552 1
23693871 42539872 1
23693871 46690082 1
23693871 48935732 1
23693871 53786492 1
23693871 72613822 1
23693871 72945282 1
23693871 73294932 1
23693871 81529662 1
23693871 82990062 1
33139782 33212632 1
33139782 33738842 1
33139782 41161552 1
33139782 42539872 1
33139782 46690082 1
33139782 48935732 1
33139782 52122162 1
33139782 53786492 2
33139782 64216492 2
33139782 70307502 2
33139782 72613822 1
33139782 72945282 1
33139782 73294932 1
33139782 81529662 1
33139782 82990062 1
33212632 33738842 1
33212632 41161552 1
33212632 42539872 1
33212632 46690082 1
33212632 48935732 1
33212632 52122162 1
33212632 53786492 1
33212632 64216492 1
33212632 70307502 1
33212632 72613822 1
33212632 72945282 1
33212632 73294932 1
33212632 76008872 1
33212632 81529662 1
33212632 82990062 1
33738842 41161552 1
33738842 42539872 1
33738842 46690082 1
33738842 48935732 1
33738842 52122162 1
33738842 53786492 1
33738842 64216492 1
33738842 70307502 1
33738842 72613822 1
33738842 72945282 1
33738842 73294932 1
33738842 76008872 1
33738842 81529662 1
33738842 82990062 1
41161552 42539872 1
41161552 46690082 1
41161552 48935732 1
41161552 52122162 1
41161552 53786492 1
41161552 64216492 1
41161552 70307502 1
41161552 72613822 1
41161552 72945282 1
41161552 73294932 1
41161552 76008872 1
41161552 81529662 1
41161552 82990062 1
42539872 46690082 1
42539872 48935732 1
42539872 52122162 1
42539872 53786492 1
42539872 64216492 1
42539872 70307502 1
42539872 72613822 1
42539872 72945282 1
42539872 73294932 1
42539872 76008872 1
42539872 81529662 1
42539872 82990062 1
46690082 48935732 1
46690082 52122162 1
46690082 53786492 1
46690082 64216492 1
46690082 70307502 1
46690082 72613822 1
46690082 72945282 1
46690082 73294932 1
46690082 76008872 1
46690082 81529662 1
46690082 82990062 1
48935732 52122162 1
48935732 53786492 1
48935732 70307502 2
48935732 72613822 1
48935732 72945282 1
48935732 73294932 2
48935732 76008872 1
48935732 81529662 1
48935732 82990062 1
52122162 53786492 1
52122162 72613822 1
52122162 72945282 1
52122162 73294932 1
52122162 81529662 1
52122162 82990062 1
53786492 64216492 1
53786492 70307502 2
53786492 72613822 1
53786492 72945282 1
53786492 73294932 2
53786492 76008872 1
53786492 81529662 1
53786492 82990062 1
64216492 72613822 1
64216492 72945282 1
64216492 73294932 2
64216492 81529662 1
64216492 82990062 1
70307502 72613822 1
70307502 72945282 1
70307502 73294932 2
70307502 81529662 1
70307502 82990062 1
72613822 72945282 1
72613822 73294932 1
72613822 76008872 1
72613822 81529662 1
72613822 82990062 1
72945282 73294932 1
72945282 76008872 1
72945282 81529662 1
72945282 82990062 1
73294932 76008872 1
73294932 81529662 1
73294932 82990062 1
76008872 81529662 1
76008872 82990062 1
81529662 82990062 1
3130366 8045354 1
3130366 11328680 1
3130366 13770911 1
3130366 14156008 1
3130366 22185381 1
3130366 33139782 1
3130366 33895032 1
3130366 41236352 1
3130366 58442432 1
3130366 64216492 1
3130366 70028332 1
3130366 74864772 1
3130366 75617462 1
3130366 75670422 1
3130366 76008872 1
3130366 79441012 1
3130366 82783372 1
3130366 83952002 1
8045354 11328680 1
8045354 13770911 1
8045354 14156008 1
8045354 22185381 1
8045354 41236352 1
8045354 58442432 1
8045354 64216492 2
8045354 70028332 1
8045354 74864772 2
8045354 75617462 1
8045354 75670422 1
8045354 79441012 1
8045354 82783372 1
8045354 83952002 1
11328680 13770911 1
11328680 14156008 1
11328680 22185381 1
11328680 33139782 1
11328680 33895032 1
11328680 41236352 1
11328680 58442432 1
11328680 64216492 1
11328680 70028332 1
11328680 74864772 1
11328680 75617462 1
11328680 75670422 1
11328680 76008872 1
11328680 79441012 1
11328680 82783372 1
11328680 83952002 1
13770911 14156008 1
13770911 22185381 1
13770911 33139782 1
13770911 33895032 1
13770911 41236352 1
13770911 58442432 1
13770911 64216492 1
13770911 70028332 1
13770911 74864772 1
13770911 75617462 1
13770911 75670422 1
13770911 76008872 1
13770911 79441012 1
13770911 82783372 1
13770911 83952002 1
14156008 22185381 1
14156008 33139782 1
14156008 33895032 1
14156008 41236352 1
14156008 58442432 1
14156008 64216492 1
14156008 70028332 1
14156008 74864772 1
14156008 75617462 1
14156008 75670422 1
14156008 76008872 1
14156008 79441012 1
14156008 82783372 1
14156008 83952002 1
22185381 33139782 1
22185381 33895032 1
22185381 41236352 1
22185381 58442432 1
22185381 64216492 1
22185381 70028332 1
22185381 74864772 1
22185381 75617462 1
22185381 75670422 1
22185381 76008872 1
22185381 79441012 1
22185381 82783372 1
22185381 83952002 1
33139782 41236352 1
33139782 58442432 1
33139782 70028332 2
33139782 74864772 1
33139782 75617462 1
33139782 75670422 1
33139782 79441012 1
33139782 82783372 2
33139782 83952002 1
33895032 41236352 1
33895032 58442432 1
33895032 64216492 2
33895032 70028332 1
33895032 74864772 1
33895032 75617462 1
33895032 75670422 1
33895032 79441012 1
33895032 82783372 1
33895032 83952002 1
41236352 58442432 1
41236352 64216492 1
41236352 70028332 1
41236352 74864772 1
41236352 75617462 1
41236352 75670422 1
41236352 76008872 1
41236352 79441012 1
41236352 82783372 1
41236352 83952002 1
58442432 64216492 1
58442432 70028332 1
58442432 74864772 1
58442432 75617462 1
58442432 75670422 1
58442432 76008872 1
58442432 79441012 1
58442432 82783372 1
58442432 83952002 1
64216492 70028332 1
64216492 74864772 1
64216492 75617462 1
64216492 75670422 1
64216492 79441012 1
64216492 82783372 1
64216492 83952002 1
70028332 74864772 1
70028332 75617462 1
70028332 75670422 1
70028332 76008872 1
70028332 79441012 1
70028332 82783372 2
70028332 83952002 1
74864772 75617462 1
74864772 75670422 1
74864772 76008872 1
74864772 79441012 1
74864772 82783372 1
74864772 83952002 1
75617462 75670422 1
75617462 76008872 1
75617462 79441012 1
75617462 82783372 1
75617462 83952002 1
75670422 76008872 1
75670422 79441012 1
75670422 82783372 1
75670422 83952002 1
76008872 79441012 1
76008872 82783372 1
76008872 83952002 1
79441012 82783372 1
79441012 83952002 1
82783372 83952002 1
2224715 2607982 1
2224715 3385328 1
2224715 6336391 1
2224715 7379363 1
2224715 8045354 1
2224715 9822495 1
2224715 10304471 1
2224715 11056451 1
2224715 13288374 1
2224715 14234355 1
2224715 29597602 1
2224715 32936782 1
2224715 33895032 1
2224715 37480312 1
2224715 39789542 1
2224715 40649482 1
2224715 48935732 1
2224715 49207352 1
2224715 49837822 1
2224715 50598802 1
2224715 50919212 1
2224715 51490222 1
2224715 57348602 1
2224715 59261132 1
2224715 59529032 1
2224715 61266632 1
2224715 61283872 1
2224715 64216492 1
2224715 70307502 1
2224715 71810782 1
2224715 73294932 1
2224715 74451152 1
2224715 75296922 1
2224715 75787732 1
2224715 75787772 1
2224715 76444182 1
2224715 82138662 1
2224715 82899562 1
2224715 83215222 1
2607982 3385328 1
2607982 6336391 1
2607982 7379363 1
2607982 8045354 1
2607982 9822495 2
2607982 10304471 1
2607982 11056451 2
2607982 13288374 1
2607982 14234355 1
2607982 29597602 1
2607982 32936782 1
2607982 33895032 1
2607982 37480312 1
2607982 39789542 1
2607982 40649482 1
2607982 48935732 1
2607982 49207352 1
2607982 49837822 1
2607982 50598802 1
2607982 50919212 2
2607982 51490222 2
2607982 57348602 1
2607982 59261132 1
2607982 59529032 1
2607982 61266632 1
2607982 61283872 1
2607982 64216492 1
2607982 70307502 2
2607982 71810782 1
2607982 73294932 1
2607982 74451152 1
2607982 75296922 1
2607982 75787732 1
2607982 75787772 1
2607982 76444182 1
2607982 82138662 1
2607982 82899562 2
2607982 83215222 1
3385328 6336391 1
3385328 7379363 1
3385328 8045354 1
3385328 9822495 1
3385328 10304471 1
3385328 11056451 1
3385328 13288374 1
3385328 14234355 1
3385328 29597602 1
3385328 32936782 1
3385328 33895032 1
3385328 37480312 1
3385328 39789542 1
3385328 40649482 1
3385328 48935732 1
3385328 49207352 1
3385328 49837822 1
3385328 50598802 1
3385328 50919212 1
3385328 51490222 1
3385328 57348602 1
3385328 59261132 1
3385328 59529032 1
3385328 61266632 1
3385328 61283872 1
3385328 64216492 1
3385328 70307502 1
3385328 71810782 1
3385328 73294932 1
3385328 74451152 1
3385328 75296922 1
3385328 75787732 1
3385328 75787772 1
3385328 76444182 1
3385328 82138662 1
3385328 82899562 1
3385328 83215222 1
6336391 7379363 1
6336391 8045354 1
6336391 9822495 1
6336391 10304471 1
6336391 11056451 1
6336391 13288374 1
6336391 14234355 1
6336391 29597602 1
6336391 32936782 1
6336391 33895032 1
6336391 37480312 1
6336391 39789542 1
6336391 40649482 1
6336391 49207352 1
6336391 49837822 1
6336391 50598802 1
6336391 50919212 1
6336391 51490222 1
6336391 57348602 1
6336391 59261132 1
6336391 59529032 1
6336391 61266632 1
6336391 61283872 1
6336391 71810782 1
6336391 74451152 1
6336391 75296922 1
6336391 75787732 1
6336391 75787772 1
6336391 76444182 1
6336391 82138662 1
6336391 82899562 1
6336391 83215222 1
7379363 8045354 2
7379363 10304471 1
7379363 11056451 1
7379363 13288374 1
7379363 14234355 1
7379363 29597602 1
7379363 32936782 1
7379363 33895032 1
7379363 37480312 1
7379363 39789542 1
7379363 40649482 1
7379363 49837822 1
7379363 50598802 1
7379363 50919212 1
7379363 51490222 1
7379363 57348602 1
7379363 59261132 1
7379363 59529032 1
7379363 61266632 1
7379363 61283872 1
7379363 71810782 1
7379363 73294932 2
7379363 74451152 1
7379363 75787732 1
7379363 75787772 1
7379363 76444182 1
7379363 82138662 1
7379363 82899562 1
7379363 83215222 2
8045354 10304471 1
8045354 11056451 1
8045354 13288374 1
8045354 14234355 1
8045354 29597602 1
8045354 32936782 1
8045354 37480312 1
8045354 39789542 1
8045354 40649482 1
8045354 48935732 1
8045354 49837822 1
8045354 50598802 1
8045354 50919212 1
8045354 57348602 1
8045354 59261132 1
8045354 59529032 1
8045354 61266632 1
8045354 61283872 1
8045354 70307502 1
8045354 71810782 1
8045354 73294932 2
8045354 74451152 1
8045354 75296922 2
8045354 75787732 1
8045354 75787772 1
8045354 82138662 1
8045354 82899562 1
8045354 83215222 2
9822495 10304471 1
9822495 11056451 2
9822495 13288374 1
9822495 14234355 1
9822495 29597602 1
9822495 32936782 1
9822495 37480312 1
9822495 39789542 1
9822495 40649482 1
9822495 48935732 1
9822495 49837822 1
9822495 50598802 1
9822495 50919212 2
9822495 57348602 1
9822495 59261132 1
9822495 59529032 1
9822495 61266632 1
9822495 61283872 1
9822495 64216492 1
9822495 70307502 2
9822495 71810782 1
9822495 73294932 1
9822495 74451152 1
9822495 75296922 1
9822495 75787732 1
9822495 75787772 1
9822495 82138662 1
9822495 82899562 2
9822495 83215222 1
10304471 11056451 1
10304471 13288374 1
10304471 14234355 1
10304471 29597602 1
10304471 32936782 1
10304471 33895032 1
10304471 37480312 1
10304471 39789542 1
10304471 40649482 1
10304471 48935732 1
10304471 49207352 1
10304471 49837822 1
10304471 50598802 1
10304471 50919212 1
10304471 51490222 1
10304471 57348602 1
10304471 59261132 1
10304471 59529032 1
10304471 61266632 1
10304471 61283872 1
10304471 64216492 1
10304471 70307502 1
10304471 71810782 1
10304471 73294932 1
10304471 74451152 1
10304471 75296922 1
10304471 75787732 1
10304471 75787772 1
10304471 76444182 1
10304471 82138662 1
10304471 82899562 1
10304471 83215222 1
11056451 13288374 1
11056451 29597602 1
11056451 32936782 1
11056451 33895032 1
11056451 37480312 1
11056451 39789542 1
11056451 40649482 1
11056451 48935732 1
11056451 49837822 1
11056451 50598802 1
11056451 50919212 2
11056451 51490222 2
11056451 57348602 1
11056451 59529032 1
11056451 61266632 1
11056451 61283872 1
11056451 71810782 1
11056451 73294932 1
11056451 74451152 1
11056451 75296922 1
11056451 75787732 1
11056451 76444182 1
11056451 82138662 1
11056451 82899562 2
11056451 83215222 1
13288374 14234355 1
13288374 29597602 1
13288374 32936782 1
13288374 33895032 1
13288374 37480312 1
13288374 39789542 1
13288374 40649482 1
13288374 48935732 1
13288374 49207352 1
13288374 49837822 1
13288374 50598802 1
13288374 50919212 1
13288374 51490222 1
13288374 57348602 1
13288374 59261132 1
13288374 59529032 1
13288374 61266632 1
13288374 61283872 1
13288374 64216492 1
13288374 70307502 1
13288374 71810782 1
13288374 73294932 1
13288374 74451152 1
13288374 75296922 1
13288374 75787732 1
13288374 75787772 1
13288374 76444182 1
13288374 82138662 1
13288374 82899562 1
13288374 83215222 1
14234355 29597602 1
14234355 32936782 1
14234355 33895032 1
14234355 37480312 1
14234355 39789542 1
14234355 40649482 1
14234355 48935732 1
14234355 49837822 1
14234355 50598802 1
14234355 50919212 1
14234355 51490222 1
14234355 57348602 1
14234355 59529032 1
14234355 61266632 1
14234355 61283872 1
14234355 71810782 1
14234355 73294932 1
14234355 74451152 1
14234355 75296922 1
14234355 75787732 1
14234355 76444182 1
14234355 82138662 1
14234355 82899562 1
14234355 83215222 1
29597602 32936782 1
29597602 33895032 1
29597602 37480312 1
29597602 39789542 1
29597602 40649482 1
29597602 48935732 1
29597602 49207352 1
29597602 49837822 1
29597602 50598802 1
29597602 50919212 1
29597602 51490222 1
29597602 57348602 1
29597602 59261132 1
29597602 59529032 1
29597602 61266632 1
29597602 61283872 1
29597602 64216492 1
29597602 70307502 1
29597602 71810782 1
29597602 73294932 1
29597602 74451152 1
29597602 75296922 1
29597602 75787732 1
29597602 75787772 1
29597602 76444182 1
29597602 82138662 1
29597602 82899562 1
29597602 83215222 1
32936782 33895032 1
32936782 37480312 1
32936782 39789542 1
32936782 40649482 1
32936782 48935732 1
32936782 49207352 1
32936782 49837822 1
32936782 50598802 1
32936782 50919212 1
32936782 51490222 1
32936782 57348602 1
32936782 59261132 1
32936782 59529032 1
32936782 61266632 1
32936782 61283872 1
32936782 64216492 1
32936782 70307502 1
32936782 71810782 1
32936782 73294932 1
32936782 74451152 1
32936782 75296922 1
32936782 75787732 1
32936782 75787772 1
32936782 76444182 1
32936782 82138662 1
32936782 82899562 1
32936782 83215222 1
33895032 37480312 1
33895032 39789542 1
33895032 40649482 1
33895032 48935732 1
33895032 49837822 1
33895032 50598802 1
33895032 50919212 1
33895032 57348602 1
33895032 59261132 1
33895032 59529032 1
33895032 61266632 1
33895032 61283872 1
33895032 70307502 1
33895032 71810782 1
33895032 73294932 1
33895032 74451152 1
33895032 75296922 1
33895032 75787732 1
33895032 75787772 1
33895032 82138662 1
33895032 82899562 1
33895032 83215222 1
37480312 39789542 1
37480312 40649482 1
37480312 48935732 1
37480312 49207352 1
37480312 49837822 1
37480312 50598802 1
37480312 50919212 1
37480312 51490222 1
37480312 57348602 1
37480312 59261132 1
37480312 59529032 1
37480312 61266632 1
37480312 61283872 1
37480312 64216492 1
37480312 70307502 1
37480312 71810782 1
37480312 73294932 1
37480312 74451152 1
37480312 75296922 1
37480312 75787732 1
37480312 75787772 1
37480312 76444182 1
37480312 82138662 1
37480312 82899562 1
37480312 83215222 1
39789542 40649482 1
39789542 48935732 1
39789542 49207352 1
39789542 49837822 1
39789542 50598802 1
39789542 50919212 1
39789542 51490222 1
39789542 57348602 1
39789542 59261132 1
39789542 59529032 1
39789542 61266632 1
39789542 61283872 1
39789542 64216492 1
39789542 70307502 1
39789542 71810782 1
39789542 73294932 1
39789542 74451152 1
39789542 75296922 1
39789542 75787732 1
39789542 75787772 1
39789542 76444182 1
39789542 82138662 1
39789542 82899562 1
39789542 83215222 1
40649482 48935732 1
40649482 49207352 1
40649482 49837822 1
40649482 50598802 1
40649482 50919212 1
40649482 51490222 1
40649482 57348602 1
40649482 59261132 1
40649482 59529032 1
40649482 61266632 1
40649482 61283872 1
40649482 64216492 1
40649482 70307502 1
40649482 71810782 1
40649482 73294932 1
40649482 74451152 1
40649482 75296922 1
40649482 75787732 1
40649482 75787772 1
40649482 76444182 1
40649482 82138662 1
40649482 82899562 1
40649482 83215222 1
48935732 49207352 1
48935732 49837822 1
48935732 50598802 1
48935732 50919212 1
48935732 51490222 1
48935732 57348602 1
48935732 59261132 1
48935732 59529032 1
48935732 61266632 1
48935732 61283872 1
48935732 71810782 1
48935732 74451152 1
48935732 75787732 1
48935732 75787772 1
48935732 76444182 1
48935732 82138662 1
48935732 82899562 1
48935732 83215222 1
49207352 49837822 1
49207352 50598802 1
49207352 50919212 1
49207352 57348602 1
49207352 59529032 1
49207352 61266632 1
49207352 61283872 1
49207352 71810782 1
49207352 73294932 1
49207352 74451152 1
49207352 75296922 1
49207352 75787732 1
49207352 82138662 1
49207352 82899562 1
49207352 83215222 1
49837822 50598802 1
49837822 50919212 1
49837822 51490222 1
49837822 57348602 1
49837822 59261132 1
49837822 59529032 1
49837822 61266632 1
49837822 61283872 1
49837822 64216492 1
49837822 70307502 1
49837822 71810782 1
49837822 73294932 1
49837822 74451152 1
49837822 75296922 1
49837822 75787732 1
49837822 75787772 1
49837822 76444182 1
49837822 82138662 1
49837822 82899562 1
49837822 83215222 1
50598802 50919212 1
50598802 51490222 1
50598802 57348602 1
50598802 59261132 1
50598802 59529032 1
50598802 61266632 1
50598802 61283872 1
50598802 64216492 1
50598802 70307502 1
50598802 71810782 1
50598802 73294932 1
50598802 74451152 1
50598802 75296922 1
50598802 75787732 1
50598802 75787772 1
50598802 76444182 1
50598802 82138662 1
50598802 82899562 1
50598802 83215222 1
50919212 51490222 2
50919212 57348602 1
50919212 59261132 1
50919212 59529032 1
50919212 61266632 1
50919212 61283872 1
50919212 64216492 1
50919212 70307502 2
50919212 71810782 1
50919212 73294932 1
50919212 74451152 1
50919212 75296922 1
50919212 75787732 1
50919212 75787772 1
50919212 76444182 1
50919212 82138662 1
50919212 82899562 2
50919212 83215222 1
51490222 57348602 1
51490222 59261132 1
51490222 59529032 1
51490222 61266632 1
51490222 61283872 1
51490222 64216492 1
51490222 70307502 2
51490222 71810782 1
51490222 73294932 1
51490222 74451152 1
51490222 75296922 1
51490222 75787732 1
51490222 75787772 1
51490222 82138662 1
51490222 82899562 2
51490222 83215222 1
57348602 59261132 1
57348602 59529032 1
57348602 61266632 1
57348602 61283872 1
57348602 64216492 1
57348602 70307502 1
57348602 71810782 1
57348602 73294932 1
57348602 74451152 1
57348602 75296922 1
57348602 75787732 1
57348602 75787772 1
57348602 76444182 1
57348602 82138662 1
57348602 82899562 1
57348602 83215222 1
59261132 59529032 1
59261132 61266632 1
59261132 61283872 1
59261132 71810782 1
59261132 73294932 1
59261132 74451152 1
59261132 75296922 1
59261132 75787732 1
59261132 76444182 1
59261132 82138662 1
59261132 82899562 1
59261132 83215222 1
59529032 61266632 1
59529032 61283872 1
59529032 64216492 1
59529032 70307502 1
59529032 71810782 1
59529032 73294932 1
59529032 74451152 1
59529032 75296922 1
59529032 75787732 1
59529032 75787772 1
59529032 76444182 1
59529032 82138662 1
59529032 82899562 1
59529032 83215222 1
61266632 61283872 1
61266632 64216492 1
61266632 70307502 1
61266632 71810782 1
61266632 73294932 1
61266632 74451152 1
61266632 75296922 1
61266632 75787732 1
61266632 75787772 1
61266632 76444182 1
61266632 82138662 1
61266632 82899562 1
61266632 83215222 1
61283872 64216492 1
61283872 70307502 1
61283872 71810782 1
61283872 73294932 1
61283872 74451152 1
61283872 75296922 1
61283872 75787732 1
61283872 75787772 1
61283872 76444182 1
61283872 82138662 1
61283872 82899562 1
61283872 83215222 1
64216492 71810782 1
64216492 74451152 1
64216492 75787732 1
64216492 76444182 1
64216492 82138662 1
64216492 82899562 1
64216492 83215222 1
70307502 71810782 1
70307502 74451152 1
70307502 75296922 1
70307502 75787732 1
70307502 76444182 1
70307502 82138662 1
70307502 82899562 2
70307502 83215222 1
71810782 73294932 1
71810782 74451152 1
71810782 75296922 1
71810782 75787732 1
71810782 75787772 1
71810782 76444182 1
71810782 82138662 1
71810782 82899562 1
71810782 83215222 1
73294932 74451152 1
73294932 75296922 2
73294932 75787732 1
73294932 75787772 1
73294932 76444182 1
73294932 82138662 1
73294932 82899562 1
73294932 83215222 2
74451152 75296922 1
74451152 75787732 1
74451152 75787772 1
74451152 76444182 1
74451152 82138662 1
74451152 82899562 1
74451152 83215222 1
75296922 75787732 1
75296922 75787772 1
75296922 76444182 1
75296922 82138662 1
75296922 82899562 1
75296922 83215222 2
75787732 75787772 1
75787732 76444182 1
75787732 82138662 1
75787732 82899562 1
75787732 83215222 1
75787772 76444182 1
75787772 82138662 1
75787772 82899562 1
75787772 83215222 1
76444182 82138662 1
76444182 82899562 1
76444182 83215222 1
82138662 82899562 1
82138662 83215222 1
82899562 83215222 1
3110804 3155786 1
3110804 5901511 1
3110804 7379363 1
3110804 8045354 1
3110804 12541300 1
3110804 13225146 1
3110804 13791721 1
3110804 18863511 1
3110804 23018151 1
3110804 35183012 1
3110804 36823232 1
3110804 53786492 1
3110804 61142122 1
3110804 67436272 1
3110804 69650182 1
3110804 73294932 1
3110804 73437112 1
3110804 74864772 1
3110804 75296922 1
3110804 83215222 1
3110804 85500272 1
3110804 85668572 1
3110804 85896252 1
3155786 5901511 1
3155786 7379363 1
3155786 8045354 1
3155786 12541300 1
3155786 13225146 1
3155786 13791721 1
3155786 18863511 1
3155786 23018151 1
3155786 35183012 1
3155786 36823232 1
3155786 53786492 1
3155786 61142122 1
3155786 67436272 1
3155786 69650182 1
3155786 73294932 1
3155786 73437112 1
3155786 74864772 1
3155786 75296922 1
3155786 83215222 1
3155786 85500272 1
3155786 85668572 1
3155786 85896252 1
5901511 7379363 1
5901511 8045354 1
5901511 12541300 1
5901511 13225146 1
5901511 13791721 1
5901511 18863511 1
5901511 23018151 1
5901511 35183012 1
5901511 36823232 1
5901511 53786492 1
5901511 61142122 1
5901511 67436272 1
5901511 69650182 1
5901511 73294932 1
5901511 73437112 1
5901511 74864772 1
5901511 75296922 1
5901511 83215222 1
5901511 85500272 1
5901511 85668572 1
5901511 85896252 1
7379363 12541300 1
7379363 13225146 1
7379363 13791721 1
7379363 23018151 1
7379363 35183012 1
7379363 36823232 1
7379363 53786492 1
7379363 61142122 1
7379363 67436272 1
7379363 69650182 1
7379363 73437112 1
7379363 74864772 1
7379363 85500272 1
7379363 85668572 1
7379363 85896252 1
8045354 12541300 1
8045354 13791721 1
8045354 18863511 1
8045354 23018151 1
8045354 35183012 1
8045354 36823232 1
8045354 53786492 1
8045354 61142122 1
8045354 67436272 1
8045354 69650182 1
8045354 73437112 1
8045354 85500272 1
8045354 85668572 1
8045354 85896252 1
12541300 13225146 1
12541300 13791721 1
12541300 18863511 1
12541300 23018151 1
12541300 35183012 1
12541300 36823232 1
12541300 53786492 1
12541300 61142122 1
12541300 67436272 1
12541300 69650182 1
12541300 73294932 1
12541300 73437112 1
12541300 74864772 1
12541300 75296922 1
12541300 83215222 1
12541300 85500272 1
12541300 85668572 1
12541300 85896252 1
13225146 13791721 1
13225146 18863511 1
13225146 23018151 1
13225146 35183012 1
13225146 36823232 1
13225146 53786492 1
13225146 61142122 1
13225146 67436272 1
13225146 69650182 1
13225146 73294932 1
13225146 73437112 1
13225146 74864772 1
13225146 75296922 1
13225146 83215222 1
13225146 85500272 1
13225146 85668572 1
13225146 85896252 1
13791721 18863511 1
13791721 23018151 1
13791721 35183012 1
13791721 36823232 1
13791721 53786492 1
13791721 61142122 1
13791721 67436272 1
13791721 69650182 1
13791721 73294932 1
13791721 73437112 1
13791721 74864772 1
13791721 75296922 1
13791721 83215222 1
13791721 85500272 1
13791721 85668572 1
13791721 85896252 1
18863511 23018151 1
18863511 35183012 1
18863511 36823232 1
18863511 53786492 1
18863511 61142122 1
18863511 67436272 1
18863511 69650182 1
18863511 73294932 1
18863511 73437112 1
18863511 74864772 1
18863511 75296922 1
18863511 83215222 1
18863511 85500272 1
18863511 85668572 1
18863511 85896252 1
23018151 35183012 1
23018151 36823232 1
23018151 53786492 1
23018151 61142122 1
23018151 67436272 1
23018151 69650182 1
23018151 73294932 1
23018151 73437112 1
23018151 74864772 1
23018151 75296922 1
23018151 83215222 1
23018151 85500272 1
23018151 85668572 1
23018151 85896252 1
35183012 36823232 1
35183012 53786492 1
35183012 61142122 1
35183012 67436272 1
35183012 69650182 1
35183012 73294932 1
35183012 73437112 1
35183012 74864772 1
35183012 75296922 1
35183012 83215222 1
35183012 85500272 1
35183012 85668572 1
35183012 85896252 1
36823232 53786492 1
36823232 61142122 1
36823232 67436272 1
36823232 69650182 1
36823232 73294932 1
36823232 73437112 1
36823232 74864772 1
36823232 75296922 1
36823232 83215222 1
36823232 85500272 1
36823232 85668572 1
36823232 85896252 1
53786492 61142122 1
53786492 67436272 1
53786492 69650182 1
53786492 73437112 2
53786492 74864772 1
53786492 75296922 1
53786492 83215222 1
53786492 85500272 1
53786492 85668572 1
53786492 85896252 1
61142122 67436272 1
61142122 69650182 1
61142122 73294932 1
61142122 73437112 1
61142122 74864772 1
61142122 75296922 1
61142122 83215222 1
61142122 85500272 1
61142122 85668572 1
61142122 85896252 1
67436272 69650182 1
67436272 73294932 1
67436272 73437112 1
67436272 74864772 1
67436272 75296922 1
67436272 83215222 1
67436272 85500272 1
67436272 85668572 1
67436272 85896252 1
69650182 73294932 1
69650182 73437112 1
69650182 74864772 1
69650182 75296922 1
69650182 83215222 1
69650182 85500272 1
69650182 85668572 1
69650182 85896252 1
73294932 73437112 1
73294932 74864772 1
73294932 85500272 1
73294932 85668572 1
73294932 85896252 1
73437112 74864772 1
73437112 75296922 1
73437112 83215222 1
73437112 85500272 1
73437112 85668572 1
73437112 85896252 1
74864772 75296922 1
74864772 83215222 1
74864772 85500272 1
74864772 85668572 1
74864772 85896252 1
75296922 85500272 1
75296922 85668572 1
75296922 85896252 1
83215222 85500272 1
83215222 85668572 1
83215222 85896252 1
85500272 85668572 1
85500272 85896252 1
85668572 85896252 1
2607982 6040769 1
2607982 8203157 1
2607982 13953458 1
2607982 28952322 1
2607982 33139782 1
2607982 40755062 1
2607982 41031602 1
2607982 44031912 1
2607982 48005992 1
2607982 53786492 1
2607982 60064932 1
2607982 64851342 1
2607982 70028332 1
2607982 73437112 1
2607982 73964742 1
2607982 80536192 1
2607982 82783372 1
2607982 84272502 1
2607982 86623512 1
2607982 86780152 1
6040769 8203157 1
6040769 9822495 1
6040769 11056451 1
6040769 13953458 1
6040769 28952322 1
6040769 33139782 1
6040769 40755062 1
6040769 41031602 1
6040769 44031912 1
6040769 48005992 1
6040769 50919212 1
6040769 51490222 1
6040769 53786492 1
6040769 60064932 1
6040769 64851342 1
6040769 70028332 1
6040769 70307502 1
6040769 73437112 1
6040769 73964742 1
6040769 80536192 1
6040769 82783372 1
6040769 82899562 1
6040769 84272502 1
6040769 86623512 1
6040769 86780152 1
8203157 9822495 1
8203157 11056451 1
8203157 13953458 1
8203157 28952322 1
8203157 33139782 1
8203157 40755062 1
8203157 41031602 1
8203157 44031912 1
8203157 48005992 1
8203157 50919212 1
8203157 51490222 1
8203157 53786492 1
8203157 60064932 1
8203157 64851342 1
8203157 70028332 1
8203157 70307502 1
8203157 73437112 1
8203157 73964742 1
8203157 80536192 1
8203157 82783372 1
8203157 82899562 1
8203157 84272502 1
8203157 86623512 1
8203157 86780152 1
9822495 13953458 1
9822495 40755062 1
9822495 41031602 1
9822495 44031912 1
9822495 48005992 1
9822495 53786492 1
9822495 60064932 1
9822495 64851342 1
9822495 70028332 1
9822495 73437112 1
9822495 73964742 1
9822495 82783372 1
9822495 84272502 1
9822495 86623512 1
9822495 86780152 1
11056451 13953458 1
11056451 33139782 1
11056451 40755062 1
11056451 41031602 1
11056451 44031912 1
11056451 53786492 1
11056451 60064932 1
11056451 64851342 1
11056451 70028332 1
11056451 73437112 1
11056451 73964742 1
11056451 82783372 1
11056451 84272502 1
11056451 86623512 1
11056451 86780152 1
13953458 28952322 1
13953458 33139782 1
13953458 40755062 1
13953458 41031602 1
13953458 44031912 1
13953458 48005992 1
13953458 50919212 1
13953458 51490222 1
13953458 53786492 1
13953458 60064932 1
13953458 64851342 1
13953458 70028332 1
13953458 70307502 1
13953458 73437112 1
13953458 73964742 1
13953458 80536192 1
13953458 82783372 1
13953458 82899562 1
13953458 84272502 1
13953458 86623512 1
13953458 86780152 1
28952322 40755062 1
28952322 41031602 1
28952322 44031912 1
28952322 50919212 1
28952322 53786492 1
28952322 60064932 1
28952322 64851342 1
28952322 70028332 1
28952322 73437112 1
28952322 73964742 1
28952322 82783372 1
28952322 82899562 1
28952322 84272502 1
28952322 86623512 1
28952322 86780152 1
33139782 40755062 1
33139782 41031602 1
33139782 44031912 1
33139782 48005992 1
33139782 50919212 1
33139782 60064932 1
33139782 64851342 1
33139782 73437112 1
33139782 73964742 1
33139782 80536192 1
33139782 82899562 1
33139782 84272502 1
33139782 86623512 1
33139782 86780152 1
40755062 41031602 1
40755062 44031912 1
40755062 48005992 1
40755062 50919212 1
40755062 51490222 1
40755062 53786492 1
40755062 60064932 1
40755062 64851342 1
40755062 70028332 1
40755062 70307502 1
40755062 73437112 1
40755062 73964742 1
40755062 80536192 1
40755062 82783372 1
40755062 82899562 1
40755062 84272502 1
40755062 86623512 1
40755062 86780152 1
41031602 44031912 1
41031602 48005992 1
41031602 50919212 1
41031602 51490222 1
41031602 53786492 1
41031602 60064932 1
41031602 64851342 1
41031602 70028332 1
41031602 70307502 1
41031602 73437112 1
41031602 73964742 1
41031602 80536192 1
41031602 82783372 1
41031602 82899562 1
41031602 84272502 1
41031602 86623512 1
41031602 86780152 1
44031912 48005992 1
44031912 50919212 1
44031912 51490222 1
44031912 53786492 1
44031912 60064932 1
44031912 64851342 1
44031912 70028332 1
44031912 70307502 1
44031912 73437112 1
44031912 73964742 1
44031912 80536192 1
44031912 82783372 1
44031912 82899562 1
44031912 84272502 1
44031912 86623512 1
44031912 86780152 1
48005992 50919212 1
48005992 51490222 1
48005992 53786492 1
48005992 60064932 1
48005992 64851342 1
48005992 70028332 1
48005992 73437112 1
48005992 73964742 1
48005992 82783372 1
48005992 82899562 1
48005992 84272502 1
48005992 86623512 1
48005992 86780152 1
50919212 53786492 1
50919212 60064932 1
50919212 64851342 1
50919212 70028332 1
50919212 73437112 1
50919212 73964742 1
50919212 80536192 1
50919212 82783372 1
50919212 84272502 1
50919212 86623512 1
50919212 86780152 1
51490222 53786492 1
51490222 60064932 1
51490222 64851342 1
51490222 70028332 1
51490222 73437112 1
51490222 73964742 1
51490222 80536192 1
51490222 82783372 1
51490222 84272502 1
51490222 86623512 1
51490222 86780152 1
53786492 60064932 1
53786492 64851342 1
53786492 70028332 1
53786492 73964742 1
53786492 80536192 1
53786492 82783372 1
53786492 82899562 1
53786492 84272502 1
53786492 86623512 1
53786492 86780152 1
60064932 64851342 1
60064932 70028332 1
60064932 70307502 1
60064932 73437112 1
60064932 73964742 1
60064932 80536192 1
60064932 82783372 1
60064932 82899562 1
60064932 84272502 1
60064932 86623512 1
60064932 86780152 1
64851342 70028332 1
64851342 70307502 1
64851342 73437112 1
64851342 73964742 1
64851342 80536192 1
64851342 82783372 1
64851342 82899562 1
64851342 84272502 1
64851342 86623512 1
64851342 86780152 1
70028332 70307502 1
70028332 73437112 1
70028332 73964742 1
70028332 80536192 1
70028332 82899562 1
70028332 84272502 1
70028332 86623512 1
70028332 86780152 1
70307502 73437112 1
70307502 73964742 1
70307502 82783372 1
70307502 84272502 1
70307502 86623512 1
70307502 86780152 1
73437112 73964742 1
73437112 80536192 1
73437112 82783372 1
73437112 82899562 1
73437112 84272502 1
73437112 86623512 1
73437112 86780152 1
73964742 80536192 1
73964742 82783372 1
73964742 82899562 1
73964742 84272502 1
73964742 86623512 1
73964742 86780152 1
80536192 82783372 1
80536192 82899562 1
80536192 84272502 1
80536192 86623512 1
80536192 86780152 1
82783372 82899562 1
82783372 84272502 1
82783372 86623512 1
82783372 86780152 1
82899562 84272502 1
82899562 86623512 1
82899562 86780152 1
84272502 86623512 1
84272502 86780152 1
86623512 86780152 1
