138199552 32356482 6961029 35451142 145771272 155072012 182984589 182862096 116219282 182643732 12226967 13564312 159849882 13003419 91871352 105790622 9740318 105280672 3354785 64152872 65754282 183487148 107513392 12085425 15609271 177078842 174325562 5786047 154287352 134789572 86056772 35377222 3278666 8041163 182802635 64320972 18699981 183298256 13262934 143677142 180994262 147126742 158602202 93504732 162389212 100932702 182034402 2013283 98532452 181223652 51463142 165532262 172978922 78075372 4806380 54479982 28584942 170802032 183415021 129325682 11442292 183667189 11936503 63658872 178321402 80582012
3354785 9740318 1
3354785 11442292 1
3354785 12226967 1
3354785 13262934 2
3354785 65754282 1
3354785 105790622 1
3354785 107513392 1
3354785 116219282 2
3354785 134789572 1
3354785 158602202 2
3354785 177078842 1
3354785 182643732 1
9740318 11442292 1
9740318 12226967 1
9740318 13262934 1
9740318 65754282 1
9740318 105790622 1
9740318 107513392 1
9740318 116219282 1
9740318 134789572 1
9740318 158602202 1
9740318 177078842 1
9740318 182643732 1
11442292 12226967 1
11442292 13262934 1
11442292 65754282 1
11442292 105790622 1
11442292 107513392 1
11442292 116219282 1
11442292 134789572 1
11442292 158602202 1
11442292 177078842 1
11442292 182643732 1
12226967 13262934 3
12226967 65754282 1
12226967 105790622 1
12226967 107513392 1
12226967 116219282 4
12226967 134789572 1
12226967 158602202 4
12226967 177078842 2
12226967 182643732 1
13262934 65754282 1
13262934 105790622 1
13262934 107513392 1
13262934 116219282 7
13262934 134789572 1
13262934 158602202 5
13262934 177078842 2
13262934 182643732 1
65754282 105790622 1
65754282 107513392 1
65754282 116219282 1
65754282 134789572 1
65754282 158602202 1
65754282 177078842 1
65754282 182643732 1
105790622 107513392 1
105790622 116219282 1
105790622 134789572 1
105790622 158602202 1
105790622 177078842 1
105790622 182643732 1
107513392 116219282 1
107513392 134789572 1
107513392 158602202 1
107513392 177078842 1
107513392 182643732 1
116219282 134789572 1
116219282 158602202 7
116219282 177078842 3
116219282 182643732 1
134789572 158602202 1
134789572 177078842 1
134789572 182643732 1
158602202 177078842 3
158602202 182643732 1
177078842 182643732 1
8041163 12226967 1
8041163 13262934 1
8041163 15609271 1
8041163 35377222 1
8041163 35451142 1
8041163 116219282 1
8041163 158602202 1
8041163 177078842 1
12226967 15609271 1
12226967 35377222 1
12226967 35451142 1
13262934 15609271 2
13262934 35377222 2
13262934 35451142 5
15609271 35377222 2
15609271 35451142 2
15609271 116219282 2
15609271 158602202 2
15609271 177078842 1
35377222 35451142 2
35377222 116219282 2
35377222 158602202 2
35377222 177078842 1
35451142 116219282 5
35451142 158602202 3
35451142 177078842 1
13262934 98532452 1
13262934 143677142 1
13262934 145771272 1
13262934 155072012 1
13262934 180994262 1
13262934 181223652 1
13262934 182034402 1
13262934 182802635 4
15609271 98532452 1
15609271 143677142 1
15609271 145771272 1
15609271 155072012 1
15609271 180994262 1
15609271 181223652 1
15609271 182034402 1
15609271 182802635 1
35377222 98532452 1
35377222 143677142 1
35377222 145771272 1
35377222 155072012 1
35377222 180994262 1
35377222 181223652 1
35377222 182034402 1
35377222 182802635 1
35451142 98532452 1
35451142 143677142 1
35451142 145771272 1
35451142 155072012 1
35451142 180994262 1
35451142 181223652 1
35451142 182034402 1
35451142 182802635 3
98532452 116219282 1
98532452 143677142 1
98532452 145771272 1
98532452 155072012 1
98532452 158602202 1
98532452 180994262 1
98532452 181223652 1
98532452 182034402 1
98532452 182802635 1
116219282 143677142 2
116219282 145771272 2
116219282 155072012 1
116219282 180994262 1
116219282 181223652 1
116219282 182034402 1
116219282 182802635 5
143677142 145771272 2
143677142 155072012 1
143677142 158602202 2
143677142 180994262 1
143677142 181223652 1
143677142 182034402 1
143677142 182802635 2
145771272 155072012 1
145771272 158602202 2
145771272 180994262 1
145771272 181223652 1
145771272 182034402 1
145771272 182802635 2
155072012 158602202 1
155072012 180994262 1
155072012 181223652 1
155072012 182034402 1
155072012 182802635 1
158602202 180994262 1
158602202 181223652 1
158602202 182034402 1
158602202 182802635 3
180994262 181223652 1
180994262 182034402 1
180994262 182802635 1
181223652 182034402 1
181223652 182802635 1
182034402 182802635 1
54479982 64320972 1
54479982 80582012 1
54479982 138199552 1
54479982 143677142 1
64320972 80582012 1
64320972 138199552 2
64320972 143677142 1
80582012 138199552 1
80582012 143677142 1
138199552 143677142 1
11936503 13262934 1
11936503 35451142 1
11936503 63658872 1
11936503 64320972 1
11936503 93504732 1
11936503 116219282 1
11936503 129325682 1
11936503 138199552 1
11936503 182802635 1
13262934 63658872 1
13262934 64320972 3
13262934 93504732 1
13262934 129325682 1
13262934 138199552 1
35451142 63658872 1
35451142 64320972 2
35451142 93504732 1
35451142 129325682 1
35451142 138199552 1
63658872 64320972 1
63658872 93504732 1
63658872 116219282 1
63658872 129325682 1
63658872 138199552 1
63658872 182802635 1
64320972 93504732 1
64320972 116219282 4
64320972 129325682 1
64320972 182802635 3
93504732 116219282 1
93504732 129325682 1
93504732 138199552 1
93504732 182802635 1
116219282 129325682 1
116219282 138199552 1
129325682 138199552 1
129325682 182802635 1
138199552 182802635 1
12085425 12226967 1
12085425 13003419 1
12085425 18699981 1
12085425 78075372 1
12085425 91871352 1
12085425 116219282 1
12085425 143677142 1
12085425 145771272 1
12085425 158602202 1
12085425 182802635 1
12085425 182862096 1
12226967 13003419 2
12226967 18699981 1
12226967 78075372 1
12226967 91871352 2
12226967 143677142 1
12226967 145771272 1
12226967 182802635 2
12226967 182862096 1
13003419 18699981 1
13003419 78075372 1
13003419 91871352 2
13003419 116219282 3
13003419 143677142 1
13003419 145771272 1
13003419 158602202 3
13003419 182802635 2
13003419 182862096 1
18699981 78075372 2
18699981 91871352 1
18699981 116219282 2
18699981 143677142 1
18699981 145771272 1
18699981 158602202 1
18699981 182802635 2
18699981 182862096 1
78075372 91871352 1
78075372 116219282 2
78075372 143677142 1
78075372 145771272 1
78075372 158602202 1
78075372 182802635 2
78075372 182862096 1
91871352 116219282 2
91871352 143677142 1
91871352 145771272 1
91871352 158602202 2
91871352 182802635 2
91871352 182862096 1
116219282 182862096 1
143677142 182862096 1
145771272 182862096 1
158602202 182862096 1
182802635 182862096 1
6961029 13262934 1
6961029 18699981 1
6961029 35451142 1
6961029 64320972 1
6961029 78075372 1
6961029 116219282 1
6961029 182802635 1
6961029 182984589 1
13262934 18699981 1
13262934 78075372 1
13262934 182984589 1
18699981 35451142 1
18699981 64320972 1
18699981 182984589 1
35451142 78075372 1
35451142 182984589 1
64320972 78075372 1
64320972 182984589 1
78075372 182984589 1
116219282 182984589 1
182802635 182984589 1
2013283 3278666 1
2013283 3354785 1
2013283 4806380 1
2013283 13003419 1
2013283 13262934 1
2013283 13564312 1
2013283 28584942 1
2013283 35451142 1
2013283 64152872 1
2013283 105280672 1
2013283 116219282 1
2013283 147126742 1
2013283 158602202 1
2013283 162389212 1
2013283 172978922 1
2013283 183298256 1
3278666 3354785 1
3278666 4806380 1
3278666 13003419 1
3278666 13262934 1
3278666 13564312 1
3278666 28584942 1
3278666 35451142 1
3278666 64152872 1
3278666 105280672 1
3278666 116219282 1
3278666 147126742 1
3278666 158602202 1
3278666 162389212 1
3278666 172978922 1
3278666 183298256 1
3354785 4806380 1
3354785 13003419 1
3354785 13564312 1
3354785 28584942 1
3354785 35451142 1
3354785 64152872 1
3354785 105280672 1
3354785 147126742 1
3354785 162389212 1
3354785 172978922 1
3354785 183298256 1
4806380 13003419 1
4806380 13262934 1
4806380 13564312 1
4806380 28584942 1
4806380 35451142 1
4806380 64152872 1
4806380 105280672 1
4806380 116219282 1
4806380 147126742 1
4806380 158602202 1
4806380 162389212 1
4806380 172978922 1
4806380 183298256 1
13003419 13262934 2
13003419 13564312 1
13003419 28584942 1
13003419 35451142 1
13003419 64152872 1
13003419 105280672 1
13003419 147126742 1
13003419 162389212 1
13003419 172978922 1
13003419 183298256 1
13262934 13564312 1
13262934 28584942 1
13262934 64152872 1
13262934 105280672 1
13262934 147126742 1
13262934 162389212 1
13262934 172978922 1
13262934 183298256 1
13564312 28584942 1
13564312 35451142 1
13564312 64152872 1
13564312 105280672 1
13564312 116219282 1
13564312 147126742 1
13564312 158602202 1
13564312 162389212 1
13564312 172978922 1
13564312 183298256 1
28584942 35451142 1
28584942 64152872 1
28584942 105280672 1
28584942 116219282 1
28584942 147126742 1
28584942 158602202 1
28584942 162389212 1
28584942 172978922 1
28584942 183298256 1
35451142 64152872 1
35451142 105280672 1
35451142 147126742 1
35451142 162389212 1
35451142 172978922 1
35451142 183298256 1
64152872 105280672 1
64152872 116219282 1
64152872 147126742 1
64152872 158602202 1
64152872 162389212 1
64152872 172978922 1
64152872 183298256 1
105280672 116219282 1
105280672 147126742 1
105280672 158602202 1
105280672 162389212 1
105280672 172978922 1
105280672 183298256 1
116219282 147126742 2
116219282 162389212 1
116219282 172978922 1
116219282 183298256 1
147126742 158602202 2
147126742 162389212 1
147126742 172978922 1
147126742 183298256 1
158602202 162389212 1
158602202 172978922 1
158602202 183298256 1
162389212 172978922 1
162389212 183298256 1
172978922 183298256 1
5786047 64320972 1
5786047 86056772 1
5786047 116219282 1
5786047 147126742 1
5786047 154287352 1
5786047 158602202 1
5786047 170802032 1
5786047 177078842 1
5786047 178321402 1
5786047 183415021 1
5786047 183487148 1
64320972 86056772 1
64320972 147126742 1
64320972 154287352 2
64320972 158602202 2
64320972 170802032 1
64320972 177078842 1
64320972 178321402 1
64320972 183415021 1
64320972 183487148 2
86056772 116219282 1
86056772 147126742 1
86056772 154287352 1
86056772 158602202 1
86056772 170802032 1
86056772 177078842 1
86056772 178321402 1
86056772 183415021 1
86056772 183487148 1
116219282 154287352 2
116219282 170802032 1
116219282 178321402 1
116219282 183415021 1
116219282 183487148 2
147126742 154287352 1
147126742 170802032 1
147126742 177078842 1
147126742 178321402 1
147126742 183415021 1
147126742 183487148 1
154287352 158602202 2
154287352 170802032 1
154287352 177078842 1
154287352 178321402 1
154287352 183415021 1
154287352 183487148 2
158602202 170802032 1
158602202 178321402 1
158602202 183415021 1
158602202 183487148 2
170802032 177078842 1
170802032 178321402 1
170802032 183415021 1
170802032 183487148 1
177078842 178321402 1
177078842 183415021 1
177078842 183487148 1
178321402 183415021 1
178321402 183487148 1
183415021 183487148 1
12226967 32356482 1
12226967 51463142 1
12226967 64320972 1
12226967 100932702 1
12226967 154287352 1
12226967 159849882 1
12226967 165532262 1
12226967 174325562 1
12226967 183487148 1
12226967 183667189 1
13003419 32356482 1
13003419 51463142 1
13003419 64320972 1
13003419 100932702 1
13003419 154287352 1
13003419 159849882 1
13003419 165532262 1
13003419 174325562 1
13003419 183487148 1
13003419 183667189 1
13262934 32356482 1
13262934 51463142 1
13262934 91871352 1
13262934 100932702 1
13262934 154287352 1
13262934 159849882 1
13262934 165532262 1
13262934 174325562 1
13262934 183487148 1
13262934 183667189 1
32356482 51463142 1
32356482 64320972 1
32356482 91871352 1
32356482 100932702 1
32356482 116219282 1
32356482 154287352 1
32356482 158602202 1
32356482 159849882 1
32356482 165532262 1
32356482 174325562 1
32356482 182802635 1
32356482 183487148 1
32356482 183667189 1
51463142 64320972 1
51463142 91871352 1
51463142 100932702 1
51463142 116219282 1
51463142 154287352 1
51463142 158602202 1
51463142 159849882 1
51463142 165532262 1
51463142 174325562 1
51463142 182802635 1
51463142 183487148 1
51463142 183667189 1
64320972 91871352 1
64320972 100932702 1
64320972 159849882 1
64320972 165532262 1
64320972 174325562 1
64320972 183667189 1
91871352 100932702 1
91871352 154287352 1
91871352 159849882 1
91871352 165532262 1
91871352 174325562 1
91871352 183487148 1
91871352 183667189 1
100932702 116219282 1
100932702 154287352 1
100932702 158602202 1
100932702 159849882 1
100932702 165532262 1
100932702 174325562 1
100932702 182802635 1
100932702 183487148 1
100932702 183667189 1
116219282 159849882 1
116219282 165532262 1
116219282 174325562 1
116219282 183667189 1
154287352 159849882 1
154287352 165532262 1
154287352 174325562 1
154287352 182802635 1
154287352 183667189 1
158602202 159849882 1
158602202 165532262 1
158602202 174325562 1
158602202 183667189 1
159849882 165532262 1
159849882 174325562 1
159849882 182802635 1
159849882 183487148 1
159849882 183667189 1
165532262 174325562 1
165532262 182802635 1
165532262 183487148 1
165532262 183667189 1
174325562 182802635 1
174325562 183487148 1
174325562 183667189 1
182802635 183487148 1
182802635 183667189 1
183487148 183667189 1
