138199552 143475202 116971782 10983687 33304712 35451142 14237834 178402442 7994124 50932492 59513102 168835982 17405711 90183312 116219282 177906322 148109712 101027222 12226967 13250328 7681817 13003419 11989927 27633322 74471852 107513392 170671282 13115960 63417402 177078842 65745212 112965692 8091837 38874942 161929282 161276742 151159112 19000521 38741962 177101512 64320972 104174542 163359312 103880402 9618898 114478422 12656215 13262934 140523862 158602202 147126742 4158300 93504732 162389212 180994262 11851873 109633122 181223652 165532262 179538152 94901482 144401772 7627894 91871352 178321402 62528382
4158300 12226967 1
4158300 12656215 1
4158300 59513102 1
4158300 63417402 1
4158300 65745212 1
4158300 114478422 1
4158300 116219282 1
4158300 143475202 1
4158300 158602202 1
4158300 161929282 1
4158300 168835982 1
12226967 12656215 1
12226967 59513102 1
12226967 63417402 2
12226967 65745212 1
12226967 114478422 1
12226967 116219282 5
12226967 143475202 1
12226967 158602202 5
12226967 161929282 1
12226967 168835982 1
12656215 59513102 1
12656215 63417402 1
12656215 65745212 1
12656215 114478422 1
12656215 116219282 1
12656215 143475202 1
12656215 158602202 1
12656215 161929282 1
12656215 168835982 1
59513102 63417402 1
59513102 65745212 1
59513102 114478422 1
59513102 116219282 1
59513102 143475202 1
59513102 158602202 1
59513102 161929282 1
59513102 168835982 1
63417402 65745212 1
63417402 114478422 1
63417402 116219282 2
63417402 143475202 1
63417402 158602202 2
63417402 161929282 1
63417402 168835982 1
65745212 114478422 1
65745212 116219282 1
65745212 143475202 1
65745212 158602202 1
65745212 161929282 1
65745212 168835982 1
114478422 116219282 1
114478422 143475202 1
114478422 158602202 1
114478422 161929282 1
114478422 168835982 1
116219282 143475202 1
116219282 158602202 8
116219282 161929282 1
116219282 168835982 1
143475202 158602202 1
143475202 161929282 1
143475202 168835982 1
158602202 161929282 1
158602202 168835982 1
161929282 168835982 1
7627894 7994124 1
7627894 10983687 1
7627894 12226967 1
7627894 13250328 1
7627894 13262934 1
7627894 38741962 1
7627894 64320972 1
7627894 91871352 1
7627894 107513392 1
7627894 116219282 1
7627894 140523862 1
7627894 158602202 1
7627894 161276742 1
7994124 10983687 1
7994124 12226967 2
7994124 13250328 1
7994124 13262934 2
7994124 38741962 1
7994124 64320972 1
7994124 91871352 1
7994124 107513392 2
7994124 116219282 2
7994124 140523862 1
7994124 158602202 2
7994124 161276742 1
10983687 12226967 2
10983687 13250328 1
10983687 13262934 2
10983687 38741962 1
10983687 64320972 1
10983687 91871352 1
10983687 107513392 2
10983687 116219282 2
10983687 140523862 1
10983687 158602202 2
10983687 161276742 1
12226967 13250328 1
12226967 13262934 4
12226967 38741962 1
12226967 64320972 1
12226967 91871352 1
12226967 107513392 4
12226967 140523862 2
12226967 161276742 1
13250328 13262934 1
13250328 38741962 1
13250328 64320972 1
13250328 91871352 1
13250328 107513392 1
13250328 116219282 1
13250328 140523862 1
13250328 158602202 1
13250328 161276742 1
13262934 38741962 1
13262934 64320972 2
13262934 91871352 2
13262934 107513392 6
13262934 116219282 7
13262934 140523862 2
13262934 158602202 6
13262934 161276742 1
38741962 64320972 1
38741962 91871352 1
38741962 107513392 1
38741962 116219282 1
38741962 140523862 1
38741962 158602202 1
38741962 161276742 1
64320972 91871352 1
64320972 107513392 3
64320972 116219282 3
64320972 140523862 1
64320972 158602202 2
64320972 161276742 1
91871352 107513392 2
91871352 116219282 2
91871352 140523862 1
91871352 158602202 1
91871352 161276742 1
107513392 116219282 8
107513392 140523862 2
107513392 158602202 6
107513392 161276742 1
116219282 140523862 2
116219282 161276742 1
140523862 158602202 2
140523862 161276742 1
158602202 161276742 1
12226967 33304712 2
12226967 93504732 2
12226967 112965692 2
12226967 138199552 2
12226967 144401772 1
12226967 147126742 1
13262934 33304712 2
13262934 93504732 4
13262934 112965692 4
13262934 138199552 3
13262934 144401772 1
13262934 147126742 1
33304712 93504732 2
33304712 107513392 3
33304712 112965692 1
33304712 116219282 3
33304712 138199552 2
33304712 140523862 1
33304712 144401772 2
33304712 147126742 1
33304712 158602202 2
93504732 107513392 4
93504732 112965692 3
93504732 116219282 5
93504732 138199552 4
93504732 140523862 1
93504732 144401772 2
93504732 147126742 1
93504732 158602202 4
107513392 112965692 3
107513392 138199552 4
107513392 144401772 2
107513392 147126742 2
112965692 116219282 4
112965692 138199552 2
112965692 140523862 1
112965692 144401772 1
112965692 147126742 1
112965692 158602202 3
116219282 138199552 4
116219282 144401772 2
116219282 147126742 2
138199552 140523862 1
138199552 144401772 2
138199552 147126742 1
138199552 158602202 3
140523862 144401772 1
140523862 147126742 1
144401772 147126742 1
144401772 158602202 1
147126742 158602202 2
13003419 13115960 1
13003419 19000521 1
13003419 33304712 1
13003419 64320972 1
13003419 74471852 1
13003419 93504732 1
13003419 107513392 1
13003419 116219282 1
13003419 138199552 1
13003419 144401772 1
13003419 162389212 1
13115960 19000521 1
13115960 33304712 1
13115960 64320972 1
13115960 74471852 1
13115960 93504732 2
13115960 107513392 2
13115960 116219282 2
13115960 138199552 2
13115960 144401772 1
13115960 162389212 1
19000521 33304712 1
19000521 64320972 1
19000521 74471852 1
19000521 93504732 1
19000521 107513392 1
19000521 116219282 1
19000521 138199552 1
19000521 144401772 1
19000521 162389212 1
33304712 64320972 1
33304712 74471852 1
33304712 162389212 1
64320972 74471852 1
64320972 93504732 2
64320972 138199552 2
64320972 144401772 1
64320972 162389212 1
74471852 93504732 1
74471852 107513392 1
74471852 116219282 1
74471852 138199552 1
74471852 144401772 1
74471852 162389212 1
93504732 162389212 1
107513392 162389212 1
116219282 162389212 1
138199552 162389212 1
144401772 162389212 1
7994124 11851873 1
7994124 13115960 1
7994124 17405711 1
7994124 63417402 1
7994124 93504732 1
7994124 94901482 1
7994124 103880402 1
7994124 104174542 1
7994124 109633122 1
7994124 112965692 1
7994124 116971782 1
7994124 138199552 1
7994124 151159112 1
11851873 12226967 1
11851873 13115960 1
11851873 13262934 1
11851873 17405711 1
11851873 63417402 1
11851873 93504732 1
11851873 94901482 1
11851873 103880402 1
11851873 104174542 1
11851873 107513392 1
11851873 109633122 1
11851873 112965692 1
11851873 116219282 1
11851873 116971782 1
11851873 138199552 1
11851873 151159112 1
11851873 158602202 1
12226967 13115960 1
12226967 17405711 1
12226967 94901482 1
12226967 103880402 1
12226967 104174542 1
12226967 109633122 1
12226967 116971782 1
12226967 151159112 2
13115960 13262934 1
13115960 17405711 1
13115960 63417402 1
13115960 94901482 1
13115960 103880402 1
13115960 104174542 1
13115960 109633122 1
13115960 112965692 1
13115960 116971782 1
13115960 151159112 1
13115960 158602202 1
13262934 17405711 3
13262934 63417402 1
13262934 94901482 1
13262934 103880402 1
13262934 104174542 1
13262934 109633122 1
13262934 116971782 2
13262934 151159112 2
17405711 63417402 1
17405711 93504732 3
17405711 94901482 1
17405711 103880402 1
17405711 104174542 1
17405711 107513392 2
17405711 109633122 1
17405711 112965692 2
17405711 116219282 3
17405711 116971782 2
17405711 138199552 2
17405711 151159112 1
17405711 158602202 3
63417402 93504732 1
63417402 94901482 1
63417402 103880402 1
63417402 104174542 1
63417402 107513392 1
63417402 109633122 1
63417402 112965692 1
63417402 116971782 1
63417402 138199552 1
63417402 151159112 1
93504732 94901482 1
93504732 103880402 1
93504732 104174542 1
93504732 109633122 1
93504732 116971782 2
93504732 151159112 1
94901482 103880402 1
94901482 104174542 1
94901482 107513392 1
94901482 109633122 1
94901482 112965692 1
94901482 116219282 1
94901482 116971782 1
94901482 138199552 1
94901482 151159112 1
94901482 158602202 1
103880402 104174542 1
103880402 107513392 1
103880402 109633122 1
103880402 112965692 1
103880402 116219282 1
103880402 116971782 1
103880402 138199552 1
103880402 151159112 1
103880402 158602202 1
104174542 107513392 1
104174542 109633122 1
104174542 112965692 1
104174542 116219282 1
104174542 116971782 1
104174542 138199552 1
104174542 151159112 1
104174542 158602202 1
107513392 109633122 1
107513392 116971782 2
107513392 151159112 3
109633122 112965692 1
109633122 116219282 1
109633122 116971782 1
109633122 138199552 1
109633122 151159112 1
109633122 158602202 1
112965692 116971782 1
112965692 151159112 1
116219282 116971782 2
116219282 151159112 3
116971782 138199552 2
116971782 151159112 1
116971782 158602202 2
138199552 151159112 1
151159112 158602202 3
14237834 107513392 3
14237834 116219282 4
14237834 147126742 1
14237834 151159112 2
14237834 158602202 4
147126742 151159112 1
8091837 10983687 1
8091837 12226967 1
8091837 13262934 1
8091837 14237834 1
8091837 27633322 1
8091837 33304712 1
8091837 35451142 1
8091837 50932492 1
8091837 107513392 1
8091837 116219282 1
8091837 151159112 1
8091837 158602202 1
8091837 177101512 1
8091837 177906322 1
8091837 178402442 1
10983687 14237834 1
10983687 27633322 1
10983687 33304712 1
10983687 35451142 1
10983687 50932492 1
10983687 151159112 1
10983687 177101512 1
10983687 177906322 1
10983687 178402442 1
12226967 14237834 1
12226967 27633322 1
12226967 35451142 1
12226967 50932492 1
12226967 177101512 1
12226967 177906322 1
12226967 178402442 1
13262934 14237834 3
13262934 27633322 1
13262934 35451142 3
13262934 50932492 2
13262934 177101512 1
13262934 177906322 2
13262934 178402442 2
14237834 27633322 1
14237834 33304712 1
14237834 35451142 2
14237834 50932492 2
14237834 177101512 1
14237834 177906322 2
14237834 178402442 1
27633322 33304712 1
27633322 35451142 1
27633322 50932492 1
27633322 107513392 1
27633322 116219282 1
27633322 151159112 1
27633322 158602202 1
27633322 177101512 1
27633322 177906322 1
27633322 178402442 1
33304712 35451142 1
33304712 50932492 1
33304712 151159112 1
33304712 177101512 1
33304712 177906322 1
33304712 178402442 1
35451142 50932492 1
35451142 107513392 3
35451142 116219282 3
35451142 151159112 1
35451142 158602202 2
35451142 177101512 1
35451142 177906322 1
35451142 178402442 2
50932492 107513392 1
50932492 116219282 2
50932492 151159112 1
50932492 158602202 2
50932492 177101512 1
50932492 177906322 2
50932492 178402442 1
107513392 177101512 1
107513392 177906322 1
107513392 178402442 2
116219282 177101512 1
116219282 177906322 2
116219282 178402442 2
151159112 177101512 1
151159112 177906322 1
151159112 178402442 1
158602202 177101512 1
158602202 177906322 2
158602202 178402442 1
177101512 177906322 1
177101512 178402442 1
177906322 178402442 1
13262934 90183312 1
13262934 148109712 1
13262934 163359312 1
14237834 17405711 2
14237834 90183312 1
14237834 93504732 2
14237834 112965692 1
14237834 148109712 1
14237834 163359312 1
17405711 50932492 1
17405711 90183312 1
17405711 148109712 1
17405711 163359312 1
17405711 177906322 1
50932492 90183312 1
50932492 93504732 1
50932492 112965692 1
50932492 148109712 1
50932492 163359312 1
90183312 93504732 1
90183312 112965692 1
90183312 116219282 1
90183312 148109712 1
90183312 158602202 1
90183312 163359312 1
90183312 177906322 1
93504732 148109712 1
93504732 163359312 1
93504732 177906322 1
112965692 148109712 1
112965692 163359312 1
112965692 177906322 1
116219282 148109712 1
116219282 163359312 1
148109712 158602202 1
148109712 163359312 1
148109712 177906322 1
158602202 163359312 1
163359312 177906322 1
9618898 13262934 1
9618898 35451142 1
9618898 62528382 1
9618898 91871352 1
9618898 107513392 1
9618898 112965692 1
9618898 116219282 1
9618898 165532262 1
9618898 178321402 1
9618898 178402442 1
9618898 179538152 1
13262934 62528382 2
13262934 165532262 1
13262934 178321402 2
13262934 179538152 2
35451142 62528382 2
35451142 91871352 1
35451142 112965692 1
35451142 165532262 1
35451142 178321402 2
35451142 179538152 2
62528382 91871352 1
62528382 107513392 2
62528382 112965692 1
62528382 116219282 2
62528382 165532262 1
62528382 178321402 2
62528382 178402442 1
62528382 179538152 2
91871352 112965692 1
91871352 165532262 1
91871352 178321402 1
91871352 178402442 1
91871352 179538152 1
107513392 165532262 1
107513392 178321402 2
107513392 179538152 2
112965692 165532262 1
112965692 178321402 1
112965692 178402442 1
112965692 179538152 1
116219282 165532262 1
116219282 178321402 2
116219282 179538152 2
165532262 178321402 1
165532262 178402442 1
165532262 179538152 1
178321402 178402442 1
178321402 179538152 2
178402442 179538152 1
7681817 11989927 1
7681817 13262934 1
7681817 14237834 1
7681817 17405711 1
7681817 35451142 1
7681817 38874942 1
7681817 62528382 1
7681817 64320972 1
7681817 93504732 1
7681817 101027222 1
7681817 107513392 1
7681817 116219282 1
7681817 116971782 1
7681817 138199552 1
7681817 158602202 1
7681817 170671282 1
7681817 177078842 1
7681817 178321402 1
7681817 179538152 1
7681817 180994262 1
7681817 181223652 1
11989927 13262934 1
11989927 14237834 1
11989927 17405711 1
11989927 35451142 1
11989927 38874942 1
11989927 62528382 1
11989927 64320972 1
11989927 93504732 1
11989927 101027222 1
11989927 107513392 1
11989927 116219282 1
11989927 116971782 1
11989927 138199552 1
11989927 158602202 1
11989927 170671282 1
11989927 177078842 1
11989927 178321402 1
11989927 179538152 1
11989927 180994262 1
11989927 181223652 1
13262934 38874942 1
13262934 101027222 1
13262934 170671282 1
13262934 177078842 1
13262934 180994262 1
13262934 181223652 1
14237834 38874942 1
14237834 62528382 1
14237834 64320972 1
14237834 101027222 1
14237834 116971782 1
14237834 138199552 1
14237834 170671282 1
14237834 177078842 1
14237834 178321402 1
14237834 179538152 1
14237834 180994262 1
14237834 181223652 1
17405711 35451142 1
17405711 38874942 1
17405711 62528382 1
17405711 64320972 1
17405711 101027222 1
17405711 170671282 1
17405711 177078842 1
17405711 178321402 1
17405711 179538152 1
17405711 180994262 1
17405711 181223652 1
35451142 38874942 1
35451142 64320972 1
35451142 93504732 1
35451142 101027222 1
35451142 116971782 1
35451142 138199552 1
35451142 170671282 1
35451142 177078842 1
35451142 180994262 1
35451142 181223652 1
38874942 62528382 1
38874942 64320972 1
38874942 93504732 1
38874942 101027222 1
38874942 107513392 1
38874942 116219282 1
38874942 116971782 1
38874942 138199552 1
38874942 158602202 1
38874942 170671282 1
38874942 177078842 1
38874942 178321402 1
38874942 179538152 1
38874942 180994262 1
38874942 181223652 1
62528382 64320972 1
62528382 93504732 1
62528382 101027222 1
62528382 116971782 1
62528382 138199552 1
62528382 158602202 1
62528382 170671282 1
62528382 177078842 1
62528382 180994262 1
62528382 181223652 1
64320972 101027222 1
64320972 116971782 1
64320972 170671282 1
64320972 177078842 1
64320972 178321402 1
64320972 179538152 1
64320972 180994262 1
64320972 181223652 1
93504732 101027222 1
93504732 170671282 1
93504732 177078842 1
93504732 178321402 1
93504732 179538152 1
93504732 180994262 1
93504732 181223652 1
101027222 107513392 1
101027222 116219282 1
101027222 116971782 1
101027222 138199552 1
101027222 158602202 1
101027222 170671282 1
101027222 177078842 1
101027222 178321402 1
101027222 179538152 1
101027222 180994262 1
101027222 181223652 1
107513392 170671282 1
107513392 177078842 1
107513392 180994262 1
107513392 181223652 1
116219282 170671282 1
116219282 177078842 1
116219282 180994262 1
116219282 181223652 1
116971782 170671282 1
116971782 177078842 1
116971782 178321402 1
116971782 179538152 1
116971782 180994262 1
116971782 181223652 1
138199552 170671282 1
138199552 177078842 1
138199552 178321402 1
138199552 179538152 1
138199552 180994262 1
138199552 181223652 1
158602202 170671282 1
158602202 177078842 1
158602202 178321402 1
158602202 179538152 1
158602202 180994262 1
158602202 181223652 1
170671282 177078842 1
170671282 178321402 1
170671282 179538152 1
170671282 180994262 1
170671282 181223652 1
177078842 178321402 1
177078842 179538152 1
177078842 180994262 1
177078842 181223652 1
178321402 180994262 1
178321402 181223652 1
179538152 180994262 1
179538152 181223652 1
180994262 181223652 1
