120730112 183667204 187976709 105764872 42179722 187147792 2949521 60614932 112731412 3428372 190095383 53248802 181182502 91384362 188430002 9263671 47496122 139633212 161254722 178776002 110244162 10121544 184690519 183751133 42843742 104868322 163132262 1347688 10845288 118648682 25424362 139042542 98031092 132381562 980732
1347688 10121544 2
1347688 42179722 4
1347688 47496122 1
1347688 53248802 4
1347688 60614932 4
1347688 98031092 4
1347688 104868322 4
1347688 112731412 4
1347688 139042542 4
1347688 139633212 1
1347688 161254722 4
1347688 181182502 4
10121544 42179722 3
10121544 47496122 1
10121544 53248802 3
10121544 60614932 3
10121544 98031092 3
10121544 104868322 2
10121544 112731412 2
10121544 139042542 3
10121544 139633212 1
10121544 161254722 2
10121544 181182502 3
42179722 47496122 1
42179722 53248802 9
42179722 60614932 10
42179722 98031092 8
42179722 104868322 7
42179722 112731412 6
42179722 139042542 10
42179722 139633212 1
42179722 161254722 6
42179722 181182502 7
47496122 53248802 1
47496122 60614932 1
47496122 98031092 1
47496122 104868322 1
47496122 112731412 1
47496122 139042542 1
47496122 139633212 1
47496122 161254722 1
47496122 181182502 1
53248802 60614932 9
53248802 98031092 7
53248802 104868322 6
53248802 112731412 6
53248802 139042542 9
53248802 139633212 1
53248802 161254722 6
53248802 181182502 7
60614932 98031092 8
60614932 104868322 7
60614932 112731412 6
60614932 139042542 10
60614932 139633212 1
60614932 161254722 6
60614932 181182502 7
98031092 104868322 7
98031092 112731412 6
98031092 139042542 8
98031092 139633212 1
98031092 161254722 6
98031092 181182502 6
104868322 112731412 6
104868322 139042542 7
104868322 139633212 1
104868322 161254722 6
104868322 181182502 5
112731412 139042542 6
112731412 139633212 1
112731412 161254722 6
112731412 181182502 5
139042542 139633212 1
139042542 161254722 6
139042542 181182502 7
139633212 161254722 1
139633212 181182502 1
161254722 181182502 5
42179722 91384362 8
42179722 132381562 2
53248802 91384362 7
53248802 132381562 2
60614932 91384362 8
60614932 132381562 2
91384362 98031092 7
91384362 104868322 6
91384362 112731412 5
91384362 132381562 2
91384362 139042542 8
91384362 161254722 5
91384362 181182502 5
98031092 132381562 2
104868322 132381562 2
112731412 132381562 2
132381562 139042542 2
132381562 161254722 2
132381562 181182502 2
980732 1347688 1
980732 3428372 1
980732 42179722 1
980732 53248802 1
980732 60614932 1
980732 91384362 1
980732 98031092 1
980732 104868322 1
980732 112731412 1
980732 118648682 1
980732 132381562 1
980732 139042542 1
980732 161254722 1
980732 181182502 1
1347688 3428372 1
1347688 91384362 3
1347688 118648682 3
1347688 132381562 1
3428372 42179722 1
3428372 53248802 1
3428372 60614932 1
3428372 91384362 1
3428372 98031092 1
3428372 104868322 1
3428372 112731412 1
3428372 118648682 1
3428372 132381562 1
3428372 139042542 1
3428372 161254722 1
3428372 181182502 1
42179722 118648682 7
53248802 118648682 7
60614932 118648682 7
91384362 118648682 6
98031092 118648682 5
104868322 118648682 4
112731412 118648682 4
118648682 132381562 1
118648682 139042542 7
118648682 161254722 4
118648682 181182502 5
1347688 42843742 2
1347688 120730112 1
1347688 183667204 1
10121544 42843742 1
10121544 91384362 2
10121544 118648682 2
10121544 120730112 1
10121544 183667204 1
42179722 42843742 4
42179722 120730112 2
42179722 183667204 1
42843742 53248802 3
42843742 60614932 4
42843742 91384362 4
42843742 98031092 4
42843742 104868322 4
42843742 112731412 3
42843742 118648682 3
42843742 120730112 2
42843742 139042542 4
42843742 161254722 3
42843742 181182502 2
42843742 183667204 1
53248802 120730112 1
53248802 183667204 1
60614932 120730112 2
60614932 183667204 1
91384362 120730112 2
91384362 183667204 1
98031092 120730112 2
98031092 183667204 1
104868322 120730112 2
104868322 183667204 1
112731412 120730112 1
112731412 183667204 1
118648682 120730112 1
118648682 183667204 1
120730112 139042542 2
120730112 161254722 1
120730112 181182502 1
120730112 183667204 1
139042542 183667204 1
161254722 183667204 1
181182502 183667204 1
9263671 42179722 1
9263671 42843742 1
9263671 53248802 1
9263671 60614932 1
9263671 91384362 1
9263671 98031092 1
9263671 104868322 1
9263671 112731412 1
9263671 118648682 1
9263671 139042542 1
9263671 161254722 1
9263671 183751133 1
9263671 184690519 1
42179722 183751133 2
42179722 184690519 1
42843742 183751133 2
42843742 184690519 1
53248802 183751133 2
53248802 184690519 1
60614932 183751133 2
60614932 184690519 1
91384362 183751133 2
91384362 184690519 1
98031092 183751133 2
98031092 184690519 1
104868322 183751133 2
104868322 184690519 1
112731412 183751133 2
112731412 184690519 1
118648682 183751133 2
118648682 184690519 1
139042542 183751133 2
139042542 184690519 1
161254722 183751133 2
161254722 184690519 1
183751133 184690519 1
1347688 183751133 1
181182502 183751133 1
25424362 42179722 2
25424362 42843742 1
25424362 60614932 2
25424362 91384362 2
25424362 98031092 1
25424362 104868322 1
25424362 105764872 1
25424362 120730112 1
25424362 139042542 2
25424362 178776002 1
25424362 187147792 1
42179722 105764872 1
42179722 178776002 2
42179722 187147792 1
42843742 105764872 1
42843742 178776002 1
42843742 187147792 1
60614932 105764872 1
60614932 178776002 2
60614932 187147792 1
91384362 105764872 1
91384362 178776002 1
91384362 187147792 1
98031092 105764872 1
98031092 178776002 1
98031092 187147792 1
104868322 105764872 1
104868322 178776002 1
104868322 187147792 1
105764872 120730112 1
105764872 139042542 1
105764872 178776002 1
105764872 187147792 1
120730112 178776002 1
120730112 187147792 1
139042542 178776002 2
139042542 187147792 1
178776002 187147792 1
42179722 187976709 1
53248802 178776002 1
53248802 187976709 1
60614932 187976709 1
118648682 178776002 1
118648682 187976709 1
139042542 187976709 1
178776002 181182502 1
178776002 187976709 1
181182502 187976709 1
10845288 25424362 1
10845288 42179722 1
10845288 53248802 1
10845288 60614932 1
10845288 91384362 1
10845288 118648682 1
10845288 139042542 1
10845288 188430002 1
25424362 53248802 1
25424362 118648682 1
25424362 188430002 1
42179722 188430002 1
53248802 188430002 1
60614932 188430002 1
91384362 188430002 1
118648682 188430002 1
139042542 188430002 1
2949521 10121544 1
2949521 42179722 1
2949521 53248802 1
2949521 60614932 1
2949521 91384362 1
2949521 98031092 1
2949521 110244162 1
2949521 118648682 1
2949521 139042542 1
2949521 163132262 1
2949521 181182502 1
2949521 190095383 1
10121544 110244162 1
10121544 163132262 1
10121544 190095383 1
42179722 110244162 1
42179722 163132262 1
42179722 190095383 1
53248802 110244162 1
53248802 163132262 1
53248802 190095383 1
60614932 110244162 1
60614932 163132262 1
60614932 190095383 1
91384362 110244162 1
91384362 163132262 1
91384362 190095383 1
98031092 110244162 1
98031092 163132262 1
98031092 190095383 1
110244162 118648682 1
110244162 139042542 1
110244162 163132262 1
110244162 181182502 1
110244162 190095383 1
118648682 163132262 1
118648682 190095383 1
139042542 163132262 1
139042542 190095383 1
163132262 181182502 1
163132262 190095383 1
181182502 190095383 1
