12724129 81953282 12662210 54934852 20300231 29071532 83716592 113799922 25216182 17981911 95651992
25216182 83716592 2
81953282 83716592 1
20300231 29071532 1
20300231 54934852 1
20300231 83716592 1
29071532 54934852 1
29071532 83716592 1
54934852 83716592 2
17981911 83716592 3
12662210 17981911 1
12662210 25216182 1
12662210 83716592 1
12662210 113799922 1
17981911 25216182 1
17981911 113799922 1
25216182 113799922 1
83716592 113799922 1
12724129 83716592 1
12724129 95651992 1
83716592 95651992 1
17981911 54934852 1
