2676380 2602596 6529062 4630025 7191179 7698252 7869101 7581678 7879375 921808 7857873 8184686 2033940 7888791 2994780 5597630 526815
526815 921808 9
526815 7191179 2
526815 7869101 8
526815 7888791 7
921808 7191179 2
921808 7869101 7
921808 7888791 6
7191179 7869101 2
7191179 7888791 2
7869101 7888791 7
526815 2033940 2
921808 2033940 2
2033940 7869101 2
2033940 7888791 2
526815 2994780 1
526815 5597630 6
526815 7698252 1
921808 2994780 1
921808 5597630 5
921808 7698252 1
2994780 5597630 1
2994780 7698252 1
5597630 7698252 1
526815 6529062 3
921808 6529062 3
5597630 6529062 2
5597630 7869101 4
5597630 7888791 4
6529062 7869101 3
6529062 7888791 2
526815 2602596 2
921808 2602596 1
2602596 5597630 2
2602596 7869101 2
2602596 7888791 2
526815 7857873 1
921808 7857873 1
7857873 7869101 1
7857873 7888791 1
526815 2676380 2
526815 4630025 2
921808 2676380 2
921808 4630025 2
2033940 2676380 1
2033940 4630025 1
2033940 5597630 1
2033940 6529062 1
2033940 7191179 1
2676380 4630025 2
2676380 5597630 2
2676380 6529062 1
2676380 7191179 1
2676380 7869101 1
2676380 7888791 1
4630025 5597630 2
4630025 6529062 1
4630025 7191179 1
4630025 7869101 1
4630025 7888791 1
5597630 7191179 1
6529062 7191179 1
526815 7581678 1
526815 7879375 1
526815 8184686 1
921808 7581678 1
921808 7879375 1
921808 8184686 1
2676380 7581678 1
2676380 7879375 1
2676380 8184686 1
4630025 7581678 1
4630025 7879375 1
4630025 8184686 1
5597630 7581678 1
5597630 7879375 1
5597630 8184686 1
7581678 7879375 1
7581678 8184686 1
7879375 8184686 1
