486530 28729092 14945671 11157515 5874319 9117584 52594452 58904602 2676380 13528349 20458271 4229925 12502823 12607913 60096042 4469164 1207469 12561583 11502774 3221558 51430072 51046332 5597630 1050827 8945612 7698252 7879375 3208015 921808 32133202 10768720 15272281 9553241 11702748 5962975 526815 386534 12962281 703340 13720435 4848884 51777532
1050827 5962975 1
1050827 7879375 3
5962975 7879375 2
486530 703340 1
486530 2676380 1
486530 3208015 1
486530 7879375 1
486530 9117584 1
486530 9553241 1
486530 11502774 1
486530 12962281 1
486530 15272281 1
486530 32133202 1
486530 51777532 1
486530 52594452 1
703340 2676380 1
703340 3208015 1
703340 7879375 2
703340 9117584 1
703340 9553241 1
703340 11502774 2
703340 12962281 1
703340 15272281 2
703340 32133202 1
703340 51777532 1
703340 52594452 1
2676380 3208015 1
2676380 7879375 1
2676380 9117584 1
2676380 9553241 1
2676380 11502774 1
2676380 12962281 1
2676380 15272281 1
2676380 32133202 1
2676380 51777532 1
2676380 52594452 1
3208015 7879375 1
3208015 9117584 1
3208015 9553241 1
3208015 11502774 1
3208015 12962281 1
3208015 15272281 1
3208015 32133202 1
3208015 51777532 1
3208015 52594452 1
7879375 9117584 1
7879375 9553241 1
7879375 11502774 3
7879375 12962281 1
7879375 15272281 2
7879375 32133202 1
7879375 51777532 2
7879375 52594452 2
9117584 9553241 1
9117584 11502774 1
9117584 12962281 1
9117584 15272281 1
9117584 32133202 1
9117584 51777532 1
9117584 52594452 1
9553241 11502774 1
9553241 12962281 1
9553241 15272281 1
9553241 32133202 1
9553241 51777532 1
9553241 52594452 1
11502774 12962281 1
11502774 15272281 2
11502774 32133202 1
11502774 51777532 1
11502774 52594452 1
12962281 15272281 1
12962281 32133202 1
12962281 51777532 1
12962281 52594452 1
15272281 32133202 1
15272281 51777532 1
15272281 52594452 1
32133202 51777532 1
32133202 52594452 1
51777532 52594452 1
3221558 4229925 1
3221558 4848884 1
3221558 5874319 1
3221558 7879375 3
3221558 12502823 1
3221558 13528349 3
3221558 14945671 1
3221558 20458271 1
3221558 51777532 1
3221558 60096042 1
4229925 4848884 1
4229925 5874319 1
4229925 7879375 1
4229925 12502823 1
4229925 13528349 1
4229925 14945671 1
4229925 20458271 1
4229925 51777532 1
4229925 60096042 1
4848884 5874319 1
4848884 7879375 1
4848884 12502823 1
4848884 13528349 1
4848884 14945671 1
4848884 20458271 1
4848884 51777532 1
4848884 60096042 1
5874319 7879375 1
5874319 12502823 1
5874319 13528349 1
5874319 14945671 1
5874319 20458271 1
5874319 51777532 1
5874319 60096042 1
7879375 12502823 1
7879375 13528349 6
7879375 14945671 1
7879375 20458271 1
7879375 60096042 1
12502823 13528349 1
12502823 14945671 1
12502823 20458271 1
12502823 51777532 1
12502823 60096042 1
13528349 14945671 1
13528349 20458271 1
13528349 51777532 1
13528349 60096042 1
14945671 20458271 1
14945671 51777532 1
14945671 60096042 1
20458271 51777532 1
20458271 60096042 1
51777532 60096042 1
526815 921808 2
526815 3221558 2
526815 7879375 3
526815 12561583 2
526815 12607913 1
526815 13528349 4
921808 3221558 2
921808 7879375 2
921808 12561583 2
921808 12607913 1
921808 13528349 2
3221558 12561583 2
3221558 12607913 1
7879375 12561583 4
7879375 12607913 1
12561583 12607913 1
12561583 13528349 3
12607913 13528349 1
11502774 13528349 2
526815 8945612 1
526815 13720435 2
8945612 13528349 1
8945612 13720435 1
13528349 13720435 3
526815 1207469 1
526815 4469164 1
526815 5597630 1
526815 5962975 1
526815 7698252 1
526815 10768720 1
526815 11702748 1
526815 52594452 1
526815 58904602 1
921808 1207469 1
921808 4469164 1
921808 5597630 1
921808 5962975 1
921808 7698252 1
921808 10768720 1
921808 11702748 1
921808 13720435 1
921808 52594452 1
921808 58904602 1
1207469 3221558 1
1207469 4469164 1
1207469 5597630 1
1207469 5962975 1
1207469 7698252 1
1207469 7879375 1
1207469 10768720 1
1207469 11702748 1
1207469 12561583 1
1207469 13528349 1
1207469 13720435 1
1207469 52594452 1
1207469 58904602 1
3221558 4469164 1
3221558 5597630 1
3221558 5962975 1
3221558 7698252 1
3221558 10768720 1
3221558 11702748 1
3221558 13720435 1
3221558 52594452 1
3221558 58904602 1
4469164 5597630 1
4469164 5962975 1
4469164 7698252 1
4469164 7879375 1
4469164 10768720 1
4469164 11702748 1
4469164 12561583 1
4469164 13528349 1
4469164 13720435 1
4469164 52594452 1
4469164 58904602 1
5597630 5962975 1
5597630 7698252 1
5597630 7879375 2
5597630 10768720 1
5597630 11702748 1
5597630 12561583 2
5597630 13528349 2
5597630 13720435 2
5597630 52594452 1
5597630 58904602 1
5962975 7698252 1
5962975 10768720 1
5962975 11702748 1
5962975 12561583 1
5962975 13528349 1
5962975 13720435 1
5962975 52594452 1
5962975 58904602 1
7698252 7879375 1
7698252 10768720 1
7698252 11702748 1
7698252 12561583 1
7698252 13528349 1
7698252 13720435 1
7698252 52594452 1
7698252 58904602 1
7879375 10768720 1
7879375 11702748 1
7879375 13720435 2
7879375 58904602 1
10768720 11702748 1
10768720 12561583 1
10768720 13528349 1
10768720 13720435 1
10768720 52594452 1
10768720 58904602 1
11702748 12561583 1
11702748 13528349 1
11702748 13720435 1
11702748 52594452 1
11702748 58904602 1
12561583 13720435 2
12561583 52594452 1
12561583 58904602 1
13528349 52594452 1
13528349 58904602 1
13720435 52594452 1
13720435 58904602 1
52594452 58904602 1
386534 526815 1
386534 1050827 1
386534 7879375 1
386534 13528349 1
526815 1050827 1
1050827 13528349 2
703340 1050827 1
703340 5597630 1
703340 11157515 1
703340 12561583 1
703340 13528349 1
703340 13720435 1
703340 28729092 1
703340 51046332 1
703340 51430072 1
1050827 5597630 1
1050827 11157515 1
1050827 11502774 1
1050827 12561583 1
1050827 13720435 1
1050827 15272281 1
1050827 28729092 1
1050827 51046332 1
1050827 51430072 1
5597630 11157515 1
5597630 11502774 1
5597630 15272281 1
5597630 28729092 1
5597630 51046332 1
5597630 51430072 1
7879375 11157515 1
7879375 28729092 1
7879375 51046332 1
7879375 51430072 1
11157515 11502774 1
11157515 12561583 1
11157515 13528349 1
11157515 13720435 1
11157515 15272281 1
11157515 28729092 1
11157515 51046332 1
11157515 51430072 1
11502774 12561583 1
11502774 13720435 1
11502774 28729092 1
11502774 51046332 1
11502774 51430072 1
12561583 15272281 1
12561583 28729092 1
12561583 51046332 1
12561583 51430072 1
13528349 15272281 1
13528349 28729092 1
13528349 51046332 1
13528349 51430072 1
13720435 15272281 1
13720435 28729092 1
13720435 51046332 1
13720435 51430072 1
15272281 28729092 1
15272281 51046332 1
15272281 51430072 1
28729092 51046332 1
28729092 51430072 1
51046332 51430072 1
