11283466 76298252 50060302 7567888 17892881 13399592 3956264 60096042 7632947 145456692 3221558 8019525 21509711 2066546 13350013 118224002 13896839 11457684 139457172 161050272 148910242 89881762 1207469 12561583 11502774 51430072 11630786 152860872 7879375 921808 10340560 87624922 2245850 175719642 159073502 5962975 157174502 3376376 102796542 164012802 28729092 7032583 158175002 13528349 10803486 123841312 4229925 10387237 593189 171787052 9760047 7698252 70133072 172352342 39427422 12693858 8863592 703340 158187892 149888892 29346182 14945671 6218632 14625161 60694412 63201682 13677465 36137372 3721628 6974374 16626091 4469164 89856432 10013617 101359032 73620922 163101122 42325452 11702748 526815 57171942 20664811 12014062
526815 703340 1
526815 921808 3
526815 1207469 2
526815 2066546 2
526815 3221558 5
526815 4229925 2
526815 7032583 2
526815 7698252 3
526815 7879375 5
526815 9760047 1
526815 10803486 5
526815 11283466 2
526815 11702748 2
526815 12014062 2
526815 13399592 2
526815 13528349 3
526815 36137372 1
526815 57171942 7
526815 89856432 1
526815 118224002 2
526815 149888892 4
526815 157174502 1
526815 158187892 1
703340 921808 1
703340 1207469 1
703340 2066546 1
703340 3221558 1
703340 4229925 1
703340 7032583 1
703340 7698252 1
703340 7879375 1
703340 9760047 1
703340 10803486 1
703340 11283466 1
703340 11702748 1
703340 12014062 1
703340 13399592 1
703340 13528349 1
703340 36137372 1
703340 57171942 1
703340 89856432 1
703340 118224002 1
703340 149888892 1
703340 157174502 1
703340 158187892 1
921808 1207469 2
921808 2066546 2
921808 3221558 3
921808 4229925 2
921808 7032583 2
921808 7698252 2
921808 7879375 3
921808 9760047 1
921808 10803486 3
921808 11283466 1
921808 11702748 2
921808 12014062 2
921808 13399592 2
921808 13528349 3
921808 36137372 1
921808 57171942 3
921808 89856432 1
921808 118224002 2
921808 149888892 2
921808 157174502 1
921808 158187892 1
1207469 2066546 2
1207469 3221558 3
1207469 4229925 2
1207469 7032583 2
1207469 7698252 2
1207469 7879375 3
1207469 9760047 1
1207469 10803486 2
1207469 11283466 1
1207469 11702748 2
1207469 12014062 1
1207469 13399592 2
1207469 13528349 3
1207469 36137372 1
1207469 57171942 3
1207469 89856432 1
1207469 118224002 1
1207469 149888892 2
1207469 157174502 1
1207469 158187892 1
2066546 3221558 2
2066546 4229925 2
2066546 7032583 2
2066546 7698252 2
2066546 7879375 2
2066546 9760047 1
2066546 10803486 2
2066546 11283466 1
2066546 11702748 2
2066546 12014062 1
2066546 13399592 2
2066546 13528349 2
2066546 36137372 1
2066546 57171942 2
2066546 89856432 1
2066546 118224002 1
2066546 149888892 2
2066546 157174502 1
2066546 158187892 1
3221558 4229925 3
3221558 7032583 2
3221558 7698252 2
3221558 7879375 7
3221558 9760047 1
3221558 10803486 5
3221558 11283466 1
3221558 11702748 2
3221558 12014062 2
3221558 13399592 2
3221558 13528349 5
3221558 36137372 1
3221558 57171942 7
3221558 89856432 1
3221558 118224002 3
3221558 149888892 3
3221558 157174502 1
3221558 158187892 1
4229925 7032583 2
4229925 7698252 2
4229925 7879375 3
4229925 9760047 1
4229925 10803486 3
4229925 11283466 1
4229925 11702748 2
4229925 12014062 1
4229925 13399592 2
4229925 13528349 3
4229925 36137372 1
4229925 57171942 3
4229925 89856432 1
4229925 118224002 2
4229925 149888892 2
4229925 157174502 1
4229925 158187892 1
7032583 7698252 2
7032583 7879375 2
7032583 9760047 1
7032583 10803486 2
7032583 11283466 1
7032583 11702748 2
7032583 12014062 1
7032583 13399592 2
7032583 13528349 2
7032583 36137372 1
7032583 57171942 2
7032583 89856432 1
7032583 118224002 1
7032583 149888892 2
7032583 157174502 1
7032583 158187892 1
7698252 7879375 2
7698252 9760047 1
7698252 10803486 2
7698252 11283466 2
7698252 11702748 2
7698252 12014062 1
7698252 13399592 2
7698252 13528349 2
7698252 36137372 1
7698252 57171942 3
7698252 89856432 1
7698252 118224002 1
7698252 149888892 3
7698252 157174502 1
7698252 158187892 1
7879375 9760047 1
7879375 10803486 6
7879375 11283466 1
7879375 11702748 2
7879375 12014062 2
7879375 13399592 2
7879375 13528349 5
7879375 36137372 1
7879375 57171942 8
7879375 89856432 1
7879375 118224002 4
7879375 149888892 4
7879375 157174502 1
7879375 158187892 1
9760047 10803486 1
9760047 11283466 1
9760047 11702748 1
9760047 12014062 1
9760047 13399592 1
9760047 13528349 1
9760047 36137372 1
9760047 57171942 1
9760047 89856432 1
9760047 118224002 1
9760047 149888892 1
9760047 157174502 1
9760047 158187892 1
10803486 11283466 1
10803486 11702748 2
10803486 12014062 2
10803486 13399592 2
10803486 13528349 4
10803486 36137372 1
10803486 57171942 7
10803486 89856432 1
10803486 118224002 4
10803486 149888892 3
10803486 157174502 1
10803486 158187892 1
11283466 11702748 1
11283466 12014062 1
11283466 13399592 1
11283466 13528349 1
11283466 36137372 1
11283466 57171942 2
11283466 89856432 1
11283466 118224002 1
11283466 149888892 2
11283466 157174502 1
11283466 158187892 1
11702748 12014062 1
11702748 13399592 2
11702748 13528349 2
11702748 36137372 1
11702748 57171942 2
11702748 89856432 1
11702748 118224002 1
11702748 149888892 2
11702748 157174502 1
11702748 158187892 1
12014062 13399592 1
12014062 13528349 2
12014062 36137372 1
12014062 57171942 2
12014062 89856432 1
12014062 118224002 2
12014062 149888892 1
12014062 157174502 1
12014062 158187892 1
13399592 13528349 2
13399592 36137372 1
13399592 57171942 2
13399592 89856432 1
13399592 118224002 1
13399592 149888892 2
13399592 157174502 1
13399592 158187892 1
13528349 36137372 1
13528349 57171942 5
13528349 89856432 1
13528349 118224002 3
13528349 149888892 2
13528349 157174502 1
13528349 158187892 1
36137372 57171942 1
36137372 89856432 1
36137372 118224002 1
36137372 149888892 1
36137372 157174502 1
36137372 158187892 1
57171942 89856432 1
57171942 118224002 4
57171942 149888892 5
57171942 157174502 1
57171942 158187892 1
89856432 118224002 1
89856432 149888892 1
89856432 157174502 1
89856432 158187892 1
118224002 149888892 2
118224002 157174502 1
118224002 158187892 1
149888892 157174502 1
149888892 158187892 1
157174502 158187892 1
1207469 17892881 1
1207469 51430072 1
1207469 159073502 1
3221558 17892881 3
3221558 51430072 1
3221558 159073502 2
7879375 17892881 4
7879375 51430072 1
7879375 159073502 3
13528349 17892881 1
13528349 51430072 1
13528349 159073502 1
17892881 51430072 1
17892881 57171942 6
17892881 159073502 3
51430072 57171942 1
51430072 159073502 1
57171942 159073502 3
7879375 11457684 2
7879375 70133072 1
10803486 11457684 2
10803486 17892881 3
10803486 70133072 1
10803486 159073502 2
11457684 17892881 2
11457684 57171942 2
11457684 70133072 1
11457684 118224002 1
11457684 149888892 1
11457684 159073502 2
17892881 70133072 1
17892881 118224002 1
17892881 149888892 3
57171942 70133072 1
70133072 118224002 1
70133072 149888892 1
70133072 159073502 1
118224002 159073502 1
149888892 159073502 1
526815 10013617 1
526815 11502774 3
526815 12561583 1
526815 16626091 1
526815 21509711 1
526815 28729092 1
526815 123841312 1
526815 145456692 3
526815 148910242 1
921808 10013617 1
921808 11502774 2
921808 12561583 1
921808 16626091 1
921808 21509711 1
921808 28729092 1
921808 123841312 1
921808 145456692 2
921808 148910242 1
1207469 10013617 1
1207469 11502774 1
1207469 12561583 1
1207469 16626091 1
1207469 21509711 1
1207469 28729092 1
1207469 123841312 1
1207469 145456692 1
1207469 148910242 1
2066546 10013617 1
2066546 11502774 1
2066546 12561583 1
2066546 16626091 1
2066546 21509711 1
2066546 28729092 1
2066546 123841312 1
2066546 145456692 1
2066546 148910242 1
3221558 10013617 1
3221558 11502774 3
3221558 12561583 1
3221558 16626091 1
3221558 21509711 1
3221558 28729092 1
3221558 123841312 1
3221558 145456692 3
3221558 148910242 1
4229925 10013617 1
4229925 11502774 1
4229925 12561583 1
4229925 16626091 1
4229925 21509711 1
4229925 28729092 1
4229925 123841312 1
4229925 145456692 1
4229925 148910242 1
7032583 10013617 1
7032583 11502774 1
7032583 12561583 1
7032583 16626091 1
7032583 21509711 1
7032583 28729092 1
7032583 123841312 1
7032583 145456692 1
7032583 148910242 1
7698252 10013617 1
7698252 11502774 1
7698252 12561583 1
7698252 16626091 1
7698252 21509711 1
7698252 28729092 1
7698252 123841312 1
7698252 145456692 1
7698252 148910242 1
7879375 10013617 1
7879375 11502774 3
7879375 12561583 1
7879375 16626091 1
7879375 21509711 1
7879375 28729092 1
7879375 123841312 1
7879375 145456692 3
7879375 148910242 1
10013617 10803486 1
10013617 11502774 1
10013617 11702748 1
10013617 12561583 1
10013617 13399592 1
10013617 13528349 1
10013617 16626091 1
10013617 21509711 1
10013617 28729092 1
10013617 57171942 1
10013617 123841312 1
10013617 145456692 1
10013617 148910242 1
10013617 149888892 1
10803486 11502774 2
10803486 12561583 1
10803486 16626091 1
10803486 21509711 1
10803486 28729092 1
10803486 123841312 1
10803486 145456692 2
10803486 148910242 1
11502774 11702748 1
11502774 12561583 1
11502774 13399592 1
11502774 13528349 2
11502774 16626091 1
11502774 21509711 1
11502774 28729092 1
11502774 57171942 3
11502774 123841312 1
11502774 145456692 3
11502774 148910242 1
11502774 149888892 2
11702748 12561583 1
11702748 16626091 1
11702748 21509711 1
11702748 28729092 1
11702748 123841312 1
11702748 145456692 1
11702748 148910242 1
12561583 13399592 1
12561583 13528349 1
12561583 16626091 1
12561583 21509711 1
12561583 28729092 1
12561583 57171942 1
12561583 123841312 1
12561583 145456692 1
12561583 148910242 1
12561583 149888892 1
13399592 16626091 1
13399592 21509711 1
13399592 28729092 1
13399592 123841312 1
13399592 145456692 1
13399592 148910242 1
13528349 16626091 1
13528349 21509711 1
13528349 28729092 1
13528349 123841312 1
13528349 145456692 2
13528349 148910242 1
16626091 21509711 1
16626091 28729092 1
16626091 57171942 1
16626091 123841312 1
16626091 145456692 1
16626091 148910242 1
16626091 149888892 1
21509711 28729092 1
21509711 57171942 1
21509711 123841312 1
21509711 145456692 1
21509711 148910242 1
21509711 149888892 1
28729092 57171942 1
28729092 123841312 1
28729092 145456692 1
28729092 148910242 1
28729092 149888892 1
57171942 123841312 1
57171942 145456692 3
57171942 148910242 1
123841312 145456692 1
123841312 148910242 1
123841312 149888892 1
145456692 148910242 1
145456692 149888892 2
148910242 149888892 1
526815 3376376 1
526815 5962975 1
526815 8863592 1
526815 10387237 3
526815 11630786 1
526815 13896839 2
526815 14625161 1
526815 17892881 4
526815 20664811 1
526815 42325452 1
526815 89881762 2
526815 152860872 1
526815 158175002 1
526815 163101122 1
3221558 3376376 1
3221558 5962975 1
3221558 8863592 1
3221558 10387237 2
3221558 11630786 1
3221558 13896839 1
3221558 14625161 1
3221558 20664811 1
3221558 42325452 1
3221558 89881762 2
3221558 152860872 1
3221558 158175002 1
3221558 163101122 1
3376376 5962975 1
3376376 7879375 1
3376376 8863592 1
3376376 10387237 1
3376376 11502774 1
3376376 11630786 1
3376376 13896839 1
3376376 14625161 1
3376376 17892881 1
3376376 20664811 1
3376376 42325452 1
3376376 57171942 1
3376376 89881762 1
3376376 145456692 1
3376376 149888892 1
3376376 152860872 1
3376376 158175002 1
3376376 163101122 1
5962975 7879375 1
5962975 8863592 1
5962975 10387237 1
5962975 11502774 1
5962975 11630786 1
5962975 13896839 1
5962975 14625161 1
5962975 17892881 1
5962975 20664811 1
5962975 42325452 1
5962975 57171942 1
5962975 89881762 1
5962975 145456692 1
5962975 149888892 1
5962975 152860872 1
5962975 158175002 1
5962975 163101122 1
7879375 8863592 1
7879375 10387237 2
7879375 11630786 1
7879375 13896839 1
7879375 14625161 1
7879375 20664811 1
7879375 42325452 1
7879375 89881762 2
7879375 152860872 1
7879375 158175002 1
7879375 163101122 1
8863592 10387237 1
8863592 11502774 1
8863592 11630786 1
8863592 13896839 1
8863592 14625161 1
8863592 17892881 1
8863592 20664811 1
8863592 42325452 1
8863592 57171942 1
8863592 89881762 1
8863592 145456692 1
8863592 149888892 1
8863592 152860872 1
8863592 158175002 1
8863592 163101122 1
10387237 11502774 2
10387237 11630786 1
10387237 13896839 2
10387237 14625161 1
10387237 17892881 2
10387237 20664811 1
10387237 42325452 1
10387237 57171942 3
10387237 89881762 2
10387237 145456692 2
10387237 149888892 1
10387237 152860872 1
10387237 158175002 1
10387237 163101122 1
11502774 11630786 1
11502774 13896839 1
11502774 14625161 1
11502774 17892881 1
11502774 20664811 1
11502774 42325452 1
11502774 89881762 1
11502774 152860872 1
11502774 158175002 1
11502774 163101122 1
11630786 13896839 1
11630786 14625161 1
11630786 17892881 1
11630786 20664811 1
11630786 42325452 1
11630786 57171942 1
11630786 89881762 1
11630786 145456692 1
11630786 149888892 1
11630786 152860872 1
11630786 158175002 1
11630786 163101122 1
13896839 14625161 1
13896839 17892881 2
13896839 20664811 1
13896839 42325452 1
13896839 57171942 2
13896839 89881762 2
13896839 145456692 1
13896839 149888892 1
13896839 152860872 1
13896839 158175002 1
13896839 163101122 1
14625161 17892881 1
14625161 20664811 1
14625161 42325452 1
14625161 57171942 1
14625161 89881762 1
14625161 145456692 1
14625161 149888892 1
14625161 152860872 1
14625161 158175002 1
14625161 163101122 1
17892881 20664811 1
17892881 42325452 1
17892881 89881762 2
17892881 145456692 1
17892881 152860872 1
17892881 158175002 1
17892881 163101122 1
20664811 42325452 1
20664811 57171942 1
20664811 89881762 1
20664811 145456692 1
20664811 149888892 1
20664811 152860872 1
20664811 158175002 1
20664811 163101122 1
42325452 57171942 1
42325452 89881762 1
42325452 145456692 1
42325452 149888892 1
42325452 152860872 1
42325452 158175002 1
42325452 163101122 1
57171942 89881762 3
57171942 152860872 1
57171942 158175002 1
57171942 163101122 1
89881762 145456692 1
89881762 149888892 1
89881762 152860872 1
89881762 158175002 1
89881762 163101122 1
145456692 152860872 1
145456692 158175002 1
145456692 163101122 1
149888892 152860872 1
149888892 158175002 1
149888892 163101122 1
152860872 158175002 1
152860872 163101122 1
158175002 163101122 1
526815 4469164 1
526815 6218632 1
526815 8019525 1
526815 11457684 1
526815 14945671 1
526815 50060302 1
526815 76298252 1
526815 87624922 1
526815 159073502 1
526815 164012802 1
3221558 4469164 1
3221558 6218632 1
3221558 8019525 1
3221558 11457684 1
3221558 14945671 1
3221558 50060302 1
3221558 76298252 1
3221558 87624922 1
3221558 164012802 1
4469164 6218632 1
4469164 7879375 1
4469164 8019525 1
4469164 10803486 1
4469164 11457684 1
4469164 14945671 1
4469164 17892881 1
4469164 50060302 1
4469164 57171942 1
4469164 76298252 1
4469164 87624922 1
4469164 159073502 1
4469164 164012802 1
6218632 7879375 1
6218632 8019525 1
6218632 10803486 1
6218632 11457684 1
6218632 14945671 1
6218632 17892881 1
6218632 50060302 1
6218632 57171942 1
6218632 76298252 1
6218632 87624922 1
6218632 159073502 1
6218632 164012802 1
7879375 8019525 1
7879375 14945671 1
7879375 50060302 1
7879375 76298252 1
7879375 87624922 1
7879375 164012802 1
8019525 10803486 1
8019525 11457684 1
8019525 14945671 1
8019525 17892881 1
8019525 50060302 1
8019525 57171942 1
8019525 76298252 1
8019525 87624922 1
8019525 159073502 1
8019525 164012802 1
10803486 14945671 1
10803486 50060302 1
10803486 76298252 1
10803486 87624922 1
10803486 164012802 1
11457684 14945671 1
11457684 50060302 1
11457684 76298252 1
11457684 87624922 1
11457684 164012802 1
14945671 17892881 1
14945671 50060302 1
14945671 57171942 1
14945671 76298252 1
14945671 87624922 1
14945671 159073502 1
14945671 164012802 1
17892881 50060302 1
17892881 76298252 1
17892881 87624922 1
17892881 164012802 1
50060302 57171942 1
50060302 76298252 1
50060302 87624922 1
50060302 159073502 1
50060302 164012802 1
57171942 76298252 1
57171942 87624922 1
57171942 164012802 1
76298252 87624922 1
76298252 159073502 1
76298252 164012802 1
87624922 159073502 1
87624922 164012802 1
159073502 164012802 1
526815 3721628 1
526815 12693858 1
526815 13350013 2
526815 13677465 1
526815 29346182 1
526815 63201682 1
526815 139457172 1
526815 172352342 2
921808 3721628 1
921808 10387237 1
921808 12693858 1
921808 13350013 1
921808 13677465 1
921808 29346182 1
921808 63201682 1
921808 139457172 1
921808 172352342 1
3221558 3721628 1
3221558 12693858 1
3221558 13350013 2
3221558 13677465 1
3221558 29346182 1
3221558 63201682 1
3221558 139457172 1
3221558 172352342 1
3721628 7879375 1
3721628 10387237 1
3721628 10803486 1
3721628 11502774 1
3721628 12014062 1
3721628 12693858 1
3721628 13350013 1
3721628 13528349 1
3721628 13677465 1
3721628 29346182 1
3721628 57171942 1
3721628 63201682 1
3721628 118224002 1
3721628 139457172 1
3721628 145456692 1
3721628 172352342 1
7879375 12693858 1
7879375 13350013 2
7879375 13677465 1
7879375 29346182 1
7879375 63201682 1
7879375 139457172 1
7879375 172352342 1
10387237 10803486 2
10387237 12014062 1
10387237 12693858 1
10387237 13350013 2
10387237 13528349 1
10387237 13677465 1
10387237 29346182 1
10387237 63201682 1
10387237 118224002 1
10387237 139457172 1
10387237 172352342 2
10803486 12693858 1
10803486 13350013 3
10803486 13677465 1
10803486 29346182 1
10803486 63201682 1
10803486 139457172 1
10803486 172352342 2
11502774 12014062 1
11502774 12693858 1
11502774 13350013 1
11502774 13677465 1
11502774 29346182 1
11502774 63201682 1
11502774 118224002 1
11502774 139457172 1
11502774 172352342 1
12014062 12693858 1
12014062 13350013 1
12014062 13677465 1
12014062 29346182 1
12014062 63201682 1
12014062 139457172 1
12014062 145456692 1
12014062 172352342 1
12693858 13350013 1
12693858 13528349 1
12693858 13677465 1
12693858 29346182 1
12693858 57171942 1
12693858 63201682 1
12693858 118224002 1
12693858 139457172 1
12693858 145456692 1
12693858 172352342 1
13350013 13528349 2
13350013 13677465 1
13350013 29346182 1
13350013 57171942 3
13350013 63201682 1
13350013 118224002 2
13350013 139457172 1
13350013 145456692 1
13350013 172352342 2
13528349 13677465 1
13528349 29346182 1
13528349 63201682 1
13528349 139457172 1
13528349 172352342 1
13677465 29346182 1
13677465 57171942 1
13677465 63201682 1
13677465 118224002 1
13677465 139457172 1
13677465 145456692 1
13677465 172352342 1
29346182 57171942 1
29346182 63201682 1
29346182 118224002 1
29346182 139457172 1
29346182 145456692 1
29346182 172352342 1
57171942 63201682 1
57171942 139457172 1
57171942 172352342 2
63201682 118224002 1
63201682 139457172 1
63201682 145456692 1
63201682 172352342 1
118224002 139457172 1
118224002 145456692 1
118224002 172352342 1
139457172 145456692 1
139457172 172352342 1
145456692 172352342 1
526815 593189 1
526815 60694412 1
526815 73620922 1
526815 161050272 1
593189 10387237 1
593189 10803486 1
593189 13350013 1
593189 13896839 1
593189 17892881 1
593189 57171942 1
593189 60694412 1
593189 73620922 1
593189 89881762 1
593189 161050272 1
593189 172352342 1
10387237 60694412 1
10387237 73620922 1
10387237 161050272 1
10803486 13896839 1
10803486 60694412 2
10803486 73620922 1
10803486 89881762 2
10803486 161050272 1
13350013 13896839 1
13350013 17892881 1
13350013 60694412 2
13350013 73620922 1
13350013 89881762 2
13350013 161050272 1
13896839 60694412 1
13896839 73620922 1
13896839 161050272 1
13896839 172352342 1
17892881 60694412 1
17892881 73620922 1
17892881 161050272 1
17892881 172352342 1
57171942 60694412 2
57171942 73620922 1
57171942 161050272 1
60694412 73620922 1
60694412 89881762 2
60694412 161050272 1
60694412 172352342 1
73620922 89881762 1
73620922 161050272 1
73620922 172352342 1
89881762 161050272 1
89881762 172352342 1
161050272 172352342 1
526815 2245850 1
526815 3956264 1
526815 7567888 1
526815 7632947 1
526815 10340560 1
526815 39427422 1
526815 60096042 1
526815 101359032 1
526815 102796542 1
526815 175719642 1
2245850 3956264 1
2245850 7567888 1
2245850 7632947 1
2245850 7698252 1
2245850 10340560 1
2245850 11283466 1
2245850 17892881 1
2245850 39427422 1
2245850 57171942 1
2245850 60096042 1
2245850 101359032 1
2245850 102796542 1
2245850 149888892 1
2245850 175719642 1
3956264 7567888 1
3956264 7632947 1
3956264 7698252 1
3956264 10340560 1
3956264 11283466 1
3956264 17892881 1
3956264 39427422 1
3956264 57171942 1
3956264 60096042 1
3956264 101359032 1
3956264 102796542 1
3956264 149888892 1
3956264 175719642 1
7567888 7632947 1
7567888 7698252 1
7567888 10340560 1
7567888 11283466 1
7567888 17892881 1
7567888 39427422 1
7567888 57171942 1
7567888 60096042 1
7567888 101359032 1
7567888 102796542 1
7567888 149888892 1
7567888 175719642 1
7632947 7698252 1
7632947 10340560 1
7632947 11283466 1
7632947 17892881 1
7632947 39427422 1
7632947 57171942 1
7632947 60096042 1
7632947 101359032 1
7632947 102796542 1
7632947 149888892 1
7632947 175719642 1
7698252 10340560 1
7698252 17892881 1
7698252 39427422 1
7698252 60096042 1
7698252 101359032 1
7698252 102796542 1
7698252 175719642 1
10340560 11283466 1
10340560 17892881 1
10340560 39427422 1
10340560 57171942 1
10340560 60096042 1
10340560 101359032 1
10340560 102796542 1
10340560 149888892 1
10340560 175719642 1
11283466 17892881 1
11283466 39427422 1
11283466 60096042 1
11283466 101359032 1
11283466 102796542 1
11283466 175719642 1
17892881 39427422 1
17892881 60096042 1
17892881 101359032 1
17892881 102796542 1
17892881 175719642 1
39427422 57171942 1
39427422 60096042 1
39427422 101359032 1
39427422 102796542 1
39427422 149888892 1
39427422 175719642 1
57171942 60096042 1
57171942 101359032 1
57171942 102796542 1
57171942 175719642 1
60096042 101359032 1
60096042 102796542 1
60096042 149888892 1
60096042 175719642 1
101359032 102796542 1
101359032 149888892 1
101359032 175719642 1
102796542 149888892 1
102796542 175719642 1
149888892 175719642 1
3221558 6974374 1
3221558 60694412 1
3221558 171787052 1
4229925 6974374 1
4229925 13350013 1
4229925 60694412 1
4229925 89881762 1
4229925 171787052 1
6974374 7879375 1
6974374 10803486 1
6974374 13350013 1
6974374 13528349 1
6974374 57171942 1
6974374 60694412 1
6974374 89881762 1
6974374 118224002 1
6974374 171787052 1
7879375 60694412 1
7879375 171787052 1
10803486 171787052 1
13350013 171787052 1
13528349 60694412 1
13528349 89881762 1
13528349 171787052 1
57171942 171787052 1
60694412 118224002 1
60694412 171787052 1
89881762 118224002 1
89881762 171787052 1
118224002 171787052 1
