187794755 190757189 186528678 116385222 91218662 10689544 95382792 187525866 187959695 103726672 24817232 109266162 190237397 182872791 188102009
91218662 103726672 5
91218662 186528678 1
103726672 186528678 2
91218662 116385222 1
103726672 116385222 1
91218662 187794755 3
91218662 190237397 2
91218662 190757189 1
103726672 187794755 3
103726672 190237397 2
103726672 190757189 1
187794755 190237397 2
187794755 190757189 1
190237397 190757189 1
91218662 182872791 1
103726672 182872791 1
182872791 187794755 1
10689544 24817232 1
10689544 91218662 1
10689544 95382792 1
10689544 103726672 1
10689544 109266162 1
10689544 187794755 1
10689544 187959695 1
10689544 188102009 1
10689544 190237397 1
24817232 91218662 1
24817232 95382792 1
24817232 103726672 1
24817232 109266162 1
24817232 187794755 1
24817232 187959695 1
24817232 188102009 1
24817232 190237397 1
91218662 95382792 1
91218662 109266162 1
91218662 187959695 1
91218662 188102009 1
95382792 103726672 1
95382792 109266162 1
95382792 187794755 1
95382792 187959695 1
95382792 188102009 1
95382792 190237397 1
103726672 109266162 1
103726672 187959695 1
103726672 188102009 1
109266162 187794755 1
109266162 187959695 1
109266162 188102009 1
109266162 190237397 1
187794755 187959695 1
187794755 188102009 1
187959695 188102009 1
187959695 190237397 1
188102009 190237397 1
103726672 187525866 1
