100758752 184802597 6348231 160548712 16222311 11401034 83947052 6610126 14210865 140586482 11759573 12675097
6348231 11401034 1
6348231 11759573 7
6348231 12675097 7
6348231 83947052 7
6348231 160548712 3
6348231 184802597 5
11401034 11759573 4
11401034 12675097 4
11401034 83947052 4
11401034 160548712 1
11401034 184802597 1
11759573 12675097 10
11759573 83947052 10
11759573 160548712 3
11759573 184802597 5
12675097 83947052 10
12675097 160548712 3
12675097 184802597 5
83947052 160548712 3
83947052 184802597 5
160548712 184802597 2
6610126 11401034 2
6610126 11759573 3
6610126 12675097 3
6610126 83947052 3
6348231 6610126 1
6610126 184802597 1
11401034 14210865 2
11759573 14210865 3
12675097 14210865 3
14210865 83947052 3
6348231 14210865 1
14210865 184802597 1
6348231 16222311 1
11759573 16222311 1
12675097 16222311 1
16222311 83947052 1
6610126 14210865 1
6610126 100758752 1
6610126 140586482 1
11401034 100758752 1
11401034 140586482 1
11759573 100758752 1
11759573 140586482 1
12675097 100758752 1
12675097 140586482 1
14210865 100758752 1
14210865 140586482 1
83947052 100758752 1
83947052 140586482 1
100758752 140586482 1
