6946326 8697500 8557218 4890919 9257389 4016179 3042488 10291897 8051772 8364744 8501464 10554459 7634140 10264036 5274089 9419757 6106864 8469233 5844849 10245234 9626360 10196601 7084282 5158396
4890919 8697500 6
4890919 7634140 1
4890919 10264036 1
7634140 8697500 1
7634140 10264036 1
8697500 10264036 1
4890919 8469233 1
4890919 9626360 1
8469233 9626360 1
3042488 5844849 1
3042488 7084282 1
3042488 8697500 1
5844849 7084282 1
5844849 8697500 2
7084282 8697500 1
8557218 8697500 1
8557218 10291897 1
8557218 10554459 1
8697500 10291897 1
8697500 10554459 1
10291897 10554459 1
4890919 9419757 1
4890919 10245234 3
8697500 9419757 1
8697500 10245234 3
9419757 10245234 1
4016179 4890919 1
4016179 8051772 1
4016179 8501464 1
4016179 8697500 1
4016179 9257389 1
4016179 10196601 1
4016179 10245234 1
4890919 8051772 1
4890919 8501464 1
4890919 9257389 1
4890919 10196601 1
8051772 8501464 1
8051772 8697500 1
8051772 9257389 1
8051772 10196601 1
8051772 10245234 1
8501464 8697500 1
8501464 9257389 1
8501464 10196601 1
8501464 10245234 1
8697500 9257389 1
8697500 10196601 1
9257389 10196601 1
9257389 10245234 1
10196601 10245234 1
4890919 5158396 1
4890919 5274089 1
4890919 5844849 1
4890919 6106864 1
4890919 6946326 1
4890919 8364744 1
5158396 5274089 1
5158396 5844849 1
5158396 6106864 1
5158396 6946326 1
5158396 8364744 1
5158396 8697500 1
5158396 10245234 1
5274089 5844849 1
5274089 6106864 1
5274089 6946326 1
5274089 8364744 1
5274089 8697500 1
5274089 10245234 1
5844849 6106864 1
5844849 6946326 1
5844849 8364744 1
5844849 10245234 1
6106864 6946326 1
6106864 8364744 1
6106864 8697500 1
6106864 10245234 1
6946326 8364744 1
6946326 8697500 1
6946326 10245234 1
8364744 8697500 1
8364744 10245234 1
