145713552 22555411 104443542 33637402 57342362 7425323 108342832 1602608 123538102 12893111 72930622 131638722 144805702 109642312 416202 107568202 11401434 136996702 109804642 45462372 108353382 80591722 35275772 115455102
416202 22555411 1
416202 33637402 4
416202 35275772 1
416202 107568202 1
416202 108342832 7
416202 109642312 2
416202 123538102 1
416202 131638722 2
416202 136996702 1
22555411 33637402 1
22555411 35275772 1
22555411 107568202 1
22555411 108342832 1
22555411 109642312 1
22555411 123538102 1
22555411 131638722 1
22555411 136996702 1
33637402 35275772 1
33637402 107568202 1
33637402 108342832 4
33637402 109642312 2
33637402 123538102 1
33637402 131638722 2
33637402 136996702 1
35275772 107568202 1
35275772 108342832 1
35275772 109642312 1
35275772 123538102 1
35275772 131638722 1
35275772 136996702 1
107568202 108342832 1
107568202 109642312 1
107568202 123538102 1
107568202 131638722 1
107568202 136996702 1
108342832 109642312 2
108342832 123538102 1
108342832 131638722 2
108342832 136996702 1
109642312 123538102 1
109642312 131638722 2
109642312 136996702 1
123538102 131638722 1
123538102 136996702 1
131638722 136996702 1
416202 1602608 2
416202 11401434 1
416202 45462372 4
416202 80591722 1
416202 108353382 4
416202 145713552 1
1602608 11401434 1
1602608 33637402 2
1602608 45462372 2
1602608 80591722 1
1602608 108342832 2
1602608 108353382 2
1602608 109642312 1
1602608 131638722 1
1602608 145713552 1
11401434 33637402 1
11401434 45462372 1
11401434 80591722 1
11401434 108342832 1
11401434 108353382 1
11401434 109642312 1
11401434 131638722 1
11401434 145713552 1
33637402 45462372 2
33637402 80591722 1
33637402 108353382 3
33637402 145713552 1
45462372 80591722 1
45462372 108342832 6
45462372 108353382 3
45462372 109642312 1
45462372 131638722 1
45462372 145713552 1
80591722 108342832 1
80591722 108353382 1
80591722 109642312 1
80591722 131638722 1
80591722 145713552 1
108342832 108353382 4
108342832 145713552 1
108353382 109642312 1
108353382 131638722 1
108353382 145713552 1
109642312 145713552 1
131638722 145713552 1
7425323 45462372 3
7425323 108342832 3
7425323 115455102 1
45462372 115455102 1
108342832 115455102 1
416202 7425323 2
416202 12893111 1
416202 72930622 4
7425323 12893111 1
7425323 72930622 1
12893111 45462372 1
12893111 72930622 1
12893111 108342832 1
45462372 72930622 2
72930622 108342832 5
1602608 7425323 1
7425323 33637402 1
7425323 108353382 1
416202 57342362 1
416202 144805702 1
33637402 57342362 1
33637402 72930622 1
33637402 144805702 1
57342362 72930622 1
57342362 108342832 1
57342362 108353382 1
57342362 144805702 1
72930622 108353382 2
72930622 144805702 1
108342832 144805702 1
108353382 144805702 1
72930622 104443542 1
72930622 109804642 2
104443542 108342832 1
104443542 109804642 1
108342832 109804642 2
416202 109804642 1
45462372 109804642 1
108353382 109804642 1
