5610016 24649762 6316934 6946504 7018478 10973743 5620659 8849396 4453465 7154491 6968927
4453465 6316934 2
4453465 7154491 6
4453465 10973743 5
6316934 7154491 1
6316934 10973743 2
7154491 10973743 2
4453465 5610016 1
4453465 5620659 5
5620659 7154491 4
4453465 6946504 1
6946504 10973743 1
4453465 7018478 3
5620659 7018478 2
7018478 7154491 2
4453465 8849396 2
4453465 24649762 2
7018478 8849396 2
7018478 24649762 2
7154491 8849396 1
7154491 24649762 1
8849396 24649762 2
5620659 10973743 2
4453465 6968927 1
5620659 6316934 1
5620659 6968927 1
5620659 8849396 1
5620659 24649762 1
6316934 6968927 1
6316934 7018478 1
6316934 8849396 1
6316934 24649762 1
6968927 7018478 1
6968927 8849396 1
6968927 10973743 1
6968927 24649762 1
7018478 10973743 1
8849396 10973743 1
10973743 24649762 1
