5610016 6358817 6439808 3761097 7433069 6261326 7018478 6370928 6823005 6968927
5610016 6358817 2
5610016 6968927 2
5610016 7018478 1
6358817 6968927 8
6358817 7018478 5
6968927 7018478 6
6261326 6358817 1
6261326 6968927 1
6261326 7018478 1
6261326 7433069 1
6358817 7433069 1
6968927 7433069 1
7018478 7433069 1
6358817 6370928 1
6358817 6439808 1
6358817 6823005 1
6370928 6439808 1
6370928 6823005 1
6370928 6968927 1
6370928 7018478 1
6439808 6823005 1
6439808 6968927 1
6439808 7018478 1
6823005 6968927 1
6823005 7018478 1
3761097 6358817 1
3761097 6968927 1
3761097 7018478 1
