159088002 4574723 12394885 6218632 93426952 115892362 157710732 5279504 158593302 108997912 10448922 46368282 46815012 9541797 113202472 8316073 8312620 7667885 63803312 89578162 10023858 151740082 7467447 150172732 13414981 159429062 122175432 3201481 57051082 123419722 143307722 150063572 149433692 130680542 114629342 70694242 154602722 57171942 154097382 74094952 7507304 79078252 108802542 73661552 9445236 128517622
5279504 57171942 1
5279504 89578162 1
57171942 89578162 9
3201481 8312620 1
3201481 46368282 1
3201481 57171942 2
3201481 79078252 1
3201481 89578162 2
8312620 46368282 2
8312620 57171942 2
8312620 79078252 1
8312620 89578162 2
46368282 57171942 6
46368282 79078252 1
46368282 89578162 6
57171942 79078252 1
79078252 89578162 1
9445236 10023858 1
9445236 46368282 1
9445236 57171942 1
9445236 89578162 1
10023858 46368282 2
10023858 57171942 3
10023858 89578162 3
12394885 46368282 2
12394885 57171942 2
12394885 89578162 2
46368282 108802542 1
57171942 108802542 1
89578162 108802542 1
6218632 8312620 1
6218632 46368282 2
6218632 57171942 4
6218632 89578162 4
6218632 115892362 1
8312620 115892362 1
46368282 115892362 1
57171942 115892362 1
89578162 115892362 1
4574723 6218632 1
4574723 8316073 1
4574723 10023858 1
4574723 10448922 1
4574723 12394885 1
4574723 13414981 1
4574723 46368282 1
4574723 46815012 1
4574723 57051082 1
4574723 57171942 1
4574723 63803312 1
4574723 73661552 1
4574723 74094952 1
4574723 89578162 1
4574723 93426952 1
4574723 108997912 1
4574723 113202472 1
4574723 122175432 1
4574723 130680542 1
4574723 149433692 1
4574723 150063572 1
4574723 151740082 1
4574723 154097382 1
4574723 157710732 1
4574723 158593302 1
4574723 159088002 1
4574723 159429062 1
6218632 8316073 1
6218632 10023858 2
6218632 10448922 1
6218632 12394885 1
6218632 13414981 1
6218632 46815012 1
6218632 57051082 1
6218632 63803312 1
6218632 73661552 1
6218632 74094952 1
6218632 93426952 1
6218632 108997912 1
6218632 113202472 1
6218632 122175432 2
6218632 130680542 1
6218632 149433692 1
6218632 150063572 1
6218632 151740082 1
6218632 154097382 2
6218632 157710732 2
6218632 158593302 1
6218632 159088002 1
6218632 159429062 1
8316073 10023858 1
8316073 10448922 1
8316073 12394885 1
8316073 13414981 1
8316073 46368282 1
8316073 46815012 1
8316073 57051082 1
8316073 57171942 1
8316073 63803312 1
8316073 73661552 1
8316073 74094952 1
8316073 89578162 1
8316073 93426952 1
8316073 108997912 1
8316073 113202472 1
8316073 122175432 1
8316073 130680542 1
8316073 149433692 1
8316073 150063572 1
8316073 151740082 1
8316073 154097382 1
8316073 157710732 1
8316073 158593302 1
8316073 159088002 1
8316073 159429062 1
10023858 10448922 1
10023858 12394885 1
10023858 13414981 1
10023858 46815012 1
10023858 57051082 1
10023858 63803312 1
10023858 73661552 1
10023858 74094952 1
10023858 93426952 1
10023858 108997912 1
10023858 113202472 1
10023858 122175432 2
10023858 130680542 1
10023858 149433692 1
10023858 150063572 1
10023858 151740082 1
10023858 154097382 1
10023858 157710732 2
10023858 158593302 1
10023858 159088002 1
10023858 159429062 1
10448922 12394885 1
10448922 13414981 1
10448922 46368282 1
10448922 46815012 1
10448922 57051082 1
10448922 57171942 1
10448922 63803312 1
10448922 73661552 1
10448922 74094952 1
10448922 89578162 1
10448922 93426952 1
10448922 108997912 1
10448922 113202472 1
10448922 122175432 1
10448922 130680542 1
10448922 149433692 1
10448922 150063572 1
10448922 151740082 1
10448922 154097382 1
10448922 157710732 1
10448922 158593302 1
10448922 159088002 1
10448922 159429062 1
12394885 13414981 1
12394885 46815012 1
12394885 57051082 1
12394885 63803312 1
12394885 73661552 1
12394885 74094952 1
12394885 93426952 1
12394885 108997912 1
12394885 113202472 1
12394885 122175432 1
12394885 130680542 1
12394885 149433692 1
12394885 150063572 1
12394885 151740082 1
12394885 154097382 1
12394885 157710732 1
12394885 158593302 1
12394885 159088002 1
12394885 159429062 1
13414981 46368282 1
13414981 46815012 1
13414981 57051082 1
13414981 57171942 1
13414981 63803312 1
13414981 73661552 1
13414981 74094952 1
13414981 89578162 1
13414981 93426952 1
13414981 108997912 1
13414981 113202472 1
13414981 122175432 1
13414981 130680542 1
13414981 149433692 1
13414981 150063572 1
13414981 151740082 1
13414981 154097382 1
13414981 157710732 1
13414981 158593302 1
13414981 159088002 1
13414981 159429062 1
46368282 46815012 1
46368282 57051082 1
46368282 63803312 1
46368282 73661552 1
46368282 74094952 1
46368282 93426952 1
46368282 108997912 1
46368282 113202472 1
46368282 122175432 1
46368282 130680542 1
46368282 149433692 1
46368282 150063572 1
46368282 151740082 1
46368282 154097382 1
46368282 157710732 1
46368282 158593302 1
46368282 159088002 1
46368282 159429062 1
46815012 57051082 1
46815012 57171942 1
46815012 63803312 1
46815012 73661552 1
46815012 74094952 1
46815012 89578162 1
46815012 93426952 1
46815012 108997912 1
46815012 113202472 1
46815012 122175432 1
46815012 130680542 1
46815012 149433692 1
46815012 150063572 1
46815012 151740082 1
46815012 154097382 1
46815012 157710732 1
46815012 158593302 1
46815012 159088002 1
46815012 159429062 1
57051082 57171942 1
57051082 63803312 1
57051082 73661552 1
57051082 74094952 1
57051082 89578162 1
57051082 93426952 1
57051082 108997912 1
57051082 113202472 1
57051082 122175432 1
57051082 130680542 1
57051082 149433692 1
57051082 150063572 1
57051082 151740082 1
57051082 154097382 1
57051082 157710732 1
57051082 158593302 1
57051082 159088002 1
57051082 159429062 1
57171942 63803312 1
57171942 73661552 1
57171942 74094952 1
57171942 93426952 1
57171942 108997912 1
57171942 113202472 1
57171942 122175432 2
57171942 130680542 1
57171942 149433692 1
57171942 150063572 1
57171942 151740082 1
57171942 154097382 2
57171942 157710732 2
57171942 158593302 1
57171942 159088002 1
57171942 159429062 1
63803312 73661552 1
63803312 74094952 1
63803312 89578162 1
63803312 93426952 1
63803312 108997912 1
63803312 113202472 1
63803312 122175432 1
63803312 130680542 1
63803312 149433692 1
63803312 150063572 1
63803312 151740082 1
63803312 154097382 1
63803312 157710732 1
63803312 158593302 1
63803312 159088002 1
63803312 159429062 1
73661552 74094952 1
73661552 89578162 1
73661552 93426952 1
73661552 108997912 1
73661552 113202472 1
73661552 122175432 1
73661552 130680542 1
73661552 149433692 1
73661552 150063572 1
73661552 151740082 1
73661552 154097382 1
73661552 157710732 1
73661552 158593302 1
73661552 159088002 1
73661552 159429062 1
74094952 89578162 1
74094952 93426952 1
74094952 108997912 1
74094952 113202472 1
74094952 122175432 1
74094952 130680542 1
74094952 149433692 1
74094952 150063572 1
74094952 151740082 1
74094952 154097382 1
74094952 157710732 1
74094952 158593302 1
74094952 159088002 1
74094952 159429062 1
89578162 93426952 1
89578162 108997912 1
89578162 113202472 1
89578162 122175432 2
89578162 130680542 1
89578162 149433692 1
89578162 150063572 1
89578162 151740082 1
89578162 154097382 2
89578162 157710732 2
89578162 158593302 1
89578162 159088002 1
89578162 159429062 1
93426952 108997912 1
93426952 113202472 1
93426952 122175432 1
93426952 130680542 1
93426952 149433692 1
93426952 150063572 1
93426952 151740082 1
93426952 154097382 1
93426952 157710732 1
93426952 158593302 1
93426952 159088002 1
93426952 159429062 1
108997912 113202472 1
108997912 122175432 1
108997912 130680542 1
108997912 149433692 1
108997912 150063572 1
108997912 151740082 1
108997912 154097382 1
108997912 157710732 1
108997912 158593302 1
108997912 159088002 1
108997912 159429062 1
113202472 122175432 1
113202472 130680542 1
113202472 149433692 1
113202472 150063572 1
113202472 151740082 1
113202472 154097382 1
113202472 157710732 1
113202472 158593302 1
113202472 159088002 1
113202472 159429062 1
122175432 130680542 1
122175432 149433692 1
122175432 150063572 1
122175432 151740082 1
122175432 154097382 1
122175432 157710732 2
122175432 158593302 1
122175432 159088002 1
122175432 159429062 1
130680542 149433692 1
130680542 150063572 1
130680542 151740082 1
130680542 154097382 1
130680542 157710732 1
130680542 158593302 1
130680542 159088002 1
130680542 159429062 1
149433692 150063572 1
149433692 151740082 1
149433692 154097382 1
149433692 157710732 1
149433692 158593302 1
149433692 159088002 1
149433692 159429062 1
150063572 151740082 1
150063572 154097382 1
150063572 157710732 1
150063572 158593302 1
150063572 159088002 1
150063572 159429062 1
151740082 154097382 1
151740082 157710732 1
151740082 158593302 1
151740082 159088002 1
151740082 159429062 1
154097382 157710732 1
154097382 158593302 1
154097382 159088002 1
154097382 159429062 1
157710732 158593302 1
157710732 159088002 1
157710732 159429062 1
158593302 159088002 1
158593302 159429062 1
159088002 159429062 1
6218632 7467447 1
6218632 128517622 1
7467447 57171942 1
7467447 89578162 1
7467447 128517622 1
7467447 154097382 1
57171942 128517622 1
89578162 128517622 1
128517622 154097382 1
3201481 6218632 1
3201481 7507304 1
3201481 7667885 1
3201481 9541797 1
3201481 10023858 1
3201481 70694242 1
3201481 114629342 1
3201481 122175432 1
3201481 123419722 1
3201481 143307722 1
3201481 150172732 1
3201481 154602722 1
3201481 157710732 1
6218632 7507304 1
6218632 7667885 1
6218632 9541797 1
6218632 70694242 1
6218632 114629342 1
6218632 123419722 1
6218632 143307722 1
6218632 150172732 1
6218632 154602722 1
7507304 7667885 1
7507304 9541797 1
7507304 10023858 1
7507304 57171942 1
7507304 70694242 1
7507304 89578162 1
7507304 114629342 1
7507304 122175432 1
7507304 123419722 1
7507304 143307722 1
7507304 150172732 1
7507304 154602722 1
7507304 157710732 1
7667885 9541797 1
7667885 10023858 1
7667885 57171942 1
7667885 70694242 1
7667885 89578162 1
7667885 114629342 1
7667885 122175432 1
7667885 123419722 1
7667885 143307722 1
7667885 150172732 1
7667885 154602722 1
7667885 157710732 1
9541797 10023858 1
9541797 57171942 1
9541797 70694242 1
9541797 89578162 1
9541797 114629342 1
9541797 122175432 1
9541797 123419722 1
9541797 143307722 1
9541797 150172732 1
9541797 154602722 1
9541797 157710732 1
10023858 70694242 1
10023858 114629342 1
10023858 123419722 1
10023858 143307722 1
10023858 150172732 1
10023858 154602722 1
57171942 70694242 1
57171942 114629342 1
57171942 123419722 1
57171942 143307722 1
57171942 150172732 1
57171942 154602722 1
70694242 89578162 1
70694242 114629342 1
70694242 122175432 1
70694242 123419722 1
70694242 143307722 1
70694242 150172732 1
70694242 154602722 1
70694242 157710732 1
89578162 114629342 1
89578162 123419722 1
89578162 143307722 1
89578162 150172732 1
89578162 154602722 1
114629342 122175432 1
114629342 123419722 1
114629342 143307722 1
114629342 150172732 1
114629342 154602722 1
114629342 157710732 1
122175432 123419722 1
122175432 143307722 1
122175432 150172732 1
122175432 154602722 1
123419722 143307722 1
123419722 150172732 1
123419722 154602722 1
123419722 157710732 1
143307722 150172732 1
143307722 154602722 1
143307722 157710732 1
150172732 154602722 1
150172732 157710732 1
154602722 157710732 1
